,Country/Region,Date,Value,Type,Diff,Week
0,Afghanistan,2020-01-22,0,Deaths,,
1,Afghanistan,2020-01-23,0,Deaths,0.0,
2,Afghanistan,2020-01-24,0,Deaths,0.0,
3,Afghanistan,2020-01-25,0,Deaths,0.0,
4,Afghanistan,2020-01-26,0,Deaths,0.0,
5,Afghanistan,2020-01-27,0,Deaths,0.0,
6,Afghanistan,2020-01-28,0,Deaths,0.0,
7,Afghanistan,2020-01-29,0,Deaths,0.0,0.0
8,Afghanistan,2020-01-30,0,Deaths,0.0,0.0
9,Afghanistan,2020-01-31,0,Deaths,0.0,0.0
10,Afghanistan,2020-02-01,0,Deaths,0.0,0.0
11,Afghanistan,2020-02-02,0,Deaths,0.0,0.0
12,Afghanistan,2020-02-03,0,Deaths,0.0,0.0
13,Afghanistan,2020-02-04,0,Deaths,0.0,0.0
14,Afghanistan,2020-02-05,0,Deaths,0.0,0.0
15,Afghanistan,2020-02-06,0,Deaths,0.0,0.0
16,Afghanistan,2020-02-07,0,Deaths,0.0,0.0
17,Afghanistan,2020-02-08,0,Deaths,0.0,0.0
18,Afghanistan,2020-02-09,0,Deaths,0.0,0.0
19,Afghanistan,2020-02-10,0,Deaths,0.0,0.0
20,Afghanistan,2020-02-11,0,Deaths,0.0,0.0
21,Afghanistan,2020-02-12,0,Deaths,0.0,0.0
22,Afghanistan,2020-02-13,0,Deaths,0.0,0.0
23,Afghanistan,2020-02-14,0,Deaths,0.0,0.0
24,Afghanistan,2020-02-15,0,Deaths,0.0,0.0
25,Afghanistan,2020-02-16,0,Deaths,0.0,0.0
26,Afghanistan,2020-02-17,0,Deaths,0.0,0.0
27,Afghanistan,2020-02-18,0,Deaths,0.0,0.0
28,Afghanistan,2020-02-19,0,Deaths,0.0,0.0
29,Afghanistan,2020-02-20,0,Deaths,0.0,0.0
30,Afghanistan,2020-02-21,0,Deaths,0.0,0.0
31,Afghanistan,2020-02-22,0,Deaths,0.0,0.0
32,Afghanistan,2020-02-23,0,Deaths,0.0,0.0
33,Afghanistan,2020-02-24,0,Deaths,0.0,0.0
34,Afghanistan,2020-02-25,0,Deaths,0.0,0.0
35,Afghanistan,2020-02-26,0,Deaths,0.0,0.0
36,Afghanistan,2020-02-27,0,Deaths,0.0,0.0
37,Afghanistan,2020-02-28,0,Deaths,0.0,0.0
38,Afghanistan,2020-02-29,0,Deaths,0.0,0.0
39,Afghanistan,2020-03-01,0,Deaths,0.0,0.0
40,Afghanistan,2020-03-02,0,Deaths,0.0,0.0
41,Afghanistan,2020-03-03,0,Deaths,0.0,0.0
42,Afghanistan,2020-03-04,0,Deaths,0.0,0.0
43,Afghanistan,2020-03-05,0,Deaths,0.0,0.0
44,Afghanistan,2020-03-06,0,Deaths,0.0,0.0
45,Afghanistan,2020-03-07,0,Deaths,0.0,0.0
46,Afghanistan,2020-03-08,0,Deaths,0.0,0.0
47,Afghanistan,2020-03-09,0,Deaths,0.0,0.0
48,Afghanistan,2020-03-10,0,Deaths,0.0,0.0
49,Afghanistan,2020-03-11,0,Deaths,0.0,0.0
50,Afghanistan,2020-03-12,0,Deaths,0.0,0.0
51,Afghanistan,2020-03-13,0,Deaths,0.0,0.0
52,Afghanistan,2020-03-14,0,Deaths,0.0,0.0
53,Afghanistan,2020-03-15,0,Deaths,0.0,0.0
54,Afghanistan,2020-03-16,0,Deaths,0.0,0.0
55,Afghanistan,2020-03-17,0,Deaths,0.0,0.0
56,Afghanistan,2020-03-18,0,Deaths,0.0,0.0
57,Afghanistan,2020-03-19,0,Deaths,0.0,0.0
58,Afghanistan,2020-03-20,0,Deaths,0.0,0.0
59,Afghanistan,2020-03-21,0,Deaths,0.0,0.0
60,Afghanistan,2020-03-22,1,Deaths,1.0,1.0
61,Afghanistan,2020-03-23,1,Deaths,0.0,1.0
62,Afghanistan,2020-03-24,1,Deaths,0.0,1.0
63,Afghanistan,2020-03-25,2,Deaths,1.0,2.0
64,Afghanistan,2020-03-26,4,Deaths,2.0,4.0
65,Afghanistan,2020-03-27,4,Deaths,0.0,4.0
66,Afghanistan,2020-03-28,4,Deaths,0.0,4.0
67,Afghanistan,2020-03-29,4,Deaths,0.0,3.0
68,Afghanistan,2020-03-30,4,Deaths,0.0,3.0
69,Afghanistan,2020-03-31,4,Deaths,0.0,3.0
70,Afghanistan,2020-04-01,4,Deaths,0.0,2.0
71,Afghanistan,2020-04-02,6,Deaths,2.0,2.0
72,Afghanistan,2020-04-03,6,Deaths,0.0,2.0
73,Afghanistan,2020-04-04,7,Deaths,1.0,3.0
74,Afghanistan,2020-04-05,7,Deaths,0.0,3.0
75,Afghanistan,2020-04-06,11,Deaths,4.0,7.0
76,Afghanistan,2020-04-07,14,Deaths,3.0,10.0
77,Afghanistan,2020-04-08,14,Deaths,0.0,10.0
78,Afghanistan,2020-04-09,15,Deaths,1.0,9.0
79,Afghanistan,2020-04-10,15,Deaths,0.0,9.0
80,Afghanistan,2020-04-11,18,Deaths,3.0,11.0
81,Afghanistan,2020-04-12,18,Deaths,0.0,11.0
82,Afghanistan,2020-04-13,21,Deaths,3.0,10.0
83,Afghanistan,2020-04-14,23,Deaths,2.0,9.0
84,Afghanistan,2020-04-15,25,Deaths,2.0,11.0
85,Afghanistan,2020-04-16,30,Deaths,5.0,15.0
86,Afghanistan,2020-04-17,30,Deaths,0.0,15.0
87,Afghanistan,2020-04-18,30,Deaths,0.0,12.0
88,Afghanistan,2020-04-19,33,Deaths,3.0,15.0
89,Afghanistan,2020-04-20,36,Deaths,3.0,15.0
90,Afghanistan,2020-04-21,36,Deaths,0.0,13.0
91,Afghanistan,2020-04-22,40,Deaths,4.0,15.0
92,Afghanistan,2020-04-23,42,Deaths,2.0,12.0
93,Afghanistan,2020-04-24,43,Deaths,1.0,13.0
94,Afghanistan,2020-04-25,47,Deaths,4.0,17.0
95,Afghanistan,2020-04-26,50,Deaths,3.0,17.0
96,Afghanistan,2020-04-27,57,Deaths,7.0,21.0
97,Afghanistan,2020-04-28,58,Deaths,1.0,22.0
98,Afghanistan,2020-04-29,60,Deaths,2.0,20.0
99,Afghanistan,2020-04-30,64,Deaths,4.0,22.0
100,Afghanistan,2020-05-01,68,Deaths,4.0,25.0
101,Afghanistan,2020-05-02,72,Deaths,4.0,25.0
102,Afghanistan,2020-05-03,85,Deaths,13.0,35.0
103,Afghanistan,2020-05-04,90,Deaths,5.0,33.0
104,Afghanistan,2020-05-05,95,Deaths,5.0,37.0
105,Afghanistan,2020-05-06,104,Deaths,9.0,44.0
106,Afghanistan,2020-05-07,106,Deaths,2.0,42.0
107,Afghanistan,2020-05-08,109,Deaths,3.0,41.0
108,Afghanistan,2020-05-09,115,Deaths,6.0,43.0
109,Afghanistan,2020-05-10,120,Deaths,5.0,35.0
110,Afghanistan,2020-05-11,122,Deaths,2.0,32.0
111,Afghanistan,2020-05-12,127,Deaths,5.0,32.0
112,Afghanistan,2020-05-13,132,Deaths,5.0,28.0
113,Afghanistan,2020-05-14,136,Deaths,4.0,30.0
114,Afghanistan,2020-05-15,153,Deaths,17.0,44.0
115,Afghanistan,2020-05-16,168,Deaths,15.0,53.0
116,Afghanistan,2020-05-17,169,Deaths,1.0,49.0
117,Afghanistan,2020-05-18,173,Deaths,4.0,51.0
118,Afghanistan,2020-05-19,178,Deaths,5.0,51.0
119,Afghanistan,2020-05-20,187,Deaths,9.0,55.0
120,Afghanistan,2020-05-21,193,Deaths,6.0,57.0
121,Afghanistan,2020-05-22,205,Deaths,12.0,52.0
122,Afghanistan,2020-05-23,216,Deaths,11.0,48.0
123,Afghanistan,2020-05-24,218,Deaths,2.0,49.0
124,Afghanistan,2020-05-25,219,Deaths,1.0,46.0
125,Afghanistan,2020-05-26,220,Deaths,1.0,42.0
126,Afghanistan,2020-05-27,227,Deaths,7.0,40.0
127,Afghanistan,2020-05-28,235,Deaths,8.0,42.0
128,Afghanistan,2020-05-29,246,Deaths,11.0,41.0
129,Afghanistan,2020-05-30,249,Deaths,3.0,33.0
130,Afghanistan,2020-05-31,257,Deaths,8.0,39.0
131,Afghanistan,2020-06-01,265,Deaths,8.0,46.0
132,Afghanistan,2020-06-02,270,Deaths,5.0,50.0
133,Afghanistan,2020-06-03,294,Deaths,24.0,67.0
134,Afghanistan,2020-06-04,300,Deaths,6.0,65.0
135,Afghanistan,2020-06-05,309,Deaths,9.0,63.0
136,Afghanistan,2020-06-06,327,Deaths,18.0,78.0
137,Afghanistan,2020-06-07,357,Deaths,30.0,100.0
138,Afghanistan,2020-06-08,369,Deaths,12.0,104.0
139,Afghanistan,2020-06-09,384,Deaths,15.0,114.0
140,Afghanistan,2020-06-10,405,Deaths,21.0,111.0
141,Afghanistan,2020-06-11,426,Deaths,21.0,126.0
142,Afghanistan,2020-06-12,446,Deaths,20.0,137.0
143,Afghanistan,2020-06-13,451,Deaths,5.0,124.0
144,Afghanistan,2020-06-14,471,Deaths,20.0,114.0
145,Afghanistan,2020-06-15,478,Deaths,7.0,109.0
146,Afghanistan,2020-06-16,491,Deaths,13.0,107.0
147,Afghanistan,2020-06-17,504,Deaths,13.0,99.0
148,Afghanistan,2020-06-18,546,Deaths,42.0,120.0
149,Afghanistan,2020-06-19,548,Deaths,2.0,102.0
150,Afghanistan,2020-06-20,569,Deaths,21.0,118.0
151,Afghanistan,2020-06-21,581,Deaths,12.0,110.0
152,Afghanistan,2020-06-22,598,Deaths,17.0,120.0
153,Afghanistan,2020-06-23,618,Deaths,20.0,127.0
154,Afghanistan,2020-06-24,639,Deaths,21.0,135.0
155,Afghanistan,2020-06-25,675,Deaths,36.0,129.0
156,Afghanistan,2020-06-26,683,Deaths,8.0,135.0
157,Afghanistan,2020-06-27,703,Deaths,20.0,134.0
158,Afghanistan,2020-06-28,721,Deaths,18.0,140.0
159,Afghanistan,2020-06-29,733,Deaths,12.0,135.0
160,Afghanistan,2020-06-30,746,Deaths,13.0,128.0
161,Afghanistan,2020-07-01,774,Deaths,28.0,135.0
162,Afghanistan,2020-07-02,807,Deaths,33.0,132.0
163,Afghanistan,2020-07-03,819,Deaths,12.0,136.0
164,Afghanistan,2020-07-04,826,Deaths,7.0,123.0
165,Afghanistan,2020-07-05,864,Deaths,38.0,143.0
166,Afghanistan,2020-07-06,898,Deaths,34.0,165.0
167,Afghanistan,2020-07-07,920,Deaths,22.0,174.0
168,Afghanistan,2020-07-08,936,Deaths,16.0,162.0
169,Afghanistan,2020-07-09,957,Deaths,21.0,150.0
170,Afghanistan,2020-07-10,971,Deaths,14.0,152.0
171,Afghanistan,2020-07-11,994,Deaths,23.0,168.0
172,Afghanistan,2020-07-12,1010,Deaths,16.0,146.0
173,Afghanistan,2020-07-13,1012,Deaths,2.0,114.0
174,Afghanistan,2020-07-14,1048,Deaths,36.0,128.0
175,Afghanistan,2020-07-15,1094,Deaths,46.0,158.0
176,Afghanistan,2020-07-16,1113,Deaths,19.0,156.0
177,Afghanistan,2020-07-17,1147,Deaths,34.0,176.0
178,Afghanistan,2020-07-18,1164,Deaths,17.0,170.0
179,Afghanistan,2020-07-19,1181,Deaths,17.0,171.0
180,Afghanistan,2020-07-20,1185,Deaths,4.0,173.0
181,Afghanistan,2020-07-21,1186,Deaths,1.0,138.0
182,Afghanistan,2020-07-22,1190,Deaths,4.0,96.0
183,Afghanistan,2020-07-23,1211,Deaths,21.0,98.0
184,Afghanistan,2020-07-24,1225,Deaths,14.0,78.0
185,Afghanistan,2020-07-25,1248,Deaths,23.0,84.0
186,Afghanistan,2020-07-26,1259,Deaths,11.0,78.0
187,Afghanistan,2020-07-27,1269,Deaths,10.0,84.0
188,Afghanistan,2020-07-28,1270,Deaths,1.0,84.0
189,Afghanistan,2020-07-29,1271,Deaths,1.0,81.0
190,Afghanistan,2020-07-30,1271,Deaths,0.0,60.0
191,Afghanistan,2020-07-31,1272,Deaths,1.0,47.0
192,Afghanistan,2020-08-01,1283,Deaths,11.0,35.0
193,Afghanistan,2020-08-02,1284,Deaths,1.0,25.0
194,Afghanistan,2020-08-03,1288,Deaths,4.0,19.0
195,Afghanistan,2020-08-04,1288,Deaths,0.0,18.0
196,Afghanistan,2020-08-05,1294,Deaths,6.0,23.0
197,Afghanistan,2020-08-06,1298,Deaths,4.0,27.0
198,Afghanistan,2020-08-07,1307,Deaths,9.0,35.0
199,Afghanistan,2020-08-08,1312,Deaths,5.0,29.0
200,Afghanistan,2020-08-09,1312,Deaths,0.0,28.0
201,Afghanistan,2020-08-10,1328,Deaths,16.0,40.0
202,Afghanistan,2020-08-11,1344,Deaths,16.0,56.0
203,Afghanistan,2020-08-12,1354,Deaths,10.0,60.0
204,Afghanistan,2020-08-13,1363,Deaths,9.0,65.0
205,Afghanistan,2020-08-14,1363,Deaths,0.0,56.0
206,Afghanistan,2020-08-15,1370,Deaths,7.0,58.0
207,Afghanistan,2020-08-16,1375,Deaths,5.0,63.0
208,Afghanistan,2020-08-17,1375,Deaths,0.0,47.0
209,Afghanistan,2020-08-18,1375,Deaths,0.0,31.0
210,Afghanistan,2020-08-19,1375,Deaths,0.0,21.0
211,Afghanistan,2020-08-20,1385,Deaths,10.0,22.0
212,Afghanistan,2020-08-21,1385,Deaths,0.0,22.0
213,Afghanistan,2020-08-22,1385,Deaths,0.0,15.0
214,Afghanistan,2020-08-23,1387,Deaths,2.0,12.0
215,Afghanistan,2020-08-24,1389,Deaths,2.0,14.0
216,Afghanistan,2020-08-25,1397,Deaths,8.0,22.0
217,Afghanistan,2020-08-26,1401,Deaths,4.0,26.0
218,Afghanistan,2020-08-27,1401,Deaths,0.0,16.0
219,Afghanistan,2020-08-28,1402,Deaths,1.0,17.0
220,Afghanistan,2020-08-29,1402,Deaths,0.0,17.0
221,Afghanistan,2020-08-30,1402,Deaths,0.0,15.0
222,Afghanistan,2020-08-31,1402,Deaths,0.0,13.0
223,Afghanistan,2020-09-01,1406,Deaths,4.0,9.0
224,Afghanistan,2020-09-02,1409,Deaths,3.0,8.0
225,Afghanistan,2020-09-03,1409,Deaths,0.0,8.0
226,Afghanistan,2020-09-04,1409,Deaths,0.0,7.0
227,Afghanistan,2020-09-05,1409,Deaths,0.0,7.0
228,Afghanistan,2020-09-06,1412,Deaths,3.0,10.0
229,Afghanistan,2020-09-07,1415,Deaths,3.0,13.0
230,Afghanistan,2020-09-08,1418,Deaths,3.0,12.0
231,Afghanistan,2020-09-09,1420,Deaths,2.0,11.0
232,Afghanistan,2020-09-10,1420,Deaths,0.0,11.0
233,Afghanistan,2020-09-11,1420,Deaths,0.0,11.0
234,Afghanistan,2020-09-12,1420,Deaths,0.0,11.0
235,Afghanistan,2020-09-13,1420,Deaths,0.0,8.0
236,Afghanistan,2020-09-14,1425,Deaths,5.0,10.0
237,Afghanistan,2020-09-15,1426,Deaths,1.0,8.0
238,Afghanistan,2020-09-16,1436,Deaths,10.0,16.0
239,Afghanistan,2020-09-17,1436,Deaths,0.0,16.0
240,Afghanistan,2020-09-18,1437,Deaths,1.0,17.0
241,Afghanistan,2020-09-19,1437,Deaths,0.0,17.0
242,Afghanistan,2020-09-20,1441,Deaths,4.0,21.0
243,Afghanistan,2020-09-21,1444,Deaths,3.0,19.0
244,Afghanistan,2020-09-22,1445,Deaths,1.0,19.0
245,Afghanistan,2020-09-23,1446,Deaths,1.0,10.0
246,Afghanistan,2020-09-24,1451,Deaths,5.0,15.0
247,Afghanistan,2020-09-25,1451,Deaths,0.0,14.0
248,Afghanistan,2020-09-26,1453,Deaths,2.0,16.0
249,Afghanistan,2020-09-27,1453,Deaths,0.0,12.0
250,Afghanistan,2020-09-28,1455,Deaths,2.0,11.0
251,Afghanistan,2020-09-29,1458,Deaths,3.0,13.0
252,Afghanistan,2020-09-30,1458,Deaths,0.0,12.0
253,Afghanistan,2020-10-01,1458,Deaths,0.0,7.0
254,Afghanistan,2020-10-02,1458,Deaths,0.0,7.0
255,Afghanistan,2020-10-03,1462,Deaths,4.0,9.0
256,Afghanistan,2020-10-04,1462,Deaths,0.0,9.0
257,Afghanistan,2020-10-05,1466,Deaths,4.0,11.0
258,Afghanistan,2020-10-06,1467,Deaths,1.0,9.0
259,Afghanistan,2020-10-07,1469,Deaths,2.0,11.0
260,Afghanistan,2020-10-08,1470,Deaths,1.0,12.0
261,Afghanistan,2020-10-09,1472,Deaths,2.0,14.0
262,Afghanistan,2020-10-10,1473,Deaths,1.0,11.0
263,Afghanistan,2020-10-11,1477,Deaths,4.0,15.0
264,Afghanistan,2020-10-12,1479,Deaths,2.0,13.0
265,Afghanistan,2020-10-13,1480,Deaths,1.0,13.0
266,Afghanistan,2020-10-14,1481,Deaths,1.0,12.0
267,Afghanistan,2020-10-15,1481,Deaths,0.0,11.0
268,Afghanistan,2020-10-16,1485,Deaths,4.0,13.0
269,Afghanistan,2020-10-17,1488,Deaths,3.0,15.0
270,Afghanistan,2020-10-18,1492,Deaths,4.0,15.0
271,Afghanistan,2020-10-19,1497,Deaths,5.0,18.0
272,Afghanistan,2020-10-20,1499,Deaths,2.0,19.0
273,Afghanistan,2020-10-21,1501,Deaths,2.0,20.0
274,Afghanistan,2020-10-22,1505,Deaths,4.0,24.0
275,Afghanistan,2020-10-23,1507,Deaths,2.0,22.0
276,Afghanistan,2020-10-24,1511,Deaths,4.0,23.0
277,Afghanistan,2020-10-25,1514,Deaths,3.0,22.0
278,Afghanistan,2020-10-26,1518,Deaths,4.0,21.0
279,Afghanistan,2020-10-27,1523,Deaths,5.0,24.0
280,Afghanistan,2020-10-28,1529,Deaths,6.0,28.0
281,Afghanistan,2020-10-29,1532,Deaths,3.0,27.0
282,Afghanistan,2020-10-30,1533,Deaths,1.0,26.0
283,Afghanistan,2020-10-31,1536,Deaths,3.0,25.0
284,Afghanistan,2020-11-01,1536,Deaths,0.0,22.0
285,Afghanistan,2020-11-02,1541,Deaths,5.0,23.0
286,Afghanistan,2020-11-03,1544,Deaths,3.0,21.0
287,Afghanistan,2020-11-04,1548,Deaths,4.0,19.0
288,Afghanistan,2020-11-05,1554,Deaths,6.0,22.0
289,Albania,2020-01-22,0,Deaths,,
290,Albania,2020-01-23,0,Deaths,0.0,
291,Albania,2020-01-24,0,Deaths,0.0,
292,Albania,2020-01-25,0,Deaths,0.0,
293,Albania,2020-01-26,0,Deaths,0.0,
294,Albania,2020-01-27,0,Deaths,0.0,
295,Albania,2020-01-28,0,Deaths,0.0,
296,Albania,2020-01-29,0,Deaths,0.0,0.0
297,Albania,2020-01-30,0,Deaths,0.0,0.0
298,Albania,2020-01-31,0,Deaths,0.0,0.0
299,Albania,2020-02-01,0,Deaths,0.0,0.0
300,Albania,2020-02-02,0,Deaths,0.0,0.0
301,Albania,2020-02-03,0,Deaths,0.0,0.0
302,Albania,2020-02-04,0,Deaths,0.0,0.0
303,Albania,2020-02-05,0,Deaths,0.0,0.0
304,Albania,2020-02-06,0,Deaths,0.0,0.0
305,Albania,2020-02-07,0,Deaths,0.0,0.0
306,Albania,2020-02-08,0,Deaths,0.0,0.0
307,Albania,2020-02-09,0,Deaths,0.0,0.0
308,Albania,2020-02-10,0,Deaths,0.0,0.0
309,Albania,2020-02-11,0,Deaths,0.0,0.0
310,Albania,2020-02-12,0,Deaths,0.0,0.0
311,Albania,2020-02-13,0,Deaths,0.0,0.0
312,Albania,2020-02-14,0,Deaths,0.0,0.0
313,Albania,2020-02-15,0,Deaths,0.0,0.0
314,Albania,2020-02-16,0,Deaths,0.0,0.0
315,Albania,2020-02-17,0,Deaths,0.0,0.0
316,Albania,2020-02-18,0,Deaths,0.0,0.0
317,Albania,2020-02-19,0,Deaths,0.0,0.0
318,Albania,2020-02-20,0,Deaths,0.0,0.0
319,Albania,2020-02-21,0,Deaths,0.0,0.0
320,Albania,2020-02-22,0,Deaths,0.0,0.0
321,Albania,2020-02-23,0,Deaths,0.0,0.0
322,Albania,2020-02-24,0,Deaths,0.0,0.0
323,Albania,2020-02-25,0,Deaths,0.0,0.0
324,Albania,2020-02-26,0,Deaths,0.0,0.0
325,Albania,2020-02-27,0,Deaths,0.0,0.0
326,Albania,2020-02-28,0,Deaths,0.0,0.0
327,Albania,2020-02-29,0,Deaths,0.0,0.0
328,Albania,2020-03-01,0,Deaths,0.0,0.0
329,Albania,2020-03-02,0,Deaths,0.0,0.0
330,Albania,2020-03-03,0,Deaths,0.0,0.0
331,Albania,2020-03-04,0,Deaths,0.0,0.0
332,Albania,2020-03-05,0,Deaths,0.0,0.0
333,Albania,2020-03-06,0,Deaths,0.0,0.0
334,Albania,2020-03-07,0,Deaths,0.0,0.0
335,Albania,2020-03-08,0,Deaths,0.0,0.0
336,Albania,2020-03-09,0,Deaths,0.0,0.0
337,Albania,2020-03-10,0,Deaths,0.0,0.0
338,Albania,2020-03-11,1,Deaths,1.0,1.0
339,Albania,2020-03-12,1,Deaths,0.0,1.0
340,Albania,2020-03-13,1,Deaths,0.0,1.0
341,Albania,2020-03-14,1,Deaths,0.0,1.0
342,Albania,2020-03-15,1,Deaths,0.0,1.0
343,Albania,2020-03-16,1,Deaths,0.0,1.0
344,Albania,2020-03-17,1,Deaths,0.0,1.0
345,Albania,2020-03-18,2,Deaths,1.0,1.0
346,Albania,2020-03-19,2,Deaths,0.0,1.0
347,Albania,2020-03-20,2,Deaths,0.0,1.0
348,Albania,2020-03-21,2,Deaths,0.0,1.0
349,Albania,2020-03-22,2,Deaths,0.0,1.0
350,Albania,2020-03-23,4,Deaths,2.0,3.0
351,Albania,2020-03-24,5,Deaths,1.0,4.0
352,Albania,2020-03-25,5,Deaths,0.0,3.0
353,Albania,2020-03-26,6,Deaths,1.0,4.0
354,Albania,2020-03-27,8,Deaths,2.0,6.0
355,Albania,2020-03-28,10,Deaths,2.0,8.0
356,Albania,2020-03-29,10,Deaths,0.0,8.0
357,Albania,2020-03-30,11,Deaths,1.0,7.0
358,Albania,2020-03-31,15,Deaths,4.0,10.0
359,Albania,2020-04-01,15,Deaths,0.0,10.0
360,Albania,2020-04-02,16,Deaths,1.0,10.0
361,Albania,2020-04-03,17,Deaths,1.0,9.0
362,Albania,2020-04-04,20,Deaths,3.0,10.0
363,Albania,2020-04-05,20,Deaths,0.0,10.0
364,Albania,2020-04-06,21,Deaths,1.0,10.0
365,Albania,2020-04-07,22,Deaths,1.0,7.0
366,Albania,2020-04-08,22,Deaths,0.0,7.0
367,Albania,2020-04-09,23,Deaths,1.0,7.0
368,Albania,2020-04-10,23,Deaths,0.0,6.0
369,Albania,2020-04-11,23,Deaths,0.0,3.0
370,Albania,2020-04-12,23,Deaths,0.0,3.0
371,Albania,2020-04-13,23,Deaths,0.0,2.0
372,Albania,2020-04-14,24,Deaths,1.0,2.0
373,Albania,2020-04-15,25,Deaths,1.0,3.0
374,Albania,2020-04-16,26,Deaths,1.0,3.0
375,Albania,2020-04-17,26,Deaths,0.0,3.0
376,Albania,2020-04-18,26,Deaths,0.0,3.0
377,Albania,2020-04-19,26,Deaths,0.0,3.0
378,Albania,2020-04-20,26,Deaths,0.0,3.0
379,Albania,2020-04-21,26,Deaths,0.0,2.0
380,Albania,2020-04-22,27,Deaths,1.0,2.0
381,Albania,2020-04-23,27,Deaths,0.0,1.0
382,Albania,2020-04-24,27,Deaths,0.0,1.0
383,Albania,2020-04-25,27,Deaths,0.0,1.0
384,Albania,2020-04-26,28,Deaths,1.0,2.0
385,Albania,2020-04-27,28,Deaths,0.0,2.0
386,Albania,2020-04-28,30,Deaths,2.0,4.0
387,Albania,2020-04-29,30,Deaths,0.0,3.0
388,Albania,2020-04-30,31,Deaths,1.0,4.0
389,Albania,2020-05-01,31,Deaths,0.0,4.0
390,Albania,2020-05-02,31,Deaths,0.0,4.0
391,Albania,2020-05-03,31,Deaths,0.0,3.0
392,Albania,2020-05-04,31,Deaths,0.0,3.0
393,Albania,2020-05-05,31,Deaths,0.0,1.0
394,Albania,2020-05-06,31,Deaths,0.0,1.0
395,Albania,2020-05-07,31,Deaths,0.0,0.0
396,Albania,2020-05-08,31,Deaths,0.0,0.0
397,Albania,2020-05-09,31,Deaths,0.0,0.0
398,Albania,2020-05-10,31,Deaths,0.0,0.0
399,Albania,2020-05-11,31,Deaths,0.0,0.0
400,Albania,2020-05-12,31,Deaths,0.0,0.0
401,Albania,2020-05-13,31,Deaths,0.0,0.0
402,Albania,2020-05-14,31,Deaths,0.0,0.0
403,Albania,2020-05-15,31,Deaths,0.0,0.0
404,Albania,2020-05-16,31,Deaths,0.0,0.0
405,Albania,2020-05-17,31,Deaths,0.0,0.0
406,Albania,2020-05-18,31,Deaths,0.0,0.0
407,Albania,2020-05-19,31,Deaths,0.0,0.0
408,Albania,2020-05-20,31,Deaths,0.0,0.0
409,Albania,2020-05-21,31,Deaths,0.0,0.0
410,Albania,2020-05-22,31,Deaths,0.0,0.0
411,Albania,2020-05-23,31,Deaths,0.0,0.0
412,Albania,2020-05-24,32,Deaths,1.0,1.0
413,Albania,2020-05-25,32,Deaths,0.0,1.0
414,Albania,2020-05-26,33,Deaths,1.0,2.0
415,Albania,2020-05-27,33,Deaths,0.0,2.0
416,Albania,2020-05-28,33,Deaths,0.0,2.0
417,Albania,2020-05-29,33,Deaths,0.0,2.0
418,Albania,2020-05-30,33,Deaths,0.0,2.0
419,Albania,2020-05-31,33,Deaths,0.0,1.0
420,Albania,2020-06-01,33,Deaths,0.0,1.0
421,Albania,2020-06-02,33,Deaths,0.0,0.0
422,Albania,2020-06-03,33,Deaths,0.0,0.0
423,Albania,2020-06-04,33,Deaths,0.0,0.0
424,Albania,2020-06-05,33,Deaths,0.0,0.0
425,Albania,2020-06-06,34,Deaths,1.0,1.0
426,Albania,2020-06-07,34,Deaths,0.0,1.0
427,Albania,2020-06-08,34,Deaths,0.0,1.0
428,Albania,2020-06-09,34,Deaths,0.0,1.0
429,Albania,2020-06-10,34,Deaths,0.0,1.0
430,Albania,2020-06-11,35,Deaths,1.0,2.0
431,Albania,2020-06-12,36,Deaths,1.0,3.0
432,Albania,2020-06-13,36,Deaths,0.0,2.0
433,Albania,2020-06-14,36,Deaths,0.0,2.0
434,Albania,2020-06-15,36,Deaths,0.0,2.0
435,Albania,2020-06-16,37,Deaths,1.0,3.0
436,Albania,2020-06-17,38,Deaths,1.0,4.0
437,Albania,2020-06-18,39,Deaths,1.0,4.0
438,Albania,2020-06-19,42,Deaths,3.0,6.0
439,Albania,2020-06-20,43,Deaths,1.0,7.0
440,Albania,2020-06-21,44,Deaths,1.0,8.0
441,Albania,2020-06-22,44,Deaths,0.0,8.0
442,Albania,2020-06-23,45,Deaths,1.0,8.0
443,Albania,2020-06-24,47,Deaths,2.0,9.0
444,Albania,2020-06-25,49,Deaths,2.0,10.0
445,Albania,2020-06-26,51,Deaths,2.0,9.0
446,Albania,2020-06-27,53,Deaths,2.0,10.0
447,Albania,2020-06-28,55,Deaths,2.0,11.0
448,Albania,2020-06-29,58,Deaths,3.0,14.0
449,Albania,2020-06-30,62,Deaths,4.0,17.0
450,Albania,2020-07-01,65,Deaths,3.0,18.0
451,Albania,2020-07-02,69,Deaths,4.0,20.0
452,Albania,2020-07-03,72,Deaths,3.0,21.0
453,Albania,2020-07-04,74,Deaths,2.0,21.0
454,Albania,2020-07-05,76,Deaths,2.0,21.0
455,Albania,2020-07-06,79,Deaths,3.0,21.0
456,Albania,2020-07-07,81,Deaths,2.0,19.0
457,Albania,2020-07-08,83,Deaths,2.0,18.0
458,Albania,2020-07-09,83,Deaths,0.0,14.0
459,Albania,2020-07-10,85,Deaths,2.0,13.0
460,Albania,2020-07-11,89,Deaths,4.0,15.0
461,Albania,2020-07-12,93,Deaths,4.0,17.0
462,Albania,2020-07-13,95,Deaths,2.0,16.0
463,Albania,2020-07-14,97,Deaths,2.0,16.0
464,Albania,2020-07-15,101,Deaths,4.0,18.0
465,Albania,2020-07-16,104,Deaths,3.0,21.0
466,Albania,2020-07-17,107,Deaths,3.0,22.0
467,Albania,2020-07-18,111,Deaths,4.0,22.0
468,Albania,2020-07-19,112,Deaths,1.0,19.0
469,Albania,2020-07-20,113,Deaths,1.0,18.0
470,Albania,2020-07-21,117,Deaths,4.0,20.0
471,Albania,2020-07-22,120,Deaths,3.0,19.0
472,Albania,2020-07-23,123,Deaths,3.0,19.0
473,Albania,2020-07-24,128,Deaths,5.0,21.0
474,Albania,2020-07-25,134,Deaths,6.0,23.0
475,Albania,2020-07-26,138,Deaths,4.0,26.0
476,Albania,2020-07-27,144,Deaths,6.0,31.0
477,Albania,2020-07-28,148,Deaths,4.0,31.0
478,Albania,2020-07-29,150,Deaths,2.0,30.0
479,Albania,2020-07-30,154,Deaths,4.0,31.0
480,Albania,2020-07-31,157,Deaths,3.0,29.0
481,Albania,2020-08-01,161,Deaths,4.0,27.0
482,Albania,2020-08-02,166,Deaths,5.0,28.0
483,Albania,2020-08-03,172,Deaths,6.0,28.0
484,Albania,2020-08-04,176,Deaths,4.0,28.0
485,Albania,2020-08-05,182,Deaths,6.0,32.0
486,Albania,2020-08-06,188,Deaths,6.0,34.0
487,Albania,2020-08-07,189,Deaths,1.0,32.0
488,Albania,2020-08-08,193,Deaths,4.0,32.0
489,Albania,2020-08-09,199,Deaths,6.0,33.0
490,Albania,2020-08-10,200,Deaths,1.0,28.0
491,Albania,2020-08-11,205,Deaths,5.0,29.0
492,Albania,2020-08-12,208,Deaths,3.0,26.0
493,Albania,2020-08-13,213,Deaths,5.0,25.0
494,Albania,2020-08-14,219,Deaths,6.0,30.0
495,Albania,2020-08-15,225,Deaths,6.0,32.0
496,Albania,2020-08-16,228,Deaths,3.0,29.0
497,Albania,2020-08-17,230,Deaths,2.0,30.0
498,Albania,2020-08-18,232,Deaths,2.0,27.0
499,Albania,2020-08-19,234,Deaths,2.0,26.0
500,Albania,2020-08-20,238,Deaths,4.0,25.0
501,Albania,2020-08-21,240,Deaths,2.0,21.0
502,Albania,2020-08-22,245,Deaths,5.0,20.0
503,Albania,2020-08-23,250,Deaths,5.0,22.0
504,Albania,2020-08-24,254,Deaths,4.0,24.0
505,Albania,2020-08-25,259,Deaths,5.0,27.0
506,Albania,2020-08-26,263,Deaths,4.0,29.0
507,Albania,2020-08-27,266,Deaths,3.0,28.0
508,Albania,2020-08-28,271,Deaths,5.0,31.0
509,Albania,2020-08-29,275,Deaths,4.0,30.0
510,Albania,2020-08-30,280,Deaths,5.0,30.0
511,Albania,2020-08-31,284,Deaths,4.0,30.0
512,Albania,2020-09-01,290,Deaths,6.0,31.0
513,Albania,2020-09-02,296,Deaths,6.0,33.0
514,Albania,2020-09-03,301,Deaths,5.0,35.0
515,Albania,2020-09-04,306,Deaths,5.0,35.0
516,Albania,2020-09-05,312,Deaths,6.0,37.0
517,Albania,2020-09-06,316,Deaths,4.0,36.0
518,Albania,2020-09-07,319,Deaths,3.0,35.0
519,Albania,2020-09-08,321,Deaths,2.0,31.0
520,Albania,2020-09-09,322,Deaths,1.0,26.0
521,Albania,2020-09-10,324,Deaths,2.0,23.0
522,Albania,2020-09-11,327,Deaths,3.0,21.0
523,Albania,2020-09-12,330,Deaths,3.0,18.0
524,Albania,2020-09-13,334,Deaths,4.0,18.0
525,Albania,2020-09-14,338,Deaths,4.0,19.0
526,Albania,2020-09-15,340,Deaths,2.0,19.0
527,Albania,2020-09-16,343,Deaths,3.0,21.0
528,Albania,2020-09-17,347,Deaths,4.0,23.0
529,Albania,2020-09-18,353,Deaths,6.0,26.0
530,Albania,2020-09-19,358,Deaths,5.0,28.0
531,Albania,2020-09-20,362,Deaths,4.0,28.0
532,Albania,2020-09-21,364,Deaths,2.0,26.0
533,Albania,2020-09-22,367,Deaths,3.0,27.0
534,Albania,2020-09-23,370,Deaths,3.0,27.0
535,Albania,2020-09-24,370,Deaths,0.0,23.0
536,Albania,2020-09-25,373,Deaths,3.0,20.0
537,Albania,2020-09-26,375,Deaths,2.0,17.0
538,Albania,2020-09-27,377,Deaths,2.0,15.0
539,Albania,2020-09-28,380,Deaths,3.0,16.0
540,Albania,2020-09-29,384,Deaths,4.0,17.0
541,Albania,2020-09-30,387,Deaths,3.0,17.0
542,Albania,2020-10-01,388,Deaths,1.0,18.0
543,Albania,2020-10-02,389,Deaths,1.0,16.0
544,Albania,2020-10-03,392,Deaths,3.0,17.0
545,Albania,2020-10-04,396,Deaths,4.0,19.0
546,Albania,2020-10-05,400,Deaths,4.0,20.0
547,Albania,2020-10-06,403,Deaths,3.0,19.0
548,Albania,2020-10-07,407,Deaths,4.0,20.0
549,Albania,2020-10-08,411,Deaths,4.0,23.0
550,Albania,2020-10-09,413,Deaths,2.0,24.0
551,Albania,2020-10-10,416,Deaths,3.0,24.0
552,Albania,2020-10-11,420,Deaths,4.0,24.0
553,Albania,2020-10-12,424,Deaths,4.0,24.0
554,Albania,2020-10-13,429,Deaths,5.0,26.0
555,Albania,2020-10-14,434,Deaths,5.0,27.0
556,Albania,2020-10-15,439,Deaths,5.0,28.0
557,Albania,2020-10-16,443,Deaths,4.0,30.0
558,Albania,2020-10-17,448,Deaths,5.0,32.0
559,Albania,2020-10-18,451,Deaths,3.0,31.0
560,Albania,2020-10-19,454,Deaths,3.0,30.0
561,Albania,2020-10-20,458,Deaths,4.0,29.0
562,Albania,2020-10-21,462,Deaths,4.0,28.0
563,Albania,2020-10-22,465,Deaths,3.0,26.0
564,Albania,2020-10-23,469,Deaths,4.0,26.0
565,Albania,2020-10-24,473,Deaths,4.0,25.0
566,Albania,2020-10-25,477,Deaths,4.0,26.0
567,Albania,2020-10-26,480,Deaths,3.0,26.0
568,Albania,2020-10-27,487,Deaths,7.0,29.0
569,Albania,2020-10-28,493,Deaths,6.0,31.0
570,Albania,2020-10-29,499,Deaths,6.0,34.0
571,Albania,2020-10-30,502,Deaths,3.0,33.0
572,Albania,2020-10-31,509,Deaths,7.0,36.0
573,Albania,2020-11-01,518,Deaths,9.0,41.0
574,Albania,2020-11-02,527,Deaths,9.0,47.0
575,Albania,2020-11-03,532,Deaths,5.0,45.0
576,Albania,2020-11-04,536,Deaths,4.0,43.0
577,Albania,2020-11-05,543,Deaths,7.0,44.0
578,Algeria,2020-01-22,0,Deaths,,
579,Algeria,2020-01-23,0,Deaths,0.0,
580,Algeria,2020-01-24,0,Deaths,0.0,
581,Algeria,2020-01-25,0,Deaths,0.0,
582,Algeria,2020-01-26,0,Deaths,0.0,
583,Algeria,2020-01-27,0,Deaths,0.0,
584,Algeria,2020-01-28,0,Deaths,0.0,
585,Algeria,2020-01-29,0,Deaths,0.0,0.0
586,Algeria,2020-01-30,0,Deaths,0.0,0.0
587,Algeria,2020-01-31,0,Deaths,0.0,0.0
588,Algeria,2020-02-01,0,Deaths,0.0,0.0
589,Algeria,2020-02-02,0,Deaths,0.0,0.0
590,Algeria,2020-02-03,0,Deaths,0.0,0.0
591,Algeria,2020-02-04,0,Deaths,0.0,0.0
592,Algeria,2020-02-05,0,Deaths,0.0,0.0
593,Algeria,2020-02-06,0,Deaths,0.0,0.0
594,Algeria,2020-02-07,0,Deaths,0.0,0.0
595,Algeria,2020-02-08,0,Deaths,0.0,0.0
596,Algeria,2020-02-09,0,Deaths,0.0,0.0
597,Algeria,2020-02-10,0,Deaths,0.0,0.0
598,Algeria,2020-02-11,0,Deaths,0.0,0.0
599,Algeria,2020-02-12,0,Deaths,0.0,0.0
600,Algeria,2020-02-13,0,Deaths,0.0,0.0
601,Algeria,2020-02-14,0,Deaths,0.0,0.0
602,Algeria,2020-02-15,0,Deaths,0.0,0.0
603,Algeria,2020-02-16,0,Deaths,0.0,0.0
604,Algeria,2020-02-17,0,Deaths,0.0,0.0
605,Algeria,2020-02-18,0,Deaths,0.0,0.0
606,Algeria,2020-02-19,0,Deaths,0.0,0.0
607,Algeria,2020-02-20,0,Deaths,0.0,0.0
608,Algeria,2020-02-21,0,Deaths,0.0,0.0
609,Algeria,2020-02-22,0,Deaths,0.0,0.0
610,Algeria,2020-02-23,0,Deaths,0.0,0.0
611,Algeria,2020-02-24,0,Deaths,0.0,0.0
612,Algeria,2020-02-25,0,Deaths,0.0,0.0
613,Algeria,2020-02-26,0,Deaths,0.0,0.0
614,Algeria,2020-02-27,0,Deaths,0.0,0.0
615,Algeria,2020-02-28,0,Deaths,0.0,0.0
616,Algeria,2020-02-29,0,Deaths,0.0,0.0
617,Algeria,2020-03-01,0,Deaths,0.0,0.0
618,Algeria,2020-03-02,0,Deaths,0.0,0.0
619,Algeria,2020-03-03,0,Deaths,0.0,0.0
620,Algeria,2020-03-04,0,Deaths,0.0,0.0
621,Algeria,2020-03-05,0,Deaths,0.0,0.0
622,Algeria,2020-03-06,0,Deaths,0.0,0.0
623,Algeria,2020-03-07,0,Deaths,0.0,0.0
624,Algeria,2020-03-08,0,Deaths,0.0,0.0
625,Algeria,2020-03-09,0,Deaths,0.0,0.0
626,Algeria,2020-03-10,0,Deaths,0.0,0.0
627,Algeria,2020-03-11,0,Deaths,0.0,0.0
628,Algeria,2020-03-12,1,Deaths,1.0,1.0
629,Algeria,2020-03-13,2,Deaths,1.0,2.0
630,Algeria,2020-03-14,3,Deaths,1.0,3.0
631,Algeria,2020-03-15,4,Deaths,1.0,4.0
632,Algeria,2020-03-16,4,Deaths,0.0,4.0
633,Algeria,2020-03-17,4,Deaths,0.0,4.0
634,Algeria,2020-03-18,7,Deaths,3.0,7.0
635,Algeria,2020-03-19,9,Deaths,2.0,8.0
636,Algeria,2020-03-20,11,Deaths,2.0,9.0
637,Algeria,2020-03-21,15,Deaths,4.0,12.0
638,Algeria,2020-03-22,17,Deaths,2.0,13.0
639,Algeria,2020-03-23,17,Deaths,0.0,13.0
640,Algeria,2020-03-24,19,Deaths,2.0,15.0
641,Algeria,2020-03-25,21,Deaths,2.0,14.0
642,Algeria,2020-03-26,25,Deaths,4.0,16.0
643,Algeria,2020-03-27,26,Deaths,1.0,15.0
644,Algeria,2020-03-28,29,Deaths,3.0,14.0
645,Algeria,2020-03-29,31,Deaths,2.0,14.0
646,Algeria,2020-03-30,35,Deaths,4.0,18.0
647,Algeria,2020-03-31,44,Deaths,9.0,25.0
648,Algeria,2020-04-01,58,Deaths,14.0,37.0
649,Algeria,2020-04-02,86,Deaths,28.0,61.0
650,Algeria,2020-04-03,105,Deaths,19.0,79.0
651,Algeria,2020-04-04,130,Deaths,25.0,101.0
652,Algeria,2020-04-05,152,Deaths,22.0,121.0
653,Algeria,2020-04-06,173,Deaths,21.0,138.0
654,Algeria,2020-04-07,193,Deaths,20.0,149.0
655,Algeria,2020-04-08,205,Deaths,12.0,147.0
656,Algeria,2020-04-09,235,Deaths,30.0,149.0
657,Algeria,2020-04-10,256,Deaths,21.0,151.0
658,Algeria,2020-04-11,275,Deaths,19.0,145.0
659,Algeria,2020-04-12,293,Deaths,18.0,141.0
660,Algeria,2020-04-13,313,Deaths,20.0,140.0
661,Algeria,2020-04-14,326,Deaths,13.0,133.0
662,Algeria,2020-04-15,336,Deaths,10.0,131.0
663,Algeria,2020-04-16,348,Deaths,12.0,113.0
664,Algeria,2020-04-17,364,Deaths,16.0,108.0
665,Algeria,2020-04-18,367,Deaths,3.0,92.0
666,Algeria,2020-04-19,375,Deaths,8.0,82.0
667,Algeria,2020-04-20,384,Deaths,9.0,71.0
668,Algeria,2020-04-21,392,Deaths,8.0,66.0
669,Algeria,2020-04-22,402,Deaths,10.0,66.0
670,Algeria,2020-04-23,407,Deaths,5.0,59.0
671,Algeria,2020-04-24,415,Deaths,8.0,51.0
672,Algeria,2020-04-25,419,Deaths,4.0,52.0
673,Algeria,2020-04-26,425,Deaths,6.0,50.0
674,Algeria,2020-04-27,432,Deaths,7.0,48.0
675,Algeria,2020-04-28,437,Deaths,5.0,45.0
676,Algeria,2020-04-29,444,Deaths,7.0,42.0
677,Algeria,2020-04-30,450,Deaths,6.0,43.0
678,Algeria,2020-05-01,453,Deaths,3.0,38.0
679,Algeria,2020-05-02,459,Deaths,6.0,40.0
680,Algeria,2020-05-03,463,Deaths,4.0,38.0
681,Algeria,2020-05-04,465,Deaths,2.0,33.0
682,Algeria,2020-05-05,470,Deaths,5.0,33.0
683,Algeria,2020-05-06,476,Deaths,6.0,32.0
684,Algeria,2020-05-07,483,Deaths,7.0,33.0
685,Algeria,2020-05-08,488,Deaths,5.0,35.0
686,Algeria,2020-05-09,494,Deaths,6.0,35.0
687,Algeria,2020-05-10,502,Deaths,8.0,39.0
688,Algeria,2020-05-11,507,Deaths,5.0,42.0
689,Algeria,2020-05-12,515,Deaths,8.0,45.0
690,Algeria,2020-05-13,522,Deaths,7.0,46.0
691,Algeria,2020-05-14,529,Deaths,7.0,46.0
692,Algeria,2020-05-15,536,Deaths,7.0,48.0
693,Algeria,2020-05-16,542,Deaths,6.0,48.0
694,Algeria,2020-05-17,548,Deaths,6.0,46.0
695,Algeria,2020-05-18,555,Deaths,7.0,48.0
696,Algeria,2020-05-19,561,Deaths,6.0,46.0
697,Algeria,2020-05-20,568,Deaths,7.0,46.0
698,Algeria,2020-05-21,575,Deaths,7.0,46.0
699,Algeria,2020-05-22,582,Deaths,7.0,46.0
700,Algeria,2020-05-23,592,Deaths,10.0,50.0
701,Algeria,2020-05-24,600,Deaths,8.0,52.0
702,Algeria,2020-05-25,609,Deaths,9.0,54.0
703,Algeria,2020-05-26,617,Deaths,8.0,56.0
704,Algeria,2020-05-27,623,Deaths,6.0,55.0
705,Algeria,2020-05-28,630,Deaths,7.0,55.0
706,Algeria,2020-05-29,638,Deaths,8.0,56.0
707,Algeria,2020-05-30,646,Deaths,8.0,54.0
708,Algeria,2020-05-31,653,Deaths,7.0,53.0
709,Algeria,2020-06-01,661,Deaths,8.0,52.0
710,Algeria,2020-06-02,667,Deaths,6.0,50.0
711,Algeria,2020-06-03,673,Deaths,6.0,50.0
712,Algeria,2020-06-04,681,Deaths,8.0,51.0
713,Algeria,2020-06-05,690,Deaths,9.0,52.0
714,Algeria,2020-06-06,698,Deaths,8.0,52.0
715,Algeria,2020-06-07,707,Deaths,9.0,54.0
716,Algeria,2020-06-08,715,Deaths,8.0,54.0
717,Algeria,2020-06-09,724,Deaths,9.0,57.0
718,Algeria,2020-06-10,732,Deaths,8.0,59.0
719,Algeria,2020-06-11,741,Deaths,9.0,60.0
720,Algeria,2020-06-12,751,Deaths,10.0,61.0
721,Algeria,2020-06-13,760,Deaths,9.0,62.0
722,Algeria,2020-06-14,767,Deaths,7.0,60.0
723,Algeria,2020-06-15,777,Deaths,10.0,62.0
724,Algeria,2020-06-16,788,Deaths,11.0,64.0
725,Algeria,2020-06-17,799,Deaths,11.0,67.0
726,Algeria,2020-06-18,811,Deaths,12.0,70.0
727,Algeria,2020-06-19,825,Deaths,14.0,74.0
728,Algeria,2020-06-20,837,Deaths,12.0,77.0
729,Algeria,2020-06-21,845,Deaths,8.0,78.0
730,Algeria,2020-06-22,852,Deaths,7.0,75.0
731,Algeria,2020-06-23,861,Deaths,9.0,73.0
732,Algeria,2020-06-24,869,Deaths,8.0,70.0
733,Algeria,2020-06-25,878,Deaths,9.0,67.0
734,Algeria,2020-06-26,885,Deaths,7.0,60.0
735,Algeria,2020-06-27,892,Deaths,7.0,55.0
736,Algeria,2020-06-28,897,Deaths,5.0,52.0
737,Algeria,2020-06-29,905,Deaths,8.0,53.0
738,Algeria,2020-06-30,912,Deaths,7.0,51.0
739,Algeria,2020-07-01,920,Deaths,8.0,51.0
740,Algeria,2020-07-02,928,Deaths,8.0,50.0
741,Algeria,2020-07-03,937,Deaths,9.0,52.0
742,Algeria,2020-07-04,946,Deaths,9.0,54.0
743,Algeria,2020-07-05,952,Deaths,6.0,55.0
744,Algeria,2020-07-06,959,Deaths,7.0,54.0
745,Algeria,2020-07-07,968,Deaths,9.0,56.0
746,Algeria,2020-07-08,978,Deaths,10.0,58.0
747,Algeria,2020-07-09,988,Deaths,10.0,60.0
748,Algeria,2020-07-10,996,Deaths,8.0,59.0
749,Algeria,2020-07-11,1004,Deaths,8.0,58.0
750,Algeria,2020-07-12,1011,Deaths,7.0,59.0
751,Algeria,2020-07-13,1018,Deaths,7.0,59.0
752,Algeria,2020-07-14,1028,Deaths,10.0,60.0
753,Algeria,2020-07-15,1040,Deaths,12.0,62.0
754,Algeria,2020-07-16,1052,Deaths,12.0,64.0
755,Algeria,2020-07-17,1057,Deaths,5.0,61.0
756,Algeria,2020-07-18,1068,Deaths,11.0,64.0
757,Algeria,2020-07-19,1078,Deaths,10.0,67.0
758,Algeria,2020-07-20,1087,Deaths,9.0,69.0
759,Algeria,2020-07-21,1100,Deaths,13.0,72.0
760,Algeria,2020-07-22,1111,Deaths,11.0,71.0
761,Algeria,2020-07-23,1124,Deaths,13.0,72.0
762,Algeria,2020-07-24,1136,Deaths,12.0,79.0
763,Algeria,2020-07-25,1146,Deaths,10.0,78.0
764,Algeria,2020-07-26,1155,Deaths,9.0,77.0
765,Algeria,2020-07-27,1163,Deaths,8.0,76.0
766,Algeria,2020-07-28,1174,Deaths,11.0,74.0
767,Algeria,2020-07-29,1186,Deaths,12.0,75.0
768,Algeria,2020-07-30,1200,Deaths,14.0,76.0
769,Algeria,2020-07-31,1210,Deaths,10.0,74.0
770,Algeria,2020-08-01,1223,Deaths,13.0,77.0
771,Algeria,2020-08-02,1231,Deaths,8.0,76.0
772,Algeria,2020-08-03,1239,Deaths,8.0,76.0
773,Algeria,2020-08-04,1248,Deaths,9.0,74.0
774,Algeria,2020-08-05,1261,Deaths,13.0,75.0
775,Algeria,2020-08-06,1273,Deaths,12.0,73.0
776,Algeria,2020-08-07,1282,Deaths,9.0,72.0
777,Algeria,2020-08-08,1293,Deaths,11.0,70.0
778,Algeria,2020-08-09,1302,Deaths,9.0,71.0
779,Algeria,2020-08-10,1312,Deaths,10.0,73.0
780,Algeria,2020-08-11,1322,Deaths,10.0,74.0
781,Algeria,2020-08-12,1333,Deaths,11.0,72.0
782,Algeria,2020-08-13,1341,Deaths,8.0,68.0
783,Algeria,2020-08-14,1351,Deaths,10.0,69.0
784,Algeria,2020-08-15,1360,Deaths,9.0,67.0
785,Algeria,2020-08-16,1370,Deaths,10.0,68.0
786,Algeria,2020-08-17,1379,Deaths,9.0,67.0
787,Algeria,2020-08-18,1391,Deaths,12.0,69.0
788,Algeria,2020-08-19,1402,Deaths,11.0,69.0
789,Algeria,2020-08-20,1411,Deaths,9.0,70.0
790,Algeria,2020-08-21,1418,Deaths,7.0,67.0
791,Algeria,2020-08-22,1424,Deaths,6.0,64.0
792,Algeria,2020-08-23,1435,Deaths,11.0,65.0
793,Algeria,2020-08-24,1446,Deaths,11.0,67.0
794,Algeria,2020-08-25,1456,Deaths,10.0,65.0
795,Algeria,2020-08-26,1465,Deaths,9.0,63.0
796,Algeria,2020-08-27,1475,Deaths,10.0,64.0
797,Algeria,2020-08-28,1483,Deaths,8.0,65.0
798,Algeria,2020-08-29,1491,Deaths,8.0,67.0
799,Algeria,2020-08-30,1501,Deaths,10.0,66.0
800,Algeria,2020-08-31,1510,Deaths,9.0,64.0
801,Algeria,2020-09-01,1518,Deaths,8.0,62.0
802,Algeria,2020-09-02,1523,Deaths,5.0,58.0
803,Algeria,2020-09-03,1529,Deaths,6.0,54.0
804,Algeria,2020-09-04,1539,Deaths,10.0,56.0
805,Algeria,2020-09-05,1549,Deaths,10.0,58.0
806,Algeria,2020-09-06,1556,Deaths,7.0,55.0
807,Algeria,2020-09-07,1562,Deaths,6.0,52.0
808,Algeria,2020-09-08,1571,Deaths,9.0,53.0
809,Algeria,2020-09-09,1581,Deaths,10.0,58.0
810,Algeria,2020-09-10,1591,Deaths,10.0,62.0
811,Algeria,2020-09-11,1599,Deaths,8.0,60.0
812,Algeria,2020-09-12,1605,Deaths,6.0,56.0
813,Algeria,2020-09-13,1612,Deaths,7.0,56.0
814,Algeria,2020-09-14,1620,Deaths,8.0,58.0
815,Algeria,2020-09-15,1632,Deaths,12.0,61.0
816,Algeria,2020-09-16,1645,Deaths,13.0,64.0
817,Algeria,2020-09-17,1654,Deaths,9.0,63.0
818,Algeria,2020-09-18,1659,Deaths,5.0,60.0
819,Algeria,2020-09-19,1665,Deaths,6.0,60.0
820,Algeria,2020-09-20,1672,Deaths,7.0,60.0
821,Algeria,2020-09-21,1679,Deaths,7.0,59.0
822,Algeria,2020-09-22,1689,Deaths,10.0,57.0
823,Algeria,2020-09-23,1698,Deaths,9.0,53.0
824,Algeria,2020-09-24,1703,Deaths,5.0,49.0
825,Algeria,2020-09-25,1707,Deaths,4.0,48.0
826,Algeria,2020-09-26,1711,Deaths,4.0,46.0
827,Algeria,2020-09-27,1714,Deaths,3.0,42.0
828,Algeria,2020-09-28,1719,Deaths,5.0,40.0
829,Algeria,2020-09-29,1726,Deaths,7.0,37.0
830,Algeria,2020-09-30,1736,Deaths,10.0,38.0
831,Algeria,2020-10-01,1741,Deaths,5.0,38.0
832,Algeria,2020-10-02,1749,Deaths,8.0,42.0
833,Algeria,2020-10-03,1756,Deaths,7.0,45.0
834,Algeria,2020-10-04,1760,Deaths,4.0,46.0
835,Algeria,2020-10-05,1768,Deaths,8.0,49.0
836,Algeria,2020-10-06,1768,Deaths,0.0,42.0
837,Algeria,2020-10-07,1771,Deaths,3.0,35.0
838,Algeria,2020-10-08,1783,Deaths,12.0,42.0
839,Algeria,2020-10-09,1789,Deaths,6.0,40.0
840,Algeria,2020-10-10,1795,Deaths,6.0,39.0
841,Algeria,2020-10-11,1801,Deaths,6.0,41.0
842,Algeria,2020-10-12,1809,Deaths,8.0,41.0
843,Algeria,2020-10-13,1818,Deaths,9.0,50.0
844,Algeria,2020-10-14,1827,Deaths,9.0,56.0
845,Algeria,2020-10-15,1827,Deaths,0.0,44.0
846,Algeria,2020-10-16,1841,Deaths,14.0,52.0
847,Algeria,2020-10-17,1846,Deaths,5.0,51.0
848,Algeria,2020-10-18,1856,Deaths,10.0,55.0
849,Algeria,2020-10-19,1865,Deaths,9.0,56.0
850,Algeria,2020-10-20,1873,Deaths,8.0,55.0
851,Algeria,2020-10-21,1880,Deaths,7.0,53.0
852,Algeria,2020-10-22,1888,Deaths,8.0,61.0
853,Algeria,2020-10-23,1897,Deaths,9.0,56.0
854,Algeria,2020-10-24,1907,Deaths,10.0,61.0
855,Algeria,2020-10-25,1914,Deaths,7.0,58.0
856,Algeria,2020-10-26,1922,Deaths,8.0,57.0
857,Algeria,2020-10-27,1931,Deaths,9.0,58.0
858,Algeria,2020-10-28,1941,Deaths,10.0,61.0
859,Algeria,2020-10-29,1949,Deaths,8.0,61.0
860,Algeria,2020-10-30,1956,Deaths,7.0,59.0
861,Algeria,2020-10-31,1964,Deaths,8.0,57.0
862,Algeria,2020-11-01,1973,Deaths,9.0,59.0
863,Algeria,2020-11-02,1980,Deaths,7.0,58.0
864,Algeria,2020-11-03,1980,Deaths,0.0,49.0
865,Algeria,2020-11-04,1999,Deaths,19.0,58.0
866,Algeria,2020-11-05,2011,Deaths,12.0,62.0
867,Andorra,2020-01-22,0,Deaths,,
868,Andorra,2020-01-23,0,Deaths,0.0,
869,Andorra,2020-01-24,0,Deaths,0.0,
870,Andorra,2020-01-25,0,Deaths,0.0,
871,Andorra,2020-01-26,0,Deaths,0.0,
872,Andorra,2020-01-27,0,Deaths,0.0,
873,Andorra,2020-01-28,0,Deaths,0.0,
874,Andorra,2020-01-29,0,Deaths,0.0,0.0
875,Andorra,2020-01-30,0,Deaths,0.0,0.0
876,Andorra,2020-01-31,0,Deaths,0.0,0.0
877,Andorra,2020-02-01,0,Deaths,0.0,0.0
878,Andorra,2020-02-02,0,Deaths,0.0,0.0
879,Andorra,2020-02-03,0,Deaths,0.0,0.0
880,Andorra,2020-02-04,0,Deaths,0.0,0.0
881,Andorra,2020-02-05,0,Deaths,0.0,0.0
882,Andorra,2020-02-06,0,Deaths,0.0,0.0
883,Andorra,2020-02-07,0,Deaths,0.0,0.0
884,Andorra,2020-02-08,0,Deaths,0.0,0.0
885,Andorra,2020-02-09,0,Deaths,0.0,0.0
886,Andorra,2020-02-10,0,Deaths,0.0,0.0
887,Andorra,2020-02-11,0,Deaths,0.0,0.0
888,Andorra,2020-02-12,0,Deaths,0.0,0.0
889,Andorra,2020-02-13,0,Deaths,0.0,0.0
890,Andorra,2020-02-14,0,Deaths,0.0,0.0
891,Andorra,2020-02-15,0,Deaths,0.0,0.0
892,Andorra,2020-02-16,0,Deaths,0.0,0.0
893,Andorra,2020-02-17,0,Deaths,0.0,0.0
894,Andorra,2020-02-18,0,Deaths,0.0,0.0
895,Andorra,2020-02-19,0,Deaths,0.0,0.0
896,Andorra,2020-02-20,0,Deaths,0.0,0.0
897,Andorra,2020-02-21,0,Deaths,0.0,0.0
898,Andorra,2020-02-22,0,Deaths,0.0,0.0
899,Andorra,2020-02-23,0,Deaths,0.0,0.0
900,Andorra,2020-02-24,0,Deaths,0.0,0.0
901,Andorra,2020-02-25,0,Deaths,0.0,0.0
902,Andorra,2020-02-26,0,Deaths,0.0,0.0
903,Andorra,2020-02-27,0,Deaths,0.0,0.0
904,Andorra,2020-02-28,0,Deaths,0.0,0.0
905,Andorra,2020-02-29,0,Deaths,0.0,0.0
906,Andorra,2020-03-01,0,Deaths,0.0,0.0
907,Andorra,2020-03-02,0,Deaths,0.0,0.0
908,Andorra,2020-03-03,0,Deaths,0.0,0.0
909,Andorra,2020-03-04,0,Deaths,0.0,0.0
910,Andorra,2020-03-05,0,Deaths,0.0,0.0
911,Andorra,2020-03-06,0,Deaths,0.0,0.0
912,Andorra,2020-03-07,0,Deaths,0.0,0.0
913,Andorra,2020-03-08,0,Deaths,0.0,0.0
914,Andorra,2020-03-09,0,Deaths,0.0,0.0
915,Andorra,2020-03-10,0,Deaths,0.0,0.0
916,Andorra,2020-03-11,0,Deaths,0.0,0.0
917,Andorra,2020-03-12,0,Deaths,0.0,0.0
918,Andorra,2020-03-13,0,Deaths,0.0,0.0
919,Andorra,2020-03-14,0,Deaths,0.0,0.0
920,Andorra,2020-03-15,0,Deaths,0.0,0.0
921,Andorra,2020-03-16,0,Deaths,0.0,0.0
922,Andorra,2020-03-17,0,Deaths,0.0,0.0
923,Andorra,2020-03-18,0,Deaths,0.0,0.0
924,Andorra,2020-03-19,0,Deaths,0.0,0.0
925,Andorra,2020-03-20,0,Deaths,0.0,0.0
926,Andorra,2020-03-21,0,Deaths,0.0,0.0
927,Andorra,2020-03-22,1,Deaths,1.0,1.0
928,Andorra,2020-03-23,1,Deaths,0.0,1.0
929,Andorra,2020-03-24,1,Deaths,0.0,1.0
930,Andorra,2020-03-25,1,Deaths,0.0,1.0
931,Andorra,2020-03-26,3,Deaths,2.0,3.0
932,Andorra,2020-03-27,3,Deaths,0.0,3.0
933,Andorra,2020-03-28,3,Deaths,0.0,3.0
934,Andorra,2020-03-29,6,Deaths,3.0,5.0
935,Andorra,2020-03-30,8,Deaths,2.0,7.0
936,Andorra,2020-03-31,12,Deaths,4.0,11.0
937,Andorra,2020-04-01,14,Deaths,2.0,13.0
938,Andorra,2020-04-02,15,Deaths,1.0,12.0
939,Andorra,2020-04-03,16,Deaths,1.0,13.0
940,Andorra,2020-04-04,17,Deaths,1.0,14.0
941,Andorra,2020-04-05,18,Deaths,1.0,12.0
942,Andorra,2020-04-06,21,Deaths,3.0,13.0
943,Andorra,2020-04-07,22,Deaths,1.0,10.0
944,Andorra,2020-04-08,23,Deaths,1.0,9.0
945,Andorra,2020-04-09,25,Deaths,2.0,10.0
946,Andorra,2020-04-10,26,Deaths,1.0,10.0
947,Andorra,2020-04-11,26,Deaths,0.0,9.0
948,Andorra,2020-04-12,29,Deaths,3.0,11.0
949,Andorra,2020-04-13,29,Deaths,0.0,8.0
950,Andorra,2020-04-14,31,Deaths,2.0,9.0
951,Andorra,2020-04-15,33,Deaths,2.0,10.0
952,Andorra,2020-04-16,33,Deaths,0.0,8.0
953,Andorra,2020-04-17,35,Deaths,2.0,9.0
954,Andorra,2020-04-18,35,Deaths,0.0,9.0
955,Andorra,2020-04-19,36,Deaths,1.0,7.0
956,Andorra,2020-04-20,37,Deaths,1.0,8.0
957,Andorra,2020-04-21,37,Deaths,0.0,6.0
958,Andorra,2020-04-22,37,Deaths,0.0,4.0
959,Andorra,2020-04-23,37,Deaths,0.0,4.0
960,Andorra,2020-04-24,40,Deaths,3.0,5.0
961,Andorra,2020-04-25,40,Deaths,0.0,5.0
962,Andorra,2020-04-26,40,Deaths,0.0,4.0
963,Andorra,2020-04-27,40,Deaths,0.0,3.0
964,Andorra,2020-04-28,41,Deaths,1.0,4.0
965,Andorra,2020-04-29,42,Deaths,1.0,5.0
966,Andorra,2020-04-30,42,Deaths,0.0,5.0
967,Andorra,2020-05-01,43,Deaths,1.0,3.0
968,Andorra,2020-05-02,44,Deaths,1.0,4.0
969,Andorra,2020-05-03,45,Deaths,1.0,5.0
970,Andorra,2020-05-04,45,Deaths,0.0,5.0
971,Andorra,2020-05-05,46,Deaths,1.0,5.0
972,Andorra,2020-05-06,46,Deaths,0.0,4.0
973,Andorra,2020-05-07,47,Deaths,1.0,5.0
974,Andorra,2020-05-08,47,Deaths,0.0,4.0
975,Andorra,2020-05-09,48,Deaths,1.0,4.0
976,Andorra,2020-05-10,48,Deaths,0.0,3.0
977,Andorra,2020-05-11,48,Deaths,0.0,3.0
978,Andorra,2020-05-12,48,Deaths,0.0,2.0
979,Andorra,2020-05-13,49,Deaths,1.0,3.0
980,Andorra,2020-05-14,49,Deaths,0.0,2.0
981,Andorra,2020-05-15,49,Deaths,0.0,2.0
982,Andorra,2020-05-16,51,Deaths,2.0,3.0
983,Andorra,2020-05-17,51,Deaths,0.0,3.0
984,Andorra,2020-05-18,51,Deaths,0.0,3.0
985,Andorra,2020-05-19,51,Deaths,0.0,3.0
986,Andorra,2020-05-20,51,Deaths,0.0,2.0
987,Andorra,2020-05-21,51,Deaths,0.0,2.0
988,Andorra,2020-05-22,51,Deaths,0.0,2.0
989,Andorra,2020-05-23,51,Deaths,0.0,0.0
990,Andorra,2020-05-24,51,Deaths,0.0,0.0
991,Andorra,2020-05-25,51,Deaths,0.0,0.0
992,Andorra,2020-05-26,51,Deaths,0.0,0.0
993,Andorra,2020-05-27,51,Deaths,0.0,0.0
994,Andorra,2020-05-28,51,Deaths,0.0,0.0
995,Andorra,2020-05-29,51,Deaths,0.0,0.0
996,Andorra,2020-05-30,51,Deaths,0.0,0.0
997,Andorra,2020-05-31,51,Deaths,0.0,0.0
998,Andorra,2020-06-01,51,Deaths,0.0,0.0
999,Andorra,2020-06-02,51,Deaths,0.0,0.0
1000,Andorra,2020-06-03,51,Deaths,0.0,0.0
1001,Andorra,2020-06-04,51,Deaths,0.0,0.0
1002,Andorra,2020-06-05,51,Deaths,0.0,0.0
1003,Andorra,2020-06-06,51,Deaths,0.0,0.0
1004,Andorra,2020-06-07,51,Deaths,0.0,0.0
1005,Andorra,2020-06-08,51,Deaths,0.0,0.0
1006,Andorra,2020-06-09,51,Deaths,0.0,0.0
1007,Andorra,2020-06-10,51,Deaths,0.0,0.0
1008,Andorra,2020-06-11,51,Deaths,0.0,0.0
1009,Andorra,2020-06-12,51,Deaths,0.0,0.0
1010,Andorra,2020-06-13,51,Deaths,0.0,0.0
1011,Andorra,2020-06-14,51,Deaths,0.0,0.0
1012,Andorra,2020-06-15,51,Deaths,0.0,0.0
1013,Andorra,2020-06-16,52,Deaths,1.0,1.0
1014,Andorra,2020-06-17,52,Deaths,0.0,1.0
1015,Andorra,2020-06-18,52,Deaths,0.0,1.0
1016,Andorra,2020-06-19,52,Deaths,0.0,1.0
1017,Andorra,2020-06-20,52,Deaths,0.0,1.0
1018,Andorra,2020-06-21,52,Deaths,0.0,1.0
1019,Andorra,2020-06-22,52,Deaths,0.0,1.0
1020,Andorra,2020-06-23,52,Deaths,0.0,0.0
1021,Andorra,2020-06-24,52,Deaths,0.0,0.0
1022,Andorra,2020-06-25,52,Deaths,0.0,0.0
1023,Andorra,2020-06-26,52,Deaths,0.0,0.0
1024,Andorra,2020-06-27,52,Deaths,0.0,0.0
1025,Andorra,2020-06-28,52,Deaths,0.0,0.0
1026,Andorra,2020-06-29,52,Deaths,0.0,0.0
1027,Andorra,2020-06-30,52,Deaths,0.0,0.0
1028,Andorra,2020-07-01,52,Deaths,0.0,0.0
1029,Andorra,2020-07-02,52,Deaths,0.0,0.0
1030,Andorra,2020-07-03,52,Deaths,0.0,0.0
1031,Andorra,2020-07-04,52,Deaths,0.0,0.0
1032,Andorra,2020-07-05,52,Deaths,0.0,0.0
1033,Andorra,2020-07-06,52,Deaths,0.0,0.0
1034,Andorra,2020-07-07,52,Deaths,0.0,0.0
1035,Andorra,2020-07-08,52,Deaths,0.0,0.0
1036,Andorra,2020-07-09,52,Deaths,0.0,0.0
1037,Andorra,2020-07-10,52,Deaths,0.0,0.0
1038,Andorra,2020-07-11,52,Deaths,0.0,0.0
1039,Andorra,2020-07-12,52,Deaths,0.0,0.0
1040,Andorra,2020-07-13,52,Deaths,0.0,0.0
1041,Andorra,2020-07-14,52,Deaths,0.0,0.0
1042,Andorra,2020-07-15,52,Deaths,0.0,0.0
1043,Andorra,2020-07-16,52,Deaths,0.0,0.0
1044,Andorra,2020-07-17,52,Deaths,0.0,0.0
1045,Andorra,2020-07-18,52,Deaths,0.0,0.0
1046,Andorra,2020-07-19,52,Deaths,0.0,0.0
1047,Andorra,2020-07-20,52,Deaths,0.0,0.0
1048,Andorra,2020-07-21,52,Deaths,0.0,0.0
1049,Andorra,2020-07-22,52,Deaths,0.0,0.0
1050,Andorra,2020-07-23,52,Deaths,0.0,0.0
1051,Andorra,2020-07-24,52,Deaths,0.0,0.0
1052,Andorra,2020-07-25,52,Deaths,0.0,0.0
1053,Andorra,2020-07-26,52,Deaths,0.0,0.0
1054,Andorra,2020-07-27,52,Deaths,0.0,0.0
1055,Andorra,2020-07-28,52,Deaths,0.0,0.0
1056,Andorra,2020-07-29,52,Deaths,0.0,0.0
1057,Andorra,2020-07-30,52,Deaths,0.0,0.0
1058,Andorra,2020-07-31,52,Deaths,0.0,0.0
1059,Andorra,2020-08-01,52,Deaths,0.0,0.0
1060,Andorra,2020-08-02,52,Deaths,0.0,0.0
1061,Andorra,2020-08-03,52,Deaths,0.0,0.0
1062,Andorra,2020-08-04,52,Deaths,0.0,0.0
1063,Andorra,2020-08-05,52,Deaths,0.0,0.0
1064,Andorra,2020-08-06,52,Deaths,0.0,0.0
1065,Andorra,2020-08-07,52,Deaths,0.0,0.0
1066,Andorra,2020-08-08,52,Deaths,0.0,0.0
1067,Andorra,2020-08-09,52,Deaths,0.0,0.0
1068,Andorra,2020-08-10,52,Deaths,0.0,0.0
1069,Andorra,2020-08-11,52,Deaths,0.0,0.0
1070,Andorra,2020-08-12,53,Deaths,1.0,1.0
1071,Andorra,2020-08-13,53,Deaths,0.0,1.0
1072,Andorra,2020-08-14,53,Deaths,0.0,1.0
1073,Andorra,2020-08-15,53,Deaths,0.0,1.0
1074,Andorra,2020-08-16,53,Deaths,0.0,1.0
1075,Andorra,2020-08-17,53,Deaths,0.0,1.0
1076,Andorra,2020-08-18,53,Deaths,0.0,1.0
1077,Andorra,2020-08-19,53,Deaths,0.0,0.0
1078,Andorra,2020-08-20,53,Deaths,0.0,0.0
1079,Andorra,2020-08-21,53,Deaths,0.0,0.0
1080,Andorra,2020-08-22,53,Deaths,0.0,0.0
1081,Andorra,2020-08-23,53,Deaths,0.0,0.0
1082,Andorra,2020-08-24,53,Deaths,0.0,0.0
1083,Andorra,2020-08-25,53,Deaths,0.0,0.0
1084,Andorra,2020-08-26,53,Deaths,0.0,0.0
1085,Andorra,2020-08-27,53,Deaths,0.0,0.0
1086,Andorra,2020-08-28,53,Deaths,0.0,0.0
1087,Andorra,2020-08-29,53,Deaths,0.0,0.0
1088,Andorra,2020-08-30,53,Deaths,0.0,0.0
1089,Andorra,2020-08-31,53,Deaths,0.0,0.0
1090,Andorra,2020-09-01,53,Deaths,0.0,0.0
1091,Andorra,2020-09-02,53,Deaths,0.0,0.0
1092,Andorra,2020-09-03,53,Deaths,0.0,0.0
1093,Andorra,2020-09-04,53,Deaths,0.0,0.0
1094,Andorra,2020-09-05,53,Deaths,0.0,0.0
1095,Andorra,2020-09-06,53,Deaths,0.0,0.0
1096,Andorra,2020-09-07,53,Deaths,0.0,0.0
1097,Andorra,2020-09-08,53,Deaths,0.0,0.0
1098,Andorra,2020-09-09,53,Deaths,0.0,0.0
1099,Andorra,2020-09-10,53,Deaths,0.0,0.0
1100,Andorra,2020-09-11,53,Deaths,0.0,0.0
1101,Andorra,2020-09-12,53,Deaths,0.0,0.0
1102,Andorra,2020-09-13,53,Deaths,0.0,0.0
1103,Andorra,2020-09-14,53,Deaths,0.0,0.0
1104,Andorra,2020-09-15,53,Deaths,0.0,0.0
1105,Andorra,2020-09-16,53,Deaths,0.0,0.0
1106,Andorra,2020-09-17,53,Deaths,0.0,0.0
1107,Andorra,2020-09-18,53,Deaths,0.0,0.0
1108,Andorra,2020-09-19,53,Deaths,0.0,0.0
1109,Andorra,2020-09-20,53,Deaths,0.0,0.0
1110,Andorra,2020-09-21,53,Deaths,0.0,0.0
1111,Andorra,2020-09-22,53,Deaths,0.0,0.0
1112,Andorra,2020-09-23,53,Deaths,0.0,0.0
1113,Andorra,2020-09-24,53,Deaths,0.0,0.0
1114,Andorra,2020-09-25,53,Deaths,0.0,0.0
1115,Andorra,2020-09-26,53,Deaths,0.0,0.0
1116,Andorra,2020-09-27,53,Deaths,0.0,0.0
1117,Andorra,2020-09-28,53,Deaths,0.0,0.0
1118,Andorra,2020-09-29,53,Deaths,0.0,0.0
1119,Andorra,2020-09-30,53,Deaths,0.0,0.0
1120,Andorra,2020-10-01,53,Deaths,0.0,0.0
1121,Andorra,2020-10-02,53,Deaths,0.0,0.0
1122,Andorra,2020-10-03,53,Deaths,0.0,0.0
1123,Andorra,2020-10-04,53,Deaths,0.0,0.0
1124,Andorra,2020-10-05,53,Deaths,0.0,0.0
1125,Andorra,2020-10-06,53,Deaths,0.0,0.0
1126,Andorra,2020-10-07,53,Deaths,0.0,0.0
1127,Andorra,2020-10-08,54,Deaths,1.0,1.0
1128,Andorra,2020-10-09,55,Deaths,1.0,2.0
1129,Andorra,2020-10-10,55,Deaths,0.0,2.0
1130,Andorra,2020-10-11,55,Deaths,0.0,2.0
1131,Andorra,2020-10-12,57,Deaths,2.0,4.0
1132,Andorra,2020-10-13,57,Deaths,0.0,4.0
1133,Andorra,2020-10-14,59,Deaths,2.0,6.0
1134,Andorra,2020-10-15,59,Deaths,0.0,5.0
1135,Andorra,2020-10-16,59,Deaths,0.0,4.0
1136,Andorra,2020-10-17,59,Deaths,0.0,4.0
1137,Andorra,2020-10-18,59,Deaths,0.0,4.0
1138,Andorra,2020-10-19,62,Deaths,3.0,5.0
1139,Andorra,2020-10-20,62,Deaths,0.0,5.0
1140,Andorra,2020-10-21,63,Deaths,1.0,4.0
1141,Andorra,2020-10-22,63,Deaths,0.0,4.0
1142,Andorra,2020-10-23,69,Deaths,6.0,10.0
1143,Andorra,2020-10-24,69,Deaths,0.0,10.0
1144,Andorra,2020-10-25,69,Deaths,0.0,10.0
1145,Andorra,2020-10-26,72,Deaths,3.0,10.0
1146,Andorra,2020-10-27,72,Deaths,0.0,10.0
1147,Andorra,2020-10-28,72,Deaths,0.0,9.0
1148,Andorra,2020-10-29,73,Deaths,1.0,10.0
1149,Andorra,2020-10-30,75,Deaths,2.0,6.0
1150,Andorra,2020-10-31,75,Deaths,0.0,6.0
1151,Andorra,2020-11-01,75,Deaths,0.0,6.0
1152,Andorra,2020-11-02,75,Deaths,0.0,3.0
1153,Andorra,2020-11-03,75,Deaths,0.0,3.0
1154,Andorra,2020-11-04,75,Deaths,0.0,3.0
1155,Andorra,2020-11-05,75,Deaths,0.0,2.0
1156,Angola,2020-01-22,0,Deaths,,
1157,Angola,2020-01-23,0,Deaths,0.0,
1158,Angola,2020-01-24,0,Deaths,0.0,
1159,Angola,2020-01-25,0,Deaths,0.0,
1160,Angola,2020-01-26,0,Deaths,0.0,
1161,Angola,2020-01-27,0,Deaths,0.0,
1162,Angola,2020-01-28,0,Deaths,0.0,
1163,Angola,2020-01-29,0,Deaths,0.0,0.0
1164,Angola,2020-01-30,0,Deaths,0.0,0.0
1165,Angola,2020-01-31,0,Deaths,0.0,0.0
1166,Angola,2020-02-01,0,Deaths,0.0,0.0
1167,Angola,2020-02-02,0,Deaths,0.0,0.0
1168,Angola,2020-02-03,0,Deaths,0.0,0.0
1169,Angola,2020-02-04,0,Deaths,0.0,0.0
1170,Angola,2020-02-05,0,Deaths,0.0,0.0
1171,Angola,2020-02-06,0,Deaths,0.0,0.0
1172,Angola,2020-02-07,0,Deaths,0.0,0.0
1173,Angola,2020-02-08,0,Deaths,0.0,0.0
1174,Angola,2020-02-09,0,Deaths,0.0,0.0
1175,Angola,2020-02-10,0,Deaths,0.0,0.0
1176,Angola,2020-02-11,0,Deaths,0.0,0.0
1177,Angola,2020-02-12,0,Deaths,0.0,0.0
1178,Angola,2020-02-13,0,Deaths,0.0,0.0
1179,Angola,2020-02-14,0,Deaths,0.0,0.0
1180,Angola,2020-02-15,0,Deaths,0.0,0.0
1181,Angola,2020-02-16,0,Deaths,0.0,0.0
1182,Angola,2020-02-17,0,Deaths,0.0,0.0
1183,Angola,2020-02-18,0,Deaths,0.0,0.0
1184,Angola,2020-02-19,0,Deaths,0.0,0.0
1185,Angola,2020-02-20,0,Deaths,0.0,0.0
1186,Angola,2020-02-21,0,Deaths,0.0,0.0
1187,Angola,2020-02-22,0,Deaths,0.0,0.0
1188,Angola,2020-02-23,0,Deaths,0.0,0.0
1189,Angola,2020-02-24,0,Deaths,0.0,0.0
1190,Angola,2020-02-25,0,Deaths,0.0,0.0
1191,Angola,2020-02-26,0,Deaths,0.0,0.0
1192,Angola,2020-02-27,0,Deaths,0.0,0.0
1193,Angola,2020-02-28,0,Deaths,0.0,0.0
1194,Angola,2020-02-29,0,Deaths,0.0,0.0
1195,Angola,2020-03-01,0,Deaths,0.0,0.0
1196,Angola,2020-03-02,0,Deaths,0.0,0.0
1197,Angola,2020-03-03,0,Deaths,0.0,0.0
1198,Angola,2020-03-04,0,Deaths,0.0,0.0
1199,Angola,2020-03-05,0,Deaths,0.0,0.0
1200,Angola,2020-03-06,0,Deaths,0.0,0.0
1201,Angola,2020-03-07,0,Deaths,0.0,0.0
1202,Angola,2020-03-08,0,Deaths,0.0,0.0
1203,Angola,2020-03-09,0,Deaths,0.0,0.0
1204,Angola,2020-03-10,0,Deaths,0.0,0.0
1205,Angola,2020-03-11,0,Deaths,0.0,0.0
1206,Angola,2020-03-12,0,Deaths,0.0,0.0
1207,Angola,2020-03-13,0,Deaths,0.0,0.0
1208,Angola,2020-03-14,0,Deaths,0.0,0.0
1209,Angola,2020-03-15,0,Deaths,0.0,0.0
1210,Angola,2020-03-16,0,Deaths,0.0,0.0
1211,Angola,2020-03-17,0,Deaths,0.0,0.0
1212,Angola,2020-03-18,0,Deaths,0.0,0.0
1213,Angola,2020-03-19,0,Deaths,0.0,0.0
1214,Angola,2020-03-20,0,Deaths,0.0,0.0
1215,Angola,2020-03-21,0,Deaths,0.0,0.0
1216,Angola,2020-03-22,0,Deaths,0.0,0.0
1217,Angola,2020-03-23,0,Deaths,0.0,0.0
1218,Angola,2020-03-24,0,Deaths,0.0,0.0
1219,Angola,2020-03-25,0,Deaths,0.0,0.0
1220,Angola,2020-03-26,0,Deaths,0.0,0.0
1221,Angola,2020-03-27,0,Deaths,0.0,0.0
1222,Angola,2020-03-28,0,Deaths,0.0,0.0
1223,Angola,2020-03-29,2,Deaths,2.0,2.0
1224,Angola,2020-03-30,2,Deaths,0.0,2.0
1225,Angola,2020-03-31,2,Deaths,0.0,2.0
1226,Angola,2020-04-01,2,Deaths,0.0,2.0
1227,Angola,2020-04-02,2,Deaths,0.0,2.0
1228,Angola,2020-04-03,2,Deaths,0.0,2.0
1229,Angola,2020-04-04,2,Deaths,0.0,2.0
1230,Angola,2020-04-05,2,Deaths,0.0,0.0
1231,Angola,2020-04-06,2,Deaths,0.0,0.0
1232,Angola,2020-04-07,2,Deaths,0.0,0.0
1233,Angola,2020-04-08,2,Deaths,0.0,0.0
1234,Angola,2020-04-09,2,Deaths,0.0,0.0
1235,Angola,2020-04-10,2,Deaths,0.0,0.0
1236,Angola,2020-04-11,2,Deaths,0.0,0.0
1237,Angola,2020-04-12,2,Deaths,0.0,0.0
1238,Angola,2020-04-13,2,Deaths,0.0,0.0
1239,Angola,2020-04-14,2,Deaths,0.0,0.0
1240,Angola,2020-04-15,2,Deaths,0.0,0.0
1241,Angola,2020-04-16,2,Deaths,0.0,0.0
1242,Angola,2020-04-17,2,Deaths,0.0,0.0
1243,Angola,2020-04-18,2,Deaths,0.0,0.0
1244,Angola,2020-04-19,2,Deaths,0.0,0.0
1245,Angola,2020-04-20,2,Deaths,0.0,0.0
1246,Angola,2020-04-21,2,Deaths,0.0,0.0
1247,Angola,2020-04-22,2,Deaths,0.0,0.0
1248,Angola,2020-04-23,2,Deaths,0.0,0.0
1249,Angola,2020-04-24,2,Deaths,0.0,0.0
1250,Angola,2020-04-25,2,Deaths,0.0,0.0
1251,Angola,2020-04-26,2,Deaths,0.0,0.0
1252,Angola,2020-04-27,2,Deaths,0.0,0.0
1253,Angola,2020-04-28,2,Deaths,0.0,0.0
1254,Angola,2020-04-29,2,Deaths,0.0,0.0
1255,Angola,2020-04-30,2,Deaths,0.0,0.0
1256,Angola,2020-05-01,2,Deaths,0.0,0.0
1257,Angola,2020-05-02,2,Deaths,0.0,0.0
1258,Angola,2020-05-03,2,Deaths,0.0,0.0
1259,Angola,2020-05-04,2,Deaths,0.0,0.0
1260,Angola,2020-05-05,2,Deaths,0.0,0.0
1261,Angola,2020-05-06,2,Deaths,0.0,0.0
1262,Angola,2020-05-07,2,Deaths,0.0,0.0
1263,Angola,2020-05-08,2,Deaths,0.0,0.0
1264,Angola,2020-05-09,2,Deaths,0.0,0.0
1265,Angola,2020-05-10,2,Deaths,0.0,0.0
1266,Angola,2020-05-11,2,Deaths,0.0,0.0
1267,Angola,2020-05-12,2,Deaths,0.0,0.0
1268,Angola,2020-05-13,2,Deaths,0.0,0.0
1269,Angola,2020-05-14,2,Deaths,0.0,0.0
1270,Angola,2020-05-15,2,Deaths,0.0,0.0
1271,Angola,2020-05-16,2,Deaths,0.0,0.0
1272,Angola,2020-05-17,2,Deaths,0.0,0.0
1273,Angola,2020-05-18,3,Deaths,1.0,1.0
1274,Angola,2020-05-19,3,Deaths,0.0,1.0
1275,Angola,2020-05-20,3,Deaths,0.0,1.0
1276,Angola,2020-05-21,3,Deaths,0.0,1.0
1277,Angola,2020-05-22,3,Deaths,0.0,1.0
1278,Angola,2020-05-23,4,Deaths,1.0,2.0
1279,Angola,2020-05-24,4,Deaths,0.0,2.0
1280,Angola,2020-05-25,4,Deaths,0.0,1.0
1281,Angola,2020-05-26,4,Deaths,0.0,1.0
1282,Angola,2020-05-27,4,Deaths,0.0,1.0
1283,Angola,2020-05-28,4,Deaths,0.0,1.0
1284,Angola,2020-05-29,4,Deaths,0.0,1.0
1285,Angola,2020-05-30,4,Deaths,0.0,0.0
1286,Angola,2020-05-31,4,Deaths,0.0,0.0
1287,Angola,2020-06-01,4,Deaths,0.0,0.0
1288,Angola,2020-06-02,4,Deaths,0.0,0.0
1289,Angola,2020-06-03,4,Deaths,0.0,0.0
1290,Angola,2020-06-04,4,Deaths,0.0,0.0
1291,Angola,2020-06-05,4,Deaths,0.0,0.0
1292,Angola,2020-06-06,4,Deaths,0.0,0.0
1293,Angola,2020-06-07,4,Deaths,0.0,0.0
1294,Angola,2020-06-08,4,Deaths,0.0,0.0
1295,Angola,2020-06-09,4,Deaths,0.0,0.0
1296,Angola,2020-06-10,4,Deaths,0.0,0.0
1297,Angola,2020-06-11,5,Deaths,1.0,1.0
1298,Angola,2020-06-12,5,Deaths,0.0,1.0
1299,Angola,2020-06-13,6,Deaths,1.0,2.0
1300,Angola,2020-06-14,6,Deaths,0.0,2.0
1301,Angola,2020-06-15,6,Deaths,0.0,2.0
1302,Angola,2020-06-16,6,Deaths,0.0,2.0
1303,Angola,2020-06-17,7,Deaths,1.0,3.0
1304,Angola,2020-06-18,8,Deaths,1.0,3.0
1305,Angola,2020-06-19,8,Deaths,0.0,3.0
1306,Angola,2020-06-20,9,Deaths,1.0,3.0
1307,Angola,2020-06-21,9,Deaths,0.0,3.0
1308,Angola,2020-06-22,10,Deaths,1.0,4.0
1309,Angola,2020-06-23,10,Deaths,0.0,4.0
1310,Angola,2020-06-24,10,Deaths,0.0,3.0
1311,Angola,2020-06-25,10,Deaths,0.0,2.0
1312,Angola,2020-06-26,10,Deaths,0.0,2.0
1313,Angola,2020-06-27,10,Deaths,0.0,1.0
1314,Angola,2020-06-28,11,Deaths,1.0,2.0
1315,Angola,2020-06-29,11,Deaths,0.0,1.0
1316,Angola,2020-06-30,13,Deaths,2.0,3.0
1317,Angola,2020-07-01,15,Deaths,2.0,5.0
1318,Angola,2020-07-02,17,Deaths,2.0,7.0
1319,Angola,2020-07-03,18,Deaths,1.0,8.0
1320,Angola,2020-07-04,19,Deaths,1.0,9.0
1321,Angola,2020-07-05,19,Deaths,0.0,8.0
1322,Angola,2020-07-06,19,Deaths,0.0,8.0
1323,Angola,2020-07-07,21,Deaths,2.0,8.0
1324,Angola,2020-07-08,21,Deaths,0.0,6.0
1325,Angola,2020-07-09,22,Deaths,1.0,5.0
1326,Angola,2020-07-10,23,Deaths,1.0,5.0
1327,Angola,2020-07-11,23,Deaths,0.0,4.0
1328,Angola,2020-07-12,26,Deaths,3.0,7.0
1329,Angola,2020-07-13,26,Deaths,0.0,7.0
1330,Angola,2020-07-14,26,Deaths,0.0,5.0
1331,Angola,2020-07-15,27,Deaths,1.0,6.0
1332,Angola,2020-07-16,28,Deaths,1.0,6.0
1333,Angola,2020-07-17,29,Deaths,1.0,6.0
1334,Angola,2020-07-18,29,Deaths,0.0,6.0
1335,Angola,2020-07-19,29,Deaths,0.0,3.0
1336,Angola,2020-07-20,29,Deaths,0.0,3.0
1337,Angola,2020-07-21,30,Deaths,1.0,4.0
1338,Angola,2020-07-22,33,Deaths,3.0,6.0
1339,Angola,2020-07-23,33,Deaths,0.0,5.0
1340,Angola,2020-07-24,35,Deaths,2.0,6.0
1341,Angola,2020-07-25,39,Deaths,4.0,10.0
1342,Angola,2020-07-26,40,Deaths,1.0,11.0
1343,Angola,2020-07-27,41,Deaths,1.0,12.0
1344,Angola,2020-07-28,47,Deaths,6.0,17.0
1345,Angola,2020-07-29,48,Deaths,1.0,15.0
1346,Angola,2020-07-30,51,Deaths,3.0,18.0
1347,Angola,2020-07-31,52,Deaths,1.0,17.0
1348,Angola,2020-08-01,54,Deaths,2.0,15.0
1349,Angola,2020-08-02,55,Deaths,1.0,15.0
1350,Angola,2020-08-03,58,Deaths,3.0,17.0
1351,Angola,2020-08-04,59,Deaths,1.0,12.0
1352,Angola,2020-08-05,62,Deaths,3.0,14.0
1353,Angola,2020-08-06,64,Deaths,2.0,13.0
1354,Angola,2020-08-07,67,Deaths,3.0,15.0
1355,Angola,2020-08-08,70,Deaths,3.0,16.0
1356,Angola,2020-08-09,75,Deaths,5.0,20.0
1357,Angola,2020-08-10,78,Deaths,3.0,20.0
1358,Angola,2020-08-11,80,Deaths,2.0,21.0
1359,Angola,2020-08-12,80,Deaths,0.0,18.0
1360,Angola,2020-08-13,80,Deaths,0.0,16.0
1361,Angola,2020-08-14,86,Deaths,6.0,19.0
1362,Angola,2020-08-15,86,Deaths,0.0,16.0
1363,Angola,2020-08-16,88,Deaths,2.0,13.0
1364,Angola,2020-08-17,88,Deaths,0.0,10.0
1365,Angola,2020-08-18,90,Deaths,2.0,10.0
1366,Angola,2020-08-19,92,Deaths,2.0,12.0
1367,Angola,2020-08-20,93,Deaths,1.0,13.0
1368,Angola,2020-08-21,94,Deaths,1.0,8.0
1369,Angola,2020-08-22,94,Deaths,0.0,8.0
1370,Angola,2020-08-23,96,Deaths,2.0,8.0
1371,Angola,2020-08-24,100,Deaths,4.0,12.0
1372,Angola,2020-08-25,102,Deaths,2.0,12.0
1373,Angola,2020-08-26,103,Deaths,1.0,11.0
1374,Angola,2020-08-27,105,Deaths,2.0,12.0
1375,Angola,2020-08-28,106,Deaths,1.0,12.0
1376,Angola,2020-08-29,107,Deaths,1.0,13.0
1377,Angola,2020-08-30,107,Deaths,0.0,11.0
1378,Angola,2020-08-31,108,Deaths,1.0,8.0
1379,Angola,2020-09-01,109,Deaths,1.0,7.0
1380,Angola,2020-09-02,112,Deaths,3.0,9.0
1381,Angola,2020-09-03,113,Deaths,1.0,8.0
1382,Angola,2020-09-04,115,Deaths,2.0,9.0
1383,Angola,2020-09-05,117,Deaths,2.0,10.0
1384,Angola,2020-09-06,117,Deaths,0.0,10.0
1385,Angola,2020-09-07,120,Deaths,3.0,12.0
1386,Angola,2020-09-08,124,Deaths,4.0,15.0
1387,Angola,2020-09-09,126,Deaths,2.0,14.0
1388,Angola,2020-09-10,130,Deaths,4.0,17.0
1389,Angola,2020-09-11,131,Deaths,1.0,16.0
1390,Angola,2020-09-12,132,Deaths,1.0,15.0
1391,Angola,2020-09-13,134,Deaths,2.0,17.0
1392,Angola,2020-09-14,136,Deaths,2.0,16.0
1393,Angola,2020-09-15,139,Deaths,3.0,15.0
1394,Angola,2020-09-16,143,Deaths,4.0,17.0
1395,Angola,2020-09-17,144,Deaths,1.0,14.0
1396,Angola,2020-09-18,147,Deaths,3.0,16.0
1397,Angola,2020-09-19,147,Deaths,0.0,15.0
1398,Angola,2020-09-20,152,Deaths,5.0,18.0
1399,Angola,2020-09-21,154,Deaths,2.0,18.0
1400,Angola,2020-09-22,155,Deaths,1.0,16.0
1401,Angola,2020-09-23,159,Deaths,4.0,16.0
1402,Angola,2020-09-24,162,Deaths,3.0,18.0
1403,Angola,2020-09-25,167,Deaths,5.0,20.0
1404,Angola,2020-09-26,171,Deaths,4.0,24.0
1405,Angola,2020-09-27,174,Deaths,3.0,22.0
1406,Angola,2020-09-28,176,Deaths,2.0,22.0
1407,Angola,2020-09-29,179,Deaths,3.0,24.0
1408,Angola,2020-09-30,183,Deaths,4.0,24.0
1409,Angola,2020-10-01,185,Deaths,2.0,23.0
1410,Angola,2020-10-02,189,Deaths,4.0,22.0
1411,Angola,2020-10-03,193,Deaths,4.0,22.0
1412,Angola,2020-10-04,195,Deaths,2.0,21.0
1413,Angola,2020-10-05,199,Deaths,4.0,23.0
1414,Angola,2020-10-06,211,Deaths,12.0,32.0
1415,Angola,2020-10-07,211,Deaths,0.0,28.0
1416,Angola,2020-10-08,208,Deaths,-3.0,23.0
1417,Angola,2020-10-09,212,Deaths,4.0,23.0
1418,Angola,2020-10-10,218,Deaths,6.0,25.0
1419,Angola,2020-10-11,218,Deaths,0.0,23.0
1420,Angola,2020-10-12,219,Deaths,1.0,20.0
1421,Angola,2020-10-13,222,Deaths,3.0,11.0
1422,Angola,2020-10-14,227,Deaths,5.0,16.0
1423,Angola,2020-10-15,228,Deaths,1.0,20.0
1424,Angola,2020-10-16,234,Deaths,6.0,22.0
1425,Angola,2020-10-17,241,Deaths,7.0,23.0
1426,Angola,2020-10-18,247,Deaths,6.0,29.0
1427,Angola,2020-10-19,248,Deaths,1.0,29.0
1428,Angola,2020-10-20,251,Deaths,3.0,29.0
1429,Angola,2020-10-21,255,Deaths,4.0,28.0
1430,Angola,2020-10-22,260,Deaths,5.0,32.0
1431,Angola,2020-10-23,265,Deaths,5.0,31.0
1432,Angola,2020-10-24,267,Deaths,2.0,26.0
1433,Angola,2020-10-25,268,Deaths,1.0,21.0
1434,Angola,2020-10-26,270,Deaths,2.0,22.0
1435,Angola,2020-10-27,271,Deaths,1.0,20.0
1436,Angola,2020-10-28,275,Deaths,4.0,20.0
1437,Angola,2020-10-29,275,Deaths,0.0,15.0
1438,Angola,2020-10-30,279,Deaths,4.0,14.0
1439,Angola,2020-10-31,284,Deaths,5.0,17.0
1440,Angola,2020-11-01,286,Deaths,2.0,18.0
1441,Angola,2020-11-02,289,Deaths,3.0,19.0
1442,Angola,2020-11-03,291,Deaths,2.0,20.0
1443,Angola,2020-11-04,296,Deaths,5.0,21.0
1444,Angola,2020-11-05,299,Deaths,3.0,24.0
1445,Antigua and Barbuda,2020-01-22,0,Deaths,,
1446,Antigua and Barbuda,2020-01-23,0,Deaths,0.0,
1447,Antigua and Barbuda,2020-01-24,0,Deaths,0.0,
1448,Antigua and Barbuda,2020-01-25,0,Deaths,0.0,
1449,Antigua and Barbuda,2020-01-26,0,Deaths,0.0,
1450,Antigua and Barbuda,2020-01-27,0,Deaths,0.0,
1451,Antigua and Barbuda,2020-01-28,0,Deaths,0.0,
1452,Antigua and Barbuda,2020-01-29,0,Deaths,0.0,0.0
1453,Antigua and Barbuda,2020-01-30,0,Deaths,0.0,0.0
1454,Antigua and Barbuda,2020-01-31,0,Deaths,0.0,0.0
1455,Antigua and Barbuda,2020-02-01,0,Deaths,0.0,0.0
1456,Antigua and Barbuda,2020-02-02,0,Deaths,0.0,0.0
1457,Antigua and Barbuda,2020-02-03,0,Deaths,0.0,0.0
1458,Antigua and Barbuda,2020-02-04,0,Deaths,0.0,0.0
1459,Antigua and Barbuda,2020-02-05,0,Deaths,0.0,0.0
1460,Antigua and Barbuda,2020-02-06,0,Deaths,0.0,0.0
1461,Antigua and Barbuda,2020-02-07,0,Deaths,0.0,0.0
1462,Antigua and Barbuda,2020-02-08,0,Deaths,0.0,0.0
1463,Antigua and Barbuda,2020-02-09,0,Deaths,0.0,0.0
1464,Antigua and Barbuda,2020-02-10,0,Deaths,0.0,0.0
1465,Antigua and Barbuda,2020-02-11,0,Deaths,0.0,0.0
1466,Antigua and Barbuda,2020-02-12,0,Deaths,0.0,0.0
1467,Antigua and Barbuda,2020-02-13,0,Deaths,0.0,0.0
1468,Antigua and Barbuda,2020-02-14,0,Deaths,0.0,0.0
1469,Antigua and Barbuda,2020-02-15,0,Deaths,0.0,0.0
1470,Antigua and Barbuda,2020-02-16,0,Deaths,0.0,0.0
1471,Antigua and Barbuda,2020-02-17,0,Deaths,0.0,0.0
1472,Antigua and Barbuda,2020-02-18,0,Deaths,0.0,0.0
1473,Antigua and Barbuda,2020-02-19,0,Deaths,0.0,0.0
1474,Antigua and Barbuda,2020-02-20,0,Deaths,0.0,0.0
1475,Antigua and Barbuda,2020-02-21,0,Deaths,0.0,0.0
1476,Antigua and Barbuda,2020-02-22,0,Deaths,0.0,0.0
1477,Antigua and Barbuda,2020-02-23,0,Deaths,0.0,0.0
1478,Antigua and Barbuda,2020-02-24,0,Deaths,0.0,0.0
1479,Antigua and Barbuda,2020-02-25,0,Deaths,0.0,0.0
1480,Antigua and Barbuda,2020-02-26,0,Deaths,0.0,0.0
1481,Antigua and Barbuda,2020-02-27,0,Deaths,0.0,0.0
1482,Antigua and Barbuda,2020-02-28,0,Deaths,0.0,0.0
1483,Antigua and Barbuda,2020-02-29,0,Deaths,0.0,0.0
1484,Antigua and Barbuda,2020-03-01,0,Deaths,0.0,0.0
1485,Antigua and Barbuda,2020-03-02,0,Deaths,0.0,0.0
1486,Antigua and Barbuda,2020-03-03,0,Deaths,0.0,0.0
1487,Antigua and Barbuda,2020-03-04,0,Deaths,0.0,0.0
1488,Antigua and Barbuda,2020-03-05,0,Deaths,0.0,0.0
1489,Antigua and Barbuda,2020-03-06,0,Deaths,0.0,0.0
1490,Antigua and Barbuda,2020-03-07,0,Deaths,0.0,0.0
1491,Antigua and Barbuda,2020-03-08,0,Deaths,0.0,0.0
1492,Antigua and Barbuda,2020-03-09,0,Deaths,0.0,0.0
1493,Antigua and Barbuda,2020-03-10,0,Deaths,0.0,0.0
1494,Antigua and Barbuda,2020-03-11,0,Deaths,0.0,0.0
1495,Antigua and Barbuda,2020-03-12,0,Deaths,0.0,0.0
1496,Antigua and Barbuda,2020-03-13,0,Deaths,0.0,0.0
1497,Antigua and Barbuda,2020-03-14,0,Deaths,0.0,0.0
1498,Antigua and Barbuda,2020-03-15,0,Deaths,0.0,0.0
1499,Antigua and Barbuda,2020-03-16,0,Deaths,0.0,0.0
1500,Antigua and Barbuda,2020-03-17,0,Deaths,0.0,0.0
1501,Antigua and Barbuda,2020-03-18,0,Deaths,0.0,0.0
1502,Antigua and Barbuda,2020-03-19,0,Deaths,0.0,0.0
1503,Antigua and Barbuda,2020-03-20,0,Deaths,0.0,0.0
1504,Antigua and Barbuda,2020-03-21,0,Deaths,0.0,0.0
1505,Antigua and Barbuda,2020-03-22,0,Deaths,0.0,0.0
1506,Antigua and Barbuda,2020-03-23,0,Deaths,0.0,0.0
1507,Antigua and Barbuda,2020-03-24,0,Deaths,0.0,0.0
1508,Antigua and Barbuda,2020-03-25,0,Deaths,0.0,0.0
1509,Antigua and Barbuda,2020-03-26,0,Deaths,0.0,0.0
1510,Antigua and Barbuda,2020-03-27,0,Deaths,0.0,0.0
1511,Antigua and Barbuda,2020-03-28,0,Deaths,0.0,0.0
1512,Antigua and Barbuda,2020-03-29,0,Deaths,0.0,0.0
1513,Antigua and Barbuda,2020-03-30,0,Deaths,0.0,0.0
1514,Antigua and Barbuda,2020-03-31,0,Deaths,0.0,0.0
1515,Antigua and Barbuda,2020-04-01,0,Deaths,0.0,0.0
1516,Antigua and Barbuda,2020-04-02,0,Deaths,0.0,0.0
1517,Antigua and Barbuda,2020-04-03,0,Deaths,0.0,0.0
1518,Antigua and Barbuda,2020-04-04,0,Deaths,0.0,0.0
1519,Antigua and Barbuda,2020-04-05,0,Deaths,0.0,0.0
1520,Antigua and Barbuda,2020-04-06,0,Deaths,0.0,0.0
1521,Antigua and Barbuda,2020-04-07,1,Deaths,1.0,1.0
1522,Antigua and Barbuda,2020-04-08,2,Deaths,1.0,2.0
1523,Antigua and Barbuda,2020-04-09,2,Deaths,0.0,2.0
1524,Antigua and Barbuda,2020-04-10,2,Deaths,0.0,2.0
1525,Antigua and Barbuda,2020-04-11,2,Deaths,0.0,2.0
1526,Antigua and Barbuda,2020-04-12,2,Deaths,0.0,2.0
1527,Antigua and Barbuda,2020-04-13,2,Deaths,0.0,2.0
1528,Antigua and Barbuda,2020-04-14,2,Deaths,0.0,1.0
1529,Antigua and Barbuda,2020-04-15,2,Deaths,0.0,0.0
1530,Antigua and Barbuda,2020-04-16,3,Deaths,1.0,1.0
1531,Antigua and Barbuda,2020-04-17,3,Deaths,0.0,1.0
1532,Antigua and Barbuda,2020-04-18,3,Deaths,0.0,1.0
1533,Antigua and Barbuda,2020-04-19,3,Deaths,0.0,1.0
1534,Antigua and Barbuda,2020-04-20,3,Deaths,0.0,1.0
1535,Antigua and Barbuda,2020-04-21,3,Deaths,0.0,1.0
1536,Antigua and Barbuda,2020-04-22,3,Deaths,0.0,1.0
1537,Antigua and Barbuda,2020-04-23,3,Deaths,0.0,0.0
1538,Antigua and Barbuda,2020-04-24,3,Deaths,0.0,0.0
1539,Antigua and Barbuda,2020-04-25,3,Deaths,0.0,0.0
1540,Antigua and Barbuda,2020-04-26,3,Deaths,0.0,0.0
1541,Antigua and Barbuda,2020-04-27,3,Deaths,0.0,0.0
1542,Antigua and Barbuda,2020-04-28,3,Deaths,0.0,0.0
1543,Antigua and Barbuda,2020-04-29,3,Deaths,0.0,0.0
1544,Antigua and Barbuda,2020-04-30,3,Deaths,0.0,0.0
1545,Antigua and Barbuda,2020-05-01,3,Deaths,0.0,0.0
1546,Antigua and Barbuda,2020-05-02,3,Deaths,0.0,0.0
1547,Antigua and Barbuda,2020-05-03,3,Deaths,0.0,0.0
1548,Antigua and Barbuda,2020-05-04,3,Deaths,0.0,0.0
1549,Antigua and Barbuda,2020-05-05,3,Deaths,0.0,0.0
1550,Antigua and Barbuda,2020-05-06,3,Deaths,0.0,0.0
1551,Antigua and Barbuda,2020-05-07,3,Deaths,0.0,0.0
1552,Antigua and Barbuda,2020-05-08,3,Deaths,0.0,0.0
1553,Antigua and Barbuda,2020-05-09,3,Deaths,0.0,0.0
1554,Antigua and Barbuda,2020-05-10,3,Deaths,0.0,0.0
1555,Antigua and Barbuda,2020-05-11,3,Deaths,0.0,0.0
1556,Antigua and Barbuda,2020-05-12,3,Deaths,0.0,0.0
1557,Antigua and Barbuda,2020-05-13,3,Deaths,0.0,0.0
1558,Antigua and Barbuda,2020-05-14,3,Deaths,0.0,0.0
1559,Antigua and Barbuda,2020-05-15,3,Deaths,0.0,0.0
1560,Antigua and Barbuda,2020-05-16,3,Deaths,0.0,0.0
1561,Antigua and Barbuda,2020-05-17,3,Deaths,0.0,0.0
1562,Antigua and Barbuda,2020-05-18,3,Deaths,0.0,0.0
1563,Antigua and Barbuda,2020-05-19,3,Deaths,0.0,0.0
1564,Antigua and Barbuda,2020-05-20,3,Deaths,0.0,0.0
1565,Antigua and Barbuda,2020-05-21,3,Deaths,0.0,0.0
1566,Antigua and Barbuda,2020-05-22,3,Deaths,0.0,0.0
1567,Antigua and Barbuda,2020-05-23,3,Deaths,0.0,0.0
1568,Antigua and Barbuda,2020-05-24,3,Deaths,0.0,0.0
1569,Antigua and Barbuda,2020-05-25,3,Deaths,0.0,0.0
1570,Antigua and Barbuda,2020-05-26,3,Deaths,0.0,0.0
1571,Antigua and Barbuda,2020-05-27,3,Deaths,0.0,0.0
1572,Antigua and Barbuda,2020-05-28,3,Deaths,0.0,0.0
1573,Antigua and Barbuda,2020-05-29,3,Deaths,0.0,0.0
1574,Antigua and Barbuda,2020-05-30,3,Deaths,0.0,0.0
1575,Antigua and Barbuda,2020-05-31,3,Deaths,0.0,0.0
1576,Antigua and Barbuda,2020-06-01,3,Deaths,0.0,0.0
1577,Antigua and Barbuda,2020-06-02,3,Deaths,0.0,0.0
1578,Antigua and Barbuda,2020-06-03,3,Deaths,0.0,0.0
1579,Antigua and Barbuda,2020-06-04,3,Deaths,0.0,0.0
1580,Antigua and Barbuda,2020-06-05,3,Deaths,0.0,0.0
1581,Antigua and Barbuda,2020-06-06,3,Deaths,0.0,0.0
1582,Antigua and Barbuda,2020-06-07,3,Deaths,0.0,0.0
1583,Antigua and Barbuda,2020-06-08,3,Deaths,0.0,0.0
1584,Antigua and Barbuda,2020-06-09,3,Deaths,0.0,0.0
1585,Antigua and Barbuda,2020-06-10,3,Deaths,0.0,0.0
1586,Antigua and Barbuda,2020-06-11,3,Deaths,0.0,0.0
1587,Antigua and Barbuda,2020-06-12,3,Deaths,0.0,0.0
1588,Antigua and Barbuda,2020-06-13,3,Deaths,0.0,0.0
1589,Antigua and Barbuda,2020-06-14,3,Deaths,0.0,0.0
1590,Antigua and Barbuda,2020-06-15,3,Deaths,0.0,0.0
1591,Antigua and Barbuda,2020-06-16,3,Deaths,0.0,0.0
1592,Antigua and Barbuda,2020-06-17,3,Deaths,0.0,0.0
1593,Antigua and Barbuda,2020-06-18,3,Deaths,0.0,0.0
1594,Antigua and Barbuda,2020-06-19,3,Deaths,0.0,0.0
1595,Antigua and Barbuda,2020-06-20,3,Deaths,0.0,0.0
1596,Antigua and Barbuda,2020-06-21,3,Deaths,0.0,0.0
1597,Antigua and Barbuda,2020-06-22,3,Deaths,0.0,0.0
1598,Antigua and Barbuda,2020-06-23,3,Deaths,0.0,0.0
1599,Antigua and Barbuda,2020-06-24,3,Deaths,0.0,0.0
1600,Antigua and Barbuda,2020-06-25,3,Deaths,0.0,0.0
1601,Antigua and Barbuda,2020-06-26,3,Deaths,0.0,0.0
1602,Antigua and Barbuda,2020-06-27,3,Deaths,0.0,0.0
1603,Antigua and Barbuda,2020-06-28,3,Deaths,0.0,0.0
1604,Antigua and Barbuda,2020-06-29,3,Deaths,0.0,0.0
1605,Antigua and Barbuda,2020-06-30,3,Deaths,0.0,0.0
1606,Antigua and Barbuda,2020-07-01,3,Deaths,0.0,0.0
1607,Antigua and Barbuda,2020-07-02,3,Deaths,0.0,0.0
1608,Antigua and Barbuda,2020-07-03,3,Deaths,0.0,0.0
1609,Antigua and Barbuda,2020-07-04,3,Deaths,0.0,0.0
1610,Antigua and Barbuda,2020-07-05,3,Deaths,0.0,0.0
1611,Antigua and Barbuda,2020-07-06,3,Deaths,0.0,0.0
1612,Antigua and Barbuda,2020-07-07,3,Deaths,0.0,0.0
1613,Antigua and Barbuda,2020-07-08,3,Deaths,0.0,0.0
1614,Antigua and Barbuda,2020-07-09,3,Deaths,0.0,0.0
1615,Antigua and Barbuda,2020-07-10,3,Deaths,0.0,0.0
1616,Antigua and Barbuda,2020-07-11,3,Deaths,0.0,0.0
1617,Antigua and Barbuda,2020-07-12,3,Deaths,0.0,0.0
1618,Antigua and Barbuda,2020-07-13,3,Deaths,0.0,0.0
1619,Antigua and Barbuda,2020-07-14,3,Deaths,0.0,0.0
1620,Antigua and Barbuda,2020-07-15,3,Deaths,0.0,0.0
1621,Antigua and Barbuda,2020-07-16,3,Deaths,0.0,0.0
1622,Antigua and Barbuda,2020-07-17,3,Deaths,0.0,0.0
1623,Antigua and Barbuda,2020-07-18,3,Deaths,0.0,0.0
1624,Antigua and Barbuda,2020-07-19,3,Deaths,0.0,0.0
1625,Antigua and Barbuda,2020-07-20,3,Deaths,0.0,0.0
1626,Antigua and Barbuda,2020-07-21,3,Deaths,0.0,0.0
1627,Antigua and Barbuda,2020-07-22,3,Deaths,0.0,0.0
1628,Antigua and Barbuda,2020-07-23,3,Deaths,0.0,0.0
1629,Antigua and Barbuda,2020-07-24,3,Deaths,0.0,0.0
1630,Antigua and Barbuda,2020-07-25,3,Deaths,0.0,0.0
1631,Antigua and Barbuda,2020-07-26,3,Deaths,0.0,0.0
1632,Antigua and Barbuda,2020-07-27,3,Deaths,0.0,0.0
1633,Antigua and Barbuda,2020-07-28,3,Deaths,0.0,0.0
1634,Antigua and Barbuda,2020-07-29,3,Deaths,0.0,0.0
1635,Antigua and Barbuda,2020-07-30,3,Deaths,0.0,0.0
1636,Antigua and Barbuda,2020-07-31,3,Deaths,0.0,0.0
1637,Antigua and Barbuda,2020-08-01,3,Deaths,0.0,0.0
1638,Antigua and Barbuda,2020-08-02,3,Deaths,0.0,0.0
1639,Antigua and Barbuda,2020-08-03,3,Deaths,0.0,0.0
1640,Antigua and Barbuda,2020-08-04,3,Deaths,0.0,0.0
1641,Antigua and Barbuda,2020-08-05,3,Deaths,0.0,0.0
1642,Antigua and Barbuda,2020-08-06,3,Deaths,0.0,0.0
1643,Antigua and Barbuda,2020-08-07,3,Deaths,0.0,0.0
1644,Antigua and Barbuda,2020-08-08,3,Deaths,0.0,0.0
1645,Antigua and Barbuda,2020-08-09,3,Deaths,0.0,0.0
1646,Antigua and Barbuda,2020-08-10,3,Deaths,0.0,0.0
1647,Antigua and Barbuda,2020-08-11,3,Deaths,0.0,0.0
1648,Antigua and Barbuda,2020-08-12,3,Deaths,0.0,0.0
1649,Antigua and Barbuda,2020-08-13,3,Deaths,0.0,0.0
1650,Antigua and Barbuda,2020-08-14,3,Deaths,0.0,0.0
1651,Antigua and Barbuda,2020-08-15,3,Deaths,0.0,0.0
1652,Antigua and Barbuda,2020-08-16,3,Deaths,0.0,0.0
1653,Antigua and Barbuda,2020-08-17,3,Deaths,0.0,0.0
1654,Antigua and Barbuda,2020-08-18,3,Deaths,0.0,0.0
1655,Antigua and Barbuda,2020-08-19,3,Deaths,0.0,0.0
1656,Antigua and Barbuda,2020-08-20,3,Deaths,0.0,0.0
1657,Antigua and Barbuda,2020-08-21,3,Deaths,0.0,0.0
1658,Antigua and Barbuda,2020-08-22,3,Deaths,0.0,0.0
1659,Antigua and Barbuda,2020-08-23,3,Deaths,0.0,0.0
1660,Antigua and Barbuda,2020-08-24,3,Deaths,0.0,0.0
1661,Antigua and Barbuda,2020-08-25,3,Deaths,0.0,0.0
1662,Antigua and Barbuda,2020-08-26,3,Deaths,0.0,0.0
1663,Antigua and Barbuda,2020-08-27,3,Deaths,0.0,0.0
1664,Antigua and Barbuda,2020-08-28,3,Deaths,0.0,0.0
1665,Antigua and Barbuda,2020-08-29,3,Deaths,0.0,0.0
1666,Antigua and Barbuda,2020-08-30,3,Deaths,0.0,0.0
1667,Antigua and Barbuda,2020-08-31,3,Deaths,0.0,0.0
1668,Antigua and Barbuda,2020-09-01,3,Deaths,0.0,0.0
1669,Antigua and Barbuda,2020-09-02,3,Deaths,0.0,0.0
1670,Antigua and Barbuda,2020-09-03,3,Deaths,0.0,0.0
1671,Antigua and Barbuda,2020-09-04,3,Deaths,0.0,0.0
1672,Antigua and Barbuda,2020-09-05,3,Deaths,0.0,0.0
1673,Antigua and Barbuda,2020-09-06,3,Deaths,0.0,0.0
1674,Antigua and Barbuda,2020-09-07,3,Deaths,0.0,0.0
1675,Antigua and Barbuda,2020-09-08,3,Deaths,0.0,0.0
1676,Antigua and Barbuda,2020-09-09,3,Deaths,0.0,0.0
1677,Antigua and Barbuda,2020-09-10,3,Deaths,0.0,0.0
1678,Antigua and Barbuda,2020-09-11,3,Deaths,0.0,0.0
1679,Antigua and Barbuda,2020-09-12,3,Deaths,0.0,0.0
1680,Antigua and Barbuda,2020-09-13,3,Deaths,0.0,0.0
1681,Antigua and Barbuda,2020-09-14,3,Deaths,0.0,0.0
1682,Antigua and Barbuda,2020-09-15,3,Deaths,0.0,0.0
1683,Antigua and Barbuda,2020-09-16,3,Deaths,0.0,0.0
1684,Antigua and Barbuda,2020-09-17,3,Deaths,0.0,0.0
1685,Antigua and Barbuda,2020-09-18,3,Deaths,0.0,0.0
1686,Antigua and Barbuda,2020-09-19,3,Deaths,0.0,0.0
1687,Antigua and Barbuda,2020-09-20,3,Deaths,0.0,0.0
1688,Antigua and Barbuda,2020-09-21,3,Deaths,0.0,0.0
1689,Antigua and Barbuda,2020-09-22,3,Deaths,0.0,0.0
1690,Antigua and Barbuda,2020-09-23,3,Deaths,0.0,0.0
1691,Antigua and Barbuda,2020-09-24,3,Deaths,0.0,0.0
1692,Antigua and Barbuda,2020-09-25,3,Deaths,0.0,0.0
1693,Antigua and Barbuda,2020-09-26,3,Deaths,0.0,0.0
1694,Antigua and Barbuda,2020-09-27,3,Deaths,0.0,0.0
1695,Antigua and Barbuda,2020-09-28,3,Deaths,0.0,0.0
1696,Antigua and Barbuda,2020-09-29,3,Deaths,0.0,0.0
1697,Antigua and Barbuda,2020-09-30,3,Deaths,0.0,0.0
1698,Antigua and Barbuda,2020-10-01,3,Deaths,0.0,0.0
1699,Antigua and Barbuda,2020-10-02,3,Deaths,0.0,0.0
1700,Antigua and Barbuda,2020-10-03,3,Deaths,0.0,0.0
1701,Antigua and Barbuda,2020-10-04,3,Deaths,0.0,0.0
1702,Antigua and Barbuda,2020-10-05,3,Deaths,0.0,0.0
1703,Antigua and Barbuda,2020-10-06,3,Deaths,0.0,0.0
1704,Antigua and Barbuda,2020-10-07,3,Deaths,0.0,0.0
1705,Antigua and Barbuda,2020-10-08,3,Deaths,0.0,0.0
1706,Antigua and Barbuda,2020-10-09,3,Deaths,0.0,0.0
1707,Antigua and Barbuda,2020-10-10,3,Deaths,0.0,0.0
1708,Antigua and Barbuda,2020-10-11,3,Deaths,0.0,0.0
1709,Antigua and Barbuda,2020-10-12,3,Deaths,0.0,0.0
1710,Antigua and Barbuda,2020-10-13,3,Deaths,0.0,0.0
1711,Antigua and Barbuda,2020-10-14,3,Deaths,0.0,0.0
1712,Antigua and Barbuda,2020-10-15,3,Deaths,0.0,0.0
1713,Antigua and Barbuda,2020-10-16,3,Deaths,0.0,0.0
1714,Antigua and Barbuda,2020-10-17,3,Deaths,0.0,0.0
1715,Antigua and Barbuda,2020-10-18,3,Deaths,0.0,0.0
1716,Antigua and Barbuda,2020-10-19,3,Deaths,0.0,0.0
1717,Antigua and Barbuda,2020-10-20,3,Deaths,0.0,0.0
1718,Antigua and Barbuda,2020-10-21,3,Deaths,0.0,0.0
1719,Antigua and Barbuda,2020-10-22,3,Deaths,0.0,0.0
1720,Antigua and Barbuda,2020-10-23,3,Deaths,0.0,0.0
1721,Antigua and Barbuda,2020-10-24,3,Deaths,0.0,0.0
1722,Antigua and Barbuda,2020-10-25,3,Deaths,0.0,0.0
1723,Antigua and Barbuda,2020-10-26,3,Deaths,0.0,0.0
1724,Antigua and Barbuda,2020-10-27,3,Deaths,0.0,0.0
1725,Antigua and Barbuda,2020-10-28,3,Deaths,0.0,0.0
1726,Antigua and Barbuda,2020-10-29,3,Deaths,0.0,0.0
1727,Antigua and Barbuda,2020-10-30,3,Deaths,0.0,0.0
1728,Antigua and Barbuda,2020-10-31,3,Deaths,0.0,0.0
1729,Antigua and Barbuda,2020-11-01,3,Deaths,0.0,0.0
1730,Antigua and Barbuda,2020-11-02,3,Deaths,0.0,0.0
1731,Antigua and Barbuda,2020-11-03,3,Deaths,0.0,0.0
1732,Antigua and Barbuda,2020-11-04,3,Deaths,0.0,0.0
1733,Antigua and Barbuda,2020-11-05,3,Deaths,0.0,0.0
1734,Argentina,2020-01-22,0,Deaths,,
1735,Argentina,2020-01-23,0,Deaths,0.0,
1736,Argentina,2020-01-24,0,Deaths,0.0,
1737,Argentina,2020-01-25,0,Deaths,0.0,
1738,Argentina,2020-01-26,0,Deaths,0.0,
1739,Argentina,2020-01-27,0,Deaths,0.0,
1740,Argentina,2020-01-28,0,Deaths,0.0,
1741,Argentina,2020-01-29,0,Deaths,0.0,0.0
1742,Argentina,2020-01-30,0,Deaths,0.0,0.0
1743,Argentina,2020-01-31,0,Deaths,0.0,0.0
1744,Argentina,2020-02-01,0,Deaths,0.0,0.0
1745,Argentina,2020-02-02,0,Deaths,0.0,0.0
1746,Argentina,2020-02-03,0,Deaths,0.0,0.0
1747,Argentina,2020-02-04,0,Deaths,0.0,0.0
1748,Argentina,2020-02-05,0,Deaths,0.0,0.0
1749,Argentina,2020-02-06,0,Deaths,0.0,0.0
1750,Argentina,2020-02-07,0,Deaths,0.0,0.0
1751,Argentina,2020-02-08,0,Deaths,0.0,0.0
1752,Argentina,2020-02-09,0,Deaths,0.0,0.0
1753,Argentina,2020-02-10,0,Deaths,0.0,0.0
1754,Argentina,2020-02-11,0,Deaths,0.0,0.0
1755,Argentina,2020-02-12,0,Deaths,0.0,0.0
1756,Argentina,2020-02-13,0,Deaths,0.0,0.0
1757,Argentina,2020-02-14,0,Deaths,0.0,0.0
1758,Argentina,2020-02-15,0,Deaths,0.0,0.0
1759,Argentina,2020-02-16,0,Deaths,0.0,0.0
1760,Argentina,2020-02-17,0,Deaths,0.0,0.0
1761,Argentina,2020-02-18,0,Deaths,0.0,0.0
1762,Argentina,2020-02-19,0,Deaths,0.0,0.0
1763,Argentina,2020-02-20,0,Deaths,0.0,0.0
1764,Argentina,2020-02-21,0,Deaths,0.0,0.0
1765,Argentina,2020-02-22,0,Deaths,0.0,0.0
1766,Argentina,2020-02-23,0,Deaths,0.0,0.0
1767,Argentina,2020-02-24,0,Deaths,0.0,0.0
1768,Argentina,2020-02-25,0,Deaths,0.0,0.0
1769,Argentina,2020-02-26,0,Deaths,0.0,0.0
1770,Argentina,2020-02-27,0,Deaths,0.0,0.0
1771,Argentina,2020-02-28,0,Deaths,0.0,0.0
1772,Argentina,2020-02-29,0,Deaths,0.0,0.0
1773,Argentina,2020-03-01,0,Deaths,0.0,0.0
1774,Argentina,2020-03-02,0,Deaths,0.0,0.0
1775,Argentina,2020-03-03,0,Deaths,0.0,0.0
1776,Argentina,2020-03-04,0,Deaths,0.0,0.0
1777,Argentina,2020-03-05,0,Deaths,0.0,0.0
1778,Argentina,2020-03-06,0,Deaths,0.0,0.0
1779,Argentina,2020-03-07,0,Deaths,0.0,0.0
1780,Argentina,2020-03-08,1,Deaths,1.0,1.0
1781,Argentina,2020-03-09,1,Deaths,0.0,1.0
1782,Argentina,2020-03-10,1,Deaths,0.0,1.0
1783,Argentina,2020-03-11,1,Deaths,0.0,1.0
1784,Argentina,2020-03-12,1,Deaths,0.0,1.0
1785,Argentina,2020-03-13,2,Deaths,1.0,2.0
1786,Argentina,2020-03-14,2,Deaths,0.0,2.0
1787,Argentina,2020-03-15,2,Deaths,0.0,1.0
1788,Argentina,2020-03-16,2,Deaths,0.0,1.0
1789,Argentina,2020-03-17,2,Deaths,0.0,1.0
1790,Argentina,2020-03-18,2,Deaths,0.0,1.0
1791,Argentina,2020-03-19,3,Deaths,1.0,2.0
1792,Argentina,2020-03-20,3,Deaths,0.0,1.0
1793,Argentina,2020-03-21,4,Deaths,1.0,2.0
1794,Argentina,2020-03-22,4,Deaths,0.0,2.0
1795,Argentina,2020-03-23,4,Deaths,0.0,2.0
1796,Argentina,2020-03-24,6,Deaths,2.0,4.0
1797,Argentina,2020-03-25,8,Deaths,2.0,6.0
1798,Argentina,2020-03-26,9,Deaths,1.0,6.0
1799,Argentina,2020-03-27,13,Deaths,4.0,10.0
1800,Argentina,2020-03-28,18,Deaths,5.0,14.0
1801,Argentina,2020-03-29,19,Deaths,1.0,15.0
1802,Argentina,2020-03-30,23,Deaths,4.0,19.0
1803,Argentina,2020-03-31,27,Deaths,4.0,21.0
1804,Argentina,2020-04-01,28,Deaths,1.0,20.0
1805,Argentina,2020-04-02,36,Deaths,8.0,27.0
1806,Argentina,2020-04-03,39,Deaths,3.0,26.0
1807,Argentina,2020-04-04,43,Deaths,4.0,25.0
1808,Argentina,2020-04-05,44,Deaths,1.0,25.0
1809,Argentina,2020-04-06,48,Deaths,4.0,25.0
1810,Argentina,2020-04-07,56,Deaths,8.0,29.0
1811,Argentina,2020-04-08,63,Deaths,7.0,35.0
1812,Argentina,2020-04-09,72,Deaths,9.0,36.0
1813,Argentina,2020-04-10,82,Deaths,10.0,43.0
1814,Argentina,2020-04-11,83,Deaths,1.0,40.0
1815,Argentina,2020-04-12,90,Deaths,7.0,46.0
1816,Argentina,2020-04-13,97,Deaths,7.0,49.0
1817,Argentina,2020-04-14,102,Deaths,5.0,46.0
1818,Argentina,2020-04-15,111,Deaths,9.0,48.0
1819,Argentina,2020-04-16,115,Deaths,4.0,43.0
1820,Argentina,2020-04-17,123,Deaths,8.0,41.0
1821,Argentina,2020-04-18,129,Deaths,6.0,46.0
1822,Argentina,2020-04-19,132,Deaths,3.0,42.0
1823,Argentina,2020-04-20,136,Deaths,4.0,39.0
1824,Argentina,2020-04-21,147,Deaths,11.0,45.0
1825,Argentina,2020-04-22,152,Deaths,5.0,41.0
1826,Argentina,2020-04-23,165,Deaths,13.0,50.0
1827,Argentina,2020-04-24,176,Deaths,11.0,53.0
1828,Argentina,2020-04-25,185,Deaths,9.0,56.0
1829,Argentina,2020-04-26,192,Deaths,7.0,60.0
1830,Argentina,2020-04-27,197,Deaths,5.0,61.0
1831,Argentina,2020-04-28,207,Deaths,10.0,60.0
1832,Argentina,2020-04-29,214,Deaths,7.0,62.0
1833,Argentina,2020-04-30,218,Deaths,4.0,53.0
1834,Argentina,2020-05-01,225,Deaths,7.0,49.0
1835,Argentina,2020-05-02,237,Deaths,12.0,52.0
1836,Argentina,2020-05-03,246,Deaths,9.0,54.0
1837,Argentina,2020-05-04,260,Deaths,14.0,63.0
1838,Argentina,2020-05-05,264,Deaths,4.0,57.0
1839,Argentina,2020-05-06,273,Deaths,9.0,59.0
1840,Argentina,2020-05-07,282,Deaths,9.0,64.0
1841,Argentina,2020-05-08,293,Deaths,11.0,68.0
1842,Argentina,2020-05-09,300,Deaths,7.0,63.0
1843,Argentina,2020-05-10,305,Deaths,5.0,59.0
1844,Argentina,2020-05-11,314,Deaths,9.0,54.0
1845,Argentina,2020-05-12,319,Deaths,5.0,55.0
1846,Argentina,2020-05-13,329,Deaths,10.0,56.0
1847,Argentina,2020-05-14,353,Deaths,24.0,71.0
1848,Argentina,2020-05-15,356,Deaths,3.0,63.0
1849,Argentina,2020-05-16,363,Deaths,7.0,63.0
1850,Argentina,2020-05-17,373,Deaths,10.0,68.0
1851,Argentina,2020-05-18,382,Deaths,9.0,68.0
1852,Argentina,2020-05-19,393,Deaths,11.0,74.0
1853,Argentina,2020-05-20,403,Deaths,10.0,74.0
1854,Argentina,2020-05-21,416,Deaths,13.0,63.0
1855,Argentina,2020-05-22,433,Deaths,17.0,77.0
1856,Argentina,2020-05-23,445,Deaths,12.0,82.0
1857,Argentina,2020-05-24,452,Deaths,7.0,79.0
1858,Argentina,2020-05-25,467,Deaths,15.0,85.0
1859,Argentina,2020-05-26,484,Deaths,17.0,91.0
1860,Argentina,2020-05-27,500,Deaths,16.0,97.0
1861,Argentina,2020-05-28,508,Deaths,8.0,92.0
1862,Argentina,2020-05-29,520,Deaths,12.0,87.0
1863,Argentina,2020-05-30,528,Deaths,8.0,83.0
1864,Argentina,2020-05-31,539,Deaths,11.0,87.0
1865,Argentina,2020-06-01,556,Deaths,17.0,89.0
1866,Argentina,2020-06-02,569,Deaths,13.0,85.0
1867,Argentina,2020-06-03,583,Deaths,14.0,83.0
1868,Argentina,2020-06-04,608,Deaths,25.0,100.0
1869,Argentina,2020-06-05,632,Deaths,24.0,112.0
1870,Argentina,2020-06-06,648,Deaths,16.0,120.0
1871,Argentina,2020-06-07,664,Deaths,16.0,125.0
1872,Argentina,2020-06-08,693,Deaths,29.0,137.0
1873,Argentina,2020-06-09,717,Deaths,24.0,148.0
1874,Argentina,2020-06-10,735,Deaths,18.0,152.0
1875,Argentina,2020-06-11,765,Deaths,30.0,157.0
1876,Argentina,2020-06-12,785,Deaths,20.0,153.0
1877,Argentina,2020-06-13,815,Deaths,30.0,167.0
1878,Argentina,2020-06-14,833,Deaths,18.0,169.0
1879,Argentina,2020-06-15,854,Deaths,21.0,161.0
1880,Argentina,2020-06-16,878,Deaths,24.0,161.0
1881,Argentina,2020-06-17,913,Deaths,35.0,178.0
1882,Argentina,2020-06-18,948,Deaths,35.0,183.0
1883,Argentina,2020-06-19,979,Deaths,31.0,194.0
1884,Argentina,2020-06-20,992,Deaths,13.0,177.0
1885,Argentina,2020-06-21,1011,Deaths,19.0,178.0
1886,Argentina,2020-06-22,1043,Deaths,32.0,189.0
1887,Argentina,2020-06-23,1078,Deaths,35.0,200.0
1888,Argentina,2020-06-24,1116,Deaths,38.0,203.0
1889,Argentina,2020-06-25,1150,Deaths,34.0,202.0
1890,Argentina,2020-06-26,1184,Deaths,34.0,205.0
1891,Argentina,2020-06-27,1207,Deaths,23.0,215.0
1892,Argentina,2020-06-28,1232,Deaths,25.0,221.0
1893,Argentina,2020-06-29,1280,Deaths,48.0,237.0
1894,Argentina,2020-06-30,1307,Deaths,27.0,229.0
1895,Argentina,2020-07-01,1351,Deaths,44.0,235.0
1896,Argentina,2020-07-02,1385,Deaths,34.0,235.0
1897,Argentina,2020-07-03,1437,Deaths,52.0,253.0
1898,Argentina,2020-07-04,1481,Deaths,44.0,274.0
1899,Argentina,2020-07-05,1507,Deaths,26.0,275.0
1900,Argentina,2020-07-06,1582,Deaths,75.0,302.0
1901,Argentina,2020-07-07,1644,Deaths,62.0,337.0
1902,Argentina,2020-07-08,1694,Deaths,50.0,343.0
1903,Argentina,2020-07-09,1720,Deaths,26.0,335.0
1904,Argentina,2020-07-10,1774,Deaths,54.0,337.0
1905,Argentina,2020-07-11,1810,Deaths,36.0,329.0
1906,Argentina,2020-07-12,1845,Deaths,35.0,338.0
1907,Argentina,2020-07-13,1903,Deaths,58.0,321.0
1908,Argentina,2020-07-14,1968,Deaths,65.0,324.0
1909,Argentina,2020-07-15,2050,Deaths,82.0,356.0
1910,Argentina,2020-07-16,2112,Deaths,62.0,392.0
1911,Argentina,2020-07-17,2178,Deaths,66.0,404.0
1912,Argentina,2020-07-18,2220,Deaths,42.0,410.0
1913,Argentina,2020-07-19,2260,Deaths,40.0,415.0
1914,Argentina,2020-07-20,2373,Deaths,113.0,470.0
1915,Argentina,2020-07-21,2490,Deaths,117.0,522.0
1916,Argentina,2020-07-22,2588,Deaths,98.0,538.0
1917,Argentina,2020-07-23,2702,Deaths,114.0,590.0
1918,Argentina,2020-07-24,2807,Deaths,105.0,629.0
1919,Argentina,2020-07-25,2893,Deaths,86.0,673.0
1920,Argentina,2020-07-26,2939,Deaths,46.0,679.0
1921,Argentina,2020-07-27,3059,Deaths,120.0,686.0
1922,Argentina,2020-07-28,3179,Deaths,120.0,689.0
1923,Argentina,2020-07-29,3288,Deaths,109.0,700.0
1924,Argentina,2020-07-30,3441,Deaths,153.0,739.0
1925,Argentina,2020-07-31,3543,Deaths,102.0,736.0
1926,Argentina,2020-08-01,3596,Deaths,53.0,703.0
1927,Argentina,2020-08-02,3648,Deaths,52.0,709.0
1928,Argentina,2020-08-03,3813,Deaths,165.0,754.0
1929,Argentina,2020-08-04,3979,Deaths,166.0,800.0
1930,Argentina,2020-08-05,4106,Deaths,127.0,818.0
1931,Argentina,2020-08-06,4251,Deaths,145.0,810.0
1932,Argentina,2020-08-07,4411,Deaths,160.0,868.0
1933,Argentina,2020-08-08,4523,Deaths,112.0,927.0
1934,Argentina,2020-08-09,4606,Deaths,83.0,958.0
1935,Argentina,2020-08-10,4764,Deaths,158.0,951.0
1936,Argentina,2020-08-11,5004,Deaths,240.0,1025.0
1937,Argentina,2020-08-12,5213,Deaths,209.0,1107.0
1938,Argentina,2020-08-13,5362,Deaths,149.0,1111.0
1939,Argentina,2020-08-14,5527,Deaths,165.0,1116.0
1940,Argentina,2020-08-15,5637,Deaths,110.0,1114.0
1941,Argentina,2020-08-16,5703,Deaths,66.0,1097.0
1942,Argentina,2020-08-17,5814,Deaths,111.0,1050.0
1943,Argentina,2020-08-18,6048,Deaths,234.0,1044.0
1944,Argentina,2020-08-19,6330,Deaths,282.0,1117.0
1945,Argentina,2020-08-20,6517,Deaths,187.0,1155.0
1946,Argentina,2020-08-21,6730,Deaths,213.0,1203.0
1947,Argentina,2020-08-22,6848,Deaths,118.0,1211.0
1948,Argentina,2020-08-23,6985,Deaths,137.0,1282.0
1949,Argentina,2020-08-24,7366,Deaths,381.0,1552.0
1950,Argentina,2020-08-25,7563,Deaths,197.0,1515.0
1951,Argentina,2020-08-26,7839,Deaths,276.0,1509.0
1952,Argentina,2020-08-27,8050,Deaths,211.0,1533.0
1953,Argentina,2020-08-28,8271,Deaths,221.0,1541.0
1954,Argentina,2020-08-29,8353,Deaths,82.0,1505.0
1955,Argentina,2020-08-30,8457,Deaths,104.0,1472.0
1956,Argentina,2020-08-31,8660,Deaths,203.0,1294.0
1957,Argentina,2020-09-01,8919,Deaths,259.0,1356.0
1958,Argentina,2020-09-02,9118,Deaths,199.0,1279.0
1959,Argentina,2020-09-03,9361,Deaths,243.0,1311.0
1960,Argentina,2020-09-04,9623,Deaths,262.0,1352.0
1961,Argentina,2020-09-05,9739,Deaths,116.0,1386.0
1962,Argentina,2020-09-06,9859,Deaths,120.0,1402.0
1963,Argentina,2020-09-07,10129,Deaths,270.0,1469.0
1964,Argentina,2020-09-08,10405,Deaths,276.0,1486.0
1965,Argentina,2020-09-09,10658,Deaths,253.0,1540.0
1966,Argentina,2020-09-10,10907,Deaths,249.0,1546.0
1967,Argentina,2020-09-11,11148,Deaths,241.0,1525.0
1968,Argentina,2020-09-12,11263,Deaths,115.0,1524.0
1969,Argentina,2020-09-13,11352,Deaths,89.0,1493.0
1970,Argentina,2020-09-14,11667,Deaths,315.0,1538.0
1971,Argentina,2020-09-15,11852,Deaths,185.0,1447.0
1972,Argentina,2020-09-16,12116,Deaths,264.0,1458.0
1973,Argentina,2020-09-17,12460,Deaths,344.0,1553.0
1974,Argentina,2020-09-18,12656,Deaths,196.0,1508.0
1975,Argentina,2020-09-19,12799,Deaths,143.0,1536.0
1976,Argentina,2020-09-20,13053,Deaths,254.0,1701.0
1977,Argentina,2020-09-21,13482,Deaths,429.0,1815.0
1978,Argentina,2020-09-22,13952,Deaths,470.0,2100.0
1979,Argentina,2020-09-23,14376,Deaths,424.0,2260.0
1980,Argentina,2020-09-24,14766,Deaths,390.0,2306.0
1981,Argentina,2020-09-25,15208,Deaths,442.0,2552.0
1982,Argentina,2020-09-26,15543,Deaths,335.0,2744.0
1983,Argentina,2020-09-27,15749,Deaths,206.0,2696.0
1984,Argentina,2020-09-28,16113,Deaths,364.0,2631.0
1985,Argentina,2020-09-29,16519,Deaths,406.0,2567.0
1986,Argentina,2020-09-30,16937,Deaths,418.0,2561.0
1987,Argentina,2020-10-01,20288,Deaths,3351.0,5522.0
1988,Argentina,2020-10-02,20599,Deaths,311.0,5391.0
1989,Argentina,2020-10-03,20795,Deaths,196.0,5252.0
1990,Argentina,2020-10-04,21018,Deaths,223.0,5269.0
1991,Argentina,2020-10-05,21468,Deaths,450.0,5355.0
1992,Argentina,2020-10-06,21827,Deaths,359.0,5308.0
1993,Argentina,2020-10-07,22226,Deaths,399.0,5289.0
1994,Argentina,2020-10-08,22710,Deaths,484.0,2422.0
1995,Argentina,2020-10-09,23225,Deaths,515.0,2626.0
1996,Argentina,2020-10-10,23581,Deaths,356.0,2786.0
1997,Argentina,2020-10-11,23868,Deaths,287.0,2850.0
1998,Argentina,2020-10-12,24186,Deaths,318.0,2718.0
1999,Argentina,2020-10-13,24572,Deaths,386.0,2745.0
2000,Argentina,2020-10-14,24921,Deaths,349.0,2695.0
2001,Argentina,2020-10-15,25342,Deaths,421.0,2632.0
2002,Argentina,2020-10-16,25723,Deaths,381.0,2498.0
2003,Argentina,2020-10-17,26107,Deaths,384.0,2526.0
2004,Argentina,2020-10-18,26267,Deaths,160.0,2399.0
2005,Argentina,2020-10-19,26716,Deaths,449.0,2530.0
2006,Argentina,2020-10-20,27100,Deaths,384.0,2528.0
2007,Argentina,2020-10-21,27519,Deaths,419.0,2598.0
2008,Argentina,2020-10-22,27957,Deaths,438.0,2615.0
2009,Argentina,2020-10-23,28338,Deaths,381.0,2615.0
2010,Argentina,2020-10-24,28613,Deaths,275.0,2506.0
2011,Argentina,2020-10-25,28896,Deaths,283.0,2629.0
2012,Argentina,2020-10-26,29301,Deaths,405.0,2585.0
2013,Argentina,2020-10-27,29730,Deaths,429.0,2630.0
2014,Argentina,2020-10-28,30071,Deaths,341.0,2552.0
2015,Argentina,2020-10-29,30442,Deaths,371.0,2485.0
2016,Argentina,2020-10-30,30792,Deaths,350.0,2454.0
2017,Argentina,2020-10-31,31002,Deaths,210.0,2389.0
2018,Argentina,2020-11-01,31140,Deaths,138.0,2244.0
2019,Argentina,2020-11-02,31623,Deaths,483.0,2322.0
2020,Argentina,2020-11-03,32052,Deaths,429.0,2322.0
2021,Argentina,2020-11-04,32520,Deaths,468.0,2449.0
2022,Argentina,2020-11-05,32766,Deaths,246.0,2324.0
2023,Armenia,2020-01-22,0,Deaths,,
2024,Armenia,2020-01-23,0,Deaths,0.0,
2025,Armenia,2020-01-24,0,Deaths,0.0,
2026,Armenia,2020-01-25,0,Deaths,0.0,
2027,Armenia,2020-01-26,0,Deaths,0.0,
2028,Armenia,2020-01-27,0,Deaths,0.0,
2029,Armenia,2020-01-28,0,Deaths,0.0,
2030,Armenia,2020-01-29,0,Deaths,0.0,0.0
2031,Armenia,2020-01-30,0,Deaths,0.0,0.0
2032,Armenia,2020-01-31,0,Deaths,0.0,0.0
2033,Armenia,2020-02-01,0,Deaths,0.0,0.0
2034,Armenia,2020-02-02,0,Deaths,0.0,0.0
2035,Armenia,2020-02-03,0,Deaths,0.0,0.0
2036,Armenia,2020-02-04,0,Deaths,0.0,0.0
2037,Armenia,2020-02-05,0,Deaths,0.0,0.0
2038,Armenia,2020-02-06,0,Deaths,0.0,0.0
2039,Armenia,2020-02-07,0,Deaths,0.0,0.0
2040,Armenia,2020-02-08,0,Deaths,0.0,0.0
2041,Armenia,2020-02-09,0,Deaths,0.0,0.0
2042,Armenia,2020-02-10,0,Deaths,0.0,0.0
2043,Armenia,2020-02-11,0,Deaths,0.0,0.0
2044,Armenia,2020-02-12,0,Deaths,0.0,0.0
2045,Armenia,2020-02-13,0,Deaths,0.0,0.0
2046,Armenia,2020-02-14,0,Deaths,0.0,0.0
2047,Armenia,2020-02-15,0,Deaths,0.0,0.0
2048,Armenia,2020-02-16,0,Deaths,0.0,0.0
2049,Armenia,2020-02-17,0,Deaths,0.0,0.0
2050,Armenia,2020-02-18,0,Deaths,0.0,0.0
2051,Armenia,2020-02-19,0,Deaths,0.0,0.0
2052,Armenia,2020-02-20,0,Deaths,0.0,0.0
2053,Armenia,2020-02-21,0,Deaths,0.0,0.0
2054,Armenia,2020-02-22,0,Deaths,0.0,0.0
2055,Armenia,2020-02-23,0,Deaths,0.0,0.0
2056,Armenia,2020-02-24,0,Deaths,0.0,0.0
2057,Armenia,2020-02-25,0,Deaths,0.0,0.0
2058,Armenia,2020-02-26,0,Deaths,0.0,0.0
2059,Armenia,2020-02-27,0,Deaths,0.0,0.0
2060,Armenia,2020-02-28,0,Deaths,0.0,0.0
2061,Armenia,2020-02-29,0,Deaths,0.0,0.0
2062,Armenia,2020-03-01,0,Deaths,0.0,0.0
2063,Armenia,2020-03-02,0,Deaths,0.0,0.0
2064,Armenia,2020-03-03,0,Deaths,0.0,0.0
2065,Armenia,2020-03-04,0,Deaths,0.0,0.0
2066,Armenia,2020-03-05,0,Deaths,0.0,0.0
2067,Armenia,2020-03-06,0,Deaths,0.0,0.0
2068,Armenia,2020-03-07,0,Deaths,0.0,0.0
2069,Armenia,2020-03-08,0,Deaths,0.0,0.0
2070,Armenia,2020-03-09,0,Deaths,0.0,0.0
2071,Armenia,2020-03-10,0,Deaths,0.0,0.0
2072,Armenia,2020-03-11,0,Deaths,0.0,0.0
2073,Armenia,2020-03-12,0,Deaths,0.0,0.0
2074,Armenia,2020-03-13,0,Deaths,0.0,0.0
2075,Armenia,2020-03-14,0,Deaths,0.0,0.0
2076,Armenia,2020-03-15,0,Deaths,0.0,0.0
2077,Armenia,2020-03-16,0,Deaths,0.0,0.0
2078,Armenia,2020-03-17,0,Deaths,0.0,0.0
2079,Armenia,2020-03-18,0,Deaths,0.0,0.0
2080,Armenia,2020-03-19,0,Deaths,0.0,0.0
2081,Armenia,2020-03-20,0,Deaths,0.0,0.0
2082,Armenia,2020-03-21,0,Deaths,0.0,0.0
2083,Armenia,2020-03-22,0,Deaths,0.0,0.0
2084,Armenia,2020-03-23,0,Deaths,0.0,0.0
2085,Armenia,2020-03-24,0,Deaths,0.0,0.0
2086,Armenia,2020-03-25,0,Deaths,0.0,0.0
2087,Armenia,2020-03-26,1,Deaths,1.0,1.0
2088,Armenia,2020-03-27,1,Deaths,0.0,1.0
2089,Armenia,2020-03-28,1,Deaths,0.0,1.0
2090,Armenia,2020-03-29,3,Deaths,2.0,3.0
2091,Armenia,2020-03-30,3,Deaths,0.0,3.0
2092,Armenia,2020-03-31,3,Deaths,0.0,3.0
2093,Armenia,2020-04-01,4,Deaths,1.0,4.0
2094,Armenia,2020-04-02,7,Deaths,3.0,6.0
2095,Armenia,2020-04-03,7,Deaths,0.0,6.0
2096,Armenia,2020-04-04,7,Deaths,0.0,6.0
2097,Armenia,2020-04-05,7,Deaths,0.0,4.0
2098,Armenia,2020-04-06,8,Deaths,1.0,5.0
2099,Armenia,2020-04-07,8,Deaths,0.0,5.0
2100,Armenia,2020-04-08,9,Deaths,1.0,5.0
2101,Armenia,2020-04-09,10,Deaths,1.0,3.0
2102,Armenia,2020-04-10,12,Deaths,2.0,5.0
2103,Armenia,2020-04-11,13,Deaths,1.0,6.0
2104,Armenia,2020-04-12,13,Deaths,0.0,6.0
2105,Armenia,2020-04-13,14,Deaths,1.0,6.0
2106,Armenia,2020-04-14,16,Deaths,2.0,8.0
2107,Armenia,2020-04-15,17,Deaths,1.0,8.0
2108,Armenia,2020-04-16,18,Deaths,1.0,8.0
2109,Armenia,2020-04-17,19,Deaths,1.0,7.0
2110,Armenia,2020-04-18,20,Deaths,1.0,7.0
2111,Armenia,2020-04-19,20,Deaths,0.0,7.0
2112,Armenia,2020-04-20,22,Deaths,2.0,8.0
2113,Armenia,2020-04-21,24,Deaths,2.0,8.0
2114,Armenia,2020-04-22,24,Deaths,0.0,7.0
2115,Armenia,2020-04-23,24,Deaths,0.0,6.0
2116,Armenia,2020-04-24,27,Deaths,3.0,8.0
2117,Armenia,2020-04-25,28,Deaths,1.0,8.0
2118,Armenia,2020-04-26,28,Deaths,0.0,8.0
2119,Armenia,2020-04-27,29,Deaths,1.0,7.0
2120,Armenia,2020-04-28,30,Deaths,1.0,6.0
2121,Armenia,2020-04-29,30,Deaths,0.0,6.0
2122,Armenia,2020-04-30,32,Deaths,2.0,8.0
2123,Armenia,2020-05-01,33,Deaths,1.0,6.0
2124,Armenia,2020-05-02,33,Deaths,0.0,5.0
2125,Armenia,2020-05-03,35,Deaths,2.0,7.0
2126,Armenia,2020-05-04,39,Deaths,4.0,10.0
2127,Armenia,2020-05-05,40,Deaths,1.0,10.0
2128,Armenia,2020-05-06,40,Deaths,0.0,10.0
2129,Armenia,2020-05-07,42,Deaths,2.0,10.0
2130,Armenia,2020-05-08,43,Deaths,1.0,10.0
2131,Armenia,2020-05-09,44,Deaths,1.0,11.0
2132,Armenia,2020-05-10,45,Deaths,1.0,10.0
2133,Armenia,2020-05-11,46,Deaths,1.0,7.0
2134,Armenia,2020-05-12,47,Deaths,1.0,7.0
2135,Armenia,2020-05-13,48,Deaths,1.0,8.0
2136,Armenia,2020-05-14,49,Deaths,1.0,7.0
2137,Armenia,2020-05-15,52,Deaths,3.0,9.0
2138,Armenia,2020-05-16,55,Deaths,3.0,11.0
2139,Armenia,2020-05-17,60,Deaths,5.0,15.0
2140,Armenia,2020-05-18,61,Deaths,1.0,15.0
2141,Armenia,2020-05-19,64,Deaths,3.0,17.0
2142,Armenia,2020-05-20,67,Deaths,3.0,19.0
2143,Armenia,2020-05-21,70,Deaths,3.0,21.0
2144,Armenia,2020-05-22,74,Deaths,4.0,22.0
2145,Armenia,2020-05-23,77,Deaths,3.0,22.0
2146,Armenia,2020-05-24,81,Deaths,4.0,21.0
2147,Armenia,2020-05-25,87,Deaths,6.0,26.0
2148,Armenia,2020-05-26,91,Deaths,4.0,27.0
2149,Armenia,2020-05-27,98,Deaths,7.0,31.0
2150,Armenia,2020-05-28,113,Deaths,15.0,43.0
2151,Armenia,2020-05-29,120,Deaths,7.0,46.0
2152,Armenia,2020-05-30,127,Deaths,7.0,50.0
2153,Armenia,2020-05-31,131,Deaths,4.0,50.0
2154,Armenia,2020-06-01,139,Deaths,8.0,52.0
2155,Armenia,2020-06-02,158,Deaths,19.0,67.0
2156,Armenia,2020-06-03,170,Deaths,12.0,72.0
2157,Armenia,2020-06-04,176,Deaths,6.0,63.0
2158,Armenia,2020-06-05,183,Deaths,7.0,63.0
2159,Armenia,2020-06-06,190,Deaths,7.0,63.0
2160,Armenia,2020-06-07,200,Deaths,10.0,69.0
2161,Armenia,2020-06-08,211,Deaths,11.0,72.0
2162,Armenia,2020-06-09,217,Deaths,6.0,59.0
2163,Armenia,2020-06-10,227,Deaths,10.0,57.0
2164,Armenia,2020-06-11,245,Deaths,18.0,69.0
2165,Armenia,2020-06-12,258,Deaths,13.0,75.0
2166,Armenia,2020-06-13,264,Deaths,6.0,74.0
2167,Armenia,2020-06-14,269,Deaths,5.0,69.0
2168,Armenia,2020-06-15,285,Deaths,16.0,74.0
2169,Armenia,2020-06-16,293,Deaths,8.0,76.0
2170,Armenia,2020-06-17,302,Deaths,9.0,75.0
2171,Armenia,2020-06-18,309,Deaths,7.0,64.0
2172,Armenia,2020-06-19,319,Deaths,10.0,61.0
2173,Armenia,2020-06-20,332,Deaths,13.0,68.0
2174,Armenia,2020-06-21,350,Deaths,18.0,81.0
2175,Armenia,2020-06-22,360,Deaths,10.0,75.0
2176,Armenia,2020-06-23,372,Deaths,12.0,79.0
2177,Armenia,2020-06-24,386,Deaths,14.0,84.0
2178,Armenia,2020-06-25,397,Deaths,11.0,88.0
2179,Armenia,2020-06-26,410,Deaths,13.0,91.0
2180,Armenia,2020-06-27,421,Deaths,11.0,89.0
2181,Armenia,2020-06-28,426,Deaths,5.0,76.0
2182,Armenia,2020-06-29,433,Deaths,7.0,73.0
2183,Armenia,2020-06-30,443,Deaths,10.0,71.0
2184,Armenia,2020-07-01,453,Deaths,10.0,67.0
2185,Armenia,2020-07-02,459,Deaths,6.0,62.0
2186,Armenia,2020-07-03,469,Deaths,10.0,59.0
2187,Armenia,2020-07-04,477,Deaths,8.0,56.0
2188,Armenia,2020-07-05,484,Deaths,7.0,58.0
2189,Armenia,2020-07-06,491,Deaths,7.0,58.0
2190,Armenia,2020-07-07,503,Deaths,12.0,60.0
2191,Armenia,2020-07-08,521,Deaths,18.0,68.0
2192,Armenia,2020-07-09,535,Deaths,14.0,76.0
2193,Armenia,2020-07-10,546,Deaths,11.0,77.0
2194,Armenia,2020-07-11,559,Deaths,13.0,82.0
2195,Armenia,2020-07-12,565,Deaths,6.0,81.0
2196,Armenia,2020-07-13,573,Deaths,8.0,82.0
2197,Armenia,2020-07-14,581,Deaths,8.0,78.0
2198,Armenia,2020-07-15,592,Deaths,11.0,71.0
2199,Armenia,2020-07-16,607,Deaths,15.0,72.0
2200,Armenia,2020-07-17,620,Deaths,13.0,74.0
2201,Armenia,2020-07-18,631,Deaths,11.0,72.0
2202,Armenia,2020-07-19,641,Deaths,10.0,76.0
2203,Armenia,2020-07-20,650,Deaths,9.0,77.0
2204,Armenia,2020-07-21,662,Deaths,12.0,81.0
2205,Armenia,2020-07-22,678,Deaths,16.0,86.0
2206,Armenia,2020-07-23,688,Deaths,10.0,81.0
2207,Armenia,2020-07-24,692,Deaths,4.0,72.0
2208,Armenia,2020-07-25,700,Deaths,8.0,69.0
2209,Armenia,2020-07-26,705,Deaths,5.0,64.0
2210,Armenia,2020-07-27,711,Deaths,6.0,61.0
2211,Armenia,2020-07-28,719,Deaths,8.0,57.0
2212,Armenia,2020-07-29,723,Deaths,4.0,45.0
2213,Armenia,2020-07-30,728,Deaths,5.0,40.0
2214,Armenia,2020-07-31,738,Deaths,10.0,46.0
2215,Armenia,2020-08-01,749,Deaths,11.0,49.0
2216,Armenia,2020-08-02,754,Deaths,5.0,49.0
2217,Armenia,2020-08-03,762,Deaths,8.0,51.0
2218,Armenia,2020-08-04,768,Deaths,6.0,49.0
2219,Armenia,2020-08-05,770,Deaths,2.0,47.0
2220,Armenia,2020-08-06,772,Deaths,2.0,44.0
2221,Armenia,2020-08-07,777,Deaths,5.0,39.0
2222,Armenia,2020-08-08,785,Deaths,8.0,36.0
2223,Armenia,2020-08-09,791,Deaths,6.0,37.0
2224,Armenia,2020-08-10,796,Deaths,5.0,34.0
2225,Armenia,2020-08-11,803,Deaths,7.0,35.0
2226,Armenia,2020-08-12,806,Deaths,3.0,36.0
2227,Armenia,2020-08-13,809,Deaths,3.0,37.0
2228,Armenia,2020-08-14,814,Deaths,5.0,37.0
2229,Armenia,2020-08-15,817,Deaths,3.0,32.0
2230,Armenia,2020-08-16,818,Deaths,1.0,27.0
2231,Armenia,2020-08-17,824,Deaths,6.0,28.0
2232,Armenia,2020-08-18,832,Deaths,8.0,29.0
2233,Armenia,2020-08-19,833,Deaths,1.0,27.0
2234,Armenia,2020-08-20,836,Deaths,3.0,27.0
2235,Armenia,2020-08-21,842,Deaths,6.0,28.0
2236,Armenia,2020-08-22,850,Deaths,8.0,33.0
2237,Armenia,2020-08-23,852,Deaths,2.0,34.0
2238,Armenia,2020-08-24,854,Deaths,2.0,30.0
2239,Armenia,2020-08-25,858,Deaths,4.0,26.0
2240,Armenia,2020-08-26,861,Deaths,3.0,28.0
2241,Armenia,2020-08-27,864,Deaths,3.0,28.0
2242,Armenia,2020-08-28,869,Deaths,5.0,27.0
2243,Armenia,2020-08-29,872,Deaths,3.0,22.0
2244,Armenia,2020-08-30,877,Deaths,5.0,25.0
2245,Armenia,2020-08-31,879,Deaths,2.0,25.0
2246,Armenia,2020-09-01,881,Deaths,2.0,23.0
2247,Armenia,2020-09-02,884,Deaths,3.0,23.0
2248,Armenia,2020-09-03,887,Deaths,3.0,23.0
2249,Armenia,2020-09-04,891,Deaths,4.0,22.0
2250,Armenia,2020-09-05,895,Deaths,4.0,23.0
2251,Armenia,2020-09-06,897,Deaths,2.0,20.0
2252,Armenia,2020-09-07,900,Deaths,3.0,21.0
2253,Armenia,2020-09-08,903,Deaths,3.0,22.0
2254,Armenia,2020-09-09,905,Deaths,2.0,21.0
2255,Armenia,2020-09-10,906,Deaths,1.0,19.0
2256,Armenia,2020-09-11,909,Deaths,3.0,18.0
2257,Armenia,2020-09-12,911,Deaths,2.0,16.0
2258,Armenia,2020-09-13,916,Deaths,5.0,19.0
2259,Armenia,2020-09-14,919,Deaths,3.0,19.0
2260,Armenia,2020-09-15,920,Deaths,1.0,17.0
2261,Armenia,2020-09-16,923,Deaths,3.0,18.0
2262,Armenia,2020-09-17,925,Deaths,2.0,19.0
2263,Armenia,2020-09-18,926,Deaths,1.0,17.0
2264,Armenia,2020-09-19,928,Deaths,2.0,17.0
2265,Armenia,2020-09-20,930,Deaths,2.0,14.0
2266,Armenia,2020-09-21,936,Deaths,6.0,17.0
2267,Armenia,2020-09-22,938,Deaths,2.0,18.0
2268,Armenia,2020-09-23,942,Deaths,4.0,19.0
2269,Armenia,2020-09-24,945,Deaths,3.0,20.0
2270,Armenia,2020-09-25,947,Deaths,2.0,21.0
2271,Armenia,2020-09-26,948,Deaths,1.0,20.0
2272,Armenia,2020-09-27,951,Deaths,3.0,21.0
2273,Armenia,2020-09-28,957,Deaths,6.0,21.0
2274,Armenia,2020-09-29,958,Deaths,1.0,20.0
2275,Armenia,2020-09-30,959,Deaths,1.0,17.0
2276,Armenia,2020-10-01,963,Deaths,4.0,18.0
2277,Armenia,2020-10-02,966,Deaths,3.0,19.0
2278,Armenia,2020-10-03,972,Deaths,6.0,24.0
2279,Armenia,2020-10-04,977,Deaths,5.0,26.0
2280,Armenia,2020-10-05,984,Deaths,7.0,27.0
2281,Armenia,2020-10-06,990,Deaths,6.0,32.0
2282,Armenia,2020-10-07,995,Deaths,5.0,36.0
2283,Armenia,2020-10-08,1004,Deaths,9.0,41.0
2284,Armenia,2020-10-09,1010,Deaths,6.0,44.0
2285,Armenia,2020-10-10,1016,Deaths,6.0,44.0
2286,Armenia,2020-10-11,1020,Deaths,4.0,43.0
2287,Armenia,2020-10-12,1026,Deaths,6.0,42.0
2288,Armenia,2020-10-13,1032,Deaths,6.0,42.0
2289,Armenia,2020-10-14,1039,Deaths,7.0,44.0
2290,Armenia,2020-10-15,1046,Deaths,7.0,42.0
2291,Armenia,2020-10-16,1056,Deaths,10.0,46.0
2292,Armenia,2020-10-17,1067,Deaths,11.0,51.0
2293,Armenia,2020-10-18,1081,Deaths,14.0,61.0
2294,Armenia,2020-10-19,1091,Deaths,10.0,65.0
2295,Armenia,2020-10-20,1101,Deaths,10.0,69.0
2296,Armenia,2020-10-21,1121,Deaths,20.0,82.0
2297,Armenia,2020-10-22,1131,Deaths,10.0,85.0
2298,Armenia,2020-10-23,1145,Deaths,14.0,89.0
2299,Armenia,2020-10-24,1157,Deaths,12.0,90.0
2300,Armenia,2020-10-25,1180,Deaths,23.0,99.0
2301,Armenia,2020-10-26,1196,Deaths,16.0,105.0
2302,Armenia,2020-10-27,1222,Deaths,26.0,121.0
2303,Armenia,2020-10-28,1243,Deaths,21.0,122.0
2304,Armenia,2020-10-29,1272,Deaths,29.0,141.0
2305,Armenia,2020-10-30,1300,Deaths,28.0,155.0
2306,Armenia,2020-10-31,1341,Deaths,41.0,184.0
2307,Armenia,2020-11-01,1363,Deaths,22.0,183.0
2308,Armenia,2020-11-02,1391,Deaths,28.0,195.0
2309,Armenia,2020-11-03,1413,Deaths,22.0,191.0
2310,Armenia,2020-11-04,1448,Deaths,35.0,205.0
2311,Armenia,2020-11-05,1476,Deaths,28.0,204.0
2312,Australia,2020-01-22,0,Deaths,,
2313,Australia,2020-01-23,0,Deaths,0.0,
2314,Australia,2020-01-24,0,Deaths,0.0,
2315,Australia,2020-01-25,0,Deaths,0.0,
2316,Australia,2020-01-26,0,Deaths,0.0,
2317,Australia,2020-01-27,0,Deaths,0.0,
2318,Australia,2020-01-28,0,Deaths,0.0,
2319,Australia,2020-01-29,0,Deaths,0.0,0.0
2320,Australia,2020-01-30,0,Deaths,0.0,0.0
2321,Australia,2020-01-31,0,Deaths,0.0,0.0
2322,Australia,2020-02-01,0,Deaths,0.0,0.0
2323,Australia,2020-02-02,0,Deaths,0.0,0.0
2324,Australia,2020-02-03,0,Deaths,0.0,0.0
2325,Australia,2020-02-04,0,Deaths,0.0,0.0
2326,Australia,2020-02-05,0,Deaths,0.0,0.0
2327,Australia,2020-02-06,0,Deaths,0.0,0.0
2328,Australia,2020-02-07,0,Deaths,0.0,0.0
2329,Australia,2020-02-08,0,Deaths,0.0,0.0
2330,Australia,2020-02-09,0,Deaths,0.0,0.0
2331,Australia,2020-02-10,0,Deaths,0.0,0.0
2332,Australia,2020-02-11,0,Deaths,0.0,0.0
2333,Australia,2020-02-12,0,Deaths,0.0,0.0
2334,Australia,2020-02-13,0,Deaths,0.0,0.0
2335,Australia,2020-02-14,0,Deaths,0.0,0.0
2336,Australia,2020-02-15,0,Deaths,0.0,0.0
2337,Australia,2020-02-16,0,Deaths,0.0,0.0
2338,Australia,2020-02-17,0,Deaths,0.0,0.0
2339,Australia,2020-02-18,0,Deaths,0.0,0.0
2340,Australia,2020-02-19,0,Deaths,0.0,0.0
2341,Australia,2020-02-20,0,Deaths,0.0,0.0
2342,Australia,2020-02-21,0,Deaths,0.0,0.0
2343,Australia,2020-02-22,0,Deaths,0.0,0.0
2344,Australia,2020-02-23,0,Deaths,0.0,0.0
2345,Australia,2020-02-24,0,Deaths,0.0,0.0
2346,Australia,2020-02-25,0,Deaths,0.0,0.0
2347,Australia,2020-02-26,0,Deaths,0.0,0.0
2348,Australia,2020-02-27,0,Deaths,0.0,0.0
2349,Australia,2020-02-28,0,Deaths,0.0,0.0
2350,Australia,2020-02-29,0,Deaths,0.0,0.0
2351,Australia,2020-03-01,1,Deaths,1.0,1.0
2352,Australia,2020-03-02,1,Deaths,0.0,1.0
2353,Australia,2020-03-03,1,Deaths,0.0,1.0
2354,Australia,2020-03-04,2,Deaths,1.0,2.0
2355,Australia,2020-03-05,2,Deaths,0.0,2.0
2356,Australia,2020-03-06,2,Deaths,0.0,2.0
2357,Australia,2020-03-07,2,Deaths,0.0,2.0
2358,Australia,2020-03-08,3,Deaths,1.0,2.0
2359,Australia,2020-03-09,3,Deaths,0.0,2.0
2360,Australia,2020-03-10,3,Deaths,0.0,2.0
2361,Australia,2020-03-11,3,Deaths,0.0,1.0
2362,Australia,2020-03-12,3,Deaths,0.0,1.0
2363,Australia,2020-03-13,3,Deaths,0.0,1.0
2364,Australia,2020-03-14,3,Deaths,0.0,1.0
2365,Australia,2020-03-15,3,Deaths,0.0,0.0
2366,Australia,2020-03-16,3,Deaths,0.0,0.0
2367,Australia,2020-03-17,5,Deaths,2.0,2.0
2368,Australia,2020-03-18,6,Deaths,1.0,3.0
2369,Australia,2020-03-19,6,Deaths,0.0,3.0
2370,Australia,2020-03-20,7,Deaths,1.0,4.0
2371,Australia,2020-03-21,7,Deaths,0.0,4.0
2372,Australia,2020-03-22,7,Deaths,0.0,4.0
2373,Australia,2020-03-23,7,Deaths,0.0,4.0
2374,Australia,2020-03-24,8,Deaths,1.0,3.0
2375,Australia,2020-03-25,8,Deaths,0.0,2.0
2376,Australia,2020-03-26,13,Deaths,5.0,7.0
2377,Australia,2020-03-27,13,Deaths,0.0,6.0
2378,Australia,2020-03-28,14,Deaths,1.0,7.0
2379,Australia,2020-03-29,16,Deaths,2.0,9.0
2380,Australia,2020-03-30,17,Deaths,1.0,10.0
2381,Australia,2020-03-31,18,Deaths,1.0,10.0
2382,Australia,2020-04-01,20,Deaths,2.0,12.0
2383,Australia,2020-04-02,24,Deaths,4.0,11.0
2384,Australia,2020-04-03,28,Deaths,4.0,15.0
2385,Australia,2020-04-04,30,Deaths,2.0,16.0
2386,Australia,2020-04-05,35,Deaths,5.0,19.0
2387,Australia,2020-04-06,40,Deaths,5.0,23.0
2388,Australia,2020-04-07,45,Deaths,5.0,27.0
2389,Australia,2020-04-08,50,Deaths,5.0,30.0
2390,Australia,2020-04-09,51,Deaths,1.0,27.0
2391,Australia,2020-04-10,54,Deaths,3.0,26.0
2392,Australia,2020-04-11,57,Deaths,3.0,27.0
2393,Australia,2020-04-12,60,Deaths,3.0,25.0
2394,Australia,2020-04-13,61,Deaths,1.0,21.0
2395,Australia,2020-04-14,62,Deaths,1.0,17.0
2396,Australia,2020-04-15,63,Deaths,1.0,13.0
2397,Australia,2020-04-16,63,Deaths,0.0,12.0
2398,Australia,2020-04-17,66,Deaths,3.0,12.0
2399,Australia,2020-04-18,67,Deaths,1.0,10.0
2400,Australia,2020-04-19,67,Deaths,0.0,7.0
2401,Australia,2020-04-20,67,Deaths,0.0,6.0
2402,Australia,2020-04-21,67,Deaths,0.0,5.0
2403,Australia,2020-04-22,67,Deaths,0.0,4.0
2404,Australia,2020-04-23,75,Deaths,8.0,12.0
2405,Australia,2020-04-24,79,Deaths,4.0,13.0
2406,Australia,2020-04-25,80,Deaths,1.0,13.0
2407,Australia,2020-04-26,83,Deaths,3.0,16.0
2408,Australia,2020-04-27,83,Deaths,0.0,16.0
2409,Australia,2020-04-28,89,Deaths,6.0,22.0
2410,Australia,2020-04-29,91,Deaths,2.0,24.0
2411,Australia,2020-04-30,93,Deaths,2.0,18.0
2412,Australia,2020-05-01,93,Deaths,0.0,14.0
2413,Australia,2020-05-02,94,Deaths,1.0,14.0
2414,Australia,2020-05-03,95,Deaths,1.0,12.0
2415,Australia,2020-05-04,96,Deaths,1.0,13.0
2416,Australia,2020-05-05,97,Deaths,1.0,8.0
2417,Australia,2020-05-06,97,Deaths,0.0,6.0
2418,Australia,2020-05-07,97,Deaths,0.0,4.0
2419,Australia,2020-05-08,97,Deaths,0.0,4.0
2420,Australia,2020-05-09,97,Deaths,0.0,3.0
2421,Australia,2020-05-10,97,Deaths,0.0,2.0
2422,Australia,2020-05-11,97,Deaths,0.0,1.0
2423,Australia,2020-05-12,98,Deaths,1.0,1.0
2424,Australia,2020-05-13,98,Deaths,0.0,1.0
2425,Australia,2020-05-14,98,Deaths,0.0,1.0
2426,Australia,2020-05-15,98,Deaths,0.0,1.0
2427,Australia,2020-05-16,98,Deaths,0.0,1.0
2428,Australia,2020-05-17,99,Deaths,1.0,2.0
2429,Australia,2020-05-18,99,Deaths,0.0,2.0
2430,Australia,2020-05-19,100,Deaths,1.0,2.0
2431,Australia,2020-05-20,100,Deaths,0.0,2.0
2432,Australia,2020-05-21,101,Deaths,1.0,3.0
2433,Australia,2020-05-22,101,Deaths,0.0,3.0
2434,Australia,2020-05-23,102,Deaths,1.0,4.0
2435,Australia,2020-05-24,102,Deaths,0.0,3.0
2436,Australia,2020-05-25,102,Deaths,0.0,3.0
2437,Australia,2020-05-26,103,Deaths,1.0,3.0
2438,Australia,2020-05-27,103,Deaths,0.0,3.0
2439,Australia,2020-05-28,103,Deaths,0.0,2.0
2440,Australia,2020-05-29,103,Deaths,0.0,2.0
2441,Australia,2020-05-30,103,Deaths,0.0,1.0
2442,Australia,2020-05-31,103,Deaths,0.0,1.0
2443,Australia,2020-06-01,102,Deaths,-1.0,0.0
2444,Australia,2020-06-02,102,Deaths,0.0,-1.0
2445,Australia,2020-06-03,102,Deaths,0.0,-1.0
2446,Australia,2020-06-04,102,Deaths,0.0,-1.0
2447,Australia,2020-06-05,102,Deaths,0.0,-1.0
2448,Australia,2020-06-06,102,Deaths,0.0,-1.0
2449,Australia,2020-06-07,102,Deaths,0.0,-1.0
2450,Australia,2020-06-08,102,Deaths,0.0,0.0
2451,Australia,2020-06-09,102,Deaths,0.0,0.0
2452,Australia,2020-06-10,102,Deaths,0.0,0.0
2453,Australia,2020-06-11,102,Deaths,0.0,0.0
2454,Australia,2020-06-12,102,Deaths,0.0,0.0
2455,Australia,2020-06-13,102,Deaths,0.0,0.0
2456,Australia,2020-06-14,102,Deaths,0.0,0.0
2457,Australia,2020-06-15,102,Deaths,0.0,0.0
2458,Australia,2020-06-16,102,Deaths,0.0,0.0
2459,Australia,2020-06-17,102,Deaths,0.0,0.0
2460,Australia,2020-06-18,102,Deaths,0.0,0.0
2461,Australia,2020-06-19,102,Deaths,0.0,0.0
2462,Australia,2020-06-20,102,Deaths,0.0,0.0
2463,Australia,2020-06-21,102,Deaths,0.0,0.0
2464,Australia,2020-06-22,102,Deaths,0.0,0.0
2465,Australia,2020-06-23,103,Deaths,1.0,1.0
2466,Australia,2020-06-24,104,Deaths,1.0,2.0
2467,Australia,2020-06-25,104,Deaths,0.0,2.0
2468,Australia,2020-06-26,104,Deaths,0.0,2.0
2469,Australia,2020-06-27,104,Deaths,0.0,2.0
2470,Australia,2020-06-28,104,Deaths,0.0,2.0
2471,Australia,2020-06-29,104,Deaths,0.0,2.0
2472,Australia,2020-06-30,104,Deaths,0.0,1.0
2473,Australia,2020-07-01,104,Deaths,0.0,0.0
2474,Australia,2020-07-02,104,Deaths,0.0,0.0
2475,Australia,2020-07-03,104,Deaths,0.0,0.0
2476,Australia,2020-07-04,104,Deaths,0.0,0.0
2477,Australia,2020-07-05,106,Deaths,2.0,2.0
2478,Australia,2020-07-06,106,Deaths,0.0,2.0
2479,Australia,2020-07-07,106,Deaths,0.0,2.0
2480,Australia,2020-07-08,106,Deaths,0.0,2.0
2481,Australia,2020-07-09,106,Deaths,0.0,2.0
2482,Australia,2020-07-10,107,Deaths,1.0,3.0
2483,Australia,2020-07-11,108,Deaths,1.0,4.0
2484,Australia,2020-07-12,108,Deaths,0.0,2.0
2485,Australia,2020-07-13,108,Deaths,0.0,2.0
2486,Australia,2020-07-14,111,Deaths,3.0,5.0
2487,Australia,2020-07-15,113,Deaths,2.0,7.0
2488,Australia,2020-07-16,116,Deaths,3.0,10.0
2489,Australia,2020-07-17,118,Deaths,2.0,11.0
2490,Australia,2020-07-18,122,Deaths,4.0,14.0
2491,Australia,2020-07-19,123,Deaths,1.0,15.0
2492,Australia,2020-07-20,126,Deaths,3.0,18.0
2493,Australia,2020-07-21,128,Deaths,2.0,17.0
2494,Australia,2020-07-22,133,Deaths,5.0,20.0
2495,Australia,2020-07-23,139,Deaths,6.0,23.0
2496,Australia,2020-07-24,145,Deaths,6.0,27.0
2497,Australia,2020-07-25,155,Deaths,10.0,33.0
2498,Australia,2020-07-26,161,Deaths,6.0,38.0
2499,Australia,2020-07-27,167,Deaths,6.0,41.0
2500,Australia,2020-07-28,176,Deaths,9.0,48.0
2501,Australia,2020-07-29,189,Deaths,13.0,56.0
2502,Australia,2020-07-30,196,Deaths,7.0,57.0
2503,Australia,2020-07-31,201,Deaths,5.0,56.0
2504,Australia,2020-08-01,208,Deaths,7.0,53.0
2505,Australia,2020-08-02,221,Deaths,13.0,60.0
2506,Australia,2020-08-03,232,Deaths,11.0,65.0
2507,Australia,2020-08-04,247,Deaths,15.0,71.0
2508,Australia,2020-08-05,255,Deaths,8.0,66.0
2509,Australia,2020-08-06,266,Deaths,11.0,70.0
2510,Australia,2020-08-07,278,Deaths,12.0,77.0
2511,Australia,2020-08-08,295,Deaths,17.0,87.0
2512,Australia,2020-08-09,313,Deaths,18.0,92.0
2513,Australia,2020-08-10,331,Deaths,18.0,99.0
2514,Australia,2020-08-11,352,Deaths,21.0,105.0
2515,Australia,2020-08-12,361,Deaths,9.0,106.0
2516,Australia,2020-08-13,375,Deaths,14.0,109.0
2517,Australia,2020-08-14,379,Deaths,4.0,101.0
2518,Australia,2020-08-15,396,Deaths,17.0,101.0
2519,Australia,2020-08-16,421,Deaths,25.0,108.0
2520,Australia,2020-08-17,438,Deaths,17.0,107.0
2521,Australia,2020-08-18,450,Deaths,12.0,98.0
2522,Australia,2020-08-19,463,Deaths,13.0,102.0
2523,Australia,2020-08-20,472,Deaths,9.0,97.0
2524,Australia,2020-08-21,485,Deaths,13.0,106.0
2525,Australia,2020-08-22,502,Deaths,17.0,106.0
2526,Australia,2020-08-23,517,Deaths,15.0,96.0
2527,Australia,2020-08-24,525,Deaths,8.0,87.0
2528,Australia,2020-08-25,549,Deaths,24.0,99.0
2529,Australia,2020-08-26,572,Deaths,23.0,109.0
2530,Australia,2020-08-27,583,Deaths,11.0,111.0
2531,Australia,2020-08-28,600,Deaths,17.0,115.0
2532,Australia,2020-08-29,611,Deaths,11.0,109.0
2533,Australia,2020-08-30,652,Deaths,41.0,135.0
2534,Australia,2020-08-31,657,Deaths,5.0,132.0
2535,Australia,2020-09-01,663,Deaths,6.0,114.0
2536,Australia,2020-09-02,678,Deaths,15.0,106.0
2537,Australia,2020-09-03,737,Deaths,59.0,154.0
2538,Australia,2020-09-04,748,Deaths,11.0,148.0
2539,Australia,2020-09-05,753,Deaths,5.0,142.0
2540,Australia,2020-09-06,762,Deaths,9.0,110.0
2541,Australia,2020-09-07,770,Deaths,8.0,113.0
2542,Australia,2020-09-08,781,Deaths,11.0,118.0
2543,Australia,2020-09-09,788,Deaths,7.0,110.0
2544,Australia,2020-09-10,797,Deaths,9.0,60.0
2545,Australia,2020-09-11,803,Deaths,6.0,55.0
2546,Australia,2020-09-12,810,Deaths,7.0,57.0
2547,Australia,2020-09-13,816,Deaths,6.0,54.0
2548,Australia,2020-09-14,816,Deaths,0.0,46.0
2549,Australia,2020-09-15,824,Deaths,8.0,43.0
2550,Australia,2020-09-16,832,Deaths,8.0,44.0
2551,Australia,2020-09-17,837,Deaths,5.0,40.0
2552,Australia,2020-09-18,844,Deaths,7.0,41.0
2553,Australia,2020-09-19,849,Deaths,5.0,39.0
2554,Australia,2020-09-20,851,Deaths,2.0,35.0
2555,Australia,2020-09-21,854,Deaths,3.0,38.0
2556,Australia,2020-09-22,859,Deaths,5.0,35.0
2557,Australia,2020-09-23,861,Deaths,2.0,29.0
2558,Australia,2020-09-24,869,Deaths,8.0,32.0
2559,Australia,2020-09-25,870,Deaths,1.0,26.0
2560,Australia,2020-09-26,872,Deaths,2.0,23.0
2561,Australia,2020-09-27,875,Deaths,3.0,24.0
2562,Australia,2020-09-28,882,Deaths,7.0,28.0
2563,Australia,2020-09-29,886,Deaths,4.0,27.0
2564,Australia,2020-09-30,888,Deaths,2.0,27.0
2565,Australia,2020-10-01,890,Deaths,2.0,21.0
2566,Australia,2020-10-02,893,Deaths,3.0,23.0
2567,Australia,2020-10-03,894,Deaths,1.0,22.0
2568,Australia,2020-10-04,894,Deaths,0.0,19.0
2569,Australia,2020-10-05,895,Deaths,1.0,13.0
2570,Australia,2020-10-06,897,Deaths,2.0,11.0
2571,Australia,2020-10-07,897,Deaths,0.0,9.0
2572,Australia,2020-10-08,897,Deaths,0.0,7.0
2573,Australia,2020-10-09,897,Deaths,0.0,4.0
2574,Australia,2020-10-10,898,Deaths,1.0,4.0
2575,Australia,2020-10-11,898,Deaths,0.0,4.0
2576,Australia,2020-10-12,899,Deaths,1.0,4.0
2577,Australia,2020-10-13,904,Deaths,5.0,7.0
2578,Australia,2020-10-14,904,Deaths,0.0,7.0
2579,Australia,2020-10-15,904,Deaths,0.0,7.0
2580,Australia,2020-10-16,904,Deaths,0.0,7.0
2581,Australia,2020-10-17,904,Deaths,0.0,6.0
2582,Australia,2020-10-18,905,Deaths,1.0,7.0
2583,Australia,2020-10-19,905,Deaths,0.0,6.0
2584,Australia,2020-10-20,905,Deaths,0.0,1.0
2585,Australia,2020-10-21,905,Deaths,0.0,1.0
2586,Australia,2020-10-22,905,Deaths,0.0,1.0
2587,Australia,2020-10-23,905,Deaths,0.0,1.0
2588,Australia,2020-10-24,905,Deaths,0.0,1.0
2589,Australia,2020-10-25,905,Deaths,0.0,0.0
2590,Australia,2020-10-26,905,Deaths,0.0,0.0
2591,Australia,2020-10-27,907,Deaths,2.0,2.0
2592,Australia,2020-10-28,907,Deaths,0.0,2.0
2593,Australia,2020-10-29,907,Deaths,0.0,2.0
2594,Australia,2020-10-30,907,Deaths,0.0,2.0
2595,Australia,2020-10-31,907,Deaths,0.0,2.0
2596,Australia,2020-11-01,907,Deaths,0.0,2.0
2597,Australia,2020-11-02,907,Deaths,0.0,2.0
2598,Australia,2020-11-03,907,Deaths,0.0,0.0
2599,Australia,2020-11-04,907,Deaths,0.0,0.0
2600,Australia,2020-11-05,907,Deaths,0.0,0.0
2601,Austria,2020-01-22,0,Deaths,,
2602,Austria,2020-01-23,0,Deaths,0.0,
2603,Austria,2020-01-24,0,Deaths,0.0,
2604,Austria,2020-01-25,0,Deaths,0.0,
2605,Austria,2020-01-26,0,Deaths,0.0,
2606,Austria,2020-01-27,0,Deaths,0.0,
2607,Austria,2020-01-28,0,Deaths,0.0,
2608,Austria,2020-01-29,0,Deaths,0.0,0.0
2609,Austria,2020-01-30,0,Deaths,0.0,0.0
2610,Austria,2020-01-31,0,Deaths,0.0,0.0
2611,Austria,2020-02-01,0,Deaths,0.0,0.0
2612,Austria,2020-02-02,0,Deaths,0.0,0.0
2613,Austria,2020-02-03,0,Deaths,0.0,0.0
2614,Austria,2020-02-04,0,Deaths,0.0,0.0
2615,Austria,2020-02-05,0,Deaths,0.0,0.0
2616,Austria,2020-02-06,0,Deaths,0.0,0.0
2617,Austria,2020-02-07,0,Deaths,0.0,0.0
2618,Austria,2020-02-08,0,Deaths,0.0,0.0
2619,Austria,2020-02-09,0,Deaths,0.0,0.0
2620,Austria,2020-02-10,0,Deaths,0.0,0.0
2621,Austria,2020-02-11,0,Deaths,0.0,0.0
2622,Austria,2020-02-12,0,Deaths,0.0,0.0
2623,Austria,2020-02-13,0,Deaths,0.0,0.0
2624,Austria,2020-02-14,0,Deaths,0.0,0.0
2625,Austria,2020-02-15,0,Deaths,0.0,0.0
2626,Austria,2020-02-16,0,Deaths,0.0,0.0
2627,Austria,2020-02-17,0,Deaths,0.0,0.0
2628,Austria,2020-02-18,0,Deaths,0.0,0.0
2629,Austria,2020-02-19,0,Deaths,0.0,0.0
2630,Austria,2020-02-20,0,Deaths,0.0,0.0
2631,Austria,2020-02-21,0,Deaths,0.0,0.0
2632,Austria,2020-02-22,0,Deaths,0.0,0.0
2633,Austria,2020-02-23,0,Deaths,0.0,0.0
2634,Austria,2020-02-24,0,Deaths,0.0,0.0
2635,Austria,2020-02-25,0,Deaths,0.0,0.0
2636,Austria,2020-02-26,0,Deaths,0.0,0.0
2637,Austria,2020-02-27,0,Deaths,0.0,0.0
2638,Austria,2020-02-28,0,Deaths,0.0,0.0
2639,Austria,2020-02-29,0,Deaths,0.0,0.0
2640,Austria,2020-03-01,0,Deaths,0.0,0.0
2641,Austria,2020-03-02,0,Deaths,0.0,0.0
2642,Austria,2020-03-03,0,Deaths,0.0,0.0
2643,Austria,2020-03-04,0,Deaths,0.0,0.0
2644,Austria,2020-03-05,0,Deaths,0.0,0.0
2645,Austria,2020-03-06,0,Deaths,0.0,0.0
2646,Austria,2020-03-07,0,Deaths,0.0,0.0
2647,Austria,2020-03-08,0,Deaths,0.0,0.0
2648,Austria,2020-03-09,0,Deaths,0.0,0.0
2649,Austria,2020-03-10,0,Deaths,0.0,0.0
2650,Austria,2020-03-11,0,Deaths,0.0,0.0
2651,Austria,2020-03-12,1,Deaths,1.0,1.0
2652,Austria,2020-03-13,1,Deaths,0.0,1.0
2653,Austria,2020-03-14,1,Deaths,0.0,1.0
2654,Austria,2020-03-15,1,Deaths,0.0,1.0
2655,Austria,2020-03-16,3,Deaths,2.0,3.0
2656,Austria,2020-03-17,3,Deaths,0.0,3.0
2657,Austria,2020-03-18,4,Deaths,1.0,4.0
2658,Austria,2020-03-19,6,Deaths,2.0,5.0
2659,Austria,2020-03-20,6,Deaths,0.0,5.0
2660,Austria,2020-03-21,8,Deaths,2.0,7.0
2661,Austria,2020-03-22,16,Deaths,8.0,15.0
2662,Austria,2020-03-23,21,Deaths,5.0,18.0
2663,Austria,2020-03-24,28,Deaths,7.0,25.0
2664,Austria,2020-03-25,30,Deaths,2.0,26.0
2665,Austria,2020-03-26,49,Deaths,19.0,43.0
2666,Austria,2020-03-27,58,Deaths,9.0,52.0
2667,Austria,2020-03-28,68,Deaths,10.0,60.0
2668,Austria,2020-03-29,86,Deaths,18.0,70.0
2669,Austria,2020-03-30,108,Deaths,22.0,87.0
2670,Austria,2020-03-31,128,Deaths,20.0,100.0
2671,Austria,2020-04-01,146,Deaths,18.0,116.0
2672,Austria,2020-04-02,158,Deaths,12.0,109.0
2673,Austria,2020-04-03,168,Deaths,10.0,110.0
2674,Austria,2020-04-04,186,Deaths,18.0,118.0
2675,Austria,2020-04-05,204,Deaths,18.0,118.0
2676,Austria,2020-04-06,220,Deaths,16.0,112.0
2677,Austria,2020-04-07,243,Deaths,23.0,115.0
2678,Austria,2020-04-08,273,Deaths,30.0,127.0
2679,Austria,2020-04-09,295,Deaths,22.0,137.0
2680,Austria,2020-04-10,319,Deaths,24.0,151.0
2681,Austria,2020-04-11,337,Deaths,18.0,151.0
2682,Austria,2020-04-12,350,Deaths,13.0,146.0
2683,Austria,2020-04-13,368,Deaths,18.0,148.0
2684,Austria,2020-04-14,384,Deaths,16.0,141.0
2685,Austria,2020-04-15,393,Deaths,9.0,120.0
2686,Austria,2020-04-16,410,Deaths,17.0,115.0
2687,Austria,2020-04-17,431,Deaths,21.0,112.0
2688,Austria,2020-04-18,443,Deaths,12.0,106.0
2689,Austria,2020-04-19,452,Deaths,9.0,102.0
2690,Austria,2020-04-20,470,Deaths,18.0,102.0
2691,Austria,2020-04-21,491,Deaths,21.0,107.0
2692,Austria,2020-04-22,510,Deaths,19.0,117.0
2693,Austria,2020-04-23,522,Deaths,12.0,112.0
2694,Austria,2020-04-24,530,Deaths,8.0,99.0
2695,Austria,2020-04-25,536,Deaths,6.0,93.0
2696,Austria,2020-04-26,542,Deaths,6.0,90.0
2697,Austria,2020-04-27,549,Deaths,7.0,79.0
2698,Austria,2020-04-28,569,Deaths,20.0,78.0
2699,Austria,2020-04-29,580,Deaths,11.0,70.0
2700,Austria,2020-04-30,584,Deaths,4.0,62.0
2701,Austria,2020-05-01,589,Deaths,5.0,59.0
2702,Austria,2020-05-02,596,Deaths,7.0,60.0
2703,Austria,2020-05-03,598,Deaths,2.0,56.0
2704,Austria,2020-05-04,600,Deaths,2.0,51.0
2705,Austria,2020-05-05,606,Deaths,6.0,37.0
2706,Austria,2020-05-06,608,Deaths,2.0,28.0
2707,Austria,2020-05-07,609,Deaths,1.0,25.0
2708,Austria,2020-05-08,614,Deaths,5.0,25.0
2709,Austria,2020-05-09,615,Deaths,1.0,19.0
2710,Austria,2020-05-10,618,Deaths,3.0,20.0
2711,Austria,2020-05-11,620,Deaths,2.0,20.0
2712,Austria,2020-05-12,623,Deaths,3.0,17.0
2713,Austria,2020-05-13,624,Deaths,1.0,16.0
2714,Austria,2020-05-14,626,Deaths,2.0,17.0
2715,Austria,2020-05-15,628,Deaths,2.0,14.0
2716,Austria,2020-05-16,629,Deaths,1.0,14.0
2717,Austria,2020-05-17,629,Deaths,0.0,11.0
2718,Austria,2020-05-18,629,Deaths,0.0,9.0
2719,Austria,2020-05-19,632,Deaths,3.0,9.0
2720,Austria,2020-05-20,633,Deaths,1.0,9.0
2721,Austria,2020-05-21,633,Deaths,0.0,7.0
2722,Austria,2020-05-22,635,Deaths,2.0,7.0
2723,Austria,2020-05-23,639,Deaths,4.0,10.0
2724,Austria,2020-05-24,640,Deaths,1.0,11.0
2725,Austria,2020-05-25,641,Deaths,1.0,12.0
2726,Austria,2020-05-26,643,Deaths,2.0,11.0
2727,Austria,2020-05-27,645,Deaths,2.0,12.0
2728,Austria,2020-05-28,668,Deaths,23.0,35.0
2729,Austria,2020-05-29,668,Deaths,0.0,33.0
2730,Austria,2020-05-30,668,Deaths,0.0,29.0
2731,Austria,2020-05-31,668,Deaths,0.0,28.0
2732,Austria,2020-06-01,668,Deaths,0.0,27.0
2733,Austria,2020-06-02,669,Deaths,1.0,26.0
2734,Austria,2020-06-03,670,Deaths,1.0,25.0
2735,Austria,2020-06-04,670,Deaths,0.0,2.0
2736,Austria,2020-06-05,672,Deaths,2.0,4.0
2737,Austria,2020-06-06,672,Deaths,0.0,4.0
2738,Austria,2020-06-07,672,Deaths,0.0,4.0
2739,Austria,2020-06-08,672,Deaths,0.0,4.0
2740,Austria,2020-06-09,672,Deaths,0.0,3.0
2741,Austria,2020-06-10,673,Deaths,1.0,3.0
2742,Austria,2020-06-11,674,Deaths,1.0,4.0
2743,Austria,2020-06-12,675,Deaths,1.0,3.0
2744,Austria,2020-06-13,677,Deaths,2.0,5.0
2745,Austria,2020-06-14,677,Deaths,0.0,5.0
2746,Austria,2020-06-15,678,Deaths,1.0,6.0
2747,Austria,2020-06-16,681,Deaths,3.0,9.0
2748,Austria,2020-06-17,687,Deaths,6.0,14.0
2749,Austria,2020-06-18,688,Deaths,1.0,14.0
2750,Austria,2020-06-19,688,Deaths,0.0,13.0
2751,Austria,2020-06-20,688,Deaths,0.0,11.0
2752,Austria,2020-06-21,690,Deaths,2.0,13.0
2753,Austria,2020-06-22,690,Deaths,0.0,12.0
2754,Austria,2020-06-23,693,Deaths,3.0,12.0
2755,Austria,2020-06-24,693,Deaths,0.0,6.0
2756,Austria,2020-06-25,698,Deaths,5.0,10.0
2757,Austria,2020-06-26,698,Deaths,0.0,10.0
2758,Austria,2020-06-27,700,Deaths,2.0,12.0
2759,Austria,2020-06-28,702,Deaths,2.0,12.0
2760,Austria,2020-06-29,703,Deaths,1.0,13.0
2761,Austria,2020-06-30,705,Deaths,2.0,12.0
2762,Austria,2020-07-01,705,Deaths,0.0,12.0
2763,Austria,2020-07-02,705,Deaths,0.0,7.0
2764,Austria,2020-07-03,705,Deaths,0.0,7.0
2765,Austria,2020-07-04,705,Deaths,0.0,5.0
2766,Austria,2020-07-05,706,Deaths,1.0,4.0
2767,Austria,2020-07-06,706,Deaths,0.0,3.0
2768,Austria,2020-07-07,706,Deaths,0.0,1.0
2769,Austria,2020-07-08,706,Deaths,0.0,1.0
2770,Austria,2020-07-09,706,Deaths,0.0,1.0
2771,Austria,2020-07-10,706,Deaths,0.0,1.0
2772,Austria,2020-07-11,706,Deaths,0.0,1.0
2773,Austria,2020-07-12,708,Deaths,2.0,2.0
2774,Austria,2020-07-13,708,Deaths,0.0,2.0
2775,Austria,2020-07-14,709,Deaths,1.0,3.0
2776,Austria,2020-07-15,710,Deaths,1.0,4.0
2777,Austria,2020-07-16,711,Deaths,1.0,5.0
2778,Austria,2020-07-17,711,Deaths,0.0,5.0
2779,Austria,2020-07-18,711,Deaths,0.0,5.0
2780,Austria,2020-07-19,711,Deaths,0.0,3.0
2781,Austria,2020-07-20,711,Deaths,0.0,3.0
2782,Austria,2020-07-21,710,Deaths,-1.0,1.0
2783,Austria,2020-07-22,711,Deaths,1.0,1.0
2784,Austria,2020-07-23,711,Deaths,0.0,0.0
2785,Austria,2020-07-24,711,Deaths,0.0,0.0
2786,Austria,2020-07-25,712,Deaths,1.0,1.0
2787,Austria,2020-07-26,712,Deaths,0.0,1.0
2788,Austria,2020-07-27,713,Deaths,1.0,2.0
2789,Austria,2020-07-28,713,Deaths,0.0,3.0
2790,Austria,2020-07-29,716,Deaths,3.0,5.0
2791,Austria,2020-07-30,718,Deaths,2.0,7.0
2792,Austria,2020-07-31,718,Deaths,0.0,7.0
2793,Austria,2020-08-01,718,Deaths,0.0,6.0
2794,Austria,2020-08-02,718,Deaths,0.0,6.0
2795,Austria,2020-08-03,718,Deaths,0.0,5.0
2796,Austria,2020-08-04,719,Deaths,1.0,6.0
2797,Austria,2020-08-05,719,Deaths,0.0,3.0
2798,Austria,2020-08-06,719,Deaths,0.0,1.0
2799,Austria,2020-08-07,720,Deaths,1.0,2.0
2800,Austria,2020-08-08,721,Deaths,1.0,3.0
2801,Austria,2020-08-09,721,Deaths,0.0,3.0
2802,Austria,2020-08-10,723,Deaths,2.0,5.0
2803,Austria,2020-08-11,723,Deaths,0.0,4.0
2804,Austria,2020-08-12,724,Deaths,1.0,5.0
2805,Austria,2020-08-13,725,Deaths,1.0,6.0
2806,Austria,2020-08-14,725,Deaths,0.0,5.0
2807,Austria,2020-08-15,728,Deaths,3.0,7.0
2808,Austria,2020-08-16,728,Deaths,0.0,7.0
2809,Austria,2020-08-17,729,Deaths,1.0,6.0
2810,Austria,2020-08-18,729,Deaths,0.0,6.0
2811,Austria,2020-08-19,729,Deaths,0.0,5.0
2812,Austria,2020-08-20,729,Deaths,0.0,4.0
2813,Austria,2020-08-21,730,Deaths,1.0,5.0
2814,Austria,2020-08-22,732,Deaths,2.0,4.0
2815,Austria,2020-08-23,732,Deaths,0.0,4.0
2816,Austria,2020-08-24,733,Deaths,1.0,4.0
2817,Austria,2020-08-25,733,Deaths,0.0,4.0
2818,Austria,2020-08-26,733,Deaths,0.0,4.0
2819,Austria,2020-08-27,733,Deaths,0.0,4.0
2820,Austria,2020-08-28,733,Deaths,0.0,3.0
2821,Austria,2020-08-29,733,Deaths,0.0,1.0
2822,Austria,2020-08-30,733,Deaths,0.0,1.0
2823,Austria,2020-08-31,733,Deaths,0.0,0.0
2824,Austria,2020-09-01,734,Deaths,1.0,1.0
2825,Austria,2020-09-02,734,Deaths,0.0,1.0
2826,Austria,2020-09-03,735,Deaths,1.0,2.0
2827,Austria,2020-09-04,735,Deaths,0.0,2.0
2828,Austria,2020-09-05,735,Deaths,0.0,2.0
2829,Austria,2020-09-06,736,Deaths,1.0,3.0
2830,Austria,2020-09-07,746,Deaths,10.0,13.0
2831,Austria,2020-09-08,747,Deaths,1.0,13.0
2832,Austria,2020-09-09,747,Deaths,0.0,13.0
2833,Austria,2020-09-10,748,Deaths,1.0,13.0
2834,Austria,2020-09-11,750,Deaths,2.0,15.0
2835,Austria,2020-09-12,754,Deaths,4.0,19.0
2836,Austria,2020-09-13,756,Deaths,2.0,20.0
2837,Austria,2020-09-14,757,Deaths,1.0,11.0
2838,Austria,2020-09-15,757,Deaths,0.0,10.0
2839,Austria,2020-09-16,758,Deaths,1.0,11.0
2840,Austria,2020-09-17,758,Deaths,0.0,10.0
2841,Austria,2020-09-18,763,Deaths,5.0,13.0
2842,Austria,2020-09-19,765,Deaths,2.0,11.0
2843,Austria,2020-09-20,766,Deaths,1.0,10.0
2844,Austria,2020-09-21,767,Deaths,1.0,10.0
2845,Austria,2020-09-22,771,Deaths,4.0,14.0
2846,Austria,2020-09-23,777,Deaths,6.0,19.0
2847,Austria,2020-09-24,783,Deaths,6.0,25.0
2848,Austria,2020-09-25,786,Deaths,3.0,23.0
2849,Austria,2020-09-26,787,Deaths,1.0,22.0
2850,Austria,2020-09-27,787,Deaths,0.0,21.0
2851,Austria,2020-09-28,790,Deaths,3.0,23.0
2852,Austria,2020-09-29,796,Deaths,6.0,25.0
2853,Austria,2020-09-30,799,Deaths,3.0,22.0
2854,Austria,2020-10-01,802,Deaths,3.0,19.0
2855,Austria,2020-10-02,803,Deaths,1.0,17.0
2856,Austria,2020-10-03,809,Deaths,6.0,22.0
2857,Austria,2020-10-04,813,Deaths,4.0,26.0
2858,Austria,2020-10-05,818,Deaths,5.0,28.0
2859,Austria,2020-10-06,822,Deaths,4.0,26.0
2860,Austria,2020-10-07,830,Deaths,8.0,31.0
2861,Austria,2020-10-08,838,Deaths,8.0,36.0
2862,Austria,2020-10-09,842,Deaths,4.0,39.0
2863,Austria,2020-10-10,852,Deaths,10.0,43.0
2864,Austria,2020-10-11,851,Deaths,-1.0,38.0
2865,Austria,2020-10-12,855,Deaths,4.0,37.0
2866,Austria,2020-10-13,861,Deaths,6.0,39.0
2867,Austria,2020-10-14,872,Deaths,11.0,42.0
2868,Austria,2020-10-15,877,Deaths,5.0,39.0
2869,Austria,2020-10-16,882,Deaths,5.0,40.0
2870,Austria,2020-10-17,889,Deaths,7.0,37.0
2871,Austria,2020-10-18,893,Deaths,4.0,42.0
2872,Austria,2020-10-19,904,Deaths,11.0,49.0
2873,Austria,2020-10-20,914,Deaths,10.0,53.0
2874,Austria,2020-10-21,925,Deaths,11.0,53.0
2875,Austria,2020-10-22,941,Deaths,16.0,64.0
2876,Austria,2020-10-23,954,Deaths,13.0,72.0
2877,Austria,2020-10-24,965,Deaths,11.0,76.0
2878,Austria,2020-10-25,979,Deaths,14.0,86.0
2879,Austria,2020-10-26,992,Deaths,13.0,88.0
2880,Austria,2020-10-27,1005,Deaths,13.0,91.0
2881,Austria,2020-10-28,1027,Deaths,22.0,102.0
2882,Austria,2020-10-29,1056,Deaths,29.0,115.0
2883,Austria,2020-10-30,1082,Deaths,26.0,128.0
2884,Austria,2020-10-31,1109,Deaths,27.0,144.0
2885,Austria,2020-11-01,1130,Deaths,21.0,151.0
2886,Austria,2020-11-02,1159,Deaths,29.0,167.0
2887,Austria,2020-11-03,1192,Deaths,33.0,187.0
2888,Austria,2020-11-04,1227,Deaths,35.0,200.0
2889,Austria,2020-11-05,1268,Deaths,41.0,212.0
2890,Azerbaijan,2020-01-22,0,Deaths,,
2891,Azerbaijan,2020-01-23,0,Deaths,0.0,
2892,Azerbaijan,2020-01-24,0,Deaths,0.0,
2893,Azerbaijan,2020-01-25,0,Deaths,0.0,
2894,Azerbaijan,2020-01-26,0,Deaths,0.0,
2895,Azerbaijan,2020-01-27,0,Deaths,0.0,
2896,Azerbaijan,2020-01-28,0,Deaths,0.0,
2897,Azerbaijan,2020-01-29,0,Deaths,0.0,0.0
2898,Azerbaijan,2020-01-30,0,Deaths,0.0,0.0
2899,Azerbaijan,2020-01-31,0,Deaths,0.0,0.0
2900,Azerbaijan,2020-02-01,0,Deaths,0.0,0.0
2901,Azerbaijan,2020-02-02,0,Deaths,0.0,0.0
2902,Azerbaijan,2020-02-03,0,Deaths,0.0,0.0
2903,Azerbaijan,2020-02-04,0,Deaths,0.0,0.0
2904,Azerbaijan,2020-02-05,0,Deaths,0.0,0.0
2905,Azerbaijan,2020-02-06,0,Deaths,0.0,0.0
2906,Azerbaijan,2020-02-07,0,Deaths,0.0,0.0
2907,Azerbaijan,2020-02-08,0,Deaths,0.0,0.0
2908,Azerbaijan,2020-02-09,0,Deaths,0.0,0.0
2909,Azerbaijan,2020-02-10,0,Deaths,0.0,0.0
2910,Azerbaijan,2020-02-11,0,Deaths,0.0,0.0
2911,Azerbaijan,2020-02-12,0,Deaths,0.0,0.0
2912,Azerbaijan,2020-02-13,0,Deaths,0.0,0.0
2913,Azerbaijan,2020-02-14,0,Deaths,0.0,0.0
2914,Azerbaijan,2020-02-15,0,Deaths,0.0,0.0
2915,Azerbaijan,2020-02-16,0,Deaths,0.0,0.0
2916,Azerbaijan,2020-02-17,0,Deaths,0.0,0.0
2917,Azerbaijan,2020-02-18,0,Deaths,0.0,0.0
2918,Azerbaijan,2020-02-19,0,Deaths,0.0,0.0
2919,Azerbaijan,2020-02-20,0,Deaths,0.0,0.0
2920,Azerbaijan,2020-02-21,0,Deaths,0.0,0.0
2921,Azerbaijan,2020-02-22,0,Deaths,0.0,0.0
2922,Azerbaijan,2020-02-23,0,Deaths,0.0,0.0
2923,Azerbaijan,2020-02-24,0,Deaths,0.0,0.0
2924,Azerbaijan,2020-02-25,0,Deaths,0.0,0.0
2925,Azerbaijan,2020-02-26,0,Deaths,0.0,0.0
2926,Azerbaijan,2020-02-27,0,Deaths,0.0,0.0
2927,Azerbaijan,2020-02-28,0,Deaths,0.0,0.0
2928,Azerbaijan,2020-02-29,0,Deaths,0.0,0.0
2929,Azerbaijan,2020-03-01,0,Deaths,0.0,0.0
2930,Azerbaijan,2020-03-02,0,Deaths,0.0,0.0
2931,Azerbaijan,2020-03-03,0,Deaths,0.0,0.0
2932,Azerbaijan,2020-03-04,0,Deaths,0.0,0.0
2933,Azerbaijan,2020-03-05,0,Deaths,0.0,0.0
2934,Azerbaijan,2020-03-06,0,Deaths,0.0,0.0
2935,Azerbaijan,2020-03-07,0,Deaths,0.0,0.0
2936,Azerbaijan,2020-03-08,0,Deaths,0.0,0.0
2937,Azerbaijan,2020-03-09,0,Deaths,0.0,0.0
2938,Azerbaijan,2020-03-10,0,Deaths,0.0,0.0
2939,Azerbaijan,2020-03-11,0,Deaths,0.0,0.0
2940,Azerbaijan,2020-03-12,0,Deaths,0.0,0.0
2941,Azerbaijan,2020-03-13,1,Deaths,1.0,1.0
2942,Azerbaijan,2020-03-14,1,Deaths,0.0,1.0
2943,Azerbaijan,2020-03-15,1,Deaths,0.0,1.0
2944,Azerbaijan,2020-03-16,1,Deaths,0.0,1.0
2945,Azerbaijan,2020-03-17,1,Deaths,0.0,1.0
2946,Azerbaijan,2020-03-18,1,Deaths,0.0,1.0
2947,Azerbaijan,2020-03-19,1,Deaths,0.0,1.0
2948,Azerbaijan,2020-03-20,1,Deaths,0.0,0.0
2949,Azerbaijan,2020-03-21,1,Deaths,0.0,0.0
2950,Azerbaijan,2020-03-22,1,Deaths,0.0,0.0
2951,Azerbaijan,2020-03-23,1,Deaths,0.0,0.0
2952,Azerbaijan,2020-03-24,1,Deaths,0.0,0.0
2953,Azerbaijan,2020-03-25,2,Deaths,1.0,1.0
2954,Azerbaijan,2020-03-26,3,Deaths,1.0,2.0
2955,Azerbaijan,2020-03-27,3,Deaths,0.0,2.0
2956,Azerbaijan,2020-03-28,4,Deaths,1.0,3.0
2957,Azerbaijan,2020-03-29,4,Deaths,0.0,3.0
2958,Azerbaijan,2020-03-30,4,Deaths,0.0,3.0
2959,Azerbaijan,2020-03-31,5,Deaths,1.0,4.0
2960,Azerbaijan,2020-04-01,5,Deaths,0.0,3.0
2961,Azerbaijan,2020-04-02,5,Deaths,0.0,2.0
2962,Azerbaijan,2020-04-03,5,Deaths,0.0,2.0
2963,Azerbaijan,2020-04-04,5,Deaths,0.0,1.0
2964,Azerbaijan,2020-04-05,7,Deaths,2.0,3.0
2965,Azerbaijan,2020-04-06,7,Deaths,0.0,3.0
2966,Azerbaijan,2020-04-07,8,Deaths,1.0,3.0
2967,Azerbaijan,2020-04-08,8,Deaths,0.0,3.0
2968,Azerbaijan,2020-04-09,9,Deaths,1.0,4.0
2969,Azerbaijan,2020-04-10,10,Deaths,1.0,5.0
2970,Azerbaijan,2020-04-11,11,Deaths,1.0,6.0
2971,Azerbaijan,2020-04-12,11,Deaths,0.0,4.0
2972,Azerbaijan,2020-04-13,12,Deaths,1.0,5.0
2973,Azerbaijan,2020-04-14,13,Deaths,1.0,5.0
2974,Azerbaijan,2020-04-15,13,Deaths,0.0,5.0
2975,Azerbaijan,2020-04-16,15,Deaths,2.0,6.0
2976,Azerbaijan,2020-04-17,15,Deaths,0.0,5.0
2977,Azerbaijan,2020-04-18,18,Deaths,3.0,7.0
2978,Azerbaijan,2020-04-19,19,Deaths,1.0,8.0
2979,Azerbaijan,2020-04-20,19,Deaths,0.0,7.0
2980,Azerbaijan,2020-04-21,20,Deaths,1.0,7.0
2981,Azerbaijan,2020-04-22,20,Deaths,0.0,7.0
2982,Azerbaijan,2020-04-23,20,Deaths,0.0,5.0
2983,Azerbaijan,2020-04-24,21,Deaths,1.0,6.0
2984,Azerbaijan,2020-04-25,21,Deaths,0.0,3.0
2985,Azerbaijan,2020-04-26,21,Deaths,0.0,2.0
2986,Azerbaijan,2020-04-27,22,Deaths,1.0,3.0
2987,Azerbaijan,2020-04-28,22,Deaths,0.0,2.0
2988,Azerbaijan,2020-04-29,23,Deaths,1.0,3.0
2989,Azerbaijan,2020-04-30,24,Deaths,1.0,4.0
2990,Azerbaijan,2020-05-01,25,Deaths,1.0,4.0
2991,Azerbaijan,2020-05-02,25,Deaths,0.0,4.0
2992,Azerbaijan,2020-05-03,25,Deaths,0.0,4.0
2993,Azerbaijan,2020-05-04,26,Deaths,1.0,4.0
2994,Azerbaijan,2020-05-05,26,Deaths,0.0,4.0
2995,Azerbaijan,2020-05-06,28,Deaths,2.0,5.0
2996,Azerbaijan,2020-05-07,28,Deaths,0.0,4.0
2997,Azerbaijan,2020-05-08,28,Deaths,0.0,3.0
2998,Azerbaijan,2020-05-09,31,Deaths,3.0,6.0
2999,Azerbaijan,2020-05-10,32,Deaths,1.0,7.0
3000,Azerbaijan,2020-05-11,32,Deaths,0.0,6.0
3001,Azerbaijan,2020-05-12,33,Deaths,1.0,7.0
3002,Azerbaijan,2020-05-13,35,Deaths,2.0,7.0
3003,Azerbaijan,2020-05-14,35,Deaths,0.0,7.0
3004,Azerbaijan,2020-05-15,36,Deaths,1.0,8.0
3005,Azerbaijan,2020-05-16,36,Deaths,0.0,5.0
3006,Azerbaijan,2020-05-17,39,Deaths,3.0,7.0
3007,Azerbaijan,2020-05-18,40,Deaths,1.0,8.0
3008,Azerbaijan,2020-05-19,41,Deaths,1.0,8.0
3009,Azerbaijan,2020-05-20,43,Deaths,2.0,8.0
3010,Azerbaijan,2020-05-21,44,Deaths,1.0,9.0
3011,Azerbaijan,2020-05-22,46,Deaths,2.0,10.0
3012,Azerbaijan,2020-05-23,49,Deaths,3.0,13.0
3013,Azerbaijan,2020-05-24,49,Deaths,0.0,10.0
3014,Azerbaijan,2020-05-25,51,Deaths,2.0,11.0
3015,Azerbaijan,2020-05-26,52,Deaths,1.0,11.0
3016,Azerbaijan,2020-05-27,54,Deaths,2.0,11.0
3017,Azerbaijan,2020-05-28,56,Deaths,2.0,12.0
3018,Azerbaijan,2020-05-29,58,Deaths,2.0,12.0
3019,Azerbaijan,2020-05-30,61,Deaths,3.0,12.0
3020,Azerbaijan,2020-05-31,63,Deaths,2.0,14.0
3021,Azerbaijan,2020-06-01,68,Deaths,5.0,17.0
3022,Azerbaijan,2020-06-02,71,Deaths,3.0,19.0
3023,Azerbaijan,2020-06-03,76,Deaths,5.0,22.0
3024,Azerbaijan,2020-06-04,78,Deaths,2.0,22.0
3025,Azerbaijan,2020-06-05,82,Deaths,4.0,24.0
3026,Azerbaijan,2020-06-06,84,Deaths,2.0,23.0
3027,Azerbaijan,2020-06-07,88,Deaths,4.0,25.0
3028,Azerbaijan,2020-06-08,93,Deaths,5.0,25.0
3029,Azerbaijan,2020-06-09,98,Deaths,5.0,27.0
3030,Azerbaijan,2020-06-10,102,Deaths,4.0,26.0
3031,Azerbaijan,2020-06-11,108,Deaths,6.0,30.0
3032,Azerbaijan,2020-06-12,113,Deaths,5.0,31.0
3033,Azerbaijan,2020-06-13,115,Deaths,2.0,31.0
3034,Azerbaijan,2020-06-14,119,Deaths,4.0,31.0
3035,Azerbaijan,2020-06-15,122,Deaths,3.0,29.0
3036,Azerbaijan,2020-06-16,126,Deaths,4.0,28.0
3037,Azerbaijan,2020-06-17,133,Deaths,7.0,31.0
3038,Azerbaijan,2020-06-18,139,Deaths,6.0,31.0
3039,Azerbaijan,2020-06-19,143,Deaths,4.0,30.0
3040,Azerbaijan,2020-06-20,148,Deaths,5.0,33.0
3041,Azerbaijan,2020-06-21,154,Deaths,6.0,35.0
3042,Azerbaijan,2020-06-22,161,Deaths,7.0,39.0
3043,Azerbaijan,2020-06-23,167,Deaths,6.0,41.0
3044,Azerbaijan,2020-06-24,174,Deaths,7.0,41.0
3045,Azerbaijan,2020-06-25,180,Deaths,6.0,41.0
3046,Azerbaijan,2020-06-26,187,Deaths,7.0,44.0
3047,Azerbaijan,2020-06-27,193,Deaths,6.0,45.0
3048,Azerbaijan,2020-06-28,198,Deaths,5.0,44.0
3049,Azerbaijan,2020-06-29,206,Deaths,8.0,45.0
3050,Azerbaijan,2020-06-30,213,Deaths,7.0,46.0
3051,Azerbaijan,2020-07-01,220,Deaths,7.0,46.0
3052,Azerbaijan,2020-07-02,228,Deaths,8.0,48.0
3053,Azerbaijan,2020-07-03,235,Deaths,7.0,48.0
3054,Azerbaijan,2020-07-04,241,Deaths,6.0,48.0
3055,Azerbaijan,2020-07-05,250,Deaths,9.0,52.0
3056,Azerbaijan,2020-07-06,258,Deaths,8.0,52.0
3057,Azerbaijan,2020-07-07,265,Deaths,7.0,52.0
3058,Azerbaijan,2020-07-08,274,Deaths,9.0,54.0
3059,Azerbaijan,2020-07-09,284,Deaths,10.0,56.0
3060,Azerbaijan,2020-07-10,292,Deaths,8.0,57.0
3061,Azerbaijan,2020-07-11,298,Deaths,6.0,57.0
3062,Azerbaijan,2020-07-12,306,Deaths,8.0,56.0
3063,Azerbaijan,2020-07-13,313,Deaths,7.0,55.0
3064,Azerbaijan,2020-07-14,319,Deaths,6.0,54.0
3065,Azerbaijan,2020-07-15,326,Deaths,7.0,52.0
3066,Azerbaijan,2020-07-16,334,Deaths,8.0,50.0
3067,Azerbaijan,2020-07-17,341,Deaths,7.0,49.0
3068,Azerbaijan,2020-07-18,349,Deaths,8.0,51.0
3069,Azerbaijan,2020-07-19,354,Deaths,5.0,48.0
3070,Azerbaijan,2020-07-20,363,Deaths,9.0,50.0
3071,Azerbaijan,2020-07-21,376,Deaths,13.0,57.0
3072,Azerbaijan,2020-07-22,385,Deaths,9.0,59.0
3073,Azerbaijan,2020-07-23,391,Deaths,6.0,57.0
3074,Azerbaijan,2020-07-24,400,Deaths,9.0,59.0
3075,Azerbaijan,2020-07-25,408,Deaths,8.0,59.0
3076,Azerbaijan,2020-07-26,417,Deaths,9.0,63.0
3077,Azerbaijan,2020-07-27,423,Deaths,6.0,60.0
3078,Azerbaijan,2020-07-28,430,Deaths,7.0,54.0
3079,Azerbaijan,2020-07-29,438,Deaths,8.0,53.0
3080,Azerbaijan,2020-07-30,441,Deaths,3.0,50.0
3081,Azerbaijan,2020-07-31,448,Deaths,7.0,48.0
3082,Azerbaijan,2020-08-01,454,Deaths,6.0,46.0
3083,Azerbaijan,2020-08-02,462,Deaths,8.0,45.0
3084,Azerbaijan,2020-08-03,468,Deaths,6.0,45.0
3085,Azerbaijan,2020-08-04,473,Deaths,5.0,43.0
3086,Azerbaijan,2020-08-05,476,Deaths,3.0,38.0
3087,Azerbaijan,2020-08-06,479,Deaths,3.0,38.0
3088,Azerbaijan,2020-08-07,483,Deaths,4.0,35.0
3089,Azerbaijan,2020-08-08,488,Deaths,5.0,34.0
3090,Azerbaijan,2020-08-09,490,Deaths,2.0,28.0
3091,Azerbaijan,2020-08-10,492,Deaths,2.0,24.0
3092,Azerbaijan,2020-08-11,495,Deaths,3.0,22.0
3093,Azerbaijan,2020-08-12,497,Deaths,2.0,21.0
3094,Azerbaijan,2020-08-13,500,Deaths,3.0,21.0
3095,Azerbaijan,2020-08-14,504,Deaths,4.0,21.0
3096,Azerbaijan,2020-08-15,506,Deaths,2.0,18.0
3097,Azerbaijan,2020-08-16,506,Deaths,0.0,16.0
3098,Azerbaijan,2020-08-17,508,Deaths,2.0,16.0
3099,Azerbaijan,2020-08-18,509,Deaths,1.0,14.0
3100,Azerbaijan,2020-08-19,510,Deaths,1.0,13.0
3101,Azerbaijan,2020-08-20,510,Deaths,0.0,10.0
3102,Azerbaijan,2020-08-21,512,Deaths,2.0,8.0
3103,Azerbaijan,2020-08-22,515,Deaths,3.0,9.0
3104,Azerbaijan,2020-08-23,518,Deaths,3.0,12.0
3105,Azerbaijan,2020-08-24,519,Deaths,1.0,11.0
3106,Azerbaijan,2020-08-25,521,Deaths,2.0,12.0
3107,Azerbaijan,2020-08-26,522,Deaths,1.0,12.0
3108,Azerbaijan,2020-08-27,524,Deaths,2.0,14.0
3109,Azerbaijan,2020-08-28,527,Deaths,3.0,15.0
3110,Azerbaijan,2020-08-29,529,Deaths,2.0,14.0
3111,Azerbaijan,2020-08-30,531,Deaths,2.0,13.0
3112,Azerbaijan,2020-08-31,534,Deaths,3.0,15.0
3113,Azerbaijan,2020-09-01,536,Deaths,2.0,15.0
3114,Azerbaijan,2020-09-02,538,Deaths,2.0,16.0
3115,Azerbaijan,2020-09-03,541,Deaths,3.0,17.0
3116,Azerbaijan,2020-09-04,543,Deaths,2.0,16.0
3117,Azerbaijan,2020-09-05,545,Deaths,2.0,16.0
3118,Azerbaijan,2020-09-06,548,Deaths,3.0,17.0
3119,Azerbaijan,2020-09-07,551,Deaths,3.0,17.0
3120,Azerbaijan,2020-09-08,552,Deaths,1.0,16.0
3121,Azerbaijan,2020-09-09,555,Deaths,3.0,17.0
3122,Azerbaijan,2020-09-10,556,Deaths,1.0,15.0
3123,Azerbaijan,2020-09-11,557,Deaths,1.0,14.0
3124,Azerbaijan,2020-09-12,559,Deaths,2.0,14.0
3125,Azerbaijan,2020-09-13,562,Deaths,3.0,14.0
3126,Azerbaijan,2020-09-14,564,Deaths,2.0,13.0
3127,Azerbaijan,2020-09-15,566,Deaths,2.0,14.0
3128,Azerbaijan,2020-09-16,569,Deaths,3.0,14.0
3129,Azerbaijan,2020-09-17,571,Deaths,2.0,15.0
3130,Azerbaijan,2020-09-18,572,Deaths,1.0,15.0
3131,Azerbaijan,2020-09-19,574,Deaths,2.0,15.0
3132,Azerbaijan,2020-09-20,575,Deaths,1.0,13.0
3133,Azerbaijan,2020-09-21,576,Deaths,1.0,12.0
3134,Azerbaijan,2020-09-22,578,Deaths,2.0,12.0
3135,Azerbaijan,2020-09-23,580,Deaths,2.0,11.0
3136,Azerbaijan,2020-09-24,581,Deaths,1.0,10.0
3137,Azerbaijan,2020-09-25,583,Deaths,2.0,11.0
3138,Azerbaijan,2020-09-26,585,Deaths,2.0,11.0
3139,Azerbaijan,2020-09-27,586,Deaths,1.0,11.0
3140,Azerbaijan,2020-09-28,588,Deaths,2.0,12.0
3141,Azerbaijan,2020-09-29,590,Deaths,2.0,12.0
3142,Azerbaijan,2020-09-30,591,Deaths,1.0,11.0
3143,Azerbaijan,2020-10-01,593,Deaths,2.0,12.0
3144,Azerbaijan,2020-10-02,594,Deaths,1.0,11.0
3145,Azerbaijan,2020-10-03,595,Deaths,1.0,10.0
3146,Azerbaijan,2020-10-04,596,Deaths,1.0,10.0
3147,Azerbaijan,2020-10-05,598,Deaths,2.0,10.0
3148,Azerbaijan,2020-10-06,600,Deaths,2.0,10.0
3149,Azerbaijan,2020-10-07,602,Deaths,2.0,11.0
3150,Azerbaijan,2020-10-08,603,Deaths,1.0,10.0
3151,Azerbaijan,2020-10-09,605,Deaths,2.0,11.0
3152,Azerbaijan,2020-10-10,608,Deaths,3.0,13.0
3153,Azerbaijan,2020-10-11,609,Deaths,1.0,13.0
3154,Azerbaijan,2020-10-12,609,Deaths,0.0,11.0
3155,Azerbaijan,2020-10-13,612,Deaths,3.0,12.0
3156,Azerbaijan,2020-10-14,616,Deaths,4.0,14.0
3157,Azerbaijan,2020-10-15,619,Deaths,3.0,16.0
3158,Azerbaijan,2020-10-16,621,Deaths,2.0,16.0
3159,Azerbaijan,2020-10-17,623,Deaths,2.0,15.0
3160,Azerbaijan,2020-10-18,626,Deaths,3.0,17.0
3161,Azerbaijan,2020-10-19,630,Deaths,4.0,21.0
3162,Azerbaijan,2020-10-20,635,Deaths,5.0,23.0
3163,Azerbaijan,2020-10-21,642,Deaths,7.0,26.0
3164,Azerbaijan,2020-10-22,648,Deaths,6.0,29.0
3165,Azerbaijan,2020-10-23,656,Deaths,8.0,35.0
3166,Azerbaijan,2020-10-24,664,Deaths,8.0,41.0
3167,Azerbaijan,2020-10-25,671,Deaths,7.0,45.0
3168,Azerbaijan,2020-10-26,679,Deaths,8.0,49.0
3169,Azerbaijan,2020-10-27,688,Deaths,9.0,53.0
3170,Azerbaijan,2020-10-28,699,Deaths,11.0,57.0
3171,Azerbaijan,2020-10-29,708,Deaths,9.0,60.0
3172,Azerbaijan,2020-10-30,718,Deaths,10.0,62.0
3173,Azerbaijan,2020-10-31,730,Deaths,12.0,66.0
3174,Azerbaijan,2020-11-01,740,Deaths,10.0,69.0
3175,Azerbaijan,2020-11-02,753,Deaths,13.0,74.0
3176,Azerbaijan,2020-11-03,768,Deaths,15.0,80.0
3177,Azerbaijan,2020-11-04,780,Deaths,12.0,81.0
3178,Azerbaijan,2020-11-05,794,Deaths,14.0,86.0
3179,Bahamas,2020-01-22,0,Deaths,,
3180,Bahamas,2020-01-23,0,Deaths,0.0,
3181,Bahamas,2020-01-24,0,Deaths,0.0,
3182,Bahamas,2020-01-25,0,Deaths,0.0,
3183,Bahamas,2020-01-26,0,Deaths,0.0,
3184,Bahamas,2020-01-27,0,Deaths,0.0,
3185,Bahamas,2020-01-28,0,Deaths,0.0,
3186,Bahamas,2020-01-29,0,Deaths,0.0,0.0
3187,Bahamas,2020-01-30,0,Deaths,0.0,0.0
3188,Bahamas,2020-01-31,0,Deaths,0.0,0.0
3189,Bahamas,2020-02-01,0,Deaths,0.0,0.0
3190,Bahamas,2020-02-02,0,Deaths,0.0,0.0
3191,Bahamas,2020-02-03,0,Deaths,0.0,0.0
3192,Bahamas,2020-02-04,0,Deaths,0.0,0.0
3193,Bahamas,2020-02-05,0,Deaths,0.0,0.0
3194,Bahamas,2020-02-06,0,Deaths,0.0,0.0
3195,Bahamas,2020-02-07,0,Deaths,0.0,0.0
3196,Bahamas,2020-02-08,0,Deaths,0.0,0.0
3197,Bahamas,2020-02-09,0,Deaths,0.0,0.0
3198,Bahamas,2020-02-10,0,Deaths,0.0,0.0
3199,Bahamas,2020-02-11,0,Deaths,0.0,0.0
3200,Bahamas,2020-02-12,0,Deaths,0.0,0.0
3201,Bahamas,2020-02-13,0,Deaths,0.0,0.0
3202,Bahamas,2020-02-14,0,Deaths,0.0,0.0
3203,Bahamas,2020-02-15,0,Deaths,0.0,0.0
3204,Bahamas,2020-02-16,0,Deaths,0.0,0.0
3205,Bahamas,2020-02-17,0,Deaths,0.0,0.0
3206,Bahamas,2020-02-18,0,Deaths,0.0,0.0
3207,Bahamas,2020-02-19,0,Deaths,0.0,0.0
3208,Bahamas,2020-02-20,0,Deaths,0.0,0.0
3209,Bahamas,2020-02-21,0,Deaths,0.0,0.0
3210,Bahamas,2020-02-22,0,Deaths,0.0,0.0
3211,Bahamas,2020-02-23,0,Deaths,0.0,0.0
3212,Bahamas,2020-02-24,0,Deaths,0.0,0.0
3213,Bahamas,2020-02-25,0,Deaths,0.0,0.0
3214,Bahamas,2020-02-26,0,Deaths,0.0,0.0
3215,Bahamas,2020-02-27,0,Deaths,0.0,0.0
3216,Bahamas,2020-02-28,0,Deaths,0.0,0.0
3217,Bahamas,2020-02-29,0,Deaths,0.0,0.0
3218,Bahamas,2020-03-01,0,Deaths,0.0,0.0
3219,Bahamas,2020-03-02,0,Deaths,0.0,0.0
3220,Bahamas,2020-03-03,0,Deaths,0.0,0.0
3221,Bahamas,2020-03-04,0,Deaths,0.0,0.0
3222,Bahamas,2020-03-05,0,Deaths,0.0,0.0
3223,Bahamas,2020-03-06,0,Deaths,0.0,0.0
3224,Bahamas,2020-03-07,0,Deaths,0.0,0.0
3225,Bahamas,2020-03-08,0,Deaths,0.0,0.0
3226,Bahamas,2020-03-09,0,Deaths,0.0,0.0
3227,Bahamas,2020-03-10,0,Deaths,0.0,0.0
3228,Bahamas,2020-03-11,0,Deaths,0.0,0.0
3229,Bahamas,2020-03-12,0,Deaths,0.0,0.0
3230,Bahamas,2020-03-13,0,Deaths,0.0,0.0
3231,Bahamas,2020-03-14,0,Deaths,0.0,0.0
3232,Bahamas,2020-03-15,0,Deaths,0.0,0.0
3233,Bahamas,2020-03-16,0,Deaths,0.0,0.0
3234,Bahamas,2020-03-17,0,Deaths,0.0,0.0
3235,Bahamas,2020-03-18,0,Deaths,0.0,0.0
3236,Bahamas,2020-03-19,0,Deaths,0.0,0.0
3237,Bahamas,2020-03-20,0,Deaths,0.0,0.0
3238,Bahamas,2020-03-21,0,Deaths,0.0,0.0
3239,Bahamas,2020-03-22,0,Deaths,0.0,0.0
3240,Bahamas,2020-03-23,0,Deaths,0.0,0.0
3241,Bahamas,2020-03-24,0,Deaths,0.0,0.0
3242,Bahamas,2020-03-25,0,Deaths,0.0,0.0
3243,Bahamas,2020-03-26,0,Deaths,0.0,0.0
3244,Bahamas,2020-03-27,0,Deaths,0.0,0.0
3245,Bahamas,2020-03-28,0,Deaths,0.0,0.0
3246,Bahamas,2020-03-29,0,Deaths,0.0,0.0
3247,Bahamas,2020-03-30,0,Deaths,0.0,0.0
3248,Bahamas,2020-03-31,0,Deaths,0.0,0.0
3249,Bahamas,2020-04-01,1,Deaths,1.0,1.0
3250,Bahamas,2020-04-02,1,Deaths,0.0,1.0
3251,Bahamas,2020-04-03,1,Deaths,0.0,1.0
3252,Bahamas,2020-04-04,4,Deaths,3.0,4.0
3253,Bahamas,2020-04-05,4,Deaths,0.0,4.0
3254,Bahamas,2020-04-06,5,Deaths,1.0,5.0
3255,Bahamas,2020-04-07,6,Deaths,1.0,6.0
3256,Bahamas,2020-04-08,7,Deaths,1.0,6.0
3257,Bahamas,2020-04-09,8,Deaths,1.0,7.0
3258,Bahamas,2020-04-10,8,Deaths,0.0,7.0
3259,Bahamas,2020-04-11,8,Deaths,0.0,4.0
3260,Bahamas,2020-04-12,8,Deaths,0.0,4.0
3261,Bahamas,2020-04-13,8,Deaths,0.0,3.0
3262,Bahamas,2020-04-14,8,Deaths,0.0,2.0
3263,Bahamas,2020-04-15,8,Deaths,0.0,1.0
3264,Bahamas,2020-04-16,8,Deaths,0.0,0.0
3265,Bahamas,2020-04-17,9,Deaths,1.0,1.0
3266,Bahamas,2020-04-18,9,Deaths,0.0,1.0
3267,Bahamas,2020-04-19,9,Deaths,0.0,1.0
3268,Bahamas,2020-04-20,9,Deaths,0.0,1.0
3269,Bahamas,2020-04-21,9,Deaths,0.0,1.0
3270,Bahamas,2020-04-22,9,Deaths,0.0,1.0
3271,Bahamas,2020-04-23,11,Deaths,2.0,3.0
3272,Bahamas,2020-04-24,11,Deaths,0.0,2.0
3273,Bahamas,2020-04-25,11,Deaths,0.0,2.0
3274,Bahamas,2020-04-26,11,Deaths,0.0,2.0
3275,Bahamas,2020-04-27,11,Deaths,0.0,2.0
3276,Bahamas,2020-04-28,11,Deaths,0.0,2.0
3277,Bahamas,2020-04-29,11,Deaths,0.0,2.0
3278,Bahamas,2020-04-30,11,Deaths,0.0,0.0
3279,Bahamas,2020-05-01,11,Deaths,0.0,0.0
3280,Bahamas,2020-05-02,11,Deaths,0.0,0.0
3281,Bahamas,2020-05-03,11,Deaths,0.0,0.0
3282,Bahamas,2020-05-04,11,Deaths,0.0,0.0
3283,Bahamas,2020-05-05,11,Deaths,0.0,0.0
3284,Bahamas,2020-05-06,11,Deaths,0.0,0.0
3285,Bahamas,2020-05-07,11,Deaths,0.0,0.0
3286,Bahamas,2020-05-08,11,Deaths,0.0,0.0
3287,Bahamas,2020-05-09,11,Deaths,0.0,0.0
3288,Bahamas,2020-05-10,11,Deaths,0.0,0.0
3289,Bahamas,2020-05-11,11,Deaths,0.0,0.0
3290,Bahamas,2020-05-12,11,Deaths,0.0,0.0
3291,Bahamas,2020-05-13,11,Deaths,0.0,0.0
3292,Bahamas,2020-05-14,11,Deaths,0.0,0.0
3293,Bahamas,2020-05-15,11,Deaths,0.0,0.0
3294,Bahamas,2020-05-16,11,Deaths,0.0,0.0
3295,Bahamas,2020-05-17,11,Deaths,0.0,0.0
3296,Bahamas,2020-05-18,11,Deaths,0.0,0.0
3297,Bahamas,2020-05-19,11,Deaths,0.0,0.0
3298,Bahamas,2020-05-20,11,Deaths,0.0,0.0
3299,Bahamas,2020-05-21,11,Deaths,0.0,0.0
3300,Bahamas,2020-05-22,11,Deaths,0.0,0.0
3301,Bahamas,2020-05-23,11,Deaths,0.0,0.0
3302,Bahamas,2020-05-24,11,Deaths,0.0,0.0
3303,Bahamas,2020-05-25,11,Deaths,0.0,0.0
3304,Bahamas,2020-05-26,11,Deaths,0.0,0.0
3305,Bahamas,2020-05-27,11,Deaths,0.0,0.0
3306,Bahamas,2020-05-28,11,Deaths,0.0,0.0
3307,Bahamas,2020-05-29,11,Deaths,0.0,0.0
3308,Bahamas,2020-05-30,11,Deaths,0.0,0.0
3309,Bahamas,2020-05-31,11,Deaths,0.0,0.0
3310,Bahamas,2020-06-01,11,Deaths,0.0,0.0
3311,Bahamas,2020-06-02,11,Deaths,0.0,0.0
3312,Bahamas,2020-06-03,11,Deaths,0.0,0.0
3313,Bahamas,2020-06-04,11,Deaths,0.0,0.0
3314,Bahamas,2020-06-05,11,Deaths,0.0,0.0
3315,Bahamas,2020-06-06,11,Deaths,0.0,0.0
3316,Bahamas,2020-06-07,11,Deaths,0.0,0.0
3317,Bahamas,2020-06-08,11,Deaths,0.0,0.0
3318,Bahamas,2020-06-09,11,Deaths,0.0,0.0
3319,Bahamas,2020-06-10,11,Deaths,0.0,0.0
3320,Bahamas,2020-06-11,11,Deaths,0.0,0.0
3321,Bahamas,2020-06-12,11,Deaths,0.0,0.0
3322,Bahamas,2020-06-13,11,Deaths,0.0,0.0
3323,Bahamas,2020-06-14,11,Deaths,0.0,0.0
3324,Bahamas,2020-06-15,11,Deaths,0.0,0.0
3325,Bahamas,2020-06-16,11,Deaths,0.0,0.0
3326,Bahamas,2020-06-17,11,Deaths,0.0,0.0
3327,Bahamas,2020-06-18,11,Deaths,0.0,0.0
3328,Bahamas,2020-06-19,11,Deaths,0.0,0.0
3329,Bahamas,2020-06-20,11,Deaths,0.0,0.0
3330,Bahamas,2020-06-21,11,Deaths,0.0,0.0
3331,Bahamas,2020-06-22,11,Deaths,0.0,0.0
3332,Bahamas,2020-06-23,11,Deaths,0.0,0.0
3333,Bahamas,2020-06-24,11,Deaths,0.0,0.0
3334,Bahamas,2020-06-25,11,Deaths,0.0,0.0
3335,Bahamas,2020-06-26,11,Deaths,0.0,0.0
3336,Bahamas,2020-06-27,11,Deaths,0.0,0.0
3337,Bahamas,2020-06-28,11,Deaths,0.0,0.0
3338,Bahamas,2020-06-29,11,Deaths,0.0,0.0
3339,Bahamas,2020-06-30,11,Deaths,0.0,0.0
3340,Bahamas,2020-07-01,11,Deaths,0.0,0.0
3341,Bahamas,2020-07-02,11,Deaths,0.0,0.0
3342,Bahamas,2020-07-03,11,Deaths,0.0,0.0
3343,Bahamas,2020-07-04,11,Deaths,0.0,0.0
3344,Bahamas,2020-07-05,11,Deaths,0.0,0.0
3345,Bahamas,2020-07-06,11,Deaths,0.0,0.0
3346,Bahamas,2020-07-07,11,Deaths,0.0,0.0
3347,Bahamas,2020-07-08,11,Deaths,0.0,0.0
3348,Bahamas,2020-07-09,11,Deaths,0.0,0.0
3349,Bahamas,2020-07-10,11,Deaths,0.0,0.0
3350,Bahamas,2020-07-11,11,Deaths,0.0,0.0
3351,Bahamas,2020-07-12,11,Deaths,0.0,0.0
3352,Bahamas,2020-07-13,11,Deaths,0.0,0.0
3353,Bahamas,2020-07-14,11,Deaths,0.0,0.0
3354,Bahamas,2020-07-15,11,Deaths,0.0,0.0
3355,Bahamas,2020-07-16,11,Deaths,0.0,0.0
3356,Bahamas,2020-07-17,11,Deaths,0.0,0.0
3357,Bahamas,2020-07-18,11,Deaths,0.0,0.0
3358,Bahamas,2020-07-19,11,Deaths,0.0,0.0
3359,Bahamas,2020-07-20,11,Deaths,0.0,0.0
3360,Bahamas,2020-07-21,11,Deaths,0.0,0.0
3361,Bahamas,2020-07-22,11,Deaths,0.0,0.0
3362,Bahamas,2020-07-23,11,Deaths,0.0,0.0
3363,Bahamas,2020-07-24,11,Deaths,0.0,0.0
3364,Bahamas,2020-07-25,11,Deaths,0.0,0.0
3365,Bahamas,2020-07-26,11,Deaths,0.0,0.0
3366,Bahamas,2020-07-27,11,Deaths,0.0,0.0
3367,Bahamas,2020-07-28,11,Deaths,0.0,0.0
3368,Bahamas,2020-07-29,11,Deaths,0.0,0.0
3369,Bahamas,2020-07-30,14,Deaths,3.0,3.0
3370,Bahamas,2020-07-31,14,Deaths,0.0,3.0
3371,Bahamas,2020-08-01,14,Deaths,0.0,3.0
3372,Bahamas,2020-08-02,14,Deaths,0.0,3.0
3373,Bahamas,2020-08-03,14,Deaths,0.0,3.0
3374,Bahamas,2020-08-04,14,Deaths,0.0,3.0
3375,Bahamas,2020-08-05,14,Deaths,0.0,3.0
3376,Bahamas,2020-08-06,14,Deaths,0.0,0.0
3377,Bahamas,2020-08-07,14,Deaths,0.0,0.0
3378,Bahamas,2020-08-08,14,Deaths,0.0,0.0
3379,Bahamas,2020-08-09,15,Deaths,1.0,1.0
3380,Bahamas,2020-08-10,15,Deaths,0.0,1.0
3381,Bahamas,2020-08-11,15,Deaths,0.0,1.0
3382,Bahamas,2020-08-12,15,Deaths,0.0,1.0
3383,Bahamas,2020-08-13,15,Deaths,0.0,1.0
3384,Bahamas,2020-08-14,17,Deaths,2.0,3.0
3385,Bahamas,2020-08-15,17,Deaths,0.0,3.0
3386,Bahamas,2020-08-16,18,Deaths,1.0,3.0
3387,Bahamas,2020-08-17,19,Deaths,1.0,4.0
3388,Bahamas,2020-08-18,20,Deaths,1.0,5.0
3389,Bahamas,2020-08-19,22,Deaths,2.0,7.0
3390,Bahamas,2020-08-20,23,Deaths,1.0,8.0
3391,Bahamas,2020-08-21,27,Deaths,4.0,10.0
3392,Bahamas,2020-08-22,27,Deaths,0.0,10.0
3393,Bahamas,2020-08-23,29,Deaths,2.0,11.0
3394,Bahamas,2020-08-24,44,Deaths,15.0,25.0
3395,Bahamas,2020-08-25,46,Deaths,2.0,26.0
3396,Bahamas,2020-08-26,48,Deaths,2.0,26.0
3397,Bahamas,2020-08-27,48,Deaths,0.0,25.0
3398,Bahamas,2020-08-28,50,Deaths,2.0,23.0
3399,Bahamas,2020-08-29,50,Deaths,0.0,23.0
3400,Bahamas,2020-08-30,50,Deaths,0.0,21.0
3401,Bahamas,2020-08-31,50,Deaths,0.0,6.0
3402,Bahamas,2020-09-01,50,Deaths,0.0,4.0
3403,Bahamas,2020-09-02,50,Deaths,0.0,2.0
3404,Bahamas,2020-09-03,50,Deaths,0.0,2.0
3405,Bahamas,2020-09-04,50,Deaths,0.0,0.0
3406,Bahamas,2020-09-05,55,Deaths,5.0,5.0
3407,Bahamas,2020-09-06,56,Deaths,1.0,6.0
3408,Bahamas,2020-09-07,58,Deaths,2.0,8.0
3409,Bahamas,2020-09-08,59,Deaths,1.0,9.0
3410,Bahamas,2020-09-09,63,Deaths,4.0,13.0
3411,Bahamas,2020-09-10,63,Deaths,0.0,13.0
3412,Bahamas,2020-09-11,65,Deaths,2.0,15.0
3413,Bahamas,2020-09-12,67,Deaths,2.0,12.0
3414,Bahamas,2020-09-13,67,Deaths,0.0,11.0
3415,Bahamas,2020-09-14,68,Deaths,1.0,10.0
3416,Bahamas,2020-09-15,69,Deaths,1.0,10.0
3417,Bahamas,2020-09-16,69,Deaths,0.0,6.0
3418,Bahamas,2020-09-17,69,Deaths,0.0,6.0
3419,Bahamas,2020-09-18,69,Deaths,0.0,4.0
3420,Bahamas,2020-09-19,73,Deaths,4.0,6.0
3421,Bahamas,2020-09-20,74,Deaths,1.0,7.0
3422,Bahamas,2020-09-21,75,Deaths,1.0,7.0
3423,Bahamas,2020-09-22,77,Deaths,2.0,8.0
3424,Bahamas,2020-09-23,80,Deaths,3.0,11.0
3425,Bahamas,2020-09-24,86,Deaths,6.0,17.0
3426,Bahamas,2020-09-25,89,Deaths,3.0,20.0
3427,Bahamas,2020-09-26,89,Deaths,0.0,16.0
3428,Bahamas,2020-09-27,89,Deaths,0.0,15.0
3429,Bahamas,2020-09-28,89,Deaths,0.0,14.0
3430,Bahamas,2020-09-29,91,Deaths,2.0,14.0
3431,Bahamas,2020-09-30,96,Deaths,5.0,16.0
3432,Bahamas,2020-10-01,96,Deaths,0.0,10.0
3433,Bahamas,2020-10-02,96,Deaths,0.0,7.0
3434,Bahamas,2020-10-03,96,Deaths,0.0,7.0
3435,Bahamas,2020-10-04,96,Deaths,0.0,7.0
3436,Bahamas,2020-10-05,96,Deaths,0.0,7.0
3437,Bahamas,2020-10-06,100,Deaths,4.0,9.0
3438,Bahamas,2020-10-07,102,Deaths,2.0,6.0
3439,Bahamas,2020-10-08,102,Deaths,0.0,6.0
3440,Bahamas,2020-10-09,102,Deaths,0.0,6.0
3441,Bahamas,2020-10-10,106,Deaths,4.0,10.0
3442,Bahamas,2020-10-11,107,Deaths,1.0,11.0
3443,Bahamas,2020-10-12,108,Deaths,1.0,12.0
3444,Bahamas,2020-10-13,108,Deaths,0.0,8.0
3445,Bahamas,2020-10-14,109,Deaths,1.0,7.0
3446,Bahamas,2020-10-15,112,Deaths,3.0,10.0
3447,Bahamas,2020-10-16,114,Deaths,2.0,12.0
3448,Bahamas,2020-10-17,116,Deaths,2.0,10.0
3449,Bahamas,2020-10-18,122,Deaths,6.0,15.0
3450,Bahamas,2020-10-19,123,Deaths,1.0,15.0
3451,Bahamas,2020-10-20,124,Deaths,1.0,16.0
3452,Bahamas,2020-10-21,127,Deaths,3.0,18.0
3453,Bahamas,2020-10-22,130,Deaths,3.0,18.0
3454,Bahamas,2020-10-23,130,Deaths,0.0,16.0
3455,Bahamas,2020-10-24,130,Deaths,0.0,14.0
3456,Bahamas,2020-10-25,132,Deaths,2.0,10.0
3457,Bahamas,2020-10-26,132,Deaths,0.0,9.0
3458,Bahamas,2020-10-27,136,Deaths,4.0,12.0
3459,Bahamas,2020-10-28,136,Deaths,0.0,9.0
3460,Bahamas,2020-10-29,138,Deaths,2.0,8.0
3461,Bahamas,2020-10-30,142,Deaths,4.0,12.0
3462,Bahamas,2020-10-31,144,Deaths,2.0,14.0
3463,Bahamas,2020-11-01,144,Deaths,0.0,12.0
3464,Bahamas,2020-11-02,146,Deaths,2.0,14.0
3465,Bahamas,2020-11-03,149,Deaths,3.0,13.0
3466,Bahamas,2020-11-04,150,Deaths,1.0,14.0
3467,Bahamas,2020-11-05,150,Deaths,0.0,12.0
3468,Bahrain,2020-01-22,0,Deaths,,
3469,Bahrain,2020-01-23,0,Deaths,0.0,
3470,Bahrain,2020-01-24,0,Deaths,0.0,
3471,Bahrain,2020-01-25,0,Deaths,0.0,
3472,Bahrain,2020-01-26,0,Deaths,0.0,
3473,Bahrain,2020-01-27,0,Deaths,0.0,
3474,Bahrain,2020-01-28,0,Deaths,0.0,
3475,Bahrain,2020-01-29,0,Deaths,0.0,0.0
3476,Bahrain,2020-01-30,0,Deaths,0.0,0.0
3477,Bahrain,2020-01-31,0,Deaths,0.0,0.0
3478,Bahrain,2020-02-01,0,Deaths,0.0,0.0
3479,Bahrain,2020-02-02,0,Deaths,0.0,0.0
3480,Bahrain,2020-02-03,0,Deaths,0.0,0.0
3481,Bahrain,2020-02-04,0,Deaths,0.0,0.0
3482,Bahrain,2020-02-05,0,Deaths,0.0,0.0
3483,Bahrain,2020-02-06,0,Deaths,0.0,0.0
3484,Bahrain,2020-02-07,0,Deaths,0.0,0.0
3485,Bahrain,2020-02-08,0,Deaths,0.0,0.0
3486,Bahrain,2020-02-09,0,Deaths,0.0,0.0
3487,Bahrain,2020-02-10,0,Deaths,0.0,0.0
3488,Bahrain,2020-02-11,0,Deaths,0.0,0.0
3489,Bahrain,2020-02-12,0,Deaths,0.0,0.0
3490,Bahrain,2020-02-13,0,Deaths,0.0,0.0
3491,Bahrain,2020-02-14,0,Deaths,0.0,0.0
3492,Bahrain,2020-02-15,0,Deaths,0.0,0.0
3493,Bahrain,2020-02-16,0,Deaths,0.0,0.0
3494,Bahrain,2020-02-17,0,Deaths,0.0,0.0
3495,Bahrain,2020-02-18,0,Deaths,0.0,0.0
3496,Bahrain,2020-02-19,0,Deaths,0.0,0.0
3497,Bahrain,2020-02-20,0,Deaths,0.0,0.0
3498,Bahrain,2020-02-21,0,Deaths,0.0,0.0
3499,Bahrain,2020-02-22,0,Deaths,0.0,0.0
3500,Bahrain,2020-02-23,0,Deaths,0.0,0.0
3501,Bahrain,2020-02-24,0,Deaths,0.0,0.0
3502,Bahrain,2020-02-25,0,Deaths,0.0,0.0
3503,Bahrain,2020-02-26,0,Deaths,0.0,0.0
3504,Bahrain,2020-02-27,0,Deaths,0.0,0.0
3505,Bahrain,2020-02-28,0,Deaths,0.0,0.0
3506,Bahrain,2020-02-29,0,Deaths,0.0,0.0
3507,Bahrain,2020-03-01,0,Deaths,0.0,0.0
3508,Bahrain,2020-03-02,0,Deaths,0.0,0.0
3509,Bahrain,2020-03-03,0,Deaths,0.0,0.0
3510,Bahrain,2020-03-04,0,Deaths,0.0,0.0
3511,Bahrain,2020-03-05,0,Deaths,0.0,0.0
3512,Bahrain,2020-03-06,0,Deaths,0.0,0.0
3513,Bahrain,2020-03-07,0,Deaths,0.0,0.0
3514,Bahrain,2020-03-08,0,Deaths,0.0,0.0
3515,Bahrain,2020-03-09,0,Deaths,0.0,0.0
3516,Bahrain,2020-03-10,0,Deaths,0.0,0.0
3517,Bahrain,2020-03-11,0,Deaths,0.0,0.0
3518,Bahrain,2020-03-12,0,Deaths,0.0,0.0
3519,Bahrain,2020-03-13,0,Deaths,0.0,0.0
3520,Bahrain,2020-03-14,0,Deaths,0.0,0.0
3521,Bahrain,2020-03-15,0,Deaths,0.0,0.0
3522,Bahrain,2020-03-16,1,Deaths,1.0,1.0
3523,Bahrain,2020-03-17,1,Deaths,0.0,1.0
3524,Bahrain,2020-03-18,1,Deaths,0.0,1.0
3525,Bahrain,2020-03-19,1,Deaths,0.0,1.0
3526,Bahrain,2020-03-20,1,Deaths,0.0,1.0
3527,Bahrain,2020-03-21,1,Deaths,0.0,1.0
3528,Bahrain,2020-03-22,2,Deaths,1.0,2.0
3529,Bahrain,2020-03-23,2,Deaths,0.0,1.0
3530,Bahrain,2020-03-24,3,Deaths,1.0,2.0
3531,Bahrain,2020-03-25,4,Deaths,1.0,3.0
3532,Bahrain,2020-03-26,4,Deaths,0.0,3.0
3533,Bahrain,2020-03-27,4,Deaths,0.0,3.0
3534,Bahrain,2020-03-28,4,Deaths,0.0,3.0
3535,Bahrain,2020-03-29,4,Deaths,0.0,2.0
3536,Bahrain,2020-03-30,4,Deaths,0.0,2.0
3537,Bahrain,2020-03-31,4,Deaths,0.0,1.0
3538,Bahrain,2020-04-01,4,Deaths,0.0,0.0
3539,Bahrain,2020-04-02,4,Deaths,0.0,0.0
3540,Bahrain,2020-04-03,4,Deaths,0.0,0.0
3541,Bahrain,2020-04-04,4,Deaths,0.0,0.0
3542,Bahrain,2020-04-05,4,Deaths,0.0,0.0
3543,Bahrain,2020-04-06,4,Deaths,0.0,0.0
3544,Bahrain,2020-04-07,5,Deaths,1.0,1.0
3545,Bahrain,2020-04-08,5,Deaths,0.0,1.0
3546,Bahrain,2020-04-09,5,Deaths,0.0,1.0
3547,Bahrain,2020-04-10,6,Deaths,1.0,2.0
3548,Bahrain,2020-04-11,6,Deaths,0.0,2.0
3549,Bahrain,2020-04-12,6,Deaths,0.0,2.0
3550,Bahrain,2020-04-13,6,Deaths,0.0,2.0
3551,Bahrain,2020-04-14,7,Deaths,1.0,2.0
3552,Bahrain,2020-04-15,7,Deaths,0.0,2.0
3553,Bahrain,2020-04-16,7,Deaths,0.0,2.0
3554,Bahrain,2020-04-17,7,Deaths,0.0,1.0
3555,Bahrain,2020-04-18,7,Deaths,0.0,1.0
3556,Bahrain,2020-04-19,7,Deaths,0.0,1.0
3557,Bahrain,2020-04-20,7,Deaths,0.0,1.0
3558,Bahrain,2020-04-21,7,Deaths,0.0,0.0
3559,Bahrain,2020-04-22,7,Deaths,0.0,0.0
3560,Bahrain,2020-04-23,8,Deaths,1.0,1.0
3561,Bahrain,2020-04-24,8,Deaths,0.0,1.0
3562,Bahrain,2020-04-25,8,Deaths,0.0,1.0
3563,Bahrain,2020-04-26,8,Deaths,0.0,1.0
3564,Bahrain,2020-04-27,8,Deaths,0.0,1.0
3565,Bahrain,2020-04-28,8,Deaths,0.0,1.0
3566,Bahrain,2020-04-29,8,Deaths,0.0,1.0
3567,Bahrain,2020-04-30,8,Deaths,0.0,0.0
3568,Bahrain,2020-05-01,8,Deaths,0.0,0.0
3569,Bahrain,2020-05-02,8,Deaths,0.0,0.0
3570,Bahrain,2020-05-03,8,Deaths,0.0,0.0
3571,Bahrain,2020-05-04,8,Deaths,0.0,0.0
3572,Bahrain,2020-05-05,8,Deaths,0.0,0.0
3573,Bahrain,2020-05-06,8,Deaths,0.0,0.0
3574,Bahrain,2020-05-07,8,Deaths,0.0,0.0
3575,Bahrain,2020-05-08,8,Deaths,0.0,0.0
3576,Bahrain,2020-05-09,8,Deaths,0.0,0.0
3577,Bahrain,2020-05-10,8,Deaths,0.0,0.0
3578,Bahrain,2020-05-11,8,Deaths,0.0,0.0
3579,Bahrain,2020-05-12,9,Deaths,1.0,1.0
3580,Bahrain,2020-05-13,10,Deaths,1.0,2.0
3581,Bahrain,2020-05-14,10,Deaths,0.0,2.0
3582,Bahrain,2020-05-15,12,Deaths,2.0,4.0
3583,Bahrain,2020-05-16,12,Deaths,0.0,4.0
3584,Bahrain,2020-05-17,12,Deaths,0.0,4.0
3585,Bahrain,2020-05-18,12,Deaths,0.0,4.0
3586,Bahrain,2020-05-19,12,Deaths,0.0,3.0
3587,Bahrain,2020-05-20,12,Deaths,0.0,2.0
3588,Bahrain,2020-05-21,12,Deaths,0.0,2.0
3589,Bahrain,2020-05-22,12,Deaths,0.0,0.0
3590,Bahrain,2020-05-23,13,Deaths,1.0,1.0
3591,Bahrain,2020-05-24,14,Deaths,1.0,2.0
3592,Bahrain,2020-05-25,14,Deaths,0.0,2.0
3593,Bahrain,2020-05-26,14,Deaths,0.0,2.0
3594,Bahrain,2020-05-27,15,Deaths,1.0,3.0
3595,Bahrain,2020-05-28,15,Deaths,0.0,3.0
3596,Bahrain,2020-05-29,15,Deaths,0.0,3.0
3597,Bahrain,2020-05-30,17,Deaths,2.0,4.0
3598,Bahrain,2020-05-31,19,Deaths,2.0,5.0
3599,Bahrain,2020-06-01,19,Deaths,0.0,5.0
3600,Bahrain,2020-06-02,19,Deaths,0.0,5.0
3601,Bahrain,2020-06-03,20,Deaths,1.0,5.0
3602,Bahrain,2020-06-04,21,Deaths,1.0,6.0
3603,Bahrain,2020-06-05,22,Deaths,1.0,7.0
3604,Bahrain,2020-06-06,24,Deaths,2.0,7.0
3605,Bahrain,2020-06-07,26,Deaths,2.0,7.0
3606,Bahrain,2020-06-08,27,Deaths,1.0,8.0
3607,Bahrain,2020-06-09,29,Deaths,2.0,10.0
3608,Bahrain,2020-06-10,31,Deaths,2.0,11.0
3609,Bahrain,2020-06-11,34,Deaths,3.0,13.0
3610,Bahrain,2020-06-12,36,Deaths,2.0,14.0
3611,Bahrain,2020-06-13,37,Deaths,1.0,13.0
3612,Bahrain,2020-06-14,42,Deaths,5.0,16.0
3613,Bahrain,2020-06-15,46,Deaths,4.0,19.0
3614,Bahrain,2020-06-16,47,Deaths,1.0,18.0
3615,Bahrain,2020-06-17,49,Deaths,2.0,18.0
3616,Bahrain,2020-06-18,55,Deaths,6.0,21.0
3617,Bahrain,2020-06-19,57,Deaths,2.0,21.0
3618,Bahrain,2020-06-20,60,Deaths,3.0,23.0
3619,Bahrain,2020-06-21,63,Deaths,3.0,21.0
3620,Bahrain,2020-06-22,65,Deaths,2.0,19.0
3621,Bahrain,2020-06-23,67,Deaths,2.0,20.0
3622,Bahrain,2020-06-24,69,Deaths,2.0,20.0
3623,Bahrain,2020-06-25,71,Deaths,2.0,16.0
3624,Bahrain,2020-06-26,73,Deaths,2.0,16.0
3625,Bahrain,2020-06-27,78,Deaths,5.0,18.0
3626,Bahrain,2020-06-28,83,Deaths,5.0,20.0
3627,Bahrain,2020-06-29,84,Deaths,1.0,19.0
3628,Bahrain,2020-06-30,87,Deaths,3.0,20.0
3629,Bahrain,2020-07-01,92,Deaths,5.0,23.0
3630,Bahrain,2020-07-02,94,Deaths,2.0,23.0
3631,Bahrain,2020-07-03,95,Deaths,1.0,22.0
3632,Bahrain,2020-07-04,96,Deaths,1.0,18.0
3633,Bahrain,2020-07-05,97,Deaths,1.0,14.0
3634,Bahrain,2020-07-06,98,Deaths,1.0,14.0
3635,Bahrain,2020-07-07,98,Deaths,0.0,11.0
3636,Bahrain,2020-07-08,98,Deaths,0.0,6.0
3637,Bahrain,2020-07-09,103,Deaths,5.0,9.0
3638,Bahrain,2020-07-10,104,Deaths,1.0,9.0
3639,Bahrain,2020-07-11,104,Deaths,0.0,8.0
3640,Bahrain,2020-07-12,108,Deaths,4.0,11.0
3641,Bahrain,2020-07-13,109,Deaths,1.0,11.0
3642,Bahrain,2020-07-14,111,Deaths,2.0,13.0
3643,Bahrain,2020-07-15,117,Deaths,6.0,19.0
3644,Bahrain,2020-07-16,121,Deaths,4.0,18.0
3645,Bahrain,2020-07-17,124,Deaths,3.0,20.0
3646,Bahrain,2020-07-18,124,Deaths,0.0,20.0
3647,Bahrain,2020-07-19,126,Deaths,2.0,18.0
3648,Bahrain,2020-07-20,128,Deaths,2.0,19.0
3649,Bahrain,2020-07-21,129,Deaths,1.0,18.0
3650,Bahrain,2020-07-22,130,Deaths,1.0,13.0
3651,Bahrain,2020-07-23,134,Deaths,4.0,13.0
3652,Bahrain,2020-07-24,136,Deaths,2.0,12.0
3653,Bahrain,2020-07-25,137,Deaths,1.0,13.0
3654,Bahrain,2020-07-26,140,Deaths,3.0,14.0
3655,Bahrain,2020-07-27,141,Deaths,1.0,13.0
3656,Bahrain,2020-07-28,141,Deaths,0.0,12.0
3657,Bahrain,2020-07-29,144,Deaths,3.0,14.0
3658,Bahrain,2020-07-30,146,Deaths,2.0,12.0
3659,Bahrain,2020-07-31,147,Deaths,1.0,11.0
3660,Bahrain,2020-08-01,147,Deaths,0.0,10.0
3661,Bahrain,2020-08-02,147,Deaths,0.0,7.0
3662,Bahrain,2020-08-03,150,Deaths,3.0,9.0
3663,Bahrain,2020-08-04,151,Deaths,1.0,10.0
3664,Bahrain,2020-08-05,154,Deaths,3.0,10.0
3665,Bahrain,2020-08-06,156,Deaths,2.0,10.0
3666,Bahrain,2020-08-07,159,Deaths,3.0,12.0
3667,Bahrain,2020-08-08,161,Deaths,2.0,14.0
3668,Bahrain,2020-08-09,162,Deaths,1.0,15.0
3669,Bahrain,2020-08-10,163,Deaths,1.0,13.0
3670,Bahrain,2020-08-11,165,Deaths,2.0,14.0
3671,Bahrain,2020-08-12,166,Deaths,1.0,12.0
3672,Bahrain,2020-08-13,167,Deaths,1.0,11.0
3673,Bahrain,2020-08-14,168,Deaths,1.0,9.0
3674,Bahrain,2020-08-15,170,Deaths,2.0,9.0
3675,Bahrain,2020-08-16,170,Deaths,0.0,8.0
3676,Bahrain,2020-08-17,173,Deaths,3.0,10.0
3677,Bahrain,2020-08-18,175,Deaths,2.0,10.0
3678,Bahrain,2020-08-19,178,Deaths,3.0,12.0
3679,Bahrain,2020-08-20,179,Deaths,1.0,12.0
3680,Bahrain,2020-08-21,181,Deaths,2.0,13.0
3681,Bahrain,2020-08-22,183,Deaths,2.0,13.0
3682,Bahrain,2020-08-23,184,Deaths,1.0,14.0
3683,Bahrain,2020-08-24,185,Deaths,1.0,12.0
3684,Bahrain,2020-08-25,186,Deaths,1.0,11.0
3685,Bahrain,2020-08-26,186,Deaths,0.0,8.0
3686,Bahrain,2020-08-27,188,Deaths,2.0,9.0
3687,Bahrain,2020-08-28,189,Deaths,1.0,8.0
3688,Bahrain,2020-08-29,189,Deaths,0.0,6.0
3689,Bahrain,2020-08-30,189,Deaths,0.0,5.0
3690,Bahrain,2020-08-31,190,Deaths,1.0,5.0
3691,Bahrain,2020-09-01,190,Deaths,0.0,4.0
3692,Bahrain,2020-09-02,190,Deaths,0.0,4.0
3693,Bahrain,2020-09-03,190,Deaths,0.0,2.0
3694,Bahrain,2020-09-04,195,Deaths,5.0,6.0
3695,Bahrain,2020-09-05,196,Deaths,1.0,7.0
3696,Bahrain,2020-09-06,199,Deaths,3.0,10.0
3697,Bahrain,2020-09-07,200,Deaths,1.0,10.0
3698,Bahrain,2020-09-08,202,Deaths,2.0,12.0
3699,Bahrain,2020-09-09,203,Deaths,1.0,13.0
3700,Bahrain,2020-09-10,207,Deaths,4.0,17.0
3701,Bahrain,2020-09-11,208,Deaths,1.0,13.0
3702,Bahrain,2020-09-12,211,Deaths,3.0,15.0
3703,Bahrain,2020-09-13,212,Deaths,1.0,13.0
3704,Bahrain,2020-09-14,213,Deaths,1.0,13.0
3705,Bahrain,2020-09-15,213,Deaths,0.0,11.0
3706,Bahrain,2020-09-16,216,Deaths,3.0,13.0
3707,Bahrain,2020-09-17,217,Deaths,1.0,10.0
3708,Bahrain,2020-09-18,220,Deaths,3.0,12.0
3709,Bahrain,2020-09-19,221,Deaths,1.0,10.0
3710,Bahrain,2020-09-20,221,Deaths,0.0,9.0
3711,Bahrain,2020-09-21,224,Deaths,3.0,11.0
3712,Bahrain,2020-09-22,227,Deaths,3.0,14.0
3713,Bahrain,2020-09-23,231,Deaths,4.0,15.0
3714,Bahrain,2020-09-24,231,Deaths,0.0,14.0
3715,Bahrain,2020-09-25,236,Deaths,5.0,16.0
3716,Bahrain,2020-09-26,239,Deaths,3.0,18.0
3717,Bahrain,2020-09-27,242,Deaths,3.0,21.0
3718,Bahrain,2020-09-28,245,Deaths,3.0,21.0
3719,Bahrain,2020-09-29,246,Deaths,1.0,19.0
3720,Bahrain,2020-09-30,251,Deaths,5.0,20.0
3721,Bahrain,2020-10-01,254,Deaths,3.0,23.0
3722,Bahrain,2020-10-02,255,Deaths,1.0,19.0
3723,Bahrain,2020-10-03,258,Deaths,3.0,19.0
3724,Bahrain,2020-10-04,260,Deaths,2.0,18.0
3725,Bahrain,2020-10-05,261,Deaths,1.0,16.0
3726,Bahrain,2020-10-06,262,Deaths,1.0,16.0
3727,Bahrain,2020-10-07,262,Deaths,0.0,11.0
3728,Bahrain,2020-10-08,264,Deaths,2.0,10.0
3729,Bahrain,2020-10-09,271,Deaths,7.0,16.0
3730,Bahrain,2020-10-10,273,Deaths,2.0,15.0
3731,Bahrain,2020-10-11,275,Deaths,2.0,15.0
3732,Bahrain,2020-10-12,280,Deaths,5.0,19.0
3733,Bahrain,2020-10-13,285,Deaths,5.0,23.0
3734,Bahrain,2020-10-14,287,Deaths,2.0,25.0
3735,Bahrain,2020-10-15,289,Deaths,2.0,25.0
3736,Bahrain,2020-10-16,292,Deaths,3.0,21.0
3737,Bahrain,2020-10-17,293,Deaths,1.0,20.0
3738,Bahrain,2020-10-18,300,Deaths,7.0,25.0
3739,Bahrain,2020-10-19,302,Deaths,2.0,22.0
3740,Bahrain,2020-10-20,305,Deaths,3.0,20.0
3741,Bahrain,2020-10-21,308,Deaths,3.0,21.0
3742,Bahrain,2020-10-22,308,Deaths,0.0,19.0
3743,Bahrain,2020-10-23,311,Deaths,3.0,19.0
3744,Bahrain,2020-10-24,312,Deaths,1.0,19.0
3745,Bahrain,2020-10-25,312,Deaths,0.0,12.0
3746,Bahrain,2020-10-26,316,Deaths,4.0,14.0
3747,Bahrain,2020-10-27,316,Deaths,0.0,11.0
3748,Bahrain,2020-10-28,317,Deaths,1.0,9.0
3749,Bahrain,2020-10-29,317,Deaths,0.0,9.0
3750,Bahrain,2020-10-30,319,Deaths,2.0,8.0
3751,Bahrain,2020-10-31,321,Deaths,2.0,9.0
3752,Bahrain,2020-11-01,321,Deaths,0.0,9.0
3753,Bahrain,2020-11-02,322,Deaths,1.0,6.0
3754,Bahrain,2020-11-03,324,Deaths,2.0,8.0
3755,Bahrain,2020-11-04,327,Deaths,3.0,10.0
3756,Bahrain,2020-11-05,328,Deaths,1.0,11.0
3757,Bangladesh,2020-01-22,0,Deaths,,
3758,Bangladesh,2020-01-23,0,Deaths,0.0,
3759,Bangladesh,2020-01-24,0,Deaths,0.0,
3760,Bangladesh,2020-01-25,0,Deaths,0.0,
3761,Bangladesh,2020-01-26,0,Deaths,0.0,
3762,Bangladesh,2020-01-27,0,Deaths,0.0,
3763,Bangladesh,2020-01-28,0,Deaths,0.0,
3764,Bangladesh,2020-01-29,0,Deaths,0.0,0.0
3765,Bangladesh,2020-01-30,0,Deaths,0.0,0.0
3766,Bangladesh,2020-01-31,0,Deaths,0.0,0.0
3767,Bangladesh,2020-02-01,0,Deaths,0.0,0.0
3768,Bangladesh,2020-02-02,0,Deaths,0.0,0.0
3769,Bangladesh,2020-02-03,0,Deaths,0.0,0.0
3770,Bangladesh,2020-02-04,0,Deaths,0.0,0.0
3771,Bangladesh,2020-02-05,0,Deaths,0.0,0.0
3772,Bangladesh,2020-02-06,0,Deaths,0.0,0.0
3773,Bangladesh,2020-02-07,0,Deaths,0.0,0.0
3774,Bangladesh,2020-02-08,0,Deaths,0.0,0.0
3775,Bangladesh,2020-02-09,0,Deaths,0.0,0.0
3776,Bangladesh,2020-02-10,0,Deaths,0.0,0.0
3777,Bangladesh,2020-02-11,0,Deaths,0.0,0.0
3778,Bangladesh,2020-02-12,0,Deaths,0.0,0.0
3779,Bangladesh,2020-02-13,0,Deaths,0.0,0.0
3780,Bangladesh,2020-02-14,0,Deaths,0.0,0.0
3781,Bangladesh,2020-02-15,0,Deaths,0.0,0.0
3782,Bangladesh,2020-02-16,0,Deaths,0.0,0.0
3783,Bangladesh,2020-02-17,0,Deaths,0.0,0.0
3784,Bangladesh,2020-02-18,0,Deaths,0.0,0.0
3785,Bangladesh,2020-02-19,0,Deaths,0.0,0.0
3786,Bangladesh,2020-02-20,0,Deaths,0.0,0.0
3787,Bangladesh,2020-02-21,0,Deaths,0.0,0.0
3788,Bangladesh,2020-02-22,0,Deaths,0.0,0.0
3789,Bangladesh,2020-02-23,0,Deaths,0.0,0.0
3790,Bangladesh,2020-02-24,0,Deaths,0.0,0.0
3791,Bangladesh,2020-02-25,0,Deaths,0.0,0.0
3792,Bangladesh,2020-02-26,0,Deaths,0.0,0.0
3793,Bangladesh,2020-02-27,0,Deaths,0.0,0.0
3794,Bangladesh,2020-02-28,0,Deaths,0.0,0.0
3795,Bangladesh,2020-02-29,0,Deaths,0.0,0.0
3796,Bangladesh,2020-03-01,0,Deaths,0.0,0.0
3797,Bangladesh,2020-03-02,0,Deaths,0.0,0.0
3798,Bangladesh,2020-03-03,0,Deaths,0.0,0.0
3799,Bangladesh,2020-03-04,0,Deaths,0.0,0.0
3800,Bangladesh,2020-03-05,0,Deaths,0.0,0.0
3801,Bangladesh,2020-03-06,0,Deaths,0.0,0.0
3802,Bangladesh,2020-03-07,0,Deaths,0.0,0.0
3803,Bangladesh,2020-03-08,0,Deaths,0.0,0.0
3804,Bangladesh,2020-03-09,0,Deaths,0.0,0.0
3805,Bangladesh,2020-03-10,0,Deaths,0.0,0.0
3806,Bangladesh,2020-03-11,0,Deaths,0.0,0.0
3807,Bangladesh,2020-03-12,0,Deaths,0.0,0.0
3808,Bangladesh,2020-03-13,0,Deaths,0.0,0.0
3809,Bangladesh,2020-03-14,0,Deaths,0.0,0.0
3810,Bangladesh,2020-03-15,0,Deaths,0.0,0.0
3811,Bangladesh,2020-03-16,0,Deaths,0.0,0.0
3812,Bangladesh,2020-03-17,0,Deaths,0.0,0.0
3813,Bangladesh,2020-03-18,1,Deaths,1.0,1.0
3814,Bangladesh,2020-03-19,1,Deaths,0.0,1.0
3815,Bangladesh,2020-03-20,1,Deaths,0.0,1.0
3816,Bangladesh,2020-03-21,2,Deaths,1.0,2.0
3817,Bangladesh,2020-03-22,2,Deaths,0.0,2.0
3818,Bangladesh,2020-03-23,3,Deaths,1.0,3.0
3819,Bangladesh,2020-03-24,4,Deaths,1.0,4.0
3820,Bangladesh,2020-03-25,5,Deaths,1.0,4.0
3821,Bangladesh,2020-03-26,5,Deaths,0.0,4.0
3822,Bangladesh,2020-03-27,5,Deaths,0.0,4.0
3823,Bangladesh,2020-03-28,5,Deaths,0.0,3.0
3824,Bangladesh,2020-03-29,5,Deaths,0.0,3.0
3825,Bangladesh,2020-03-30,5,Deaths,0.0,2.0
3826,Bangladesh,2020-03-31,5,Deaths,0.0,1.0
3827,Bangladesh,2020-04-01,6,Deaths,1.0,1.0
3828,Bangladesh,2020-04-02,6,Deaths,0.0,1.0
3829,Bangladesh,2020-04-03,6,Deaths,0.0,1.0
3830,Bangladesh,2020-04-04,8,Deaths,2.0,3.0
3831,Bangladesh,2020-04-05,9,Deaths,1.0,4.0
3832,Bangladesh,2020-04-06,12,Deaths,3.0,7.0
3833,Bangladesh,2020-04-07,17,Deaths,5.0,12.0
3834,Bangladesh,2020-04-08,20,Deaths,3.0,14.0
3835,Bangladesh,2020-04-09,21,Deaths,1.0,15.0
3836,Bangladesh,2020-04-10,27,Deaths,6.0,21.0
3837,Bangladesh,2020-04-11,30,Deaths,3.0,22.0
3838,Bangladesh,2020-04-12,34,Deaths,4.0,25.0
3839,Bangladesh,2020-04-13,39,Deaths,5.0,27.0
3840,Bangladesh,2020-04-14,46,Deaths,7.0,29.0
3841,Bangladesh,2020-04-15,50,Deaths,4.0,30.0
3842,Bangladesh,2020-04-16,60,Deaths,10.0,39.0
3843,Bangladesh,2020-04-17,75,Deaths,15.0,48.0
3844,Bangladesh,2020-04-18,84,Deaths,9.0,54.0
3845,Bangladesh,2020-04-19,91,Deaths,7.0,57.0
3846,Bangladesh,2020-04-20,101,Deaths,10.0,62.0
3847,Bangladesh,2020-04-21,110,Deaths,9.0,64.0
3848,Bangladesh,2020-04-22,120,Deaths,10.0,70.0
3849,Bangladesh,2020-04-23,127,Deaths,7.0,67.0
3850,Bangladesh,2020-04-24,131,Deaths,4.0,56.0
3851,Bangladesh,2020-04-25,140,Deaths,9.0,56.0
3852,Bangladesh,2020-04-26,145,Deaths,5.0,54.0
3853,Bangladesh,2020-04-27,152,Deaths,7.0,51.0
3854,Bangladesh,2020-04-28,155,Deaths,3.0,45.0
3855,Bangladesh,2020-04-29,163,Deaths,8.0,43.0
3856,Bangladesh,2020-04-30,168,Deaths,5.0,41.0
3857,Bangladesh,2020-05-01,170,Deaths,2.0,39.0
3858,Bangladesh,2020-05-02,175,Deaths,5.0,35.0
3859,Bangladesh,2020-05-03,177,Deaths,2.0,32.0
3860,Bangladesh,2020-05-04,182,Deaths,5.0,30.0
3861,Bangladesh,2020-05-05,183,Deaths,1.0,28.0
3862,Bangladesh,2020-05-06,186,Deaths,3.0,23.0
3863,Bangladesh,2020-05-07,199,Deaths,13.0,31.0
3864,Bangladesh,2020-05-08,206,Deaths,7.0,36.0
3865,Bangladesh,2020-05-09,214,Deaths,8.0,39.0
3866,Bangladesh,2020-05-10,228,Deaths,14.0,51.0
3867,Bangladesh,2020-05-11,239,Deaths,11.0,57.0
3868,Bangladesh,2020-05-12,250,Deaths,11.0,67.0
3869,Bangladesh,2020-05-13,269,Deaths,19.0,83.0
3870,Bangladesh,2020-05-14,283,Deaths,14.0,84.0
3871,Bangladesh,2020-05-15,298,Deaths,15.0,92.0
3872,Bangladesh,2020-05-16,314,Deaths,16.0,100.0
3873,Bangladesh,2020-05-17,328,Deaths,14.0,100.0
3874,Bangladesh,2020-05-18,349,Deaths,21.0,110.0
3875,Bangladesh,2020-05-19,370,Deaths,21.0,120.0
3876,Bangladesh,2020-05-20,386,Deaths,16.0,117.0
3877,Bangladesh,2020-05-21,408,Deaths,22.0,125.0
3878,Bangladesh,2020-05-22,432,Deaths,24.0,134.0
3879,Bangladesh,2020-05-23,452,Deaths,20.0,138.0
3880,Bangladesh,2020-05-24,480,Deaths,28.0,152.0
3881,Bangladesh,2020-05-25,501,Deaths,21.0,152.0
3882,Bangladesh,2020-05-26,522,Deaths,21.0,152.0
3883,Bangladesh,2020-05-27,544,Deaths,22.0,158.0
3884,Bangladesh,2020-05-28,559,Deaths,15.0,151.0
3885,Bangladesh,2020-05-29,582,Deaths,23.0,150.0
3886,Bangladesh,2020-05-30,610,Deaths,28.0,158.0
3887,Bangladesh,2020-05-31,650,Deaths,40.0,170.0
3888,Bangladesh,2020-06-01,672,Deaths,22.0,171.0
3889,Bangladesh,2020-06-02,709,Deaths,37.0,187.0
3890,Bangladesh,2020-06-03,746,Deaths,37.0,202.0
3891,Bangladesh,2020-06-04,781,Deaths,35.0,222.0
3892,Bangladesh,2020-06-05,811,Deaths,30.0,229.0
3893,Bangladesh,2020-06-06,846,Deaths,35.0,236.0
3894,Bangladesh,2020-06-07,888,Deaths,42.0,238.0
3895,Bangladesh,2020-06-08,930,Deaths,42.0,258.0
3896,Bangladesh,2020-06-09,975,Deaths,45.0,266.0
3897,Bangladesh,2020-06-10,1012,Deaths,37.0,266.0
3898,Bangladesh,2020-06-11,1049,Deaths,37.0,268.0
3899,Bangladesh,2020-06-12,1095,Deaths,46.0,284.0
3900,Bangladesh,2020-06-13,1139,Deaths,44.0,293.0
3901,Bangladesh,2020-06-14,1171,Deaths,32.0,283.0
3902,Bangladesh,2020-06-15,1209,Deaths,38.0,279.0
3903,Bangladesh,2020-06-16,1262,Deaths,53.0,287.0
3904,Bangladesh,2020-06-17,1305,Deaths,43.0,293.0
3905,Bangladesh,2020-06-18,1343,Deaths,38.0,294.0
3906,Bangladesh,2020-06-19,1388,Deaths,45.0,293.0
3907,Bangladesh,2020-06-20,1425,Deaths,37.0,286.0
3908,Bangladesh,2020-06-21,1464,Deaths,39.0,293.0
3909,Bangladesh,2020-06-22,1502,Deaths,38.0,293.0
3910,Bangladesh,2020-06-23,1545,Deaths,43.0,283.0
3911,Bangladesh,2020-06-24,1582,Deaths,37.0,277.0
3912,Bangladesh,2020-06-25,1621,Deaths,39.0,278.0
3913,Bangladesh,2020-06-26,1661,Deaths,40.0,273.0
3914,Bangladesh,2020-06-27,1695,Deaths,34.0,270.0
3915,Bangladesh,2020-06-28,1738,Deaths,43.0,274.0
3916,Bangladesh,2020-06-29,1783,Deaths,45.0,281.0
3917,Bangladesh,2020-06-30,1847,Deaths,64.0,302.0
3918,Bangladesh,2020-07-01,1888,Deaths,41.0,306.0
3919,Bangladesh,2020-07-02,1926,Deaths,38.0,305.0
3920,Bangladesh,2020-07-03,1968,Deaths,42.0,307.0
3921,Bangladesh,2020-07-04,1997,Deaths,29.0,302.0
3922,Bangladesh,2020-07-05,2052,Deaths,55.0,314.0
3923,Bangladesh,2020-07-06,2096,Deaths,44.0,313.0
3924,Bangladesh,2020-07-07,2151,Deaths,55.0,304.0
3925,Bangladesh,2020-07-08,2197,Deaths,46.0,309.0
3926,Bangladesh,2020-07-09,2238,Deaths,41.0,312.0
3927,Bangladesh,2020-07-10,2275,Deaths,37.0,307.0
3928,Bangladesh,2020-07-11,2305,Deaths,30.0,308.0
3929,Bangladesh,2020-07-12,2352,Deaths,47.0,300.0
3930,Bangladesh,2020-07-13,2391,Deaths,39.0,295.0
3931,Bangladesh,2020-07-14,2424,Deaths,33.0,273.0
3932,Bangladesh,2020-07-15,2457,Deaths,33.0,260.0
3933,Bangladesh,2020-07-16,2496,Deaths,39.0,258.0
3934,Bangladesh,2020-07-17,2547,Deaths,51.0,272.0
3935,Bangladesh,2020-07-18,2581,Deaths,34.0,276.0
3936,Bangladesh,2020-07-19,2618,Deaths,37.0,266.0
3937,Bangladesh,2020-07-20,2668,Deaths,50.0,277.0
3938,Bangladesh,2020-07-21,2709,Deaths,41.0,285.0
3939,Bangladesh,2020-07-22,2751,Deaths,42.0,294.0
3940,Bangladesh,2020-07-23,2801,Deaths,50.0,305.0
3941,Bangladesh,2020-07-24,2836,Deaths,35.0,289.0
3942,Bangladesh,2020-07-25,2874,Deaths,38.0,293.0
3943,Bangladesh,2020-07-26,2928,Deaths,54.0,310.0
3944,Bangladesh,2020-07-27,2965,Deaths,37.0,297.0
3945,Bangladesh,2020-07-28,3000,Deaths,35.0,291.0
3946,Bangladesh,2020-07-29,3035,Deaths,35.0,284.0
3947,Bangladesh,2020-07-30,3083,Deaths,48.0,282.0
3948,Bangladesh,2020-07-31,3111,Deaths,28.0,275.0
3949,Bangladesh,2020-08-01,3132,Deaths,21.0,258.0
3950,Bangladesh,2020-08-02,3154,Deaths,22.0,226.0
3951,Bangladesh,2020-08-03,3184,Deaths,30.0,219.0
3952,Bangladesh,2020-08-04,3234,Deaths,50.0,234.0
3953,Bangladesh,2020-08-05,3267,Deaths,33.0,232.0
3954,Bangladesh,2020-08-06,3306,Deaths,39.0,223.0
3955,Bangladesh,2020-08-07,3333,Deaths,27.0,222.0
3956,Bangladesh,2020-08-08,3365,Deaths,32.0,233.0
3957,Bangladesh,2020-08-09,3399,Deaths,34.0,245.0
3958,Bangladesh,2020-08-10,3438,Deaths,39.0,254.0
3959,Bangladesh,2020-08-11,3471,Deaths,33.0,237.0
3960,Bangladesh,2020-08-12,3513,Deaths,42.0,246.0
3961,Bangladesh,2020-08-13,3557,Deaths,44.0,251.0
3962,Bangladesh,2020-08-14,3591,Deaths,34.0,258.0
3963,Bangladesh,2020-08-15,3625,Deaths,34.0,260.0
3964,Bangladesh,2020-08-16,3657,Deaths,32.0,258.0
3965,Bangladesh,2020-08-17,3694,Deaths,37.0,256.0
3966,Bangladesh,2020-08-18,3740,Deaths,46.0,269.0
3967,Bangladesh,2020-08-19,3781,Deaths,41.0,268.0
3968,Bangladesh,2020-08-20,3822,Deaths,41.0,265.0
3969,Bangladesh,2020-08-21,3861,Deaths,39.0,270.0
3970,Bangladesh,2020-08-22,3907,Deaths,46.0,282.0
3971,Bangladesh,2020-08-23,3941,Deaths,34.0,284.0
3972,Bangladesh,2020-08-24,3983,Deaths,42.0,289.0
3973,Bangladesh,2020-08-25,4028,Deaths,45.0,288.0
3974,Bangladesh,2020-08-26,4082,Deaths,54.0,301.0
3975,Bangladesh,2020-08-27,4127,Deaths,45.0,305.0
3976,Bangladesh,2020-08-28,4174,Deaths,47.0,313.0
3977,Bangladesh,2020-08-29,4206,Deaths,32.0,299.0
3978,Bangladesh,2020-08-30,4248,Deaths,42.0,307.0
3979,Bangladesh,2020-08-31,4281,Deaths,33.0,298.0
3980,Bangladesh,2020-09-01,4316,Deaths,35.0,288.0
3981,Bangladesh,2020-09-02,4351,Deaths,35.0,269.0
3982,Bangladesh,2020-09-03,4383,Deaths,32.0,256.0
3983,Bangladesh,2020-09-04,4412,Deaths,29.0,238.0
3984,Bangladesh,2020-09-05,4447,Deaths,35.0,241.0
3985,Bangladesh,2020-09-06,4479,Deaths,32.0,231.0
3986,Bangladesh,2020-09-07,4516,Deaths,37.0,235.0
3987,Bangladesh,2020-09-08,4552,Deaths,36.0,236.0
3988,Bangladesh,2020-09-09,4593,Deaths,41.0,242.0
3989,Bangladesh,2020-09-10,4634,Deaths,41.0,251.0
3990,Bangladesh,2020-09-11,4668,Deaths,34.0,256.0
3991,Bangladesh,2020-09-12,4702,Deaths,34.0,255.0
3992,Bangladesh,2020-09-13,4733,Deaths,31.0,254.0
3993,Bangladesh,2020-09-14,4759,Deaths,26.0,243.0
3994,Bangladesh,2020-09-15,4802,Deaths,43.0,250.0
3995,Bangladesh,2020-09-16,4823,Deaths,21.0,230.0
3996,Bangladesh,2020-09-17,4859,Deaths,36.0,225.0
3997,Bangladesh,2020-09-18,4881,Deaths,22.0,213.0
3998,Bangladesh,2020-09-19,4913,Deaths,32.0,211.0
3999,Bangladesh,2020-09-20,4939,Deaths,26.0,206.0
4000,Bangladesh,2020-09-21,4979,Deaths,40.0,220.0
4001,Bangladesh,2020-09-22,5007,Deaths,28.0,205.0
4002,Bangladesh,2020-09-23,5044,Deaths,37.0,221.0
4003,Bangladesh,2020-09-24,5072,Deaths,28.0,213.0
4004,Bangladesh,2020-09-25,5093,Deaths,21.0,212.0
4005,Bangladesh,2020-09-26,5129,Deaths,36.0,216.0
4006,Bangladesh,2020-09-27,5161,Deaths,32.0,222.0
4007,Bangladesh,2020-09-28,5193,Deaths,32.0,214.0
4008,Bangladesh,2020-09-29,5219,Deaths,26.0,212.0
4009,Bangladesh,2020-09-30,5251,Deaths,32.0,207.0
4010,Bangladesh,2020-10-01,5272,Deaths,21.0,200.0
4011,Bangladesh,2020-10-02,5305,Deaths,33.0,212.0
4012,Bangladesh,2020-10-03,5325,Deaths,20.0,196.0
4013,Bangladesh,2020-10-04,5348,Deaths,23.0,187.0
4014,Bangladesh,2020-10-05,5375,Deaths,27.0,182.0
4015,Bangladesh,2020-10-06,5405,Deaths,30.0,186.0
4016,Bangladesh,2020-10-07,5440,Deaths,35.0,189.0
4017,Bangladesh,2020-10-08,5460,Deaths,20.0,188.0
4018,Bangladesh,2020-10-09,5477,Deaths,17.0,172.0
4019,Bangladesh,2020-10-10,5500,Deaths,23.0,175.0
4020,Bangladesh,2020-10-11,5524,Deaths,24.0,176.0
4021,Bangladesh,2020-10-12,5555,Deaths,31.0,180.0
4022,Bangladesh,2020-10-13,5577,Deaths,22.0,172.0
4023,Bangladesh,2020-10-14,5593,Deaths,16.0,153.0
4024,Bangladesh,2020-10-15,5608,Deaths,15.0,148.0
4025,Bangladesh,2020-10-16,5623,Deaths,15.0,146.0
4026,Bangladesh,2020-10-17,5646,Deaths,23.0,146.0
4027,Bangladesh,2020-10-18,5660,Deaths,14.0,136.0
4028,Bangladesh,2020-10-19,5681,Deaths,21.0,126.0
4029,Bangladesh,2020-10-20,5699,Deaths,18.0,122.0
4030,Bangladesh,2020-10-21,5723,Deaths,24.0,130.0
4031,Bangladesh,2020-10-22,5747,Deaths,24.0,139.0
4032,Bangladesh,2020-10-23,5761,Deaths,14.0,138.0
4033,Bangladesh,2020-10-24,5780,Deaths,19.0,134.0
4034,Bangladesh,2020-10-25,5803,Deaths,23.0,143.0
4035,Bangladesh,2020-10-26,5818,Deaths,15.0,137.0
4036,Bangladesh,2020-10-27,5838,Deaths,20.0,139.0
4037,Bangladesh,2020-10-28,5861,Deaths,23.0,138.0
4038,Bangladesh,2020-10-29,5886,Deaths,25.0,139.0
4039,Bangladesh,2020-10-30,5905,Deaths,19.0,144.0
4040,Bangladesh,2020-10-31,5923,Deaths,18.0,143.0
4041,Bangladesh,2020-11-01,5941,Deaths,18.0,138.0
4042,Bangladesh,2020-11-02,5966,Deaths,25.0,148.0
4043,Bangladesh,2020-11-03,5983,Deaths,17.0,145.0
4044,Bangladesh,2020-11-04,6004,Deaths,21.0,143.0
4045,Bangladesh,2020-11-05,6021,Deaths,17.0,135.0
4046,Barbados,2020-01-22,0,Deaths,,
4047,Barbados,2020-01-23,0,Deaths,0.0,
4048,Barbados,2020-01-24,0,Deaths,0.0,
4049,Barbados,2020-01-25,0,Deaths,0.0,
4050,Barbados,2020-01-26,0,Deaths,0.0,
4051,Barbados,2020-01-27,0,Deaths,0.0,
4052,Barbados,2020-01-28,0,Deaths,0.0,
4053,Barbados,2020-01-29,0,Deaths,0.0,0.0
4054,Barbados,2020-01-30,0,Deaths,0.0,0.0
4055,Barbados,2020-01-31,0,Deaths,0.0,0.0
4056,Barbados,2020-02-01,0,Deaths,0.0,0.0
4057,Barbados,2020-02-02,0,Deaths,0.0,0.0
4058,Barbados,2020-02-03,0,Deaths,0.0,0.0
4059,Barbados,2020-02-04,0,Deaths,0.0,0.0
4060,Barbados,2020-02-05,0,Deaths,0.0,0.0
4061,Barbados,2020-02-06,0,Deaths,0.0,0.0
4062,Barbados,2020-02-07,0,Deaths,0.0,0.0
4063,Barbados,2020-02-08,0,Deaths,0.0,0.0
4064,Barbados,2020-02-09,0,Deaths,0.0,0.0
4065,Barbados,2020-02-10,0,Deaths,0.0,0.0
4066,Barbados,2020-02-11,0,Deaths,0.0,0.0
4067,Barbados,2020-02-12,0,Deaths,0.0,0.0
4068,Barbados,2020-02-13,0,Deaths,0.0,0.0
4069,Barbados,2020-02-14,0,Deaths,0.0,0.0
4070,Barbados,2020-02-15,0,Deaths,0.0,0.0
4071,Barbados,2020-02-16,0,Deaths,0.0,0.0
4072,Barbados,2020-02-17,0,Deaths,0.0,0.0
4073,Barbados,2020-02-18,0,Deaths,0.0,0.0
4074,Barbados,2020-02-19,0,Deaths,0.0,0.0
4075,Barbados,2020-02-20,0,Deaths,0.0,0.0
4076,Barbados,2020-02-21,0,Deaths,0.0,0.0
4077,Barbados,2020-02-22,0,Deaths,0.0,0.0
4078,Barbados,2020-02-23,0,Deaths,0.0,0.0
4079,Barbados,2020-02-24,0,Deaths,0.0,0.0
4080,Barbados,2020-02-25,0,Deaths,0.0,0.0
4081,Barbados,2020-02-26,0,Deaths,0.0,0.0
4082,Barbados,2020-02-27,0,Deaths,0.0,0.0
4083,Barbados,2020-02-28,0,Deaths,0.0,0.0
4084,Barbados,2020-02-29,0,Deaths,0.0,0.0
4085,Barbados,2020-03-01,0,Deaths,0.0,0.0
4086,Barbados,2020-03-02,0,Deaths,0.0,0.0
4087,Barbados,2020-03-03,0,Deaths,0.0,0.0
4088,Barbados,2020-03-04,0,Deaths,0.0,0.0
4089,Barbados,2020-03-05,0,Deaths,0.0,0.0
4090,Barbados,2020-03-06,0,Deaths,0.0,0.0
4091,Barbados,2020-03-07,0,Deaths,0.0,0.0
4092,Barbados,2020-03-08,0,Deaths,0.0,0.0
4093,Barbados,2020-03-09,0,Deaths,0.0,0.0
4094,Barbados,2020-03-10,0,Deaths,0.0,0.0
4095,Barbados,2020-03-11,0,Deaths,0.0,0.0
4096,Barbados,2020-03-12,0,Deaths,0.0,0.0
4097,Barbados,2020-03-13,0,Deaths,0.0,0.0
4098,Barbados,2020-03-14,0,Deaths,0.0,0.0
4099,Barbados,2020-03-15,0,Deaths,0.0,0.0
4100,Barbados,2020-03-16,0,Deaths,0.0,0.0
4101,Barbados,2020-03-17,0,Deaths,0.0,0.0
4102,Barbados,2020-03-18,0,Deaths,0.0,0.0
4103,Barbados,2020-03-19,0,Deaths,0.0,0.0
4104,Barbados,2020-03-20,0,Deaths,0.0,0.0
4105,Barbados,2020-03-21,0,Deaths,0.0,0.0
4106,Barbados,2020-03-22,0,Deaths,0.0,0.0
4107,Barbados,2020-03-23,0,Deaths,0.0,0.0
4108,Barbados,2020-03-24,0,Deaths,0.0,0.0
4109,Barbados,2020-03-25,0,Deaths,0.0,0.0
4110,Barbados,2020-03-26,0,Deaths,0.0,0.0
4111,Barbados,2020-03-27,0,Deaths,0.0,0.0
4112,Barbados,2020-03-28,0,Deaths,0.0,0.0
4113,Barbados,2020-03-29,0,Deaths,0.0,0.0
4114,Barbados,2020-03-30,0,Deaths,0.0,0.0
4115,Barbados,2020-03-31,0,Deaths,0.0,0.0
4116,Barbados,2020-04-01,0,Deaths,0.0,0.0
4117,Barbados,2020-04-02,0,Deaths,0.0,0.0
4118,Barbados,2020-04-03,0,Deaths,0.0,0.0
4119,Barbados,2020-04-04,0,Deaths,0.0,0.0
4120,Barbados,2020-04-05,1,Deaths,1.0,1.0
4121,Barbados,2020-04-06,2,Deaths,1.0,2.0
4122,Barbados,2020-04-07,3,Deaths,1.0,3.0
4123,Barbados,2020-04-08,3,Deaths,0.0,3.0
4124,Barbados,2020-04-09,3,Deaths,0.0,3.0
4125,Barbados,2020-04-10,4,Deaths,1.0,4.0
4126,Barbados,2020-04-11,4,Deaths,0.0,4.0
4127,Barbados,2020-04-12,4,Deaths,0.0,3.0
4128,Barbados,2020-04-13,4,Deaths,0.0,2.0
4129,Barbados,2020-04-14,4,Deaths,0.0,1.0
4130,Barbados,2020-04-15,5,Deaths,1.0,2.0
4131,Barbados,2020-04-16,5,Deaths,0.0,2.0
4132,Barbados,2020-04-17,5,Deaths,0.0,1.0
4133,Barbados,2020-04-18,5,Deaths,0.0,1.0
4134,Barbados,2020-04-19,5,Deaths,0.0,1.0
4135,Barbados,2020-04-20,5,Deaths,0.0,1.0
4136,Barbados,2020-04-21,5,Deaths,0.0,1.0
4137,Barbados,2020-04-22,5,Deaths,0.0,0.0
4138,Barbados,2020-04-23,6,Deaths,1.0,1.0
4139,Barbados,2020-04-24,6,Deaths,0.0,1.0
4140,Barbados,2020-04-25,6,Deaths,0.0,1.0
4141,Barbados,2020-04-26,6,Deaths,0.0,1.0
4142,Barbados,2020-04-27,6,Deaths,0.0,1.0
4143,Barbados,2020-04-28,6,Deaths,0.0,1.0
4144,Barbados,2020-04-29,7,Deaths,1.0,2.0
4145,Barbados,2020-04-30,7,Deaths,0.0,1.0
4146,Barbados,2020-05-01,7,Deaths,0.0,1.0
4147,Barbados,2020-05-02,7,Deaths,0.0,1.0
4148,Barbados,2020-05-03,7,Deaths,0.0,1.0
4149,Barbados,2020-05-04,7,Deaths,0.0,1.0
4150,Barbados,2020-05-05,7,Deaths,0.0,1.0
4151,Barbados,2020-05-06,7,Deaths,0.0,0.0
4152,Barbados,2020-05-07,7,Deaths,0.0,0.0
4153,Barbados,2020-05-08,7,Deaths,0.0,0.0
4154,Barbados,2020-05-09,7,Deaths,0.0,0.0
4155,Barbados,2020-05-10,7,Deaths,0.0,0.0
4156,Barbados,2020-05-11,7,Deaths,0.0,0.0
4157,Barbados,2020-05-12,7,Deaths,0.0,0.0
4158,Barbados,2020-05-13,7,Deaths,0.0,0.0
4159,Barbados,2020-05-14,7,Deaths,0.0,0.0
4160,Barbados,2020-05-15,7,Deaths,0.0,0.0
4161,Barbados,2020-05-16,7,Deaths,0.0,0.0
4162,Barbados,2020-05-17,7,Deaths,0.0,0.0
4163,Barbados,2020-05-18,7,Deaths,0.0,0.0
4164,Barbados,2020-05-19,7,Deaths,0.0,0.0
4165,Barbados,2020-05-20,7,Deaths,0.0,0.0
4166,Barbados,2020-05-21,7,Deaths,0.0,0.0
4167,Barbados,2020-05-22,7,Deaths,0.0,0.0
4168,Barbados,2020-05-23,7,Deaths,0.0,0.0
4169,Barbados,2020-05-24,7,Deaths,0.0,0.0
4170,Barbados,2020-05-25,7,Deaths,0.0,0.0
4171,Barbados,2020-05-26,7,Deaths,0.0,0.0
4172,Barbados,2020-05-27,7,Deaths,0.0,0.0
4173,Barbados,2020-05-28,7,Deaths,0.0,0.0
4174,Barbados,2020-05-29,7,Deaths,0.0,0.0
4175,Barbados,2020-05-30,7,Deaths,0.0,0.0
4176,Barbados,2020-05-31,7,Deaths,0.0,0.0
4177,Barbados,2020-06-01,7,Deaths,0.0,0.0
4178,Barbados,2020-06-02,7,Deaths,0.0,0.0
4179,Barbados,2020-06-03,7,Deaths,0.0,0.0
4180,Barbados,2020-06-04,7,Deaths,0.0,0.0
4181,Barbados,2020-06-05,7,Deaths,0.0,0.0
4182,Barbados,2020-06-06,7,Deaths,0.0,0.0
4183,Barbados,2020-06-07,7,Deaths,0.0,0.0
4184,Barbados,2020-06-08,7,Deaths,0.0,0.0
4185,Barbados,2020-06-09,7,Deaths,0.0,0.0
4186,Barbados,2020-06-10,7,Deaths,0.0,0.0
4187,Barbados,2020-06-11,7,Deaths,0.0,0.0
4188,Barbados,2020-06-12,7,Deaths,0.0,0.0
4189,Barbados,2020-06-13,7,Deaths,0.0,0.0
4190,Barbados,2020-06-14,7,Deaths,0.0,0.0
4191,Barbados,2020-06-15,7,Deaths,0.0,0.0
4192,Barbados,2020-06-16,7,Deaths,0.0,0.0
4193,Barbados,2020-06-17,7,Deaths,0.0,0.0
4194,Barbados,2020-06-18,7,Deaths,0.0,0.0
4195,Barbados,2020-06-19,7,Deaths,0.0,0.0
4196,Barbados,2020-06-20,7,Deaths,0.0,0.0
4197,Barbados,2020-06-21,7,Deaths,0.0,0.0
4198,Barbados,2020-06-22,7,Deaths,0.0,0.0
4199,Barbados,2020-06-23,7,Deaths,0.0,0.0
4200,Barbados,2020-06-24,7,Deaths,0.0,0.0
4201,Barbados,2020-06-25,7,Deaths,0.0,0.0
4202,Barbados,2020-06-26,7,Deaths,0.0,0.0
4203,Barbados,2020-06-27,7,Deaths,0.0,0.0
4204,Barbados,2020-06-28,7,Deaths,0.0,0.0
4205,Barbados,2020-06-29,7,Deaths,0.0,0.0
4206,Barbados,2020-06-30,7,Deaths,0.0,0.0
4207,Barbados,2020-07-01,7,Deaths,0.0,0.0
4208,Barbados,2020-07-02,7,Deaths,0.0,0.0
4209,Barbados,2020-07-03,7,Deaths,0.0,0.0
4210,Barbados,2020-07-04,7,Deaths,0.0,0.0
4211,Barbados,2020-07-05,7,Deaths,0.0,0.0
4212,Barbados,2020-07-06,7,Deaths,0.0,0.0
4213,Barbados,2020-07-07,7,Deaths,0.0,0.0
4214,Barbados,2020-07-08,7,Deaths,0.0,0.0
4215,Barbados,2020-07-09,7,Deaths,0.0,0.0
4216,Barbados,2020-07-10,7,Deaths,0.0,0.0
4217,Barbados,2020-07-11,7,Deaths,0.0,0.0
4218,Barbados,2020-07-12,7,Deaths,0.0,0.0
4219,Barbados,2020-07-13,7,Deaths,0.0,0.0
4220,Barbados,2020-07-14,7,Deaths,0.0,0.0
4221,Barbados,2020-07-15,7,Deaths,0.0,0.0
4222,Barbados,2020-07-16,7,Deaths,0.0,0.0
4223,Barbados,2020-07-17,7,Deaths,0.0,0.0
4224,Barbados,2020-07-18,7,Deaths,0.0,0.0
4225,Barbados,2020-07-19,7,Deaths,0.0,0.0
4226,Barbados,2020-07-20,7,Deaths,0.0,0.0
4227,Barbados,2020-07-21,7,Deaths,0.0,0.0
4228,Barbados,2020-07-22,7,Deaths,0.0,0.0
4229,Barbados,2020-07-23,7,Deaths,0.0,0.0
4230,Barbados,2020-07-24,7,Deaths,0.0,0.0
4231,Barbados,2020-07-25,7,Deaths,0.0,0.0
4232,Barbados,2020-07-26,7,Deaths,0.0,0.0
4233,Barbados,2020-07-27,7,Deaths,0.0,0.0
4234,Barbados,2020-07-28,7,Deaths,0.0,0.0
4235,Barbados,2020-07-29,7,Deaths,0.0,0.0
4236,Barbados,2020-07-30,7,Deaths,0.0,0.0
4237,Barbados,2020-07-31,7,Deaths,0.0,0.0
4238,Barbados,2020-08-01,7,Deaths,0.0,0.0
4239,Barbados,2020-08-02,7,Deaths,0.0,0.0
4240,Barbados,2020-08-03,7,Deaths,0.0,0.0
4241,Barbados,2020-08-04,7,Deaths,0.0,0.0
4242,Barbados,2020-08-05,7,Deaths,0.0,0.0
4243,Barbados,2020-08-06,7,Deaths,0.0,0.0
4244,Barbados,2020-08-07,7,Deaths,0.0,0.0
4245,Barbados,2020-08-08,7,Deaths,0.0,0.0
4246,Barbados,2020-08-09,7,Deaths,0.0,0.0
4247,Barbados,2020-08-10,7,Deaths,0.0,0.0
4248,Barbados,2020-08-11,7,Deaths,0.0,0.0
4249,Barbados,2020-08-12,7,Deaths,0.0,0.0
4250,Barbados,2020-08-13,7,Deaths,0.0,0.0
4251,Barbados,2020-08-14,7,Deaths,0.0,0.0
4252,Barbados,2020-08-15,7,Deaths,0.0,0.0
4253,Barbados,2020-08-16,7,Deaths,0.0,0.0
4254,Barbados,2020-08-17,7,Deaths,0.0,0.0
4255,Barbados,2020-08-18,7,Deaths,0.0,0.0
4256,Barbados,2020-08-19,7,Deaths,0.0,0.0
4257,Barbados,2020-08-20,7,Deaths,0.0,0.0
4258,Barbados,2020-08-21,7,Deaths,0.0,0.0
4259,Barbados,2020-08-22,7,Deaths,0.0,0.0
4260,Barbados,2020-08-23,7,Deaths,0.0,0.0
4261,Barbados,2020-08-24,7,Deaths,0.0,0.0
4262,Barbados,2020-08-25,7,Deaths,0.0,0.0
4263,Barbados,2020-08-26,7,Deaths,0.0,0.0
4264,Barbados,2020-08-27,7,Deaths,0.0,0.0
4265,Barbados,2020-08-28,7,Deaths,0.0,0.0
4266,Barbados,2020-08-29,7,Deaths,0.0,0.0
4267,Barbados,2020-08-30,7,Deaths,0.0,0.0
4268,Barbados,2020-08-31,7,Deaths,0.0,0.0
4269,Barbados,2020-09-01,7,Deaths,0.0,0.0
4270,Barbados,2020-09-02,7,Deaths,0.0,0.0
4271,Barbados,2020-09-03,7,Deaths,0.0,0.0
4272,Barbados,2020-09-04,7,Deaths,0.0,0.0
4273,Barbados,2020-09-05,7,Deaths,0.0,0.0
4274,Barbados,2020-09-06,7,Deaths,0.0,0.0
4275,Barbados,2020-09-07,7,Deaths,0.0,0.0
4276,Barbados,2020-09-08,7,Deaths,0.0,0.0
4277,Barbados,2020-09-09,7,Deaths,0.0,0.0
4278,Barbados,2020-09-10,7,Deaths,0.0,0.0
4279,Barbados,2020-09-11,7,Deaths,0.0,0.0
4280,Barbados,2020-09-12,7,Deaths,0.0,0.0
4281,Barbados,2020-09-13,7,Deaths,0.0,0.0
4282,Barbados,2020-09-14,7,Deaths,0.0,0.0
4283,Barbados,2020-09-15,7,Deaths,0.0,0.0
4284,Barbados,2020-09-16,7,Deaths,0.0,0.0
4285,Barbados,2020-09-17,7,Deaths,0.0,0.0
4286,Barbados,2020-09-18,7,Deaths,0.0,0.0
4287,Barbados,2020-09-19,7,Deaths,0.0,0.0
4288,Barbados,2020-09-20,7,Deaths,0.0,0.0
4289,Barbados,2020-09-21,7,Deaths,0.0,0.0
4290,Barbados,2020-09-22,7,Deaths,0.0,0.0
4291,Barbados,2020-09-23,7,Deaths,0.0,0.0
4292,Barbados,2020-09-24,7,Deaths,0.0,0.0
4293,Barbados,2020-09-25,7,Deaths,0.0,0.0
4294,Barbados,2020-09-26,7,Deaths,0.0,0.0
4295,Barbados,2020-09-27,7,Deaths,0.0,0.0
4296,Barbados,2020-09-28,7,Deaths,0.0,0.0
4297,Barbados,2020-09-29,7,Deaths,0.0,0.0
4298,Barbados,2020-09-30,7,Deaths,0.0,0.0
4299,Barbados,2020-10-01,7,Deaths,0.0,0.0
4300,Barbados,2020-10-02,7,Deaths,0.0,0.0
4301,Barbados,2020-10-03,7,Deaths,0.0,0.0
4302,Barbados,2020-10-04,7,Deaths,0.0,0.0
4303,Barbados,2020-10-05,7,Deaths,0.0,0.0
4304,Barbados,2020-10-06,7,Deaths,0.0,0.0
4305,Barbados,2020-10-07,7,Deaths,0.0,0.0
4306,Barbados,2020-10-08,7,Deaths,0.0,0.0
4307,Barbados,2020-10-09,7,Deaths,0.0,0.0
4308,Barbados,2020-10-10,7,Deaths,0.0,0.0
4309,Barbados,2020-10-11,7,Deaths,0.0,0.0
4310,Barbados,2020-10-12,7,Deaths,0.0,0.0
4311,Barbados,2020-10-13,7,Deaths,0.0,0.0
4312,Barbados,2020-10-14,7,Deaths,0.0,0.0
4313,Barbados,2020-10-15,7,Deaths,0.0,0.0
4314,Barbados,2020-10-16,7,Deaths,0.0,0.0
4315,Barbados,2020-10-17,7,Deaths,0.0,0.0
4316,Barbados,2020-10-18,7,Deaths,0.0,0.0
4317,Barbados,2020-10-19,7,Deaths,0.0,0.0
4318,Barbados,2020-10-20,7,Deaths,0.0,0.0
4319,Barbados,2020-10-21,7,Deaths,0.0,0.0
4320,Barbados,2020-10-22,7,Deaths,0.0,0.0
4321,Barbados,2020-10-23,7,Deaths,0.0,0.0
4322,Barbados,2020-10-24,7,Deaths,0.0,0.0
4323,Barbados,2020-10-25,7,Deaths,0.0,0.0
4324,Barbados,2020-10-26,7,Deaths,0.0,0.0
4325,Barbados,2020-10-27,7,Deaths,0.0,0.0
4326,Barbados,2020-10-28,7,Deaths,0.0,0.0
4327,Barbados,2020-10-29,7,Deaths,0.0,0.0
4328,Barbados,2020-10-30,7,Deaths,0.0,0.0
4329,Barbados,2020-10-31,7,Deaths,0.0,0.0
4330,Barbados,2020-11-01,7,Deaths,0.0,0.0
4331,Barbados,2020-11-02,7,Deaths,0.0,0.0
4332,Barbados,2020-11-03,7,Deaths,0.0,0.0
4333,Barbados,2020-11-04,7,Deaths,0.0,0.0
4334,Barbados,2020-11-05,7,Deaths,0.0,0.0
4335,Belarus,2020-01-22,0,Deaths,,
4336,Belarus,2020-01-23,0,Deaths,0.0,
4337,Belarus,2020-01-24,0,Deaths,0.0,
4338,Belarus,2020-01-25,0,Deaths,0.0,
4339,Belarus,2020-01-26,0,Deaths,0.0,
4340,Belarus,2020-01-27,0,Deaths,0.0,
4341,Belarus,2020-01-28,0,Deaths,0.0,
4342,Belarus,2020-01-29,0,Deaths,0.0,0.0
4343,Belarus,2020-01-30,0,Deaths,0.0,0.0
4344,Belarus,2020-01-31,0,Deaths,0.0,0.0
4345,Belarus,2020-02-01,0,Deaths,0.0,0.0
4346,Belarus,2020-02-02,0,Deaths,0.0,0.0
4347,Belarus,2020-02-03,0,Deaths,0.0,0.0
4348,Belarus,2020-02-04,0,Deaths,0.0,0.0
4349,Belarus,2020-02-05,0,Deaths,0.0,0.0
4350,Belarus,2020-02-06,0,Deaths,0.0,0.0
4351,Belarus,2020-02-07,0,Deaths,0.0,0.0
4352,Belarus,2020-02-08,0,Deaths,0.0,0.0
4353,Belarus,2020-02-09,0,Deaths,0.0,0.0
4354,Belarus,2020-02-10,0,Deaths,0.0,0.0
4355,Belarus,2020-02-11,0,Deaths,0.0,0.0
4356,Belarus,2020-02-12,0,Deaths,0.0,0.0
4357,Belarus,2020-02-13,0,Deaths,0.0,0.0
4358,Belarus,2020-02-14,0,Deaths,0.0,0.0
4359,Belarus,2020-02-15,0,Deaths,0.0,0.0
4360,Belarus,2020-02-16,0,Deaths,0.0,0.0
4361,Belarus,2020-02-17,0,Deaths,0.0,0.0
4362,Belarus,2020-02-18,0,Deaths,0.0,0.0
4363,Belarus,2020-02-19,0,Deaths,0.0,0.0
4364,Belarus,2020-02-20,0,Deaths,0.0,0.0
4365,Belarus,2020-02-21,0,Deaths,0.0,0.0
4366,Belarus,2020-02-22,0,Deaths,0.0,0.0
4367,Belarus,2020-02-23,0,Deaths,0.0,0.0
4368,Belarus,2020-02-24,0,Deaths,0.0,0.0
4369,Belarus,2020-02-25,0,Deaths,0.0,0.0
4370,Belarus,2020-02-26,0,Deaths,0.0,0.0
4371,Belarus,2020-02-27,0,Deaths,0.0,0.0
4372,Belarus,2020-02-28,0,Deaths,0.0,0.0
4373,Belarus,2020-02-29,0,Deaths,0.0,0.0
4374,Belarus,2020-03-01,0,Deaths,0.0,0.0
4375,Belarus,2020-03-02,0,Deaths,0.0,0.0
4376,Belarus,2020-03-03,0,Deaths,0.0,0.0
4377,Belarus,2020-03-04,0,Deaths,0.0,0.0
4378,Belarus,2020-03-05,0,Deaths,0.0,0.0
4379,Belarus,2020-03-06,0,Deaths,0.0,0.0
4380,Belarus,2020-03-07,0,Deaths,0.0,0.0
4381,Belarus,2020-03-08,0,Deaths,0.0,0.0
4382,Belarus,2020-03-09,0,Deaths,0.0,0.0
4383,Belarus,2020-03-10,0,Deaths,0.0,0.0
4384,Belarus,2020-03-11,0,Deaths,0.0,0.0
4385,Belarus,2020-03-12,0,Deaths,0.0,0.0
4386,Belarus,2020-03-13,0,Deaths,0.0,0.0
4387,Belarus,2020-03-14,0,Deaths,0.0,0.0
4388,Belarus,2020-03-15,0,Deaths,0.0,0.0
4389,Belarus,2020-03-16,0,Deaths,0.0,0.0
4390,Belarus,2020-03-17,0,Deaths,0.0,0.0
4391,Belarus,2020-03-18,0,Deaths,0.0,0.0
4392,Belarus,2020-03-19,0,Deaths,0.0,0.0
4393,Belarus,2020-03-20,0,Deaths,0.0,0.0
4394,Belarus,2020-03-21,0,Deaths,0.0,0.0
4395,Belarus,2020-03-22,0,Deaths,0.0,0.0
4396,Belarus,2020-03-23,0,Deaths,0.0,0.0
4397,Belarus,2020-03-24,0,Deaths,0.0,0.0
4398,Belarus,2020-03-25,0,Deaths,0.0,0.0
4399,Belarus,2020-03-26,0,Deaths,0.0,0.0
4400,Belarus,2020-03-27,0,Deaths,0.0,0.0
4401,Belarus,2020-03-28,0,Deaths,0.0,0.0
4402,Belarus,2020-03-29,0,Deaths,0.0,0.0
4403,Belarus,2020-03-30,0,Deaths,0.0,0.0
4404,Belarus,2020-03-31,1,Deaths,1.0,1.0
4405,Belarus,2020-04-01,2,Deaths,1.0,2.0
4406,Belarus,2020-04-02,4,Deaths,2.0,4.0
4407,Belarus,2020-04-03,4,Deaths,0.0,4.0
4408,Belarus,2020-04-04,5,Deaths,1.0,5.0
4409,Belarus,2020-04-05,8,Deaths,3.0,8.0
4410,Belarus,2020-04-06,13,Deaths,5.0,13.0
4411,Belarus,2020-04-07,13,Deaths,0.0,12.0
4412,Belarus,2020-04-08,13,Deaths,0.0,11.0
4413,Belarus,2020-04-09,16,Deaths,3.0,12.0
4414,Belarus,2020-04-10,19,Deaths,3.0,15.0
4415,Belarus,2020-04-11,23,Deaths,4.0,18.0
4416,Belarus,2020-04-12,26,Deaths,3.0,18.0
4417,Belarus,2020-04-13,29,Deaths,3.0,16.0
4418,Belarus,2020-04-14,33,Deaths,4.0,20.0
4419,Belarus,2020-04-15,36,Deaths,3.0,23.0
4420,Belarus,2020-04-16,40,Deaths,4.0,24.0
4421,Belarus,2020-04-17,42,Deaths,2.0,23.0
4422,Belarus,2020-04-18,45,Deaths,3.0,22.0
4423,Belarus,2020-04-19,47,Deaths,2.0,21.0
4424,Belarus,2020-04-20,51,Deaths,4.0,22.0
4425,Belarus,2020-04-21,55,Deaths,4.0,22.0
4426,Belarus,2020-04-22,58,Deaths,3.0,22.0
4427,Belarus,2020-04-23,60,Deaths,2.0,20.0
4428,Belarus,2020-04-24,63,Deaths,3.0,21.0
4429,Belarus,2020-04-25,67,Deaths,4.0,22.0
4430,Belarus,2020-04-26,72,Deaths,5.0,25.0
4431,Belarus,2020-04-27,75,Deaths,3.0,24.0
4432,Belarus,2020-04-28,79,Deaths,4.0,24.0
4433,Belarus,2020-04-29,84,Deaths,5.0,26.0
4434,Belarus,2020-04-30,89,Deaths,5.0,29.0
4435,Belarus,2020-05-01,93,Deaths,4.0,30.0
4436,Belarus,2020-05-02,97,Deaths,4.0,30.0
4437,Belarus,2020-05-03,99,Deaths,2.0,27.0
4438,Belarus,2020-05-04,103,Deaths,4.0,28.0
4439,Belarus,2020-05-05,107,Deaths,4.0,28.0
4440,Belarus,2020-05-06,112,Deaths,5.0,28.0
4441,Belarus,2020-05-07,116,Deaths,4.0,27.0
4442,Belarus,2020-05-08,121,Deaths,5.0,28.0
4443,Belarus,2020-05-09,126,Deaths,5.0,29.0
4444,Belarus,2020-05-10,131,Deaths,5.0,32.0
4445,Belarus,2020-05-11,135,Deaths,4.0,32.0
4446,Belarus,2020-05-12,142,Deaths,7.0,35.0
4447,Belarus,2020-05-13,146,Deaths,4.0,34.0
4448,Belarus,2020-05-14,151,Deaths,5.0,35.0
4449,Belarus,2020-05-15,156,Deaths,5.0,35.0
4450,Belarus,2020-05-16,160,Deaths,4.0,34.0
4451,Belarus,2020-05-17,165,Deaths,5.0,34.0
4452,Belarus,2020-05-18,171,Deaths,6.0,36.0
4453,Belarus,2020-05-19,175,Deaths,4.0,33.0
4454,Belarus,2020-05-20,179,Deaths,4.0,33.0
4455,Belarus,2020-05-21,185,Deaths,6.0,34.0
4456,Belarus,2020-05-22,190,Deaths,5.0,34.0
4457,Belarus,2020-05-23,194,Deaths,4.0,34.0
4458,Belarus,2020-05-24,199,Deaths,5.0,34.0
4459,Belarus,2020-05-25,204,Deaths,5.0,33.0
4460,Belarus,2020-05-26,208,Deaths,4.0,33.0
4461,Belarus,2020-05-27,214,Deaths,6.0,35.0
4462,Belarus,2020-05-28,219,Deaths,5.0,34.0
4463,Belarus,2020-05-29,224,Deaths,5.0,34.0
4464,Belarus,2020-05-30,229,Deaths,5.0,35.0
4465,Belarus,2020-05-31,235,Deaths,6.0,36.0
4466,Belarus,2020-06-01,240,Deaths,5.0,36.0
4467,Belarus,2020-06-02,243,Deaths,3.0,35.0
4468,Belarus,2020-06-03,248,Deaths,5.0,34.0
4469,Belarus,2020-06-04,253,Deaths,5.0,34.0
4470,Belarus,2020-06-05,259,Deaths,6.0,35.0
4471,Belarus,2020-06-06,263,Deaths,4.0,34.0
4472,Belarus,2020-06-07,269,Deaths,6.0,34.0
4473,Belarus,2020-06-08,276,Deaths,7.0,36.0
4474,Belarus,2020-06-09,282,Deaths,6.0,39.0
4475,Belarus,2020-06-10,288,Deaths,6.0,40.0
4476,Belarus,2020-06-11,293,Deaths,5.0,40.0
4477,Belarus,2020-06-12,298,Deaths,5.0,39.0
4478,Belarus,2020-06-13,303,Deaths,5.0,40.0
4479,Belarus,2020-06-14,308,Deaths,5.0,39.0
4480,Belarus,2020-06-15,312,Deaths,4.0,36.0
4481,Belarus,2020-06-16,318,Deaths,6.0,36.0
4482,Belarus,2020-06-17,324,Deaths,6.0,36.0
4483,Belarus,2020-06-18,331,Deaths,7.0,38.0
4484,Belarus,2020-06-19,337,Deaths,6.0,39.0
4485,Belarus,2020-06-20,343,Deaths,6.0,40.0
4486,Belarus,2020-06-21,346,Deaths,3.0,38.0
4487,Belarus,2020-06-22,351,Deaths,5.0,39.0
4488,Belarus,2020-06-23,357,Deaths,6.0,39.0
4489,Belarus,2020-06-24,362,Deaths,5.0,38.0
4490,Belarus,2020-06-25,367,Deaths,5.0,36.0
4491,Belarus,2020-06-26,373,Deaths,6.0,36.0
4492,Belarus,2020-06-27,377,Deaths,4.0,34.0
4493,Belarus,2020-06-28,383,Deaths,6.0,37.0
4494,Belarus,2020-06-29,387,Deaths,4.0,36.0
4495,Belarus,2020-06-30,392,Deaths,5.0,35.0
4496,Belarus,2020-07-01,398,Deaths,6.0,36.0
4497,Belarus,2020-07-02,405,Deaths,7.0,38.0
4498,Belarus,2020-07-03,412,Deaths,7.0,39.0
4499,Belarus,2020-07-04,418,Deaths,6.0,41.0
4500,Belarus,2020-07-05,423,Deaths,5.0,40.0
4501,Belarus,2020-07-06,429,Deaths,6.0,42.0
4502,Belarus,2020-07-07,436,Deaths,7.0,44.0
4503,Belarus,2020-07-08,443,Deaths,7.0,45.0
4504,Belarus,2020-07-09,449,Deaths,6.0,44.0
4505,Belarus,2020-07-10,454,Deaths,5.0,42.0
4506,Belarus,2020-07-11,459,Deaths,5.0,41.0
4507,Belarus,2020-07-12,464,Deaths,5.0,41.0
4508,Belarus,2020-07-13,468,Deaths,4.0,39.0
4509,Belarus,2020-07-14,474,Deaths,6.0,38.0
4510,Belarus,2020-07-15,480,Deaths,6.0,37.0
4511,Belarus,2020-07-16,485,Deaths,5.0,36.0
4512,Belarus,2020-07-17,491,Deaths,6.0,37.0
4513,Belarus,2020-07-18,495,Deaths,4.0,36.0
4514,Belarus,2020-07-19,499,Deaths,4.0,35.0
4515,Belarus,2020-07-20,503,Deaths,4.0,35.0
4516,Belarus,2020-07-21,507,Deaths,4.0,33.0
4517,Belarus,2020-07-22,513,Deaths,6.0,33.0
4518,Belarus,2020-07-23,519,Deaths,6.0,34.0
4519,Belarus,2020-07-24,524,Deaths,5.0,33.0
4520,Belarus,2020-07-25,530,Deaths,6.0,35.0
4521,Belarus,2020-07-26,534,Deaths,4.0,35.0
4522,Belarus,2020-07-27,538,Deaths,4.0,35.0
4523,Belarus,2020-07-28,543,Deaths,5.0,36.0
4524,Belarus,2020-07-29,548,Deaths,5.0,35.0
4525,Belarus,2020-07-30,553,Deaths,5.0,34.0
4526,Belarus,2020-07-31,559,Deaths,6.0,35.0
4527,Belarus,2020-08-01,563,Deaths,4.0,33.0
4528,Belarus,2020-08-02,567,Deaths,4.0,33.0
4529,Belarus,2020-08-03,571,Deaths,4.0,33.0
4530,Belarus,2020-08-04,574,Deaths,3.0,31.0
4531,Belarus,2020-08-05,577,Deaths,3.0,29.0
4532,Belarus,2020-08-06,580,Deaths,3.0,27.0
4533,Belarus,2020-08-07,583,Deaths,3.0,24.0
4534,Belarus,2020-08-08,585,Deaths,2.0,22.0
4535,Belarus,2020-08-09,587,Deaths,2.0,20.0
4536,Belarus,2020-08-10,589,Deaths,2.0,18.0
4537,Belarus,2020-08-11,592,Deaths,3.0,18.0
4538,Belarus,2020-08-12,595,Deaths,3.0,18.0
4539,Belarus,2020-08-13,599,Deaths,4.0,19.0
4540,Belarus,2020-08-14,603,Deaths,4.0,20.0
4541,Belarus,2020-08-15,603,Deaths,0.0,18.0
4542,Belarus,2020-08-16,610,Deaths,7.0,23.0
4543,Belarus,2020-08-17,613,Deaths,3.0,24.0
4544,Belarus,2020-08-18,617,Deaths,4.0,25.0
4545,Belarus,2020-08-19,622,Deaths,5.0,27.0
4546,Belarus,2020-08-20,627,Deaths,5.0,28.0
4547,Belarus,2020-08-21,632,Deaths,5.0,29.0
4548,Belarus,2020-08-22,637,Deaths,5.0,34.0
4549,Belarus,2020-08-23,642,Deaths,5.0,32.0
4550,Belarus,2020-08-24,646,Deaths,4.0,33.0
4551,Belarus,2020-08-25,652,Deaths,6.0,35.0
4552,Belarus,2020-08-26,657,Deaths,5.0,35.0
4553,Belarus,2020-08-27,662,Deaths,5.0,35.0
4554,Belarus,2020-08-28,667,Deaths,5.0,35.0
4555,Belarus,2020-08-29,671,Deaths,4.0,34.0
4556,Belarus,2020-08-30,676,Deaths,5.0,34.0
4557,Belarus,2020-08-31,681,Deaths,5.0,35.0
4558,Belarus,2020-09-01,686,Deaths,5.0,34.0
4559,Belarus,2020-09-02,691,Deaths,5.0,34.0
4560,Belarus,2020-09-03,696,Deaths,5.0,34.0
4561,Belarus,2020-09-04,701,Deaths,5.0,34.0
4562,Belarus,2020-09-05,705,Deaths,4.0,34.0
4563,Belarus,2020-09-06,711,Deaths,6.0,35.0
4564,Belarus,2020-09-07,716,Deaths,5.0,35.0
4565,Belarus,2020-09-08,721,Deaths,5.0,35.0
4566,Belarus,2020-09-09,726,Deaths,5.0,35.0
4567,Belarus,2020-09-10,732,Deaths,6.0,36.0
4568,Belarus,2020-09-11,738,Deaths,6.0,37.0
4569,Belarus,2020-09-12,744,Deaths,6.0,39.0
4570,Belarus,2020-09-13,750,Deaths,6.0,39.0
4571,Belarus,2020-09-14,756,Deaths,6.0,40.0
4572,Belarus,2020-09-15,761,Deaths,5.0,40.0
4573,Belarus,2020-09-16,767,Deaths,6.0,41.0
4574,Belarus,2020-09-17,771,Deaths,4.0,39.0
4575,Belarus,2020-09-18,773,Deaths,2.0,35.0
4576,Belarus,2020-09-19,776,Deaths,3.0,32.0
4577,Belarus,2020-09-20,780,Deaths,4.0,30.0
4578,Belarus,2020-09-21,785,Deaths,5.0,29.0
4579,Belarus,2020-09-22,791,Deaths,6.0,30.0
4580,Belarus,2020-09-23,796,Deaths,5.0,29.0
4581,Belarus,2020-09-24,802,Deaths,6.0,31.0
4582,Belarus,2020-09-25,807,Deaths,5.0,34.0
4583,Belarus,2020-09-26,813,Deaths,6.0,37.0
4584,Belarus,2020-09-27,818,Deaths,5.0,38.0
4585,Belarus,2020-09-28,822,Deaths,4.0,37.0
4586,Belarus,2020-09-29,828,Deaths,6.0,37.0
4587,Belarus,2020-09-30,833,Deaths,5.0,37.0
4588,Belarus,2020-10-01,839,Deaths,6.0,37.0
4589,Belarus,2020-10-02,844,Deaths,5.0,37.0
4590,Belarus,2020-10-03,851,Deaths,7.0,38.0
4591,Belarus,2020-10-04,851,Deaths,0.0,33.0
4592,Belarus,2020-10-05,862,Deaths,11.0,40.0
4593,Belarus,2020-10-06,868,Deaths,6.0,40.0
4594,Belarus,2020-10-07,874,Deaths,6.0,41.0
4595,Belarus,2020-10-08,880,Deaths,6.0,41.0
4596,Belarus,2020-10-09,885,Deaths,5.0,41.0
4597,Belarus,2020-10-10,885,Deaths,0.0,34.0
4598,Belarus,2020-10-11,896,Deaths,11.0,45.0
4599,Belarus,2020-10-12,901,Deaths,5.0,39.0
4600,Belarus,2020-10-13,906,Deaths,5.0,38.0
4601,Belarus,2020-10-14,911,Deaths,5.0,37.0
4602,Belarus,2020-10-15,916,Deaths,5.0,36.0
4603,Belarus,2020-10-16,921,Deaths,5.0,36.0
4604,Belarus,2020-10-17,925,Deaths,4.0,40.0
4605,Belarus,2020-10-18,929,Deaths,4.0,33.0
4606,Belarus,2020-10-19,933,Deaths,4.0,32.0
4607,Belarus,2020-10-20,937,Deaths,4.0,31.0
4608,Belarus,2020-10-21,941,Deaths,4.0,30.0
4609,Belarus,2020-10-22,945,Deaths,4.0,29.0
4610,Belarus,2020-10-23,945,Deaths,0.0,24.0
4611,Belarus,2020-10-24,953,Deaths,8.0,28.0
4612,Belarus,2020-10-25,957,Deaths,4.0,28.0
4613,Belarus,2020-10-26,961,Deaths,4.0,28.0
4614,Belarus,2020-10-27,965,Deaths,4.0,28.0
4615,Belarus,2020-10-28,969,Deaths,4.0,28.0
4616,Belarus,2020-10-29,973,Deaths,4.0,28.0
4617,Belarus,2020-10-30,977,Deaths,4.0,32.0
4618,Belarus,2020-10-31,980,Deaths,3.0,27.0
4619,Belarus,2020-11-01,985,Deaths,5.0,28.0
4620,Belarus,2020-11-02,989,Deaths,4.0,28.0
4621,Belarus,2020-11-03,992,Deaths,3.0,27.0
4622,Belarus,2020-11-04,995,Deaths,3.0,26.0
4623,Belarus,2020-11-05,998,Deaths,3.0,25.0
4624,Belgium,2020-01-22,0,Deaths,,
4625,Belgium,2020-01-23,0,Deaths,0.0,
4626,Belgium,2020-01-24,0,Deaths,0.0,
4627,Belgium,2020-01-25,0,Deaths,0.0,
4628,Belgium,2020-01-26,0,Deaths,0.0,
4629,Belgium,2020-01-27,0,Deaths,0.0,
4630,Belgium,2020-01-28,0,Deaths,0.0,
4631,Belgium,2020-01-29,0,Deaths,0.0,0.0
4632,Belgium,2020-01-30,0,Deaths,0.0,0.0
4633,Belgium,2020-01-31,0,Deaths,0.0,0.0
4634,Belgium,2020-02-01,0,Deaths,0.0,0.0
4635,Belgium,2020-02-02,0,Deaths,0.0,0.0
4636,Belgium,2020-02-03,0,Deaths,0.0,0.0
4637,Belgium,2020-02-04,0,Deaths,0.0,0.0
4638,Belgium,2020-02-05,0,Deaths,0.0,0.0
4639,Belgium,2020-02-06,0,Deaths,0.0,0.0
4640,Belgium,2020-02-07,0,Deaths,0.0,0.0
4641,Belgium,2020-02-08,0,Deaths,0.0,0.0
4642,Belgium,2020-02-09,0,Deaths,0.0,0.0
4643,Belgium,2020-02-10,0,Deaths,0.0,0.0
4644,Belgium,2020-02-11,0,Deaths,0.0,0.0
4645,Belgium,2020-02-12,0,Deaths,0.0,0.0
4646,Belgium,2020-02-13,0,Deaths,0.0,0.0
4647,Belgium,2020-02-14,0,Deaths,0.0,0.0
4648,Belgium,2020-02-15,0,Deaths,0.0,0.0
4649,Belgium,2020-02-16,0,Deaths,0.0,0.0
4650,Belgium,2020-02-17,0,Deaths,0.0,0.0
4651,Belgium,2020-02-18,0,Deaths,0.0,0.0
4652,Belgium,2020-02-19,0,Deaths,0.0,0.0
4653,Belgium,2020-02-20,0,Deaths,0.0,0.0
4654,Belgium,2020-02-21,0,Deaths,0.0,0.0
4655,Belgium,2020-02-22,0,Deaths,0.0,0.0
4656,Belgium,2020-02-23,0,Deaths,0.0,0.0
4657,Belgium,2020-02-24,0,Deaths,0.0,0.0
4658,Belgium,2020-02-25,0,Deaths,0.0,0.0
4659,Belgium,2020-02-26,0,Deaths,0.0,0.0
4660,Belgium,2020-02-27,0,Deaths,0.0,0.0
4661,Belgium,2020-02-28,0,Deaths,0.0,0.0
4662,Belgium,2020-02-29,0,Deaths,0.0,0.0
4663,Belgium,2020-03-01,0,Deaths,0.0,0.0
4664,Belgium,2020-03-02,0,Deaths,0.0,0.0
4665,Belgium,2020-03-03,0,Deaths,0.0,0.0
4666,Belgium,2020-03-04,0,Deaths,0.0,0.0
4667,Belgium,2020-03-05,0,Deaths,0.0,0.0
4668,Belgium,2020-03-06,0,Deaths,0.0,0.0
4669,Belgium,2020-03-07,0,Deaths,0.0,0.0
4670,Belgium,2020-03-08,0,Deaths,0.0,0.0
4671,Belgium,2020-03-09,0,Deaths,0.0,0.0
4672,Belgium,2020-03-10,0,Deaths,0.0,0.0
4673,Belgium,2020-03-11,3,Deaths,3.0,3.0
4674,Belgium,2020-03-12,3,Deaths,0.0,3.0
4675,Belgium,2020-03-13,3,Deaths,0.0,3.0
4676,Belgium,2020-03-14,4,Deaths,1.0,4.0
4677,Belgium,2020-03-15,4,Deaths,0.0,4.0
4678,Belgium,2020-03-16,5,Deaths,1.0,5.0
4679,Belgium,2020-03-17,10,Deaths,5.0,10.0
4680,Belgium,2020-03-18,14,Deaths,4.0,11.0
4681,Belgium,2020-03-19,21,Deaths,7.0,18.0
4682,Belgium,2020-03-20,37,Deaths,16.0,34.0
4683,Belgium,2020-03-21,67,Deaths,30.0,63.0
4684,Belgium,2020-03-22,75,Deaths,8.0,71.0
4685,Belgium,2020-03-23,88,Deaths,13.0,83.0
4686,Belgium,2020-03-24,122,Deaths,34.0,112.0
4687,Belgium,2020-03-25,178,Deaths,56.0,164.0
4688,Belgium,2020-03-26,220,Deaths,42.0,199.0
4689,Belgium,2020-03-27,289,Deaths,69.0,252.0
4690,Belgium,2020-03-28,353,Deaths,64.0,286.0
4691,Belgium,2020-03-29,431,Deaths,78.0,356.0
4692,Belgium,2020-03-30,513,Deaths,82.0,425.0
4693,Belgium,2020-03-31,705,Deaths,192.0,583.0
4694,Belgium,2020-04-01,828,Deaths,123.0,650.0
4695,Belgium,2020-04-02,1011,Deaths,183.0,791.0
4696,Belgium,2020-04-03,1143,Deaths,132.0,854.0
4697,Belgium,2020-04-04,1283,Deaths,140.0,930.0
4698,Belgium,2020-04-05,1447,Deaths,164.0,1016.0
4699,Belgium,2020-04-06,1632,Deaths,185.0,1119.0
4700,Belgium,2020-04-07,2035,Deaths,403.0,1330.0
4701,Belgium,2020-04-08,2240,Deaths,205.0,1412.0
4702,Belgium,2020-04-09,2523,Deaths,283.0,1512.0
4703,Belgium,2020-04-10,3019,Deaths,496.0,1876.0
4704,Belgium,2020-04-11,3346,Deaths,327.0,2063.0
4705,Belgium,2020-04-12,3600,Deaths,254.0,2153.0
4706,Belgium,2020-04-13,3903,Deaths,303.0,2271.0
4707,Belgium,2020-04-14,4157,Deaths,254.0,2122.0
4708,Belgium,2020-04-15,4440,Deaths,283.0,2200.0
4709,Belgium,2020-04-16,4857,Deaths,417.0,2334.0
4710,Belgium,2020-04-17,5163,Deaths,306.0,2144.0
4711,Belgium,2020-04-18,5453,Deaths,290.0,2107.0
4712,Belgium,2020-04-19,5683,Deaths,230.0,2083.0
4713,Belgium,2020-04-20,5828,Deaths,145.0,1925.0
4714,Belgium,2020-04-21,5998,Deaths,170.0,1841.0
4715,Belgium,2020-04-22,6262,Deaths,264.0,1822.0
4716,Belgium,2020-04-23,6490,Deaths,228.0,1633.0
4717,Belgium,2020-04-24,6679,Deaths,189.0,1516.0
4718,Belgium,2020-04-25,6917,Deaths,238.0,1464.0
4719,Belgium,2020-04-26,7094,Deaths,177.0,1411.0
4720,Belgium,2020-04-27,7207,Deaths,113.0,1379.0
4721,Belgium,2020-04-28,7331,Deaths,124.0,1333.0
4722,Belgium,2020-04-29,7501,Deaths,170.0,1239.0
4723,Belgium,2020-04-30,7594,Deaths,93.0,1104.0
4724,Belgium,2020-05-01,7703,Deaths,109.0,1024.0
4725,Belgium,2020-05-02,7765,Deaths,62.0,848.0
4726,Belgium,2020-05-03,7844,Deaths,79.0,750.0
4727,Belgium,2020-05-04,7924,Deaths,80.0,717.0
4728,Belgium,2020-05-05,8016,Deaths,92.0,685.0
4729,Belgium,2020-05-06,8339,Deaths,323.0,838.0
4730,Belgium,2020-05-07,8415,Deaths,76.0,821.0
4731,Belgium,2020-05-08,8521,Deaths,106.0,818.0
4732,Belgium,2020-05-09,8581,Deaths,60.0,816.0
4733,Belgium,2020-05-10,8656,Deaths,75.0,812.0
4734,Belgium,2020-05-11,8707,Deaths,51.0,783.0
4735,Belgium,2020-05-12,8761,Deaths,54.0,745.0
4736,Belgium,2020-05-13,8843,Deaths,82.0,504.0
4737,Belgium,2020-05-14,8903,Deaths,60.0,488.0
4738,Belgium,2020-05-15,8959,Deaths,56.0,438.0
4739,Belgium,2020-05-16,9005,Deaths,46.0,424.0
4740,Belgium,2020-05-17,9052,Deaths,47.0,396.0
4741,Belgium,2020-05-18,9080,Deaths,28.0,373.0
4742,Belgium,2020-05-19,9108,Deaths,28.0,347.0
4743,Belgium,2020-05-20,9150,Deaths,42.0,307.0
4744,Belgium,2020-05-21,9186,Deaths,36.0,283.0
4745,Belgium,2020-05-22,9212,Deaths,26.0,253.0
4746,Belgium,2020-05-23,9237,Deaths,25.0,232.0
4747,Belgium,2020-05-24,9280,Deaths,43.0,228.0
4748,Belgium,2020-05-25,9312,Deaths,32.0,232.0
4749,Belgium,2020-05-26,9334,Deaths,22.0,226.0
4750,Belgium,2020-05-27,9364,Deaths,30.0,214.0
4751,Belgium,2020-05-28,9388,Deaths,24.0,202.0
4752,Belgium,2020-05-29,9430,Deaths,42.0,218.0
4753,Belgium,2020-05-30,9453,Deaths,23.0,216.0
4754,Belgium,2020-05-31,9467,Deaths,14.0,187.0
4755,Belgium,2020-06-01,9486,Deaths,19.0,174.0
4756,Belgium,2020-06-02,9505,Deaths,19.0,171.0
4757,Belgium,2020-06-03,9522,Deaths,17.0,158.0
4758,Belgium,2020-06-04,9548,Deaths,26.0,160.0
4759,Belgium,2020-06-05,9566,Deaths,18.0,136.0
4760,Belgium,2020-06-06,9580,Deaths,14.0,127.0
4761,Belgium,2020-06-07,9595,Deaths,15.0,128.0
4762,Belgium,2020-06-08,9606,Deaths,11.0,120.0
4763,Belgium,2020-06-09,9619,Deaths,13.0,114.0
4764,Belgium,2020-06-10,9629,Deaths,10.0,107.0
4765,Belgium,2020-06-11,9636,Deaths,7.0,88.0
4766,Belgium,2020-06-12,9646,Deaths,10.0,80.0
4767,Belgium,2020-06-13,9650,Deaths,4.0,70.0
4768,Belgium,2020-06-14,9655,Deaths,5.0,60.0
4769,Belgium,2020-06-15,9661,Deaths,6.0,55.0
4770,Belgium,2020-06-16,9663,Deaths,2.0,44.0
4771,Belgium,2020-06-17,9675,Deaths,12.0,46.0
4772,Belgium,2020-06-18,9683,Deaths,8.0,47.0
4773,Belgium,2020-06-19,9695,Deaths,12.0,49.0
4774,Belgium,2020-06-20,9696,Deaths,1.0,46.0
4775,Belgium,2020-06-21,9696,Deaths,0.0,41.0
4776,Belgium,2020-06-22,9696,Deaths,0.0,35.0
4777,Belgium,2020-06-23,9713,Deaths,17.0,50.0
4778,Belgium,2020-06-24,9722,Deaths,9.0,47.0
4779,Belgium,2020-06-25,9726,Deaths,4.0,43.0
4780,Belgium,2020-06-26,9731,Deaths,5.0,36.0
4781,Belgium,2020-06-27,9732,Deaths,1.0,36.0
4782,Belgium,2020-06-28,9732,Deaths,0.0,36.0
4783,Belgium,2020-06-29,9732,Deaths,0.0,36.0
4784,Belgium,2020-06-30,9747,Deaths,15.0,34.0
4785,Belgium,2020-07-01,9754,Deaths,7.0,32.0
4786,Belgium,2020-07-02,9761,Deaths,7.0,35.0
4787,Belgium,2020-07-03,9765,Deaths,4.0,34.0
4788,Belgium,2020-07-04,9771,Deaths,6.0,39.0
4789,Belgium,2020-07-05,9771,Deaths,0.0,39.0
4790,Belgium,2020-07-06,9774,Deaths,3.0,42.0
4791,Belgium,2020-07-07,9774,Deaths,0.0,27.0
4792,Belgium,2020-07-08,9776,Deaths,2.0,22.0
4793,Belgium,2020-07-09,9778,Deaths,2.0,17.0
4794,Belgium,2020-07-10,9781,Deaths,3.0,16.0
4795,Belgium,2020-07-11,9782,Deaths,1.0,11.0
4796,Belgium,2020-07-12,9782,Deaths,0.0,11.0
4797,Belgium,2020-07-13,9782,Deaths,0.0,8.0
4798,Belgium,2020-07-14,9787,Deaths,5.0,13.0
4799,Belgium,2020-07-15,9788,Deaths,1.0,12.0
4800,Belgium,2020-07-16,9795,Deaths,7.0,17.0
4801,Belgium,2020-07-17,9800,Deaths,5.0,19.0
4802,Belgium,2020-07-18,9800,Deaths,0.0,18.0
4803,Belgium,2020-07-19,9800,Deaths,0.0,18.0
4804,Belgium,2020-07-20,9805,Deaths,5.0,23.0
4805,Belgium,2020-07-21,9805,Deaths,0.0,18.0
4806,Belgium,2020-07-22,9808,Deaths,3.0,20.0
4807,Belgium,2020-07-23,9812,Deaths,4.0,17.0
4808,Belgium,2020-07-24,9817,Deaths,5.0,17.0
4809,Belgium,2020-07-25,9821,Deaths,4.0,21.0
4810,Belgium,2020-07-26,9821,Deaths,0.0,21.0
4811,Belgium,2020-07-27,9822,Deaths,1.0,17.0
4812,Belgium,2020-07-28,9833,Deaths,11.0,28.0
4813,Belgium,2020-07-29,9836,Deaths,3.0,28.0
4814,Belgium,2020-07-30,9840,Deaths,4.0,28.0
4815,Belgium,2020-07-31,9841,Deaths,1.0,24.0
4816,Belgium,2020-08-01,9845,Deaths,4.0,24.0
4817,Belgium,2020-08-02,9845,Deaths,0.0,24.0
4818,Belgium,2020-08-03,9850,Deaths,5.0,28.0
4819,Belgium,2020-08-04,9852,Deaths,2.0,19.0
4820,Belgium,2020-08-05,9859,Deaths,7.0,23.0
4821,Belgium,2020-08-06,9861,Deaths,2.0,21.0
4822,Belgium,2020-08-07,9866,Deaths,5.0,25.0
4823,Belgium,2020-08-08,9870,Deaths,4.0,25.0
4824,Belgium,2020-08-09,9872,Deaths,2.0,27.0
4825,Belgium,2020-08-10,9879,Deaths,7.0,29.0
4826,Belgium,2020-08-11,9885,Deaths,6.0,33.0
4827,Belgium,2020-08-12,9900,Deaths,15.0,41.0
4828,Belgium,2020-08-13,9916,Deaths,16.0,55.0
4829,Belgium,2020-08-14,9924,Deaths,8.0,58.0
4830,Belgium,2020-08-15,9935,Deaths,11.0,65.0
4831,Belgium,2020-08-16,9939,Deaths,4.0,67.0
4832,Belgium,2020-08-17,9944,Deaths,5.0,65.0
4833,Belgium,2020-08-18,9959,Deaths,15.0,74.0
4834,Belgium,2020-08-19,9969,Deaths,10.0,69.0
4835,Belgium,2020-08-20,9976,Deaths,7.0,60.0
4836,Belgium,2020-08-21,9985,Deaths,9.0,61.0
4837,Belgium,2020-08-22,9988,Deaths,3.0,53.0
4838,Belgium,2020-08-23,9992,Deaths,4.0,53.0
4839,Belgium,2020-08-24,9996,Deaths,4.0,52.0
4840,Belgium,2020-08-25,9996,Deaths,0.0,37.0
4841,Belgium,2020-08-26,9879,Deaths,-117.0,-90.0
4842,Belgium,2020-08-27,9884,Deaths,5.0,-92.0
4843,Belgium,2020-08-28,9886,Deaths,2.0,-99.0
4844,Belgium,2020-08-29,9891,Deaths,5.0,-97.0
4845,Belgium,2020-08-30,9894,Deaths,3.0,-98.0
4846,Belgium,2020-08-31,9895,Deaths,1.0,-101.0
4847,Belgium,2020-09-01,9897,Deaths,2.0,-99.0
4848,Belgium,2020-09-02,9898,Deaths,1.0,19.0
4849,Belgium,2020-09-03,9899,Deaths,1.0,15.0
4850,Belgium,2020-09-04,9901,Deaths,2.0,15.0
4851,Belgium,2020-09-05,9906,Deaths,5.0,15.0
4852,Belgium,2020-09-06,9907,Deaths,1.0,13.0
4853,Belgium,2020-09-07,9909,Deaths,2.0,14.0
4854,Belgium,2020-09-08,9912,Deaths,3.0,15.0
4855,Belgium,2020-09-09,9917,Deaths,5.0,19.0
4856,Belgium,2020-09-10,9917,Deaths,0.0,18.0
4857,Belgium,2020-09-11,9919,Deaths,2.0,18.0
4858,Belgium,2020-09-12,9923,Deaths,4.0,17.0
4859,Belgium,2020-09-13,9925,Deaths,2.0,18.0
4860,Belgium,2020-09-14,9927,Deaths,2.0,18.0
4861,Belgium,2020-09-15,9930,Deaths,3.0,18.0
4862,Belgium,2020-09-16,9935,Deaths,5.0,18.0
4863,Belgium,2020-09-17,9936,Deaths,1.0,19.0
4864,Belgium,2020-09-18,9937,Deaths,1.0,18.0
4865,Belgium,2020-09-19,9944,Deaths,7.0,21.0
4866,Belgium,2020-09-20,9948,Deaths,4.0,23.0
4867,Belgium,2020-09-21,9950,Deaths,2.0,23.0
4868,Belgium,2020-09-22,9955,Deaths,5.0,25.0
4869,Belgium,2020-09-23,9959,Deaths,4.0,24.0
4870,Belgium,2020-09-24,9965,Deaths,6.0,29.0
4871,Belgium,2020-09-25,9969,Deaths,4.0,32.0
4872,Belgium,2020-09-26,9974,Deaths,5.0,30.0
4873,Belgium,2020-09-27,9980,Deaths,6.0,32.0
4874,Belgium,2020-09-28,9987,Deaths,7.0,37.0
4875,Belgium,2020-09-29,10001,Deaths,14.0,46.0
4876,Belgium,2020-09-30,10016,Deaths,15.0,57.0
4877,Belgium,2020-10-01,10023,Deaths,7.0,58.0
4878,Belgium,2020-10-02,10037,Deaths,14.0,68.0
4879,Belgium,2020-10-03,10044,Deaths,7.0,70.0
4880,Belgium,2020-10-04,10064,Deaths,20.0,84.0
4881,Belgium,2020-10-05,10078,Deaths,14.0,91.0
4882,Belgium,2020-10-06,10092,Deaths,14.0,91.0
4883,Belgium,2020-10-07,10108,Deaths,16.0,92.0
4884,Belgium,2020-10-08,10126,Deaths,18.0,103.0
4885,Belgium,2020-10-09,10151,Deaths,25.0,114.0
4886,Belgium,2020-10-10,10175,Deaths,24.0,131.0
4887,Belgium,2020-10-11,10191,Deaths,16.0,127.0
4888,Belgium,2020-10-12,10211,Deaths,20.0,133.0
4889,Belgium,2020-10-13,10244,Deaths,33.0,152.0
4890,Belgium,2020-10-14,10278,Deaths,34.0,170.0
4891,Belgium,2020-10-15,10327,Deaths,49.0,201.0
4892,Belgium,2020-10-16,10359,Deaths,32.0,208.0
4893,Belgium,2020-10-17,10392,Deaths,33.0,217.0
4894,Belgium,2020-10-18,10413,Deaths,21.0,222.0
4895,Belgium,2020-10-19,10443,Deaths,30.0,232.0
4896,Belgium,2020-10-20,10489,Deaths,46.0,245.0
4897,Belgium,2020-10-21,10539,Deaths,50.0,261.0
4898,Belgium,2020-10-22,10588,Deaths,49.0,261.0
4899,Belgium,2020-10-23,10658,Deaths,70.0,299.0
4900,Belgium,2020-10-24,10737,Deaths,79.0,345.0
4901,Belgium,2020-10-25,10810,Deaths,73.0,397.0
4902,Belgium,2020-10-26,10899,Deaths,89.0,456.0
4903,Belgium,2020-10-27,11038,Deaths,139.0,549.0
4904,Belgium,2020-10-28,11170,Deaths,132.0,631.0
4905,Belgium,2020-10-29,11308,Deaths,138.0,720.0
4906,Belgium,2020-10-30,11452,Deaths,144.0,794.0
4907,Belgium,2020-10-31,11625,Deaths,173.0,888.0
4908,Belgium,2020-11-01,11737,Deaths,112.0,927.0
4909,Belgium,2020-11-02,11858,Deaths,121.0,959.0
4910,Belgium,2020-11-03,12126,Deaths,268.0,1088.0
4911,Belgium,2020-11-04,12331,Deaths,205.0,1161.0
4912,Belgium,2020-11-05,12520,Deaths,189.0,1212.0
4913,Belize,2020-01-22,0,Deaths,,
4914,Belize,2020-01-23,0,Deaths,0.0,
4915,Belize,2020-01-24,0,Deaths,0.0,
4916,Belize,2020-01-25,0,Deaths,0.0,
4917,Belize,2020-01-26,0,Deaths,0.0,
4918,Belize,2020-01-27,0,Deaths,0.0,
4919,Belize,2020-01-28,0,Deaths,0.0,
4920,Belize,2020-01-29,0,Deaths,0.0,0.0
4921,Belize,2020-01-30,0,Deaths,0.0,0.0
4922,Belize,2020-01-31,0,Deaths,0.0,0.0
4923,Belize,2020-02-01,0,Deaths,0.0,0.0
4924,Belize,2020-02-02,0,Deaths,0.0,0.0
4925,Belize,2020-02-03,0,Deaths,0.0,0.0
4926,Belize,2020-02-04,0,Deaths,0.0,0.0
4927,Belize,2020-02-05,0,Deaths,0.0,0.0
4928,Belize,2020-02-06,0,Deaths,0.0,0.0
4929,Belize,2020-02-07,0,Deaths,0.0,0.0
4930,Belize,2020-02-08,0,Deaths,0.0,0.0
4931,Belize,2020-02-09,0,Deaths,0.0,0.0
4932,Belize,2020-02-10,0,Deaths,0.0,0.0
4933,Belize,2020-02-11,0,Deaths,0.0,0.0
4934,Belize,2020-02-12,0,Deaths,0.0,0.0
4935,Belize,2020-02-13,0,Deaths,0.0,0.0
4936,Belize,2020-02-14,0,Deaths,0.0,0.0
4937,Belize,2020-02-15,0,Deaths,0.0,0.0
4938,Belize,2020-02-16,0,Deaths,0.0,0.0
4939,Belize,2020-02-17,0,Deaths,0.0,0.0
4940,Belize,2020-02-18,0,Deaths,0.0,0.0
4941,Belize,2020-02-19,0,Deaths,0.0,0.0
4942,Belize,2020-02-20,0,Deaths,0.0,0.0
4943,Belize,2020-02-21,0,Deaths,0.0,0.0
4944,Belize,2020-02-22,0,Deaths,0.0,0.0
4945,Belize,2020-02-23,0,Deaths,0.0,0.0
4946,Belize,2020-02-24,0,Deaths,0.0,0.0
4947,Belize,2020-02-25,0,Deaths,0.0,0.0
4948,Belize,2020-02-26,0,Deaths,0.0,0.0
4949,Belize,2020-02-27,0,Deaths,0.0,0.0
4950,Belize,2020-02-28,0,Deaths,0.0,0.0
4951,Belize,2020-02-29,0,Deaths,0.0,0.0
4952,Belize,2020-03-01,0,Deaths,0.0,0.0
4953,Belize,2020-03-02,0,Deaths,0.0,0.0
4954,Belize,2020-03-03,0,Deaths,0.0,0.0
4955,Belize,2020-03-04,0,Deaths,0.0,0.0
4956,Belize,2020-03-05,0,Deaths,0.0,0.0
4957,Belize,2020-03-06,0,Deaths,0.0,0.0
4958,Belize,2020-03-07,0,Deaths,0.0,0.0
4959,Belize,2020-03-08,0,Deaths,0.0,0.0
4960,Belize,2020-03-09,0,Deaths,0.0,0.0
4961,Belize,2020-03-10,0,Deaths,0.0,0.0
4962,Belize,2020-03-11,0,Deaths,0.0,0.0
4963,Belize,2020-03-12,0,Deaths,0.0,0.0
4964,Belize,2020-03-13,0,Deaths,0.0,0.0
4965,Belize,2020-03-14,0,Deaths,0.0,0.0
4966,Belize,2020-03-15,0,Deaths,0.0,0.0
4967,Belize,2020-03-16,0,Deaths,0.0,0.0
4968,Belize,2020-03-17,0,Deaths,0.0,0.0
4969,Belize,2020-03-18,0,Deaths,0.0,0.0
4970,Belize,2020-03-19,0,Deaths,0.0,0.0
4971,Belize,2020-03-20,0,Deaths,0.0,0.0
4972,Belize,2020-03-21,0,Deaths,0.0,0.0
4973,Belize,2020-03-22,0,Deaths,0.0,0.0
4974,Belize,2020-03-23,0,Deaths,0.0,0.0
4975,Belize,2020-03-24,0,Deaths,0.0,0.0
4976,Belize,2020-03-25,0,Deaths,0.0,0.0
4977,Belize,2020-03-26,0,Deaths,0.0,0.0
4978,Belize,2020-03-27,0,Deaths,0.0,0.0
4979,Belize,2020-03-28,0,Deaths,0.0,0.0
4980,Belize,2020-03-29,0,Deaths,0.0,0.0
4981,Belize,2020-03-30,0,Deaths,0.0,0.0
4982,Belize,2020-03-31,0,Deaths,0.0,0.0
4983,Belize,2020-04-01,0,Deaths,0.0,0.0
4984,Belize,2020-04-02,0,Deaths,0.0,0.0
4985,Belize,2020-04-03,0,Deaths,0.0,0.0
4986,Belize,2020-04-04,0,Deaths,0.0,0.0
4987,Belize,2020-04-05,0,Deaths,0.0,0.0
4988,Belize,2020-04-06,1,Deaths,1.0,1.0
4989,Belize,2020-04-07,1,Deaths,0.0,1.0
4990,Belize,2020-04-08,1,Deaths,0.0,1.0
4991,Belize,2020-04-09,1,Deaths,0.0,1.0
4992,Belize,2020-04-10,2,Deaths,1.0,2.0
4993,Belize,2020-04-11,2,Deaths,0.0,2.0
4994,Belize,2020-04-12,2,Deaths,0.0,2.0
4995,Belize,2020-04-13,2,Deaths,0.0,1.0
4996,Belize,2020-04-14,2,Deaths,0.0,1.0
4997,Belize,2020-04-15,2,Deaths,0.0,1.0
4998,Belize,2020-04-16,2,Deaths,0.0,1.0
4999,Belize,2020-04-17,2,Deaths,0.0,0.0
5000,Belize,2020-04-18,2,Deaths,0.0,0.0
5001,Belize,2020-04-19,2,Deaths,0.0,0.0
5002,Belize,2020-04-20,2,Deaths,0.0,0.0
5003,Belize,2020-04-21,2,Deaths,0.0,0.0
5004,Belize,2020-04-22,2,Deaths,0.0,0.0
5005,Belize,2020-04-23,2,Deaths,0.0,0.0
5006,Belize,2020-04-24,2,Deaths,0.0,0.0
5007,Belize,2020-04-25,2,Deaths,0.0,0.0
5008,Belize,2020-04-26,2,Deaths,0.0,0.0
5009,Belize,2020-04-27,2,Deaths,0.0,0.0
5010,Belize,2020-04-28,2,Deaths,0.0,0.0
5011,Belize,2020-04-29,2,Deaths,0.0,0.0
5012,Belize,2020-04-30,2,Deaths,0.0,0.0
5013,Belize,2020-05-01,2,Deaths,0.0,0.0
5014,Belize,2020-05-02,2,Deaths,0.0,0.0
5015,Belize,2020-05-03,2,Deaths,0.0,0.0
5016,Belize,2020-05-04,2,Deaths,0.0,0.0
5017,Belize,2020-05-05,2,Deaths,0.0,0.0
5018,Belize,2020-05-06,2,Deaths,0.0,0.0
5019,Belize,2020-05-07,2,Deaths,0.0,0.0
5020,Belize,2020-05-08,2,Deaths,0.0,0.0
5021,Belize,2020-05-09,2,Deaths,0.0,0.0
5022,Belize,2020-05-10,2,Deaths,0.0,0.0
5023,Belize,2020-05-11,2,Deaths,0.0,0.0
5024,Belize,2020-05-12,2,Deaths,0.0,0.0
5025,Belize,2020-05-13,2,Deaths,0.0,0.0
5026,Belize,2020-05-14,2,Deaths,0.0,0.0
5027,Belize,2020-05-15,2,Deaths,0.0,0.0
5028,Belize,2020-05-16,2,Deaths,0.0,0.0
5029,Belize,2020-05-17,2,Deaths,0.0,0.0
5030,Belize,2020-05-18,2,Deaths,0.0,0.0
5031,Belize,2020-05-19,2,Deaths,0.0,0.0
5032,Belize,2020-05-20,2,Deaths,0.0,0.0
5033,Belize,2020-05-21,2,Deaths,0.0,0.0
5034,Belize,2020-05-22,2,Deaths,0.0,0.0
5035,Belize,2020-05-23,2,Deaths,0.0,0.0
5036,Belize,2020-05-24,2,Deaths,0.0,0.0
5037,Belize,2020-05-25,2,Deaths,0.0,0.0
5038,Belize,2020-05-26,2,Deaths,0.0,0.0
5039,Belize,2020-05-27,2,Deaths,0.0,0.0
5040,Belize,2020-05-28,2,Deaths,0.0,0.0
5041,Belize,2020-05-29,2,Deaths,0.0,0.0
5042,Belize,2020-05-30,2,Deaths,0.0,0.0
5043,Belize,2020-05-31,2,Deaths,0.0,0.0
5044,Belize,2020-06-01,2,Deaths,0.0,0.0
5045,Belize,2020-06-02,2,Deaths,0.0,0.0
5046,Belize,2020-06-03,2,Deaths,0.0,0.0
5047,Belize,2020-06-04,2,Deaths,0.0,0.0
5048,Belize,2020-06-05,2,Deaths,0.0,0.0
5049,Belize,2020-06-06,2,Deaths,0.0,0.0
5050,Belize,2020-06-07,2,Deaths,0.0,0.0
5051,Belize,2020-06-08,2,Deaths,0.0,0.0
5052,Belize,2020-06-09,2,Deaths,0.0,0.0
5053,Belize,2020-06-10,2,Deaths,0.0,0.0
5054,Belize,2020-06-11,2,Deaths,0.0,0.0
5055,Belize,2020-06-12,2,Deaths,0.0,0.0
5056,Belize,2020-06-13,2,Deaths,0.0,0.0
5057,Belize,2020-06-14,2,Deaths,0.0,0.0
5058,Belize,2020-06-15,2,Deaths,0.0,0.0
5059,Belize,2020-06-16,2,Deaths,0.0,0.0
5060,Belize,2020-06-17,2,Deaths,0.0,0.0
5061,Belize,2020-06-18,2,Deaths,0.0,0.0
5062,Belize,2020-06-19,2,Deaths,0.0,0.0
5063,Belize,2020-06-20,2,Deaths,0.0,0.0
5064,Belize,2020-06-21,2,Deaths,0.0,0.0
5065,Belize,2020-06-22,2,Deaths,0.0,0.0
5066,Belize,2020-06-23,2,Deaths,0.0,0.0
5067,Belize,2020-06-24,2,Deaths,0.0,0.0
5068,Belize,2020-06-25,2,Deaths,0.0,0.0
5069,Belize,2020-06-26,2,Deaths,0.0,0.0
5070,Belize,2020-06-27,2,Deaths,0.0,0.0
5071,Belize,2020-06-28,2,Deaths,0.0,0.0
5072,Belize,2020-06-29,2,Deaths,0.0,0.0
5073,Belize,2020-06-30,2,Deaths,0.0,0.0
5074,Belize,2020-07-01,2,Deaths,0.0,0.0
5075,Belize,2020-07-02,2,Deaths,0.0,0.0
5076,Belize,2020-07-03,2,Deaths,0.0,0.0
5077,Belize,2020-07-04,2,Deaths,0.0,0.0
5078,Belize,2020-07-05,2,Deaths,0.0,0.0
5079,Belize,2020-07-06,2,Deaths,0.0,0.0
5080,Belize,2020-07-07,2,Deaths,0.0,0.0
5081,Belize,2020-07-08,2,Deaths,0.0,0.0
5082,Belize,2020-07-09,2,Deaths,0.0,0.0
5083,Belize,2020-07-10,2,Deaths,0.0,0.0
5084,Belize,2020-07-11,2,Deaths,0.0,0.0
5085,Belize,2020-07-12,2,Deaths,0.0,0.0
5086,Belize,2020-07-13,2,Deaths,0.0,0.0
5087,Belize,2020-07-14,2,Deaths,0.0,0.0
5088,Belize,2020-07-15,2,Deaths,0.0,0.0
5089,Belize,2020-07-16,2,Deaths,0.0,0.0
5090,Belize,2020-07-17,2,Deaths,0.0,0.0
5091,Belize,2020-07-18,2,Deaths,0.0,0.0
5092,Belize,2020-07-19,2,Deaths,0.0,0.0
5093,Belize,2020-07-20,2,Deaths,0.0,0.0
5094,Belize,2020-07-21,2,Deaths,0.0,0.0
5095,Belize,2020-07-22,2,Deaths,0.0,0.0
5096,Belize,2020-07-23,2,Deaths,0.0,0.0
5097,Belize,2020-07-24,2,Deaths,0.0,0.0
5098,Belize,2020-07-25,2,Deaths,0.0,0.0
5099,Belize,2020-07-26,2,Deaths,0.0,0.0
5100,Belize,2020-07-27,2,Deaths,0.0,0.0
5101,Belize,2020-07-28,2,Deaths,0.0,0.0
5102,Belize,2020-07-29,2,Deaths,0.0,0.0
5103,Belize,2020-07-30,2,Deaths,0.0,0.0
5104,Belize,2020-07-31,2,Deaths,0.0,0.0
5105,Belize,2020-08-01,2,Deaths,0.0,0.0
5106,Belize,2020-08-02,2,Deaths,0.0,0.0
5107,Belize,2020-08-03,2,Deaths,0.0,0.0
5108,Belize,2020-08-04,2,Deaths,0.0,0.0
5109,Belize,2020-08-05,2,Deaths,0.0,0.0
5110,Belize,2020-08-06,2,Deaths,0.0,0.0
5111,Belize,2020-08-07,2,Deaths,0.0,0.0
5112,Belize,2020-08-08,2,Deaths,0.0,0.0
5113,Belize,2020-08-09,2,Deaths,0.0,0.0
5114,Belize,2020-08-10,2,Deaths,0.0,0.0
5115,Belize,2020-08-11,2,Deaths,0.0,0.0
5116,Belize,2020-08-12,2,Deaths,0.0,0.0
5117,Belize,2020-08-13,2,Deaths,0.0,0.0
5118,Belize,2020-08-14,3,Deaths,1.0,1.0
5119,Belize,2020-08-15,3,Deaths,0.0,1.0
5120,Belize,2020-08-16,3,Deaths,0.0,1.0
5121,Belize,2020-08-17,4,Deaths,1.0,2.0
5122,Belize,2020-08-18,4,Deaths,0.0,2.0
5123,Belize,2020-08-19,4,Deaths,0.0,2.0
5124,Belize,2020-08-20,5,Deaths,1.0,3.0
5125,Belize,2020-08-21,5,Deaths,0.0,2.0
5126,Belize,2020-08-22,6,Deaths,1.0,3.0
5127,Belize,2020-08-23,6,Deaths,0.0,3.0
5128,Belize,2020-08-24,10,Deaths,4.0,6.0
5129,Belize,2020-08-25,10,Deaths,0.0,6.0
5130,Belize,2020-08-26,11,Deaths,1.0,7.0
5131,Belize,2020-08-27,12,Deaths,1.0,7.0
5132,Belize,2020-08-28,12,Deaths,0.0,7.0
5133,Belize,2020-08-29,13,Deaths,1.0,7.0
5134,Belize,2020-08-30,13,Deaths,0.0,7.0
5135,Belize,2020-08-31,13,Deaths,0.0,3.0
5136,Belize,2020-09-01,13,Deaths,0.0,3.0
5137,Belize,2020-09-02,13,Deaths,0.0,2.0
5138,Belize,2020-09-03,13,Deaths,0.0,1.0
5139,Belize,2020-09-04,15,Deaths,2.0,3.0
5140,Belize,2020-09-05,15,Deaths,0.0,2.0
5141,Belize,2020-09-06,15,Deaths,0.0,2.0
5142,Belize,2020-09-07,16,Deaths,1.0,3.0
5143,Belize,2020-09-08,16,Deaths,0.0,3.0
5144,Belize,2020-09-09,18,Deaths,2.0,5.0
5145,Belize,2020-09-10,18,Deaths,0.0,5.0
5146,Belize,2020-09-11,19,Deaths,1.0,4.0
5147,Belize,2020-09-12,19,Deaths,0.0,4.0
5148,Belize,2020-09-13,19,Deaths,0.0,4.0
5149,Belize,2020-09-14,19,Deaths,0.0,3.0
5150,Belize,2020-09-15,19,Deaths,0.0,3.0
5151,Belize,2020-09-16,19,Deaths,0.0,1.0
5152,Belize,2020-09-17,19,Deaths,0.0,1.0
5153,Belize,2020-09-18,20,Deaths,1.0,1.0
5154,Belize,2020-09-19,20,Deaths,0.0,1.0
5155,Belize,2020-09-20,21,Deaths,1.0,2.0
5156,Belize,2020-09-21,21,Deaths,0.0,2.0
5157,Belize,2020-09-22,21,Deaths,0.0,2.0
5158,Belize,2020-09-23,22,Deaths,1.0,3.0
5159,Belize,2020-09-24,22,Deaths,0.0,3.0
5160,Belize,2020-09-25,23,Deaths,1.0,3.0
5161,Belize,2020-09-26,24,Deaths,1.0,4.0
5162,Belize,2020-09-27,24,Deaths,0.0,3.0
5163,Belize,2020-09-28,24,Deaths,0.0,3.0
5164,Belize,2020-09-29,24,Deaths,0.0,3.0
5165,Belize,2020-09-30,27,Deaths,3.0,5.0
5166,Belize,2020-10-01,27,Deaths,0.0,5.0
5167,Belize,2020-10-02,28,Deaths,1.0,5.0
5168,Belize,2020-10-03,28,Deaths,0.0,4.0
5169,Belize,2020-10-04,29,Deaths,1.0,5.0
5170,Belize,2020-10-05,30,Deaths,1.0,6.0
5171,Belize,2020-10-06,34,Deaths,4.0,10.0
5172,Belize,2020-10-07,34,Deaths,0.0,7.0
5173,Belize,2020-10-08,34,Deaths,0.0,7.0
5174,Belize,2020-10-09,35,Deaths,1.0,7.0
5175,Belize,2020-10-10,35,Deaths,0.0,7.0
5176,Belize,2020-10-11,37,Deaths,2.0,8.0
5177,Belize,2020-10-12,37,Deaths,0.0,7.0
5178,Belize,2020-10-13,39,Deaths,2.0,5.0
5179,Belize,2020-10-14,40,Deaths,1.0,6.0
5180,Belize,2020-10-15,41,Deaths,1.0,7.0
5181,Belize,2020-10-16,43,Deaths,2.0,8.0
5182,Belize,2020-10-17,43,Deaths,0.0,8.0
5183,Belize,2020-10-18,44,Deaths,1.0,7.0
5184,Belize,2020-10-19,45,Deaths,1.0,8.0
5185,Belize,2020-10-20,45,Deaths,0.0,6.0
5186,Belize,2020-10-21,46,Deaths,1.0,6.0
5187,Belize,2020-10-22,46,Deaths,0.0,5.0
5188,Belize,2020-10-23,46,Deaths,0.0,3.0
5189,Belize,2020-10-24,48,Deaths,2.0,5.0
5190,Belize,2020-10-25,50,Deaths,2.0,6.0
5191,Belize,2020-10-26,50,Deaths,0.0,5.0
5192,Belize,2020-10-27,51,Deaths,1.0,6.0
5193,Belize,2020-10-28,52,Deaths,1.0,6.0
5194,Belize,2020-10-29,52,Deaths,0.0,6.0
5195,Belize,2020-10-30,58,Deaths,6.0,12.0
5196,Belize,2020-10-31,59,Deaths,1.0,11.0
5197,Belize,2020-11-01,59,Deaths,0.0,9.0
5198,Belize,2020-11-02,59,Deaths,0.0,9.0
5199,Belize,2020-11-03,61,Deaths,2.0,10.0
5200,Belize,2020-11-04,64,Deaths,3.0,12.0
5201,Belize,2020-11-05,66,Deaths,2.0,14.0
5202,Benin,2020-01-22,0,Deaths,,
5203,Benin,2020-01-23,0,Deaths,0.0,
5204,Benin,2020-01-24,0,Deaths,0.0,
5205,Benin,2020-01-25,0,Deaths,0.0,
5206,Benin,2020-01-26,0,Deaths,0.0,
5207,Benin,2020-01-27,0,Deaths,0.0,
5208,Benin,2020-01-28,0,Deaths,0.0,
5209,Benin,2020-01-29,0,Deaths,0.0,0.0
5210,Benin,2020-01-30,0,Deaths,0.0,0.0
5211,Benin,2020-01-31,0,Deaths,0.0,0.0
5212,Benin,2020-02-01,0,Deaths,0.0,0.0
5213,Benin,2020-02-02,0,Deaths,0.0,0.0
5214,Benin,2020-02-03,0,Deaths,0.0,0.0
5215,Benin,2020-02-04,0,Deaths,0.0,0.0
5216,Benin,2020-02-05,0,Deaths,0.0,0.0
5217,Benin,2020-02-06,0,Deaths,0.0,0.0
5218,Benin,2020-02-07,0,Deaths,0.0,0.0
5219,Benin,2020-02-08,0,Deaths,0.0,0.0
5220,Benin,2020-02-09,0,Deaths,0.0,0.0
5221,Benin,2020-02-10,0,Deaths,0.0,0.0
5222,Benin,2020-02-11,0,Deaths,0.0,0.0
5223,Benin,2020-02-12,0,Deaths,0.0,0.0
5224,Benin,2020-02-13,0,Deaths,0.0,0.0
5225,Benin,2020-02-14,0,Deaths,0.0,0.0
5226,Benin,2020-02-15,0,Deaths,0.0,0.0
5227,Benin,2020-02-16,0,Deaths,0.0,0.0
5228,Benin,2020-02-17,0,Deaths,0.0,0.0
5229,Benin,2020-02-18,0,Deaths,0.0,0.0
5230,Benin,2020-02-19,0,Deaths,0.0,0.0
5231,Benin,2020-02-20,0,Deaths,0.0,0.0
5232,Benin,2020-02-21,0,Deaths,0.0,0.0
5233,Benin,2020-02-22,0,Deaths,0.0,0.0
5234,Benin,2020-02-23,0,Deaths,0.0,0.0
5235,Benin,2020-02-24,0,Deaths,0.0,0.0
5236,Benin,2020-02-25,0,Deaths,0.0,0.0
5237,Benin,2020-02-26,0,Deaths,0.0,0.0
5238,Benin,2020-02-27,0,Deaths,0.0,0.0
5239,Benin,2020-02-28,0,Deaths,0.0,0.0
5240,Benin,2020-02-29,0,Deaths,0.0,0.0
5241,Benin,2020-03-01,0,Deaths,0.0,0.0
5242,Benin,2020-03-02,0,Deaths,0.0,0.0
5243,Benin,2020-03-03,0,Deaths,0.0,0.0
5244,Benin,2020-03-04,0,Deaths,0.0,0.0
5245,Benin,2020-03-05,0,Deaths,0.0,0.0
5246,Benin,2020-03-06,0,Deaths,0.0,0.0
5247,Benin,2020-03-07,0,Deaths,0.0,0.0
5248,Benin,2020-03-08,0,Deaths,0.0,0.0
5249,Benin,2020-03-09,0,Deaths,0.0,0.0
5250,Benin,2020-03-10,0,Deaths,0.0,0.0
5251,Benin,2020-03-11,0,Deaths,0.0,0.0
5252,Benin,2020-03-12,0,Deaths,0.0,0.0
5253,Benin,2020-03-13,0,Deaths,0.0,0.0
5254,Benin,2020-03-14,0,Deaths,0.0,0.0
5255,Benin,2020-03-15,0,Deaths,0.0,0.0
5256,Benin,2020-03-16,0,Deaths,0.0,0.0
5257,Benin,2020-03-17,0,Deaths,0.0,0.0
5258,Benin,2020-03-18,0,Deaths,0.0,0.0
5259,Benin,2020-03-19,0,Deaths,0.0,0.0
5260,Benin,2020-03-20,0,Deaths,0.0,0.0
5261,Benin,2020-03-21,0,Deaths,0.0,0.0
5262,Benin,2020-03-22,0,Deaths,0.0,0.0
5263,Benin,2020-03-23,0,Deaths,0.0,0.0
5264,Benin,2020-03-24,0,Deaths,0.0,0.0
5265,Benin,2020-03-25,0,Deaths,0.0,0.0
5266,Benin,2020-03-26,0,Deaths,0.0,0.0
5267,Benin,2020-03-27,0,Deaths,0.0,0.0
5268,Benin,2020-03-28,0,Deaths,0.0,0.0
5269,Benin,2020-03-29,0,Deaths,0.0,0.0
5270,Benin,2020-03-30,0,Deaths,0.0,0.0
5271,Benin,2020-03-31,0,Deaths,0.0,0.0
5272,Benin,2020-04-01,0,Deaths,0.0,0.0
5273,Benin,2020-04-02,0,Deaths,0.0,0.0
5274,Benin,2020-04-03,0,Deaths,0.0,0.0
5275,Benin,2020-04-04,0,Deaths,0.0,0.0
5276,Benin,2020-04-05,0,Deaths,0.0,0.0
5277,Benin,2020-04-06,1,Deaths,1.0,1.0
5278,Benin,2020-04-07,1,Deaths,0.0,1.0
5279,Benin,2020-04-08,1,Deaths,0.0,1.0
5280,Benin,2020-04-09,1,Deaths,0.0,1.0
5281,Benin,2020-04-10,1,Deaths,0.0,1.0
5282,Benin,2020-04-11,1,Deaths,0.0,1.0
5283,Benin,2020-04-12,1,Deaths,0.0,1.0
5284,Benin,2020-04-13,1,Deaths,0.0,0.0
5285,Benin,2020-04-14,1,Deaths,0.0,0.0
5286,Benin,2020-04-15,1,Deaths,0.0,0.0
5287,Benin,2020-04-16,1,Deaths,0.0,0.0
5288,Benin,2020-04-17,1,Deaths,0.0,0.0
5289,Benin,2020-04-18,1,Deaths,0.0,0.0
5290,Benin,2020-04-19,1,Deaths,0.0,0.0
5291,Benin,2020-04-20,1,Deaths,0.0,0.0
5292,Benin,2020-04-21,1,Deaths,0.0,0.0
5293,Benin,2020-04-22,1,Deaths,0.0,0.0
5294,Benin,2020-04-23,1,Deaths,0.0,0.0
5295,Benin,2020-04-24,1,Deaths,0.0,0.0
5296,Benin,2020-04-25,1,Deaths,0.0,0.0
5297,Benin,2020-04-26,1,Deaths,0.0,0.0
5298,Benin,2020-04-27,1,Deaths,0.0,0.0
5299,Benin,2020-04-28,1,Deaths,0.0,0.0
5300,Benin,2020-04-29,1,Deaths,0.0,0.0
5301,Benin,2020-04-30,1,Deaths,0.0,0.0
5302,Benin,2020-05-01,2,Deaths,1.0,1.0
5303,Benin,2020-05-02,2,Deaths,0.0,1.0
5304,Benin,2020-05-03,2,Deaths,0.0,1.0
5305,Benin,2020-05-04,2,Deaths,0.0,1.0
5306,Benin,2020-05-05,2,Deaths,0.0,1.0
5307,Benin,2020-05-06,2,Deaths,0.0,1.0
5308,Benin,2020-05-07,2,Deaths,0.0,1.0
5309,Benin,2020-05-08,2,Deaths,0.0,0.0
5310,Benin,2020-05-09,2,Deaths,0.0,0.0
5311,Benin,2020-05-10,2,Deaths,0.0,0.0
5312,Benin,2020-05-11,2,Deaths,0.0,0.0
5313,Benin,2020-05-12,2,Deaths,0.0,0.0
5314,Benin,2020-05-13,2,Deaths,0.0,0.0
5315,Benin,2020-05-14,2,Deaths,0.0,0.0
5316,Benin,2020-05-15,2,Deaths,0.0,0.0
5317,Benin,2020-05-16,2,Deaths,0.0,0.0
5318,Benin,2020-05-17,2,Deaths,0.0,0.0
5319,Benin,2020-05-18,2,Deaths,0.0,0.0
5320,Benin,2020-05-19,2,Deaths,0.0,0.0
5321,Benin,2020-05-20,2,Deaths,0.0,0.0
5322,Benin,2020-05-21,3,Deaths,1.0,1.0
5323,Benin,2020-05-22,3,Deaths,0.0,1.0
5324,Benin,2020-05-23,3,Deaths,0.0,1.0
5325,Benin,2020-05-24,3,Deaths,0.0,1.0
5326,Benin,2020-05-25,3,Deaths,0.0,1.0
5327,Benin,2020-05-26,3,Deaths,0.0,1.0
5328,Benin,2020-05-27,3,Deaths,0.0,1.0
5329,Benin,2020-05-28,3,Deaths,0.0,0.0
5330,Benin,2020-05-29,3,Deaths,0.0,0.0
5331,Benin,2020-05-30,3,Deaths,0.0,0.0
5332,Benin,2020-05-31,3,Deaths,0.0,0.0
5333,Benin,2020-06-01,3,Deaths,0.0,0.0
5334,Benin,2020-06-02,3,Deaths,0.0,0.0
5335,Benin,2020-06-03,3,Deaths,0.0,0.0
5336,Benin,2020-06-04,3,Deaths,0.0,0.0
5337,Benin,2020-06-05,3,Deaths,0.0,0.0
5338,Benin,2020-06-06,3,Deaths,0.0,0.0
5339,Benin,2020-06-07,3,Deaths,0.0,0.0
5340,Benin,2020-06-08,4,Deaths,1.0,1.0
5341,Benin,2020-06-09,4,Deaths,0.0,1.0
5342,Benin,2020-06-10,4,Deaths,0.0,1.0
5343,Benin,2020-06-11,4,Deaths,0.0,1.0
5344,Benin,2020-06-12,5,Deaths,1.0,2.0
5345,Benin,2020-06-13,6,Deaths,1.0,3.0
5346,Benin,2020-06-14,6,Deaths,0.0,3.0
5347,Benin,2020-06-15,9,Deaths,3.0,5.0
5348,Benin,2020-06-16,9,Deaths,0.0,5.0
5349,Benin,2020-06-17,9,Deaths,0.0,5.0
5350,Benin,2020-06-18,11,Deaths,2.0,7.0
5351,Benin,2020-06-19,11,Deaths,0.0,6.0
5352,Benin,2020-06-20,11,Deaths,0.0,5.0
5353,Benin,2020-06-21,13,Deaths,2.0,7.0
5354,Benin,2020-06-22,13,Deaths,0.0,4.0
5355,Benin,2020-06-23,13,Deaths,0.0,4.0
5356,Benin,2020-06-24,13,Deaths,0.0,4.0
5357,Benin,2020-06-25,14,Deaths,1.0,3.0
5358,Benin,2020-06-26,14,Deaths,0.0,3.0
5359,Benin,2020-06-27,14,Deaths,0.0,3.0
5360,Benin,2020-06-28,16,Deaths,2.0,3.0
5361,Benin,2020-06-29,19,Deaths,3.0,6.0
5362,Benin,2020-06-30,21,Deaths,2.0,8.0
5363,Benin,2020-07-01,21,Deaths,0.0,8.0
5364,Benin,2020-07-02,21,Deaths,0.0,7.0
5365,Benin,2020-07-03,21,Deaths,0.0,7.0
5366,Benin,2020-07-04,21,Deaths,0.0,7.0
5367,Benin,2020-07-05,21,Deaths,0.0,5.0
5368,Benin,2020-07-06,21,Deaths,0.0,2.0
5369,Benin,2020-07-07,21,Deaths,0.0,0.0
5370,Benin,2020-07-08,21,Deaths,0.0,0.0
5371,Benin,2020-07-09,23,Deaths,2.0,2.0
5372,Benin,2020-07-10,23,Deaths,0.0,2.0
5373,Benin,2020-07-11,26,Deaths,3.0,5.0
5374,Benin,2020-07-12,26,Deaths,0.0,5.0
5375,Benin,2020-07-13,26,Deaths,0.0,5.0
5376,Benin,2020-07-14,26,Deaths,0.0,5.0
5377,Benin,2020-07-15,26,Deaths,0.0,5.0
5378,Benin,2020-07-16,28,Deaths,2.0,5.0
5379,Benin,2020-07-17,31,Deaths,3.0,8.0
5380,Benin,2020-07-18,31,Deaths,0.0,5.0
5381,Benin,2020-07-19,31,Deaths,0.0,5.0
5382,Benin,2020-07-20,31,Deaths,0.0,5.0
5383,Benin,2020-07-21,31,Deaths,0.0,5.0
5384,Benin,2020-07-22,34,Deaths,3.0,8.0
5385,Benin,2020-07-23,34,Deaths,0.0,6.0
5386,Benin,2020-07-24,34,Deaths,0.0,3.0
5387,Benin,2020-07-25,34,Deaths,0.0,3.0
5388,Benin,2020-07-26,35,Deaths,1.0,4.0
5389,Benin,2020-07-27,35,Deaths,0.0,4.0
5390,Benin,2020-07-28,35,Deaths,0.0,4.0
5391,Benin,2020-07-29,36,Deaths,1.0,2.0
5392,Benin,2020-07-30,36,Deaths,0.0,2.0
5393,Benin,2020-07-31,36,Deaths,0.0,2.0
5394,Benin,2020-08-01,36,Deaths,0.0,2.0
5395,Benin,2020-08-02,36,Deaths,0.0,1.0
5396,Benin,2020-08-03,36,Deaths,0.0,1.0
5397,Benin,2020-08-04,38,Deaths,2.0,3.0
5398,Benin,2020-08-05,38,Deaths,0.0,2.0
5399,Benin,2020-08-06,38,Deaths,0.0,2.0
5400,Benin,2020-08-07,38,Deaths,0.0,2.0
5401,Benin,2020-08-08,38,Deaths,0.0,2.0
5402,Benin,2020-08-09,38,Deaths,0.0,2.0
5403,Benin,2020-08-10,38,Deaths,0.0,2.0
5404,Benin,2020-08-11,38,Deaths,0.0,0.0
5405,Benin,2020-08-12,38,Deaths,0.0,0.0
5406,Benin,2020-08-13,38,Deaths,0.0,0.0
5407,Benin,2020-08-14,38,Deaths,0.0,0.0
5408,Benin,2020-08-15,39,Deaths,1.0,1.0
5409,Benin,2020-08-16,39,Deaths,0.0,1.0
5410,Benin,2020-08-17,39,Deaths,0.0,1.0
5411,Benin,2020-08-18,39,Deaths,0.0,1.0
5412,Benin,2020-08-19,39,Deaths,0.0,1.0
5413,Benin,2020-08-20,39,Deaths,0.0,1.0
5414,Benin,2020-08-21,39,Deaths,0.0,1.0
5415,Benin,2020-08-22,39,Deaths,0.0,0.0
5416,Benin,2020-08-23,39,Deaths,0.0,0.0
5417,Benin,2020-08-24,39,Deaths,0.0,0.0
5418,Benin,2020-08-25,39,Deaths,0.0,0.0
5419,Benin,2020-08-26,40,Deaths,1.0,1.0
5420,Benin,2020-08-27,40,Deaths,0.0,1.0
5421,Benin,2020-08-28,40,Deaths,0.0,1.0
5422,Benin,2020-08-29,40,Deaths,0.0,1.0
5423,Benin,2020-08-30,40,Deaths,0.0,1.0
5424,Benin,2020-08-31,40,Deaths,0.0,1.0
5425,Benin,2020-09-01,40,Deaths,0.0,1.0
5426,Benin,2020-09-02,40,Deaths,0.0,0.0
5427,Benin,2020-09-03,40,Deaths,0.0,0.0
5428,Benin,2020-09-04,40,Deaths,0.0,0.0
5429,Benin,2020-09-05,40,Deaths,0.0,0.0
5430,Benin,2020-09-06,40,Deaths,0.0,0.0
5431,Benin,2020-09-07,40,Deaths,0.0,0.0
5432,Benin,2020-09-08,40,Deaths,0.0,0.0
5433,Benin,2020-09-09,40,Deaths,0.0,0.0
5434,Benin,2020-09-10,40,Deaths,0.0,0.0
5435,Benin,2020-09-11,40,Deaths,0.0,0.0
5436,Benin,2020-09-12,40,Deaths,0.0,0.0
5437,Benin,2020-09-13,40,Deaths,0.0,0.0
5438,Benin,2020-09-14,40,Deaths,0.0,0.0
5439,Benin,2020-09-15,40,Deaths,0.0,0.0
5440,Benin,2020-09-16,40,Deaths,0.0,0.0
5441,Benin,2020-09-17,40,Deaths,0.0,0.0
5442,Benin,2020-09-18,40,Deaths,0.0,0.0
5443,Benin,2020-09-19,40,Deaths,0.0,0.0
5444,Benin,2020-09-20,40,Deaths,0.0,0.0
5445,Benin,2020-09-21,40,Deaths,0.0,0.0
5446,Benin,2020-09-22,40,Deaths,0.0,0.0
5447,Benin,2020-09-23,40,Deaths,0.0,0.0
5448,Benin,2020-09-24,40,Deaths,0.0,0.0
5449,Benin,2020-09-25,40,Deaths,0.0,0.0
5450,Benin,2020-09-26,40,Deaths,0.0,0.0
5451,Benin,2020-09-27,40,Deaths,0.0,0.0
5452,Benin,2020-09-28,40,Deaths,0.0,0.0
5453,Benin,2020-09-29,40,Deaths,0.0,0.0
5454,Benin,2020-09-30,41,Deaths,1.0,1.0
5455,Benin,2020-10-01,41,Deaths,0.0,1.0
5456,Benin,2020-10-02,41,Deaths,0.0,1.0
5457,Benin,2020-10-03,41,Deaths,0.0,1.0
5458,Benin,2020-10-04,41,Deaths,0.0,1.0
5459,Benin,2020-10-05,41,Deaths,0.0,1.0
5460,Benin,2020-10-06,41,Deaths,0.0,1.0
5461,Benin,2020-10-07,41,Deaths,0.0,0.0
5462,Benin,2020-10-08,41,Deaths,0.0,0.0
5463,Benin,2020-10-09,41,Deaths,0.0,0.0
5464,Benin,2020-10-10,41,Deaths,0.0,0.0
5465,Benin,2020-10-11,41,Deaths,0.0,0.0
5466,Benin,2020-10-12,41,Deaths,0.0,0.0
5467,Benin,2020-10-13,41,Deaths,0.0,0.0
5468,Benin,2020-10-14,41,Deaths,0.0,0.0
5469,Benin,2020-10-15,41,Deaths,0.0,0.0
5470,Benin,2020-10-16,41,Deaths,0.0,0.0
5471,Benin,2020-10-17,41,Deaths,0.0,0.0
5472,Benin,2020-10-18,41,Deaths,0.0,0.0
5473,Benin,2020-10-19,41,Deaths,0.0,0.0
5474,Benin,2020-10-20,41,Deaths,0.0,0.0
5475,Benin,2020-10-21,41,Deaths,0.0,0.0
5476,Benin,2020-10-22,41,Deaths,0.0,0.0
5477,Benin,2020-10-23,41,Deaths,0.0,0.0
5478,Benin,2020-10-24,41,Deaths,0.0,0.0
5479,Benin,2020-10-25,41,Deaths,0.0,0.0
5480,Benin,2020-10-26,41,Deaths,0.0,0.0
5481,Benin,2020-10-27,41,Deaths,0.0,0.0
5482,Benin,2020-10-28,41,Deaths,0.0,0.0
5483,Benin,2020-10-29,41,Deaths,0.0,0.0
5484,Benin,2020-10-30,41,Deaths,0.0,0.0
5485,Benin,2020-10-31,41,Deaths,0.0,0.0
5486,Benin,2020-11-01,41,Deaths,0.0,0.0
5487,Benin,2020-11-02,41,Deaths,0.0,0.0
5488,Benin,2020-11-03,41,Deaths,0.0,0.0
5489,Benin,2020-11-04,43,Deaths,2.0,2.0
5490,Benin,2020-11-05,43,Deaths,0.0,2.0
5491,Bhutan,2020-01-22,0,Deaths,,
5492,Bhutan,2020-01-23,0,Deaths,0.0,
5493,Bhutan,2020-01-24,0,Deaths,0.0,
5494,Bhutan,2020-01-25,0,Deaths,0.0,
5495,Bhutan,2020-01-26,0,Deaths,0.0,
5496,Bhutan,2020-01-27,0,Deaths,0.0,
5497,Bhutan,2020-01-28,0,Deaths,0.0,
5498,Bhutan,2020-01-29,0,Deaths,0.0,0.0
5499,Bhutan,2020-01-30,0,Deaths,0.0,0.0
5500,Bhutan,2020-01-31,0,Deaths,0.0,0.0
5501,Bhutan,2020-02-01,0,Deaths,0.0,0.0
5502,Bhutan,2020-02-02,0,Deaths,0.0,0.0
5503,Bhutan,2020-02-03,0,Deaths,0.0,0.0
5504,Bhutan,2020-02-04,0,Deaths,0.0,0.0
5505,Bhutan,2020-02-05,0,Deaths,0.0,0.0
5506,Bhutan,2020-02-06,0,Deaths,0.0,0.0
5507,Bhutan,2020-02-07,0,Deaths,0.0,0.0
5508,Bhutan,2020-02-08,0,Deaths,0.0,0.0
5509,Bhutan,2020-02-09,0,Deaths,0.0,0.0
5510,Bhutan,2020-02-10,0,Deaths,0.0,0.0
5511,Bhutan,2020-02-11,0,Deaths,0.0,0.0
5512,Bhutan,2020-02-12,0,Deaths,0.0,0.0
5513,Bhutan,2020-02-13,0,Deaths,0.0,0.0
5514,Bhutan,2020-02-14,0,Deaths,0.0,0.0
5515,Bhutan,2020-02-15,0,Deaths,0.0,0.0
5516,Bhutan,2020-02-16,0,Deaths,0.0,0.0
5517,Bhutan,2020-02-17,0,Deaths,0.0,0.0
5518,Bhutan,2020-02-18,0,Deaths,0.0,0.0
5519,Bhutan,2020-02-19,0,Deaths,0.0,0.0
5520,Bhutan,2020-02-20,0,Deaths,0.0,0.0
5521,Bhutan,2020-02-21,0,Deaths,0.0,0.0
5522,Bhutan,2020-02-22,0,Deaths,0.0,0.0
5523,Bhutan,2020-02-23,0,Deaths,0.0,0.0
5524,Bhutan,2020-02-24,0,Deaths,0.0,0.0
5525,Bhutan,2020-02-25,0,Deaths,0.0,0.0
5526,Bhutan,2020-02-26,0,Deaths,0.0,0.0
5527,Bhutan,2020-02-27,0,Deaths,0.0,0.0
5528,Bhutan,2020-02-28,0,Deaths,0.0,0.0
5529,Bhutan,2020-02-29,0,Deaths,0.0,0.0
5530,Bhutan,2020-03-01,0,Deaths,0.0,0.0
5531,Bhutan,2020-03-02,0,Deaths,0.0,0.0
5532,Bhutan,2020-03-03,0,Deaths,0.0,0.0
5533,Bhutan,2020-03-04,0,Deaths,0.0,0.0
5534,Bhutan,2020-03-05,0,Deaths,0.0,0.0
5535,Bhutan,2020-03-06,0,Deaths,0.0,0.0
5536,Bhutan,2020-03-07,0,Deaths,0.0,0.0
5537,Bhutan,2020-03-08,0,Deaths,0.0,0.0
5538,Bhutan,2020-03-09,0,Deaths,0.0,0.0
5539,Bhutan,2020-03-10,0,Deaths,0.0,0.0
5540,Bhutan,2020-03-11,0,Deaths,0.0,0.0
5541,Bhutan,2020-03-12,0,Deaths,0.0,0.0
5542,Bhutan,2020-03-13,0,Deaths,0.0,0.0
5543,Bhutan,2020-03-14,0,Deaths,0.0,0.0
5544,Bhutan,2020-03-15,0,Deaths,0.0,0.0
5545,Bhutan,2020-03-16,0,Deaths,0.0,0.0
5546,Bhutan,2020-03-17,0,Deaths,0.0,0.0
5547,Bhutan,2020-03-18,0,Deaths,0.0,0.0
5548,Bhutan,2020-03-19,0,Deaths,0.0,0.0
5549,Bhutan,2020-03-20,0,Deaths,0.0,0.0
5550,Bhutan,2020-03-21,0,Deaths,0.0,0.0
5551,Bhutan,2020-03-22,0,Deaths,0.0,0.0
5552,Bhutan,2020-03-23,0,Deaths,0.0,0.0
5553,Bhutan,2020-03-24,0,Deaths,0.0,0.0
5554,Bhutan,2020-03-25,0,Deaths,0.0,0.0
5555,Bhutan,2020-03-26,0,Deaths,0.0,0.0
5556,Bhutan,2020-03-27,0,Deaths,0.0,0.0
5557,Bhutan,2020-03-28,0,Deaths,0.0,0.0
5558,Bhutan,2020-03-29,0,Deaths,0.0,0.0
5559,Bhutan,2020-03-30,0,Deaths,0.0,0.0
5560,Bhutan,2020-03-31,0,Deaths,0.0,0.0
5561,Bhutan,2020-04-01,0,Deaths,0.0,0.0
5562,Bhutan,2020-04-02,0,Deaths,0.0,0.0
5563,Bhutan,2020-04-03,0,Deaths,0.0,0.0
5564,Bhutan,2020-04-04,0,Deaths,0.0,0.0
5565,Bhutan,2020-04-05,0,Deaths,0.0,0.0
5566,Bhutan,2020-04-06,0,Deaths,0.0,0.0
5567,Bhutan,2020-04-07,0,Deaths,0.0,0.0
5568,Bhutan,2020-04-08,0,Deaths,0.0,0.0
5569,Bhutan,2020-04-09,0,Deaths,0.0,0.0
5570,Bhutan,2020-04-10,0,Deaths,0.0,0.0
5571,Bhutan,2020-04-11,0,Deaths,0.0,0.0
5572,Bhutan,2020-04-12,0,Deaths,0.0,0.0
5573,Bhutan,2020-04-13,0,Deaths,0.0,0.0
5574,Bhutan,2020-04-14,0,Deaths,0.0,0.0
5575,Bhutan,2020-04-15,0,Deaths,0.0,0.0
5576,Bhutan,2020-04-16,0,Deaths,0.0,0.0
5577,Bhutan,2020-04-17,0,Deaths,0.0,0.0
5578,Bhutan,2020-04-18,0,Deaths,0.0,0.0
5579,Bhutan,2020-04-19,0,Deaths,0.0,0.0
5580,Bhutan,2020-04-20,0,Deaths,0.0,0.0
5581,Bhutan,2020-04-21,0,Deaths,0.0,0.0
5582,Bhutan,2020-04-22,0,Deaths,0.0,0.0
5583,Bhutan,2020-04-23,0,Deaths,0.0,0.0
5584,Bhutan,2020-04-24,0,Deaths,0.0,0.0
5585,Bhutan,2020-04-25,0,Deaths,0.0,0.0
5586,Bhutan,2020-04-26,0,Deaths,0.0,0.0
5587,Bhutan,2020-04-27,0,Deaths,0.0,0.0
5588,Bhutan,2020-04-28,0,Deaths,0.0,0.0
5589,Bhutan,2020-04-29,0,Deaths,0.0,0.0
5590,Bhutan,2020-04-30,0,Deaths,0.0,0.0
5591,Bhutan,2020-05-01,0,Deaths,0.0,0.0
5592,Bhutan,2020-05-02,0,Deaths,0.0,0.0
5593,Bhutan,2020-05-03,0,Deaths,0.0,0.0
5594,Bhutan,2020-05-04,0,Deaths,0.0,0.0
5595,Bhutan,2020-05-05,0,Deaths,0.0,0.0
5596,Bhutan,2020-05-06,0,Deaths,0.0,0.0
5597,Bhutan,2020-05-07,0,Deaths,0.0,0.0
5598,Bhutan,2020-05-08,0,Deaths,0.0,0.0
5599,Bhutan,2020-05-09,0,Deaths,0.0,0.0
5600,Bhutan,2020-05-10,0,Deaths,0.0,0.0
5601,Bhutan,2020-05-11,0,Deaths,0.0,0.0
5602,Bhutan,2020-05-12,0,Deaths,0.0,0.0
5603,Bhutan,2020-05-13,0,Deaths,0.0,0.0
5604,Bhutan,2020-05-14,0,Deaths,0.0,0.0
5605,Bhutan,2020-05-15,0,Deaths,0.0,0.0
5606,Bhutan,2020-05-16,0,Deaths,0.0,0.0
5607,Bhutan,2020-05-17,0,Deaths,0.0,0.0
5608,Bhutan,2020-05-18,0,Deaths,0.0,0.0
5609,Bhutan,2020-05-19,0,Deaths,0.0,0.0
5610,Bhutan,2020-05-20,0,Deaths,0.0,0.0
5611,Bhutan,2020-05-21,0,Deaths,0.0,0.0
5612,Bhutan,2020-05-22,0,Deaths,0.0,0.0
5613,Bhutan,2020-05-23,0,Deaths,0.0,0.0
5614,Bhutan,2020-05-24,0,Deaths,0.0,0.0
5615,Bhutan,2020-05-25,0,Deaths,0.0,0.0
5616,Bhutan,2020-05-26,0,Deaths,0.0,0.0
5617,Bhutan,2020-05-27,0,Deaths,0.0,0.0
5618,Bhutan,2020-05-28,0,Deaths,0.0,0.0
5619,Bhutan,2020-05-29,0,Deaths,0.0,0.0
5620,Bhutan,2020-05-30,0,Deaths,0.0,0.0
5621,Bhutan,2020-05-31,0,Deaths,0.0,0.0
5622,Bhutan,2020-06-01,0,Deaths,0.0,0.0
5623,Bhutan,2020-06-02,0,Deaths,0.0,0.0
5624,Bhutan,2020-06-03,0,Deaths,0.0,0.0
5625,Bhutan,2020-06-04,0,Deaths,0.0,0.0
5626,Bhutan,2020-06-05,0,Deaths,0.0,0.0
5627,Bhutan,2020-06-06,0,Deaths,0.0,0.0
5628,Bhutan,2020-06-07,0,Deaths,0.0,0.0
5629,Bhutan,2020-06-08,0,Deaths,0.0,0.0
5630,Bhutan,2020-06-09,0,Deaths,0.0,0.0
5631,Bhutan,2020-06-10,0,Deaths,0.0,0.0
5632,Bhutan,2020-06-11,0,Deaths,0.0,0.0
5633,Bhutan,2020-06-12,0,Deaths,0.0,0.0
5634,Bhutan,2020-06-13,0,Deaths,0.0,0.0
5635,Bhutan,2020-06-14,0,Deaths,0.0,0.0
5636,Bhutan,2020-06-15,0,Deaths,0.0,0.0
5637,Bhutan,2020-06-16,0,Deaths,0.0,0.0
5638,Bhutan,2020-06-17,0,Deaths,0.0,0.0
5639,Bhutan,2020-06-18,0,Deaths,0.0,0.0
5640,Bhutan,2020-06-19,0,Deaths,0.0,0.0
5641,Bhutan,2020-06-20,0,Deaths,0.0,0.0
5642,Bhutan,2020-06-21,0,Deaths,0.0,0.0
5643,Bhutan,2020-06-22,0,Deaths,0.0,0.0
5644,Bhutan,2020-06-23,0,Deaths,0.0,0.0
5645,Bhutan,2020-06-24,0,Deaths,0.0,0.0
5646,Bhutan,2020-06-25,0,Deaths,0.0,0.0
5647,Bhutan,2020-06-26,0,Deaths,0.0,0.0
5648,Bhutan,2020-06-27,0,Deaths,0.0,0.0
5649,Bhutan,2020-06-28,0,Deaths,0.0,0.0
5650,Bhutan,2020-06-29,0,Deaths,0.0,0.0
5651,Bhutan,2020-06-30,0,Deaths,0.0,0.0
5652,Bhutan,2020-07-01,0,Deaths,0.0,0.0
5653,Bhutan,2020-07-02,0,Deaths,0.0,0.0
5654,Bhutan,2020-07-03,0,Deaths,0.0,0.0
5655,Bhutan,2020-07-04,0,Deaths,0.0,0.0
5656,Bhutan,2020-07-05,0,Deaths,0.0,0.0
5657,Bhutan,2020-07-06,0,Deaths,0.0,0.0
5658,Bhutan,2020-07-07,0,Deaths,0.0,0.0
5659,Bhutan,2020-07-08,0,Deaths,0.0,0.0
5660,Bhutan,2020-07-09,0,Deaths,0.0,0.0
5661,Bhutan,2020-07-10,0,Deaths,0.0,0.0
5662,Bhutan,2020-07-11,0,Deaths,0.0,0.0
5663,Bhutan,2020-07-12,0,Deaths,0.0,0.0
5664,Bhutan,2020-07-13,0,Deaths,0.0,0.0
5665,Bhutan,2020-07-14,0,Deaths,0.0,0.0
5666,Bhutan,2020-07-15,0,Deaths,0.0,0.0
5667,Bhutan,2020-07-16,0,Deaths,0.0,0.0
5668,Bhutan,2020-07-17,0,Deaths,0.0,0.0
5669,Bhutan,2020-07-18,0,Deaths,0.0,0.0
5670,Bhutan,2020-07-19,0,Deaths,0.0,0.0
5671,Bhutan,2020-07-20,0,Deaths,0.0,0.0
5672,Bhutan,2020-07-21,0,Deaths,0.0,0.0
5673,Bhutan,2020-07-22,0,Deaths,0.0,0.0
5674,Bhutan,2020-07-23,0,Deaths,0.0,0.0
5675,Bhutan,2020-07-24,0,Deaths,0.0,0.0
5676,Bhutan,2020-07-25,0,Deaths,0.0,0.0
5677,Bhutan,2020-07-26,0,Deaths,0.0,0.0
5678,Bhutan,2020-07-27,0,Deaths,0.0,0.0
5679,Bhutan,2020-07-28,0,Deaths,0.0,0.0
5680,Bhutan,2020-07-29,0,Deaths,0.0,0.0
5681,Bhutan,2020-07-30,0,Deaths,0.0,0.0
5682,Bhutan,2020-07-31,0,Deaths,0.0,0.0
5683,Bhutan,2020-08-01,0,Deaths,0.0,0.0
5684,Bhutan,2020-08-02,0,Deaths,0.0,0.0
5685,Bhutan,2020-08-03,0,Deaths,0.0,0.0
5686,Bhutan,2020-08-04,0,Deaths,0.0,0.0
5687,Bhutan,2020-08-05,0,Deaths,0.0,0.0
5688,Bhutan,2020-08-06,0,Deaths,0.0,0.0
5689,Bhutan,2020-08-07,0,Deaths,0.0,0.0
5690,Bhutan,2020-08-08,0,Deaths,0.0,0.0
5691,Bhutan,2020-08-09,0,Deaths,0.0,0.0
5692,Bhutan,2020-08-10,0,Deaths,0.0,0.0
5693,Bhutan,2020-08-11,0,Deaths,0.0,0.0
5694,Bhutan,2020-08-12,0,Deaths,0.0,0.0
5695,Bhutan,2020-08-13,0,Deaths,0.0,0.0
5696,Bhutan,2020-08-14,0,Deaths,0.0,0.0
5697,Bhutan,2020-08-15,0,Deaths,0.0,0.0
5698,Bhutan,2020-08-16,0,Deaths,0.0,0.0
5699,Bhutan,2020-08-17,0,Deaths,0.0,0.0
5700,Bhutan,2020-08-18,0,Deaths,0.0,0.0
5701,Bhutan,2020-08-19,0,Deaths,0.0,0.0
5702,Bhutan,2020-08-20,0,Deaths,0.0,0.0
5703,Bhutan,2020-08-21,0,Deaths,0.0,0.0
5704,Bhutan,2020-08-22,0,Deaths,0.0,0.0
5705,Bhutan,2020-08-23,0,Deaths,0.0,0.0
5706,Bhutan,2020-08-24,0,Deaths,0.0,0.0
5707,Bhutan,2020-08-25,0,Deaths,0.0,0.0
5708,Bhutan,2020-08-26,0,Deaths,0.0,0.0
5709,Bhutan,2020-08-27,0,Deaths,0.0,0.0
5710,Bhutan,2020-08-28,0,Deaths,0.0,0.0
5711,Bhutan,2020-08-29,0,Deaths,0.0,0.0
5712,Bhutan,2020-08-30,0,Deaths,0.0,0.0
5713,Bhutan,2020-08-31,0,Deaths,0.0,0.0
5714,Bhutan,2020-09-01,0,Deaths,0.0,0.0
5715,Bhutan,2020-09-02,0,Deaths,0.0,0.0
5716,Bhutan,2020-09-03,0,Deaths,0.0,0.0
5717,Bhutan,2020-09-04,0,Deaths,0.0,0.0
5718,Bhutan,2020-09-05,0,Deaths,0.0,0.0
5719,Bhutan,2020-09-06,0,Deaths,0.0,0.0
5720,Bhutan,2020-09-07,0,Deaths,0.0,0.0
5721,Bhutan,2020-09-08,0,Deaths,0.0,0.0
5722,Bhutan,2020-09-09,0,Deaths,0.0,0.0
5723,Bhutan,2020-09-10,0,Deaths,0.0,0.0
5724,Bhutan,2020-09-11,0,Deaths,0.0,0.0
5725,Bhutan,2020-09-12,0,Deaths,0.0,0.0
5726,Bhutan,2020-09-13,0,Deaths,0.0,0.0
5727,Bhutan,2020-09-14,0,Deaths,0.0,0.0
5728,Bhutan,2020-09-15,0,Deaths,0.0,0.0
5729,Bhutan,2020-09-16,0,Deaths,0.0,0.0
5730,Bhutan,2020-09-17,0,Deaths,0.0,0.0
5731,Bhutan,2020-09-18,0,Deaths,0.0,0.0
5732,Bhutan,2020-09-19,0,Deaths,0.0,0.0
5733,Bhutan,2020-09-20,0,Deaths,0.0,0.0
5734,Bhutan,2020-09-21,0,Deaths,0.0,0.0
5735,Bhutan,2020-09-22,0,Deaths,0.0,0.0
5736,Bhutan,2020-09-23,0,Deaths,0.0,0.0
5737,Bhutan,2020-09-24,0,Deaths,0.0,0.0
5738,Bhutan,2020-09-25,0,Deaths,0.0,0.0
5739,Bhutan,2020-09-26,0,Deaths,0.0,0.0
5740,Bhutan,2020-09-27,0,Deaths,0.0,0.0
5741,Bhutan,2020-09-28,0,Deaths,0.0,0.0
5742,Bhutan,2020-09-29,0,Deaths,0.0,0.0
5743,Bhutan,2020-09-30,0,Deaths,0.0,0.0
5744,Bhutan,2020-10-01,0,Deaths,0.0,0.0
5745,Bhutan,2020-10-02,0,Deaths,0.0,0.0
5746,Bhutan,2020-10-03,0,Deaths,0.0,0.0
5747,Bhutan,2020-10-04,0,Deaths,0.0,0.0
5748,Bhutan,2020-10-05,0,Deaths,0.0,0.0
5749,Bhutan,2020-10-06,0,Deaths,0.0,0.0
5750,Bhutan,2020-10-07,0,Deaths,0.0,0.0
5751,Bhutan,2020-10-08,0,Deaths,0.0,0.0
5752,Bhutan,2020-10-09,0,Deaths,0.0,0.0
5753,Bhutan,2020-10-10,0,Deaths,0.0,0.0
5754,Bhutan,2020-10-11,0,Deaths,0.0,0.0
5755,Bhutan,2020-10-12,0,Deaths,0.0,0.0
5756,Bhutan,2020-10-13,0,Deaths,0.0,0.0
5757,Bhutan,2020-10-14,0,Deaths,0.0,0.0
5758,Bhutan,2020-10-15,0,Deaths,0.0,0.0
5759,Bhutan,2020-10-16,0,Deaths,0.0,0.0
5760,Bhutan,2020-10-17,0,Deaths,0.0,0.0
5761,Bhutan,2020-10-18,0,Deaths,0.0,0.0
5762,Bhutan,2020-10-19,0,Deaths,0.0,0.0
5763,Bhutan,2020-10-20,0,Deaths,0.0,0.0
5764,Bhutan,2020-10-21,0,Deaths,0.0,0.0
5765,Bhutan,2020-10-22,0,Deaths,0.0,0.0
5766,Bhutan,2020-10-23,0,Deaths,0.0,0.0
5767,Bhutan,2020-10-24,0,Deaths,0.0,0.0
5768,Bhutan,2020-10-25,0,Deaths,0.0,0.0
5769,Bhutan,2020-10-26,0,Deaths,0.0,0.0
5770,Bhutan,2020-10-27,0,Deaths,0.0,0.0
5771,Bhutan,2020-10-28,0,Deaths,0.0,0.0
5772,Bhutan,2020-10-29,0,Deaths,0.0,0.0
5773,Bhutan,2020-10-30,0,Deaths,0.0,0.0
5774,Bhutan,2020-10-31,0,Deaths,0.0,0.0
5775,Bhutan,2020-11-01,0,Deaths,0.0,0.0
5776,Bhutan,2020-11-02,0,Deaths,0.0,0.0
5777,Bhutan,2020-11-03,0,Deaths,0.0,0.0
5778,Bhutan,2020-11-04,0,Deaths,0.0,0.0
5779,Bhutan,2020-11-05,0,Deaths,0.0,0.0
5780,Bolivia,2020-01-22,0,Deaths,,
5781,Bolivia,2020-01-23,0,Deaths,0.0,
5782,Bolivia,2020-01-24,0,Deaths,0.0,
5783,Bolivia,2020-01-25,0,Deaths,0.0,
5784,Bolivia,2020-01-26,0,Deaths,0.0,
5785,Bolivia,2020-01-27,0,Deaths,0.0,
5786,Bolivia,2020-01-28,0,Deaths,0.0,
5787,Bolivia,2020-01-29,0,Deaths,0.0,0.0
5788,Bolivia,2020-01-30,0,Deaths,0.0,0.0
5789,Bolivia,2020-01-31,0,Deaths,0.0,0.0
5790,Bolivia,2020-02-01,0,Deaths,0.0,0.0
5791,Bolivia,2020-02-02,0,Deaths,0.0,0.0
5792,Bolivia,2020-02-03,0,Deaths,0.0,0.0
5793,Bolivia,2020-02-04,0,Deaths,0.0,0.0
5794,Bolivia,2020-02-05,0,Deaths,0.0,0.0
5795,Bolivia,2020-02-06,0,Deaths,0.0,0.0
5796,Bolivia,2020-02-07,0,Deaths,0.0,0.0
5797,Bolivia,2020-02-08,0,Deaths,0.0,0.0
5798,Bolivia,2020-02-09,0,Deaths,0.0,0.0
5799,Bolivia,2020-02-10,0,Deaths,0.0,0.0
5800,Bolivia,2020-02-11,0,Deaths,0.0,0.0
5801,Bolivia,2020-02-12,0,Deaths,0.0,0.0
5802,Bolivia,2020-02-13,0,Deaths,0.0,0.0
5803,Bolivia,2020-02-14,0,Deaths,0.0,0.0
5804,Bolivia,2020-02-15,0,Deaths,0.0,0.0
5805,Bolivia,2020-02-16,0,Deaths,0.0,0.0
5806,Bolivia,2020-02-17,0,Deaths,0.0,0.0
5807,Bolivia,2020-02-18,0,Deaths,0.0,0.0
5808,Bolivia,2020-02-19,0,Deaths,0.0,0.0
5809,Bolivia,2020-02-20,0,Deaths,0.0,0.0
5810,Bolivia,2020-02-21,0,Deaths,0.0,0.0
5811,Bolivia,2020-02-22,0,Deaths,0.0,0.0
5812,Bolivia,2020-02-23,0,Deaths,0.0,0.0
5813,Bolivia,2020-02-24,0,Deaths,0.0,0.0
5814,Bolivia,2020-02-25,0,Deaths,0.0,0.0
5815,Bolivia,2020-02-26,0,Deaths,0.0,0.0
5816,Bolivia,2020-02-27,0,Deaths,0.0,0.0
5817,Bolivia,2020-02-28,0,Deaths,0.0,0.0
5818,Bolivia,2020-02-29,0,Deaths,0.0,0.0
5819,Bolivia,2020-03-01,0,Deaths,0.0,0.0
5820,Bolivia,2020-03-02,0,Deaths,0.0,0.0
5821,Bolivia,2020-03-03,0,Deaths,0.0,0.0
5822,Bolivia,2020-03-04,0,Deaths,0.0,0.0
5823,Bolivia,2020-03-05,0,Deaths,0.0,0.0
5824,Bolivia,2020-03-06,0,Deaths,0.0,0.0
5825,Bolivia,2020-03-07,0,Deaths,0.0,0.0
5826,Bolivia,2020-03-08,0,Deaths,0.0,0.0
5827,Bolivia,2020-03-09,0,Deaths,0.0,0.0
5828,Bolivia,2020-03-10,0,Deaths,0.0,0.0
5829,Bolivia,2020-03-11,0,Deaths,0.0,0.0
5830,Bolivia,2020-03-12,0,Deaths,0.0,0.0
5831,Bolivia,2020-03-13,0,Deaths,0.0,0.0
5832,Bolivia,2020-03-14,0,Deaths,0.0,0.0
5833,Bolivia,2020-03-15,0,Deaths,0.0,0.0
5834,Bolivia,2020-03-16,0,Deaths,0.0,0.0
5835,Bolivia,2020-03-17,0,Deaths,0.0,0.0
5836,Bolivia,2020-03-18,0,Deaths,0.0,0.0
5837,Bolivia,2020-03-19,0,Deaths,0.0,0.0
5838,Bolivia,2020-03-20,0,Deaths,0.0,0.0
5839,Bolivia,2020-03-21,0,Deaths,0.0,0.0
5840,Bolivia,2020-03-22,0,Deaths,0.0,0.0
5841,Bolivia,2020-03-23,0,Deaths,0.0,0.0
5842,Bolivia,2020-03-24,0,Deaths,0.0,0.0
5843,Bolivia,2020-03-25,0,Deaths,0.0,0.0
5844,Bolivia,2020-03-26,0,Deaths,0.0,0.0
5845,Bolivia,2020-03-27,0,Deaths,0.0,0.0
5846,Bolivia,2020-03-28,0,Deaths,0.0,0.0
5847,Bolivia,2020-03-29,1,Deaths,1.0,1.0
5848,Bolivia,2020-03-30,4,Deaths,3.0,4.0
5849,Bolivia,2020-03-31,6,Deaths,2.0,6.0
5850,Bolivia,2020-04-01,7,Deaths,1.0,7.0
5851,Bolivia,2020-04-02,8,Deaths,1.0,8.0
5852,Bolivia,2020-04-03,9,Deaths,1.0,9.0
5853,Bolivia,2020-04-04,10,Deaths,1.0,10.0
5854,Bolivia,2020-04-05,10,Deaths,0.0,9.0
5855,Bolivia,2020-04-06,11,Deaths,1.0,7.0
5856,Bolivia,2020-04-07,14,Deaths,3.0,8.0
5857,Bolivia,2020-04-08,15,Deaths,1.0,8.0
5858,Bolivia,2020-04-09,18,Deaths,3.0,10.0
5859,Bolivia,2020-04-10,19,Deaths,1.0,10.0
5860,Bolivia,2020-04-11,20,Deaths,1.0,10.0
5861,Bolivia,2020-04-12,24,Deaths,4.0,14.0
5862,Bolivia,2020-04-13,27,Deaths,3.0,16.0
5863,Bolivia,2020-04-14,28,Deaths,1.0,14.0
5864,Bolivia,2020-04-15,28,Deaths,0.0,13.0
5865,Bolivia,2020-04-16,29,Deaths,1.0,11.0
5866,Bolivia,2020-04-17,31,Deaths,2.0,12.0
5867,Bolivia,2020-04-18,31,Deaths,0.0,11.0
5868,Bolivia,2020-04-19,32,Deaths,1.0,8.0
5869,Bolivia,2020-04-20,33,Deaths,1.0,6.0
5870,Bolivia,2020-04-21,34,Deaths,1.0,6.0
5871,Bolivia,2020-04-22,37,Deaths,3.0,9.0
5872,Bolivia,2020-04-23,43,Deaths,6.0,14.0
5873,Bolivia,2020-04-24,44,Deaths,1.0,13.0
5874,Bolivia,2020-04-25,46,Deaths,2.0,15.0
5875,Bolivia,2020-04-26,50,Deaths,4.0,18.0
5876,Bolivia,2020-04-27,53,Deaths,3.0,20.0
5877,Bolivia,2020-04-28,55,Deaths,2.0,21.0
5878,Bolivia,2020-04-29,59,Deaths,4.0,22.0
5879,Bolivia,2020-04-30,62,Deaths,3.0,19.0
5880,Bolivia,2020-05-01,66,Deaths,4.0,22.0
5881,Bolivia,2020-05-02,71,Deaths,5.0,25.0
5882,Bolivia,2020-05-03,76,Deaths,5.0,26.0
5883,Bolivia,2020-05-04,82,Deaths,6.0,29.0
5884,Bolivia,2020-05-05,86,Deaths,4.0,31.0
5885,Bolivia,2020-05-06,91,Deaths,5.0,32.0
5886,Bolivia,2020-05-07,102,Deaths,11.0,40.0
5887,Bolivia,2020-05-08,106,Deaths,4.0,40.0
5888,Bolivia,2020-05-09,114,Deaths,8.0,43.0
5889,Bolivia,2020-05-10,118,Deaths,4.0,42.0
5890,Bolivia,2020-05-11,122,Deaths,4.0,40.0
5891,Bolivia,2020-05-12,128,Deaths,6.0,42.0
5892,Bolivia,2020-05-13,142,Deaths,14.0,51.0
5893,Bolivia,2020-05-14,152,Deaths,10.0,50.0
5894,Bolivia,2020-05-15,164,Deaths,12.0,58.0
5895,Bolivia,2020-05-16,165,Deaths,1.0,51.0
5896,Bolivia,2020-05-17,169,Deaths,4.0,51.0
5897,Bolivia,2020-05-18,174,Deaths,5.0,52.0
5898,Bolivia,2020-05-19,189,Deaths,15.0,61.0
5899,Bolivia,2020-05-20,199,Deaths,10.0,57.0
5900,Bolivia,2020-05-21,215,Deaths,16.0,63.0
5901,Bolivia,2020-05-22,230,Deaths,15.0,66.0
5902,Bolivia,2020-05-23,240,Deaths,10.0,75.0
5903,Bolivia,2020-05-24,250,Deaths,10.0,81.0
5904,Bolivia,2020-05-25,261,Deaths,11.0,87.0
5905,Bolivia,2020-05-26,274,Deaths,13.0,85.0
5906,Bolivia,2020-05-27,280,Deaths,6.0,81.0
5907,Bolivia,2020-05-28,293,Deaths,13.0,78.0
5908,Bolivia,2020-05-29,300,Deaths,7.0,70.0
5909,Bolivia,2020-05-30,310,Deaths,10.0,70.0
5910,Bolivia,2020-05-31,313,Deaths,3.0,63.0
5911,Bolivia,2020-06-01,343,Deaths,30.0,82.0
5912,Bolivia,2020-06-02,376,Deaths,33.0,102.0
5913,Bolivia,2020-06-03,400,Deaths,24.0,120.0
5914,Bolivia,2020-06-04,415,Deaths,15.0,122.0
5915,Bolivia,2020-06-05,427,Deaths,12.0,127.0
5916,Bolivia,2020-06-06,454,Deaths,27.0,144.0
5917,Bolivia,2020-06-07,465,Deaths,11.0,152.0
5918,Bolivia,2020-06-08,475,Deaths,10.0,132.0
5919,Bolivia,2020-06-09,487,Deaths,12.0,111.0
5920,Bolivia,2020-06-10,512,Deaths,25.0,112.0
5921,Bolivia,2020-06-11,533,Deaths,21.0,118.0
5922,Bolivia,2020-06-12,559,Deaths,26.0,132.0
5923,Bolivia,2020-06-13,585,Deaths,26.0,131.0
5924,Bolivia,2020-06-14,611,Deaths,26.0,146.0
5925,Bolivia,2020-06-15,632,Deaths,21.0,157.0
5926,Bolivia,2020-06-16,659,Deaths,27.0,172.0
5927,Bolivia,2020-06-17,679,Deaths,20.0,167.0
5928,Bolivia,2020-06-18,697,Deaths,18.0,164.0
5929,Bolivia,2020-06-19,715,Deaths,18.0,156.0
5930,Bolivia,2020-06-20,740,Deaths,25.0,155.0
5931,Bolivia,2020-06-21,773,Deaths,33.0,162.0
5932,Bolivia,2020-06-22,820,Deaths,47.0,188.0
5933,Bolivia,2020-06-23,846,Deaths,26.0,187.0
5934,Bolivia,2020-06-24,876,Deaths,30.0,197.0
5935,Bolivia,2020-06-25,913,Deaths,37.0,216.0
5936,Bolivia,2020-06-26,934,Deaths,21.0,219.0
5937,Bolivia,2020-06-27,970,Deaths,36.0,230.0
5938,Bolivia,2020-06-28,1014,Deaths,44.0,241.0
5939,Bolivia,2020-06-29,1071,Deaths,57.0,251.0
5940,Bolivia,2020-06-30,1123,Deaths,52.0,277.0
5941,Bolivia,2020-07-01,1201,Deaths,78.0,325.0
5942,Bolivia,2020-07-02,1271,Deaths,70.0,358.0
5943,Bolivia,2020-07-03,1320,Deaths,49.0,386.0
5944,Bolivia,2020-07-04,1378,Deaths,58.0,408.0
5945,Bolivia,2020-07-05,1434,Deaths,56.0,420.0
5946,Bolivia,2020-07-06,1476,Deaths,42.0,405.0
5947,Bolivia,2020-07-07,1530,Deaths,54.0,407.0
5948,Bolivia,2020-07-08,1577,Deaths,47.0,376.0
5949,Bolivia,2020-07-09,1638,Deaths,61.0,367.0
5950,Bolivia,2020-07-10,1702,Deaths,64.0,382.0
5951,Bolivia,2020-07-11,1754,Deaths,52.0,376.0
5952,Bolivia,2020-07-12,1807,Deaths,53.0,373.0
5953,Bolivia,2020-07-13,1866,Deaths,59.0,390.0
5954,Bolivia,2020-07-14,1898,Deaths,32.0,368.0
5955,Bolivia,2020-07-15,1942,Deaths,44.0,365.0
5956,Bolivia,2020-07-16,1984,Deaths,42.0,346.0
5957,Bolivia,2020-07-17,2049,Deaths,65.0,347.0
5958,Bolivia,2020-07-18,2106,Deaths,57.0,352.0
5959,Bolivia,2020-07-19,2151,Deaths,45.0,344.0
5960,Bolivia,2020-07-20,2218,Deaths,67.0,352.0
5961,Bolivia,2020-07-21,2273,Deaths,55.0,375.0
5962,Bolivia,2020-07-22,2328,Deaths,55.0,386.0
5963,Bolivia,2020-07-23,2407,Deaths,79.0,423.0
5964,Bolivia,2020-07-24,2473,Deaths,66.0,424.0
5965,Bolivia,2020-07-25,2535,Deaths,62.0,429.0
5966,Bolivia,2020-07-26,2583,Deaths,48.0,432.0
5967,Bolivia,2020-07-27,2647,Deaths,64.0,429.0
5968,Bolivia,2020-07-28,2720,Deaths,73.0,447.0
5969,Bolivia,2020-07-29,2808,Deaths,88.0,480.0
5970,Bolivia,2020-07-30,2894,Deaths,86.0,487.0
5971,Bolivia,2020-07-31,2977,Deaths,83.0,504.0
5972,Bolivia,2020-08-01,3064,Deaths,87.0,529.0
5973,Bolivia,2020-08-02,3153,Deaths,89.0,570.0
5974,Bolivia,2020-08-03,3228,Deaths,75.0,581.0
5975,Bolivia,2020-08-04,3320,Deaths,92.0,600.0
5976,Bolivia,2020-08-05,3385,Deaths,65.0,577.0
5977,Bolivia,2020-08-06,3465,Deaths,80.0,571.0
5978,Bolivia,2020-08-07,3524,Deaths,59.0,547.0
5979,Bolivia,2020-08-08,3587,Deaths,63.0,523.0
5980,Bolivia,2020-08-09,3640,Deaths,53.0,487.0
5981,Bolivia,2020-08-10,3712,Deaths,72.0,484.0
5982,Bolivia,2020-08-11,3761,Deaths,49.0,441.0
5983,Bolivia,2020-08-12,3827,Deaths,66.0,442.0
5984,Bolivia,2020-08-13,3884,Deaths,57.0,419.0
5985,Bolivia,2020-08-14,3939,Deaths,55.0,415.0
5986,Bolivia,2020-08-15,4003,Deaths,64.0,416.0
5987,Bolivia,2020-08-16,4058,Deaths,55.0,418.0
5988,Bolivia,2020-08-17,4123,Deaths,65.0,411.0
5989,Bolivia,2020-08-18,4172,Deaths,49.0,411.0
5990,Bolivia,2020-08-19,4233,Deaths,61.0,406.0
5991,Bolivia,2020-08-20,4305,Deaths,72.0,421.0
5992,Bolivia,2020-08-21,4366,Deaths,61.0,427.0
5993,Bolivia,2020-08-22,4442,Deaths,76.0,439.0
5994,Bolivia,2020-08-23,4509,Deaths,67.0,451.0
5995,Bolivia,2020-08-24,4578,Deaths,69.0,455.0
5996,Bolivia,2020-08-25,4664,Deaths,86.0,492.0
5997,Bolivia,2020-08-26,4726,Deaths,62.0,493.0
5998,Bolivia,2020-08-27,4791,Deaths,65.0,486.0
5999,Bolivia,2020-08-28,4846,Deaths,55.0,480.0
6000,Bolivia,2020-08-29,4938,Deaths,92.0,496.0
6001,Bolivia,2020-08-30,4966,Deaths,28.0,457.0
6002,Bolivia,2020-08-31,5027,Deaths,61.0,449.0
6003,Bolivia,2020-09-01,5101,Deaths,74.0,437.0
6004,Bolivia,2020-09-02,5203,Deaths,102.0,477.0
6005,Bolivia,2020-09-03,5288,Deaths,85.0,497.0
6006,Bolivia,2020-09-04,5343,Deaths,55.0,497.0
6007,Bolivia,2020-09-05,5398,Deaths,55.0,460.0
6008,Bolivia,2020-09-06,5398,Deaths,0.0,432.0
6009,Bolivia,2020-09-07,7054,Deaths,1656.0,2027.0
6010,Bolivia,2020-09-08,7097,Deaths,43.0,1996.0
6011,Bolivia,2020-09-09,7146,Deaths,49.0,1943.0
6012,Bolivia,2020-09-10,7193,Deaths,47.0,1905.0
6013,Bolivia,2020-09-11,7250,Deaths,57.0,1907.0
6014,Bolivia,2020-09-12,7297,Deaths,47.0,1899.0
6015,Bolivia,2020-09-13,7344,Deaths,47.0,1946.0
6016,Bolivia,2020-09-14,7394,Deaths,50.0,340.0
6017,Bolivia,2020-09-15,7447,Deaths,53.0,350.0
6018,Bolivia,2020-09-16,7478,Deaths,31.0,332.0
6019,Bolivia,2020-09-17,7511,Deaths,33.0,318.0
6020,Bolivia,2020-09-18,7550,Deaths,39.0,300.0
6021,Bolivia,2020-09-19,7586,Deaths,36.0,289.0
6022,Bolivia,2020-09-20,7617,Deaths,31.0,273.0
6023,Bolivia,2020-09-21,7654,Deaths,37.0,260.0
6024,Bolivia,2020-09-22,7693,Deaths,39.0,246.0
6025,Bolivia,2020-09-23,7731,Deaths,38.0,253.0
6026,Bolivia,2020-09-24,7765,Deaths,34.0,254.0
6027,Bolivia,2020-09-25,7800,Deaths,35.0,250.0
6028,Bolivia,2020-09-26,7828,Deaths,28.0,242.0
6029,Bolivia,2020-09-27,7858,Deaths,30.0,241.0
6030,Bolivia,2020-09-28,7900,Deaths,42.0,246.0
6031,Bolivia,2020-09-29,7931,Deaths,31.0,238.0
6032,Bolivia,2020-09-30,7965,Deaths,34.0,234.0
6033,Bolivia,2020-10-01,8001,Deaths,36.0,236.0
6034,Bolivia,2020-10-02,8045,Deaths,44.0,245.0
6035,Bolivia,2020-10-03,8073,Deaths,28.0,245.0
6036,Bolivia,2020-10-04,8101,Deaths,28.0,243.0
6037,Bolivia,2020-10-05,8129,Deaths,28.0,229.0
6038,Bolivia,2020-10-06,8156,Deaths,27.0,225.0
6039,Bolivia,2020-10-07,8192,Deaths,36.0,227.0
6040,Bolivia,2020-10-08,8228,Deaths,36.0,227.0
6041,Bolivia,2020-10-09,8262,Deaths,34.0,217.0
6042,Bolivia,2020-10-10,8292,Deaths,30.0,219.0
6043,Bolivia,2020-10-11,8308,Deaths,16.0,207.0
6044,Bolivia,2020-10-12,8326,Deaths,18.0,197.0
6045,Bolivia,2020-10-13,8351,Deaths,25.0,195.0
6046,Bolivia,2020-10-14,8377,Deaths,26.0,185.0
6047,Bolivia,2020-10-15,8407,Deaths,30.0,179.0
6048,Bolivia,2020-10-16,8439,Deaths,32.0,177.0
6049,Bolivia,2020-10-17,8463,Deaths,24.0,171.0
6050,Bolivia,2020-10-18,8481,Deaths,18.0,173.0
6051,Bolivia,2020-10-19,8502,Deaths,21.0,176.0
6052,Bolivia,2020-10-20,8526,Deaths,24.0,175.0
6053,Bolivia,2020-10-21,8558,Deaths,32.0,181.0
6054,Bolivia,2020-10-22,8584,Deaths,26.0,177.0
6055,Bolivia,2020-10-23,8608,Deaths,24.0,169.0
6056,Bolivia,2020-10-24,8627,Deaths,19.0,164.0
6057,Bolivia,2020-10-25,8645,Deaths,18.0,164.0
6058,Bolivia,2020-10-26,8658,Deaths,13.0,156.0
6059,Bolivia,2020-10-27,8672,Deaths,14.0,146.0
6060,Bolivia,2020-10-28,8694,Deaths,22.0,136.0
6061,Bolivia,2020-10-29,8705,Deaths,11.0,121.0
6062,Bolivia,2020-10-30,8715,Deaths,10.0,107.0
6063,Bolivia,2020-10-31,8725,Deaths,10.0,98.0
6064,Bolivia,2020-11-01,8731,Deaths,6.0,86.0
6065,Bolivia,2020-11-02,8741,Deaths,10.0,83.0
6066,Bolivia,2020-11-03,8751,Deaths,10.0,79.0
6067,Bolivia,2020-11-04,8758,Deaths,7.0,64.0
6068,Bolivia,2020-11-05,8768,Deaths,10.0,63.0
6069,Bosnia and Herzegovina,2020-01-22,0,Deaths,,
6070,Bosnia and Herzegovina,2020-01-23,0,Deaths,0.0,
6071,Bosnia and Herzegovina,2020-01-24,0,Deaths,0.0,
6072,Bosnia and Herzegovina,2020-01-25,0,Deaths,0.0,
6073,Bosnia and Herzegovina,2020-01-26,0,Deaths,0.0,
6074,Bosnia and Herzegovina,2020-01-27,0,Deaths,0.0,
6075,Bosnia and Herzegovina,2020-01-28,0,Deaths,0.0,
6076,Bosnia and Herzegovina,2020-01-29,0,Deaths,0.0,0.0
6077,Bosnia and Herzegovina,2020-01-30,0,Deaths,0.0,0.0
6078,Bosnia and Herzegovina,2020-01-31,0,Deaths,0.0,0.0
6079,Bosnia and Herzegovina,2020-02-01,0,Deaths,0.0,0.0
6080,Bosnia and Herzegovina,2020-02-02,0,Deaths,0.0,0.0
6081,Bosnia and Herzegovina,2020-02-03,0,Deaths,0.0,0.0
6082,Bosnia and Herzegovina,2020-02-04,0,Deaths,0.0,0.0
6083,Bosnia and Herzegovina,2020-02-05,0,Deaths,0.0,0.0
6084,Bosnia and Herzegovina,2020-02-06,0,Deaths,0.0,0.0
6085,Bosnia and Herzegovina,2020-02-07,0,Deaths,0.0,0.0
6086,Bosnia and Herzegovina,2020-02-08,0,Deaths,0.0,0.0
6087,Bosnia and Herzegovina,2020-02-09,0,Deaths,0.0,0.0
6088,Bosnia and Herzegovina,2020-02-10,0,Deaths,0.0,0.0
6089,Bosnia and Herzegovina,2020-02-11,0,Deaths,0.0,0.0
6090,Bosnia and Herzegovina,2020-02-12,0,Deaths,0.0,0.0
6091,Bosnia and Herzegovina,2020-02-13,0,Deaths,0.0,0.0
6092,Bosnia and Herzegovina,2020-02-14,0,Deaths,0.0,0.0
6093,Bosnia and Herzegovina,2020-02-15,0,Deaths,0.0,0.0
6094,Bosnia and Herzegovina,2020-02-16,0,Deaths,0.0,0.0
6095,Bosnia and Herzegovina,2020-02-17,0,Deaths,0.0,0.0
6096,Bosnia and Herzegovina,2020-02-18,0,Deaths,0.0,0.0
6097,Bosnia and Herzegovina,2020-02-19,0,Deaths,0.0,0.0
6098,Bosnia and Herzegovina,2020-02-20,0,Deaths,0.0,0.0
6099,Bosnia and Herzegovina,2020-02-21,0,Deaths,0.0,0.0
6100,Bosnia and Herzegovina,2020-02-22,0,Deaths,0.0,0.0
6101,Bosnia and Herzegovina,2020-02-23,0,Deaths,0.0,0.0
6102,Bosnia and Herzegovina,2020-02-24,0,Deaths,0.0,0.0
6103,Bosnia and Herzegovina,2020-02-25,0,Deaths,0.0,0.0
6104,Bosnia and Herzegovina,2020-02-26,0,Deaths,0.0,0.0
6105,Bosnia and Herzegovina,2020-02-27,0,Deaths,0.0,0.0
6106,Bosnia and Herzegovina,2020-02-28,0,Deaths,0.0,0.0
6107,Bosnia and Herzegovina,2020-02-29,0,Deaths,0.0,0.0
6108,Bosnia and Herzegovina,2020-03-01,0,Deaths,0.0,0.0
6109,Bosnia and Herzegovina,2020-03-02,0,Deaths,0.0,0.0
6110,Bosnia and Herzegovina,2020-03-03,0,Deaths,0.0,0.0
6111,Bosnia and Herzegovina,2020-03-04,0,Deaths,0.0,0.0
6112,Bosnia and Herzegovina,2020-03-05,0,Deaths,0.0,0.0
6113,Bosnia and Herzegovina,2020-03-06,0,Deaths,0.0,0.0
6114,Bosnia and Herzegovina,2020-03-07,0,Deaths,0.0,0.0
6115,Bosnia and Herzegovina,2020-03-08,0,Deaths,0.0,0.0
6116,Bosnia and Herzegovina,2020-03-09,0,Deaths,0.0,0.0
6117,Bosnia and Herzegovina,2020-03-10,0,Deaths,0.0,0.0
6118,Bosnia and Herzegovina,2020-03-11,0,Deaths,0.0,0.0
6119,Bosnia and Herzegovina,2020-03-12,0,Deaths,0.0,0.0
6120,Bosnia and Herzegovina,2020-03-13,0,Deaths,0.0,0.0
6121,Bosnia and Herzegovina,2020-03-14,0,Deaths,0.0,0.0
6122,Bosnia and Herzegovina,2020-03-15,0,Deaths,0.0,0.0
6123,Bosnia and Herzegovina,2020-03-16,0,Deaths,0.0,0.0
6124,Bosnia and Herzegovina,2020-03-17,0,Deaths,0.0,0.0
6125,Bosnia and Herzegovina,2020-03-18,0,Deaths,0.0,0.0
6126,Bosnia and Herzegovina,2020-03-19,0,Deaths,0.0,0.0
6127,Bosnia and Herzegovina,2020-03-20,0,Deaths,0.0,0.0
6128,Bosnia and Herzegovina,2020-03-21,1,Deaths,1.0,1.0
6129,Bosnia and Herzegovina,2020-03-22,1,Deaths,0.0,1.0
6130,Bosnia and Herzegovina,2020-03-23,1,Deaths,0.0,1.0
6131,Bosnia and Herzegovina,2020-03-24,3,Deaths,2.0,3.0
6132,Bosnia and Herzegovina,2020-03-25,3,Deaths,0.0,3.0
6133,Bosnia and Herzegovina,2020-03-26,3,Deaths,0.0,3.0
6134,Bosnia and Herzegovina,2020-03-27,4,Deaths,1.0,4.0
6135,Bosnia and Herzegovina,2020-03-28,5,Deaths,1.0,4.0
6136,Bosnia and Herzegovina,2020-03-29,6,Deaths,1.0,5.0
6137,Bosnia and Herzegovina,2020-03-30,10,Deaths,4.0,9.0
6138,Bosnia and Herzegovina,2020-03-31,13,Deaths,3.0,10.0
6139,Bosnia and Herzegovina,2020-04-01,13,Deaths,0.0,10.0
6140,Bosnia and Herzegovina,2020-04-02,16,Deaths,3.0,13.0
6141,Bosnia and Herzegovina,2020-04-03,17,Deaths,1.0,13.0
6142,Bosnia and Herzegovina,2020-04-04,21,Deaths,4.0,16.0
6143,Bosnia and Herzegovina,2020-04-05,23,Deaths,2.0,17.0
6144,Bosnia and Herzegovina,2020-04-06,29,Deaths,6.0,19.0
6145,Bosnia and Herzegovina,2020-04-07,33,Deaths,4.0,20.0
6146,Bosnia and Herzegovina,2020-04-08,34,Deaths,1.0,21.0
6147,Bosnia and Herzegovina,2020-04-09,35,Deaths,1.0,19.0
6148,Bosnia and Herzegovina,2020-04-10,36,Deaths,1.0,19.0
6149,Bosnia and Herzegovina,2020-04-11,37,Deaths,1.0,16.0
6150,Bosnia and Herzegovina,2020-04-12,39,Deaths,2.0,16.0
6151,Bosnia and Herzegovina,2020-04-13,39,Deaths,0.0,10.0
6152,Bosnia and Herzegovina,2020-04-14,40,Deaths,1.0,7.0
6153,Bosnia and Herzegovina,2020-04-15,41,Deaths,1.0,7.0
6154,Bosnia and Herzegovina,2020-04-16,43,Deaths,2.0,8.0
6155,Bosnia and Herzegovina,2020-04-17,46,Deaths,3.0,10.0
6156,Bosnia and Herzegovina,2020-04-18,47,Deaths,1.0,10.0
6157,Bosnia and Herzegovina,2020-04-19,48,Deaths,1.0,9.0
6158,Bosnia and Herzegovina,2020-04-20,49,Deaths,1.0,10.0
6159,Bosnia and Herzegovina,2020-04-21,51,Deaths,2.0,11.0
6160,Bosnia and Herzegovina,2020-04-22,53,Deaths,2.0,12.0
6161,Bosnia and Herzegovina,2020-04-23,54,Deaths,1.0,11.0
6162,Bosnia and Herzegovina,2020-04-24,55,Deaths,1.0,9.0
6163,Bosnia and Herzegovina,2020-04-25,57,Deaths,2.0,10.0
6164,Bosnia and Herzegovina,2020-04-26,59,Deaths,2.0,11.0
6165,Bosnia and Herzegovina,2020-04-27,60,Deaths,1.0,11.0
6166,Bosnia and Herzegovina,2020-04-28,63,Deaths,3.0,12.0
6167,Bosnia and Herzegovina,2020-04-29,65,Deaths,2.0,12.0
6168,Bosnia and Herzegovina,2020-04-30,69,Deaths,4.0,15.0
6169,Bosnia and Herzegovina,2020-05-01,70,Deaths,1.0,15.0
6170,Bosnia and Herzegovina,2020-05-02,72,Deaths,2.0,15.0
6171,Bosnia and Herzegovina,2020-05-03,77,Deaths,5.0,18.0
6172,Bosnia and Herzegovina,2020-05-04,78,Deaths,1.0,18.0
6173,Bosnia and Herzegovina,2020-05-05,79,Deaths,1.0,16.0
6174,Bosnia and Herzegovina,2020-05-06,86,Deaths,7.0,21.0
6175,Bosnia and Herzegovina,2020-05-07,90,Deaths,4.0,21.0
6176,Bosnia and Herzegovina,2020-05-08,98,Deaths,8.0,28.0
6177,Bosnia and Herzegovina,2020-05-09,102,Deaths,4.0,30.0
6178,Bosnia and Herzegovina,2020-05-10,107,Deaths,5.0,30.0
6179,Bosnia and Herzegovina,2020-05-11,113,Deaths,6.0,35.0
6180,Bosnia and Herzegovina,2020-05-12,117,Deaths,4.0,38.0
6181,Bosnia and Herzegovina,2020-05-13,120,Deaths,3.0,34.0
6182,Bosnia and Herzegovina,2020-05-14,122,Deaths,2.0,32.0
6183,Bosnia and Herzegovina,2020-05-15,128,Deaths,6.0,30.0
6184,Bosnia and Herzegovina,2020-05-16,129,Deaths,1.0,27.0
6185,Bosnia and Herzegovina,2020-05-17,133,Deaths,4.0,26.0
6186,Bosnia and Herzegovina,2020-05-18,133,Deaths,0.0,20.0
6187,Bosnia and Herzegovina,2020-05-19,134,Deaths,1.0,17.0
6188,Bosnia and Herzegovina,2020-05-20,136,Deaths,2.0,16.0
6189,Bosnia and Herzegovina,2020-05-21,140,Deaths,4.0,18.0
6190,Bosnia and Herzegovina,2020-05-22,141,Deaths,1.0,13.0
6191,Bosnia and Herzegovina,2020-05-23,141,Deaths,0.0,12.0
6192,Bosnia and Herzegovina,2020-05-24,144,Deaths,3.0,11.0
6193,Bosnia and Herzegovina,2020-05-25,146,Deaths,2.0,13.0
6194,Bosnia and Herzegovina,2020-05-26,149,Deaths,3.0,15.0
6195,Bosnia and Herzegovina,2020-05-27,151,Deaths,2.0,15.0
6196,Bosnia and Herzegovina,2020-05-28,153,Deaths,2.0,13.0
6197,Bosnia and Herzegovina,2020-05-29,153,Deaths,0.0,12.0
6198,Bosnia and Herzegovina,2020-05-30,153,Deaths,0.0,12.0
6199,Bosnia and Herzegovina,2020-05-31,153,Deaths,0.0,9.0
6200,Bosnia and Herzegovina,2020-06-01,154,Deaths,1.0,8.0
6201,Bosnia and Herzegovina,2020-06-02,157,Deaths,3.0,8.0
6202,Bosnia and Herzegovina,2020-06-03,157,Deaths,0.0,6.0
6203,Bosnia and Herzegovina,2020-06-04,159,Deaths,2.0,6.0
6204,Bosnia and Herzegovina,2020-06-05,159,Deaths,0.0,6.0
6205,Bosnia and Herzegovina,2020-06-06,159,Deaths,0.0,6.0
6206,Bosnia and Herzegovina,2020-06-07,159,Deaths,0.0,6.0
6207,Bosnia and Herzegovina,2020-06-08,160,Deaths,1.0,6.0
6208,Bosnia and Herzegovina,2020-06-09,160,Deaths,0.0,3.0
6209,Bosnia and Herzegovina,2020-06-10,161,Deaths,1.0,4.0
6210,Bosnia and Herzegovina,2020-06-11,161,Deaths,0.0,2.0
6211,Bosnia and Herzegovina,2020-06-12,163,Deaths,2.0,4.0
6212,Bosnia and Herzegovina,2020-06-13,163,Deaths,0.0,4.0
6213,Bosnia and Herzegovina,2020-06-14,163,Deaths,0.0,4.0
6214,Bosnia and Herzegovina,2020-06-15,165,Deaths,2.0,5.0
6215,Bosnia and Herzegovina,2020-06-16,168,Deaths,3.0,8.0
6216,Bosnia and Herzegovina,2020-06-17,168,Deaths,0.0,7.0
6217,Bosnia and Herzegovina,2020-06-18,168,Deaths,0.0,7.0
6218,Bosnia and Herzegovina,2020-06-19,169,Deaths,1.0,6.0
6219,Bosnia and Herzegovina,2020-06-20,169,Deaths,0.0,6.0
6220,Bosnia and Herzegovina,2020-06-21,169,Deaths,0.0,6.0
6221,Bosnia and Herzegovina,2020-06-22,171,Deaths,2.0,6.0
6222,Bosnia and Herzegovina,2020-06-23,172,Deaths,1.0,4.0
6223,Bosnia and Herzegovina,2020-06-24,173,Deaths,1.0,5.0
6224,Bosnia and Herzegovina,2020-06-25,175,Deaths,2.0,7.0
6225,Bosnia and Herzegovina,2020-06-26,178,Deaths,3.0,9.0
6226,Bosnia and Herzegovina,2020-06-27,178,Deaths,0.0,9.0
6227,Bosnia and Herzegovina,2020-06-28,178,Deaths,0.0,9.0
6228,Bosnia and Herzegovina,2020-06-29,184,Deaths,6.0,13.0
6229,Bosnia and Herzegovina,2020-06-30,186,Deaths,2.0,14.0
6230,Bosnia and Herzegovina,2020-07-01,188,Deaths,2.0,15.0
6231,Bosnia and Herzegovina,2020-07-02,189,Deaths,1.0,14.0
6232,Bosnia and Herzegovina,2020-07-03,191,Deaths,2.0,13.0
6233,Bosnia and Herzegovina,2020-07-04,191,Deaths,0.0,13.0
6234,Bosnia and Herzegovina,2020-07-05,191,Deaths,0.0,13.0
6235,Bosnia and Herzegovina,2020-07-06,199,Deaths,8.0,15.0
6236,Bosnia and Herzegovina,2020-07-07,207,Deaths,8.0,21.0
6237,Bosnia and Herzegovina,2020-07-08,209,Deaths,2.0,21.0
6238,Bosnia and Herzegovina,2020-07-09,214,Deaths,5.0,25.0
6239,Bosnia and Herzegovina,2020-07-10,216,Deaths,2.0,25.0
6240,Bosnia and Herzegovina,2020-07-11,219,Deaths,3.0,28.0
6241,Bosnia and Herzegovina,2020-07-12,221,Deaths,2.0,30.0
6242,Bosnia and Herzegovina,2020-07-13,226,Deaths,5.0,27.0
6243,Bosnia and Herzegovina,2020-07-14,226,Deaths,0.0,19.0
6244,Bosnia and Herzegovina,2020-07-15,235,Deaths,9.0,26.0
6245,Bosnia and Herzegovina,2020-07-16,240,Deaths,5.0,26.0
6246,Bosnia and Herzegovina,2020-07-17,245,Deaths,5.0,29.0
6247,Bosnia and Herzegovina,2020-07-18,246,Deaths,1.0,27.0
6248,Bosnia and Herzegovina,2020-07-19,249,Deaths,3.0,28.0
6249,Bosnia and Herzegovina,2020-07-20,255,Deaths,6.0,29.0
6250,Bosnia and Herzegovina,2020-07-21,264,Deaths,9.0,38.0
6251,Bosnia and Herzegovina,2020-07-22,268,Deaths,4.0,33.0
6252,Bosnia and Herzegovina,2020-07-23,274,Deaths,6.0,34.0
6253,Bosnia and Herzegovina,2020-07-24,280,Deaths,6.0,35.0
6254,Bosnia and Herzegovina,2020-07-25,280,Deaths,0.0,34.0
6255,Bosnia and Herzegovina,2020-07-26,280,Deaths,0.0,31.0
6256,Bosnia and Herzegovina,2020-07-27,294,Deaths,14.0,39.0
6257,Bosnia and Herzegovina,2020-07-28,297,Deaths,3.0,33.0
6258,Bosnia and Herzegovina,2020-07-29,316,Deaths,19.0,48.0
6259,Bosnia and Herzegovina,2020-07-30,328,Deaths,12.0,54.0
6260,Bosnia and Herzegovina,2020-07-31,339,Deaths,11.0,59.0
6261,Bosnia and Herzegovina,2020-08-01,339,Deaths,0.0,59.0
6262,Bosnia and Herzegovina,2020-08-02,352,Deaths,13.0,72.0
6263,Bosnia and Herzegovina,2020-08-03,362,Deaths,10.0,68.0
6264,Bosnia and Herzegovina,2020-08-04,373,Deaths,11.0,76.0
6265,Bosnia and Herzegovina,2020-08-05,379,Deaths,6.0,63.0
6266,Bosnia and Herzegovina,2020-08-06,384,Deaths,5.0,56.0
6267,Bosnia and Herzegovina,2020-08-07,394,Deaths,10.0,55.0
6268,Bosnia and Herzegovina,2020-08-08,394,Deaths,0.0,55.0
6269,Bosnia and Herzegovina,2020-08-09,394,Deaths,0.0,42.0
6270,Bosnia and Herzegovina,2020-08-10,425,Deaths,31.0,63.0
6271,Bosnia and Herzegovina,2020-08-11,447,Deaths,22.0,74.0
6272,Bosnia and Herzegovina,2020-08-12,453,Deaths,6.0,74.0
6273,Bosnia and Herzegovina,2020-08-13,458,Deaths,5.0,74.0
6274,Bosnia and Herzegovina,2020-08-14,469,Deaths,11.0,75.0
6275,Bosnia and Herzegovina,2020-08-15,471,Deaths,2.0,77.0
6276,Bosnia and Herzegovina,2020-08-16,471,Deaths,0.0,77.0
6277,Bosnia and Herzegovina,2020-08-17,486,Deaths,15.0,61.0
6278,Bosnia and Herzegovina,2020-08-18,495,Deaths,9.0,48.0
6279,Bosnia and Herzegovina,2020-08-19,507,Deaths,12.0,54.0
6280,Bosnia and Herzegovina,2020-08-20,515,Deaths,8.0,57.0
6281,Bosnia and Herzegovina,2020-08-21,526,Deaths,11.0,57.0
6282,Bosnia and Herzegovina,2020-08-22,532,Deaths,6.0,61.0
6283,Bosnia and Herzegovina,2020-08-23,532,Deaths,0.0,61.0
6284,Bosnia and Herzegovina,2020-08-24,547,Deaths,15.0,61.0
6285,Bosnia and Herzegovina,2020-08-25,560,Deaths,13.0,65.0
6286,Bosnia and Herzegovina,2020-08-26,571,Deaths,11.0,64.0
6287,Bosnia and Herzegovina,2020-08-27,582,Deaths,11.0,67.0
6288,Bosnia and Herzegovina,2020-08-28,591,Deaths,9.0,65.0
6289,Bosnia and Herzegovina,2020-08-29,594,Deaths,3.0,62.0
6290,Bosnia and Herzegovina,2020-08-30,598,Deaths,4.0,66.0
6291,Bosnia and Herzegovina,2020-08-31,609,Deaths,11.0,62.0
6292,Bosnia and Herzegovina,2020-09-01,620,Deaths,11.0,60.0
6293,Bosnia and Herzegovina,2020-09-02,627,Deaths,7.0,56.0
6294,Bosnia and Herzegovina,2020-09-03,636,Deaths,9.0,54.0
6295,Bosnia and Herzegovina,2020-09-04,639,Deaths,3.0,48.0
6296,Bosnia and Herzegovina,2020-09-05,651,Deaths,12.0,57.0
6297,Bosnia and Herzegovina,2020-09-06,655,Deaths,4.0,57.0
6298,Bosnia and Herzegovina,2020-09-07,664,Deaths,9.0,55.0
6299,Bosnia and Herzegovina,2020-09-08,669,Deaths,5.0,49.0
6300,Bosnia and Herzegovina,2020-09-09,675,Deaths,6.0,48.0
6301,Bosnia and Herzegovina,2020-09-10,680,Deaths,5.0,44.0
6302,Bosnia and Herzegovina,2020-09-11,686,Deaths,6.0,47.0
6303,Bosnia and Herzegovina,2020-09-12,690,Deaths,4.0,39.0
6304,Bosnia and Herzegovina,2020-09-13,696,Deaths,6.0,41.0
6305,Bosnia and Herzegovina,2020-09-14,705,Deaths,9.0,41.0
6306,Bosnia and Herzegovina,2020-09-15,725,Deaths,20.0,56.0
6307,Bosnia and Herzegovina,2020-09-16,736,Deaths,11.0,61.0
6308,Bosnia and Herzegovina,2020-09-17,747,Deaths,11.0,67.0
6309,Bosnia and Herzegovina,2020-09-18,752,Deaths,5.0,66.0
6310,Bosnia and Herzegovina,2020-09-19,758,Deaths,6.0,68.0
6311,Bosnia and Herzegovina,2020-09-20,763,Deaths,5.0,67.0
6312,Bosnia and Herzegovina,2020-09-21,770,Deaths,7.0,65.0
6313,Bosnia and Herzegovina,2020-09-22,778,Deaths,8.0,53.0
6314,Bosnia and Herzegovina,2020-09-23,790,Deaths,12.0,54.0
6315,Bosnia and Herzegovina,2020-09-24,802,Deaths,12.0,55.0
6316,Bosnia and Herzegovina,2020-09-25,808,Deaths,6.0,56.0
6317,Bosnia and Herzegovina,2020-09-26,820,Deaths,12.0,62.0
6318,Bosnia and Herzegovina,2020-09-27,822,Deaths,2.0,59.0
6319,Bosnia and Herzegovina,2020-09-28,829,Deaths,7.0,59.0
6320,Bosnia and Herzegovina,2020-09-29,843,Deaths,14.0,65.0
6321,Bosnia and Herzegovina,2020-09-30,856,Deaths,13.0,66.0
6322,Bosnia and Herzegovina,2020-10-01,861,Deaths,5.0,59.0
6323,Bosnia and Herzegovina,2020-10-02,871,Deaths,10.0,63.0
6324,Bosnia and Herzegovina,2020-10-03,871,Deaths,0.0,51.0
6325,Bosnia and Herzegovina,2020-10-04,879,Deaths,8.0,57.0
6326,Bosnia and Herzegovina,2020-10-05,888,Deaths,9.0,59.0
6327,Bosnia and Herzegovina,2020-10-06,903,Deaths,15.0,60.0
6328,Bosnia and Herzegovina,2020-10-07,908,Deaths,5.0,52.0
6329,Bosnia and Herzegovina,2020-10-08,913,Deaths,5.0,52.0
6330,Bosnia and Herzegovina,2020-10-09,926,Deaths,13.0,55.0
6331,Bosnia and Herzegovina,2020-10-10,927,Deaths,1.0,56.0
6332,Bosnia and Herzegovina,2020-10-11,928,Deaths,1.0,49.0
6333,Bosnia and Herzegovina,2020-10-12,936,Deaths,8.0,48.0
6334,Bosnia and Herzegovina,2020-10-13,947,Deaths,11.0,44.0
6335,Bosnia and Herzegovina,2020-10-14,958,Deaths,11.0,50.0
6336,Bosnia and Herzegovina,2020-10-15,972,Deaths,14.0,59.0
6337,Bosnia and Herzegovina,2020-10-16,980,Deaths,8.0,54.0
6338,Bosnia and Herzegovina,2020-10-17,981,Deaths,1.0,54.0
6339,Bosnia and Herzegovina,2020-10-18,984,Deaths,3.0,56.0
6340,Bosnia and Herzegovina,2020-10-19,997,Deaths,13.0,61.0
6341,Bosnia and Herzegovina,2020-10-20,1017,Deaths,20.0,70.0
6342,Bosnia and Herzegovina,2020-10-21,1031,Deaths,14.0,73.0
6343,Bosnia and Herzegovina,2020-10-22,1051,Deaths,20.0,79.0
6344,Bosnia and Herzegovina,2020-10-23,1065,Deaths,14.0,85.0
6345,Bosnia and Herzegovina,2020-10-24,1075,Deaths,10.0,94.0
6346,Bosnia and Herzegovina,2020-10-25,1086,Deaths,11.0,102.0
6347,Bosnia and Herzegovina,2020-10-26,1104,Deaths,18.0,107.0
6348,Bosnia and Herzegovina,2020-10-27,1125,Deaths,21.0,108.0
6349,Bosnia and Herzegovina,2020-10-28,1161,Deaths,36.0,130.0
6350,Bosnia and Herzegovina,2020-10-29,1182,Deaths,21.0,131.0
6351,Bosnia and Herzegovina,2020-10-30,1212,Deaths,30.0,147.0
6352,Bosnia and Herzegovina,2020-10-31,1234,Deaths,22.0,159.0
6353,Bosnia and Herzegovina,2020-11-01,1248,Deaths,14.0,162.0
6354,Bosnia and Herzegovina,2020-11-02,1280,Deaths,32.0,176.0
6355,Bosnia and Herzegovina,2020-11-03,1317,Deaths,37.0,192.0
6356,Bosnia and Herzegovina,2020-11-04,1358,Deaths,41.0,197.0
6357,Bosnia and Herzegovina,2020-11-05,1402,Deaths,44.0,220.0
6358,Botswana,2020-01-22,0,Deaths,,
6359,Botswana,2020-01-23,0,Deaths,0.0,
6360,Botswana,2020-01-24,0,Deaths,0.0,
6361,Botswana,2020-01-25,0,Deaths,0.0,
6362,Botswana,2020-01-26,0,Deaths,0.0,
6363,Botswana,2020-01-27,0,Deaths,0.0,
6364,Botswana,2020-01-28,0,Deaths,0.0,
6365,Botswana,2020-01-29,0,Deaths,0.0,0.0
6366,Botswana,2020-01-30,0,Deaths,0.0,0.0
6367,Botswana,2020-01-31,0,Deaths,0.0,0.0
6368,Botswana,2020-02-01,0,Deaths,0.0,0.0
6369,Botswana,2020-02-02,0,Deaths,0.0,0.0
6370,Botswana,2020-02-03,0,Deaths,0.0,0.0
6371,Botswana,2020-02-04,0,Deaths,0.0,0.0
6372,Botswana,2020-02-05,0,Deaths,0.0,0.0
6373,Botswana,2020-02-06,0,Deaths,0.0,0.0
6374,Botswana,2020-02-07,0,Deaths,0.0,0.0
6375,Botswana,2020-02-08,0,Deaths,0.0,0.0
6376,Botswana,2020-02-09,0,Deaths,0.0,0.0
6377,Botswana,2020-02-10,0,Deaths,0.0,0.0
6378,Botswana,2020-02-11,0,Deaths,0.0,0.0
6379,Botswana,2020-02-12,0,Deaths,0.0,0.0
6380,Botswana,2020-02-13,0,Deaths,0.0,0.0
6381,Botswana,2020-02-14,0,Deaths,0.0,0.0
6382,Botswana,2020-02-15,0,Deaths,0.0,0.0
6383,Botswana,2020-02-16,0,Deaths,0.0,0.0
6384,Botswana,2020-02-17,0,Deaths,0.0,0.0
6385,Botswana,2020-02-18,0,Deaths,0.0,0.0
6386,Botswana,2020-02-19,0,Deaths,0.0,0.0
6387,Botswana,2020-02-20,0,Deaths,0.0,0.0
6388,Botswana,2020-02-21,0,Deaths,0.0,0.0
6389,Botswana,2020-02-22,0,Deaths,0.0,0.0
6390,Botswana,2020-02-23,0,Deaths,0.0,0.0
6391,Botswana,2020-02-24,0,Deaths,0.0,0.0
6392,Botswana,2020-02-25,0,Deaths,0.0,0.0
6393,Botswana,2020-02-26,0,Deaths,0.0,0.0
6394,Botswana,2020-02-27,0,Deaths,0.0,0.0
6395,Botswana,2020-02-28,0,Deaths,0.0,0.0
6396,Botswana,2020-02-29,0,Deaths,0.0,0.0
6397,Botswana,2020-03-01,0,Deaths,0.0,0.0
6398,Botswana,2020-03-02,0,Deaths,0.0,0.0
6399,Botswana,2020-03-03,0,Deaths,0.0,0.0
6400,Botswana,2020-03-04,0,Deaths,0.0,0.0
6401,Botswana,2020-03-05,0,Deaths,0.0,0.0
6402,Botswana,2020-03-06,0,Deaths,0.0,0.0
6403,Botswana,2020-03-07,0,Deaths,0.0,0.0
6404,Botswana,2020-03-08,0,Deaths,0.0,0.0
6405,Botswana,2020-03-09,0,Deaths,0.0,0.0
6406,Botswana,2020-03-10,0,Deaths,0.0,0.0
6407,Botswana,2020-03-11,0,Deaths,0.0,0.0
6408,Botswana,2020-03-12,0,Deaths,0.0,0.0
6409,Botswana,2020-03-13,0,Deaths,0.0,0.0
6410,Botswana,2020-03-14,0,Deaths,0.0,0.0
6411,Botswana,2020-03-15,0,Deaths,0.0,0.0
6412,Botswana,2020-03-16,0,Deaths,0.0,0.0
6413,Botswana,2020-03-17,0,Deaths,0.0,0.0
6414,Botswana,2020-03-18,0,Deaths,0.0,0.0
6415,Botswana,2020-03-19,0,Deaths,0.0,0.0
6416,Botswana,2020-03-20,0,Deaths,0.0,0.0
6417,Botswana,2020-03-21,0,Deaths,0.0,0.0
6418,Botswana,2020-03-22,0,Deaths,0.0,0.0
6419,Botswana,2020-03-23,0,Deaths,0.0,0.0
6420,Botswana,2020-03-24,0,Deaths,0.0,0.0
6421,Botswana,2020-03-25,0,Deaths,0.0,0.0
6422,Botswana,2020-03-26,0,Deaths,0.0,0.0
6423,Botswana,2020-03-27,0,Deaths,0.0,0.0
6424,Botswana,2020-03-28,0,Deaths,0.0,0.0
6425,Botswana,2020-03-29,0,Deaths,0.0,0.0
6426,Botswana,2020-03-30,0,Deaths,0.0,0.0
6427,Botswana,2020-03-31,1,Deaths,1.0,1.0
6428,Botswana,2020-04-01,1,Deaths,0.0,1.0
6429,Botswana,2020-04-02,1,Deaths,0.0,1.0
6430,Botswana,2020-04-03,1,Deaths,0.0,1.0
6431,Botswana,2020-04-04,1,Deaths,0.0,1.0
6432,Botswana,2020-04-05,1,Deaths,0.0,1.0
6433,Botswana,2020-04-06,1,Deaths,0.0,1.0
6434,Botswana,2020-04-07,1,Deaths,0.0,0.0
6435,Botswana,2020-04-08,1,Deaths,0.0,0.0
6436,Botswana,2020-04-09,1,Deaths,0.0,0.0
6437,Botswana,2020-04-10,1,Deaths,0.0,0.0
6438,Botswana,2020-04-11,1,Deaths,0.0,0.0
6439,Botswana,2020-04-12,1,Deaths,0.0,0.0
6440,Botswana,2020-04-13,1,Deaths,0.0,0.0
6441,Botswana,2020-04-14,1,Deaths,0.0,0.0
6442,Botswana,2020-04-15,1,Deaths,0.0,0.0
6443,Botswana,2020-04-16,1,Deaths,0.0,0.0
6444,Botswana,2020-04-17,1,Deaths,0.0,0.0
6445,Botswana,2020-04-18,1,Deaths,0.0,0.0
6446,Botswana,2020-04-19,1,Deaths,0.0,0.0
6447,Botswana,2020-04-20,1,Deaths,0.0,0.0
6448,Botswana,2020-04-21,1,Deaths,0.0,0.0
6449,Botswana,2020-04-22,1,Deaths,0.0,0.0
6450,Botswana,2020-04-23,1,Deaths,0.0,0.0
6451,Botswana,2020-04-24,1,Deaths,0.0,0.0
6452,Botswana,2020-04-25,1,Deaths,0.0,0.0
6453,Botswana,2020-04-26,1,Deaths,0.0,0.0
6454,Botswana,2020-04-27,1,Deaths,0.0,0.0
6455,Botswana,2020-04-28,1,Deaths,0.0,0.0
6456,Botswana,2020-04-29,1,Deaths,0.0,0.0
6457,Botswana,2020-04-30,1,Deaths,0.0,0.0
6458,Botswana,2020-05-01,1,Deaths,0.0,0.0
6459,Botswana,2020-05-02,1,Deaths,0.0,0.0
6460,Botswana,2020-05-03,1,Deaths,0.0,0.0
6461,Botswana,2020-05-04,1,Deaths,0.0,0.0
6462,Botswana,2020-05-05,1,Deaths,0.0,0.0
6463,Botswana,2020-05-06,1,Deaths,0.0,0.0
6464,Botswana,2020-05-07,1,Deaths,0.0,0.0
6465,Botswana,2020-05-08,1,Deaths,0.0,0.0
6466,Botswana,2020-05-09,1,Deaths,0.0,0.0
6467,Botswana,2020-05-10,1,Deaths,0.0,0.0
6468,Botswana,2020-05-11,1,Deaths,0.0,0.0
6469,Botswana,2020-05-12,1,Deaths,0.0,0.0
6470,Botswana,2020-05-13,1,Deaths,0.0,0.0
6471,Botswana,2020-05-14,1,Deaths,0.0,0.0
6472,Botswana,2020-05-15,1,Deaths,0.0,0.0
6473,Botswana,2020-05-16,1,Deaths,0.0,0.0
6474,Botswana,2020-05-17,1,Deaths,0.0,0.0
6475,Botswana,2020-05-18,1,Deaths,0.0,0.0
6476,Botswana,2020-05-19,1,Deaths,0.0,0.0
6477,Botswana,2020-05-20,1,Deaths,0.0,0.0
6478,Botswana,2020-05-21,1,Deaths,0.0,0.0
6479,Botswana,2020-05-22,1,Deaths,0.0,0.0
6480,Botswana,2020-05-23,1,Deaths,0.0,0.0
6481,Botswana,2020-05-24,1,Deaths,0.0,0.0
6482,Botswana,2020-05-25,1,Deaths,0.0,0.0
6483,Botswana,2020-05-26,1,Deaths,0.0,0.0
6484,Botswana,2020-05-27,1,Deaths,0.0,0.0
6485,Botswana,2020-05-28,1,Deaths,0.0,0.0
6486,Botswana,2020-05-29,1,Deaths,0.0,0.0
6487,Botswana,2020-05-30,1,Deaths,0.0,0.0
6488,Botswana,2020-05-31,1,Deaths,0.0,0.0
6489,Botswana,2020-06-01,1,Deaths,0.0,0.0
6490,Botswana,2020-06-02,1,Deaths,0.0,0.0
6491,Botswana,2020-06-03,1,Deaths,0.0,0.0
6492,Botswana,2020-06-04,1,Deaths,0.0,0.0
6493,Botswana,2020-06-05,1,Deaths,0.0,0.0
6494,Botswana,2020-06-06,1,Deaths,0.0,0.0
6495,Botswana,2020-06-07,1,Deaths,0.0,0.0
6496,Botswana,2020-06-08,1,Deaths,0.0,0.0
6497,Botswana,2020-06-09,1,Deaths,0.0,0.0
6498,Botswana,2020-06-10,1,Deaths,0.0,0.0
6499,Botswana,2020-06-11,1,Deaths,0.0,0.0
6500,Botswana,2020-06-12,1,Deaths,0.0,0.0
6501,Botswana,2020-06-13,1,Deaths,0.0,0.0
6502,Botswana,2020-06-14,1,Deaths,0.0,0.0
6503,Botswana,2020-06-15,1,Deaths,0.0,0.0
6504,Botswana,2020-06-16,1,Deaths,0.0,0.0
6505,Botswana,2020-06-17,1,Deaths,0.0,0.0
6506,Botswana,2020-06-18,1,Deaths,0.0,0.0
6507,Botswana,2020-06-19,1,Deaths,0.0,0.0
6508,Botswana,2020-06-20,1,Deaths,0.0,0.0
6509,Botswana,2020-06-21,1,Deaths,0.0,0.0
6510,Botswana,2020-06-22,1,Deaths,0.0,0.0
6511,Botswana,2020-06-23,1,Deaths,0.0,0.0
6512,Botswana,2020-06-24,1,Deaths,0.0,0.0
6513,Botswana,2020-06-25,1,Deaths,0.0,0.0
6514,Botswana,2020-06-26,1,Deaths,0.0,0.0
6515,Botswana,2020-06-27,1,Deaths,0.0,0.0
6516,Botswana,2020-06-28,1,Deaths,0.0,0.0
6517,Botswana,2020-06-29,1,Deaths,0.0,0.0
6518,Botswana,2020-06-30,1,Deaths,0.0,0.0
6519,Botswana,2020-07-01,1,Deaths,0.0,0.0
6520,Botswana,2020-07-02,1,Deaths,0.0,0.0
6521,Botswana,2020-07-03,1,Deaths,0.0,0.0
6522,Botswana,2020-07-04,1,Deaths,0.0,0.0
6523,Botswana,2020-07-05,1,Deaths,0.0,0.0
6524,Botswana,2020-07-06,1,Deaths,0.0,0.0
6525,Botswana,2020-07-07,1,Deaths,0.0,0.0
6526,Botswana,2020-07-08,1,Deaths,0.0,0.0
6527,Botswana,2020-07-09,1,Deaths,0.0,0.0
6528,Botswana,2020-07-10,1,Deaths,0.0,0.0
6529,Botswana,2020-07-11,1,Deaths,0.0,0.0
6530,Botswana,2020-07-12,1,Deaths,0.0,0.0
6531,Botswana,2020-07-13,1,Deaths,0.0,0.0
6532,Botswana,2020-07-14,1,Deaths,0.0,0.0
6533,Botswana,2020-07-15,1,Deaths,0.0,0.0
6534,Botswana,2020-07-16,1,Deaths,0.0,0.0
6535,Botswana,2020-07-17,1,Deaths,0.0,0.0
6536,Botswana,2020-07-18,1,Deaths,0.0,0.0
6537,Botswana,2020-07-19,1,Deaths,0.0,0.0
6538,Botswana,2020-07-20,1,Deaths,0.0,0.0
6539,Botswana,2020-07-21,1,Deaths,0.0,0.0
6540,Botswana,2020-07-22,1,Deaths,0.0,0.0
6541,Botswana,2020-07-23,1,Deaths,0.0,0.0
6542,Botswana,2020-07-24,1,Deaths,0.0,0.0
6543,Botswana,2020-07-25,1,Deaths,0.0,0.0
6544,Botswana,2020-07-26,1,Deaths,0.0,0.0
6545,Botswana,2020-07-27,2,Deaths,1.0,1.0
6546,Botswana,2020-07-28,2,Deaths,0.0,1.0
6547,Botswana,2020-07-29,2,Deaths,0.0,1.0
6548,Botswana,2020-07-30,2,Deaths,0.0,1.0
6549,Botswana,2020-07-31,2,Deaths,0.0,1.0
6550,Botswana,2020-08-01,2,Deaths,0.0,1.0
6551,Botswana,2020-08-02,2,Deaths,0.0,1.0
6552,Botswana,2020-08-03,2,Deaths,0.0,0.0
6553,Botswana,2020-08-04,2,Deaths,0.0,0.0
6554,Botswana,2020-08-05,2,Deaths,0.0,0.0
6555,Botswana,2020-08-06,2,Deaths,0.0,0.0
6556,Botswana,2020-08-07,2,Deaths,0.0,0.0
6557,Botswana,2020-08-08,2,Deaths,0.0,0.0
6558,Botswana,2020-08-09,2,Deaths,0.0,0.0
6559,Botswana,2020-08-10,2,Deaths,0.0,0.0
6560,Botswana,2020-08-11,2,Deaths,0.0,0.0
6561,Botswana,2020-08-12,2,Deaths,0.0,0.0
6562,Botswana,2020-08-13,3,Deaths,1.0,1.0
6563,Botswana,2020-08-14,3,Deaths,0.0,1.0
6564,Botswana,2020-08-15,3,Deaths,0.0,1.0
6565,Botswana,2020-08-16,3,Deaths,0.0,1.0
6566,Botswana,2020-08-17,3,Deaths,0.0,1.0
6567,Botswana,2020-08-18,3,Deaths,0.0,1.0
6568,Botswana,2020-08-19,3,Deaths,0.0,1.0
6569,Botswana,2020-08-20,3,Deaths,0.0,0.0
6570,Botswana,2020-08-21,3,Deaths,0.0,0.0
6571,Botswana,2020-08-22,3,Deaths,0.0,0.0
6572,Botswana,2020-08-23,3,Deaths,0.0,0.0
6573,Botswana,2020-08-24,3,Deaths,0.0,0.0
6574,Botswana,2020-08-25,3,Deaths,0.0,0.0
6575,Botswana,2020-08-26,3,Deaths,0.0,0.0
6576,Botswana,2020-08-27,3,Deaths,0.0,0.0
6577,Botswana,2020-08-28,3,Deaths,0.0,0.0
6578,Botswana,2020-08-29,3,Deaths,0.0,0.0
6579,Botswana,2020-08-30,6,Deaths,3.0,3.0
6580,Botswana,2020-08-31,6,Deaths,0.0,3.0
6581,Botswana,2020-09-01,6,Deaths,0.0,3.0
6582,Botswana,2020-09-02,6,Deaths,0.0,3.0
6583,Botswana,2020-09-03,6,Deaths,0.0,3.0
6584,Botswana,2020-09-04,8,Deaths,2.0,5.0
6585,Botswana,2020-09-05,8,Deaths,0.0,5.0
6586,Botswana,2020-09-06,8,Deaths,0.0,2.0
6587,Botswana,2020-09-07,9,Deaths,1.0,3.0
6588,Botswana,2020-09-08,9,Deaths,0.0,3.0
6589,Botswana,2020-09-09,9,Deaths,0.0,3.0
6590,Botswana,2020-09-10,10,Deaths,1.0,4.0
6591,Botswana,2020-09-11,10,Deaths,0.0,2.0
6592,Botswana,2020-09-12,10,Deaths,0.0,2.0
6593,Botswana,2020-09-13,10,Deaths,0.0,2.0
6594,Botswana,2020-09-14,11,Deaths,1.0,2.0
6595,Botswana,2020-09-15,11,Deaths,0.0,2.0
6596,Botswana,2020-09-16,11,Deaths,0.0,2.0
6597,Botswana,2020-09-17,13,Deaths,2.0,3.0
6598,Botswana,2020-09-18,13,Deaths,0.0,3.0
6599,Botswana,2020-09-19,13,Deaths,0.0,3.0
6600,Botswana,2020-09-20,13,Deaths,0.0,3.0
6601,Botswana,2020-09-21,13,Deaths,0.0,2.0
6602,Botswana,2020-09-22,13,Deaths,0.0,2.0
6603,Botswana,2020-09-23,13,Deaths,0.0,2.0
6604,Botswana,2020-09-24,16,Deaths,3.0,3.0
6605,Botswana,2020-09-25,16,Deaths,0.0,3.0
6606,Botswana,2020-09-26,16,Deaths,0.0,3.0
6607,Botswana,2020-09-27,16,Deaths,0.0,3.0
6608,Botswana,2020-09-28,16,Deaths,0.0,3.0
6609,Botswana,2020-09-29,16,Deaths,0.0,3.0
6610,Botswana,2020-09-30,16,Deaths,0.0,3.0
6611,Botswana,2020-10-01,16,Deaths,0.0,0.0
6612,Botswana,2020-10-02,16,Deaths,0.0,0.0
6613,Botswana,2020-10-03,16,Deaths,0.0,0.0
6614,Botswana,2020-10-04,16,Deaths,0.0,0.0
6615,Botswana,2020-10-05,16,Deaths,0.0,0.0
6616,Botswana,2020-10-06,18,Deaths,2.0,2.0
6617,Botswana,2020-10-07,18,Deaths,0.0,2.0
6618,Botswana,2020-10-08,18,Deaths,0.0,2.0
6619,Botswana,2020-10-09,18,Deaths,0.0,2.0
6620,Botswana,2020-10-10,18,Deaths,0.0,2.0
6621,Botswana,2020-10-11,18,Deaths,0.0,2.0
6622,Botswana,2020-10-12,20,Deaths,2.0,4.0
6623,Botswana,2020-10-13,20,Deaths,0.0,2.0
6624,Botswana,2020-10-14,20,Deaths,0.0,2.0
6625,Botswana,2020-10-15,20,Deaths,0.0,2.0
6626,Botswana,2020-10-16,20,Deaths,0.0,2.0
6627,Botswana,2020-10-17,20,Deaths,0.0,2.0
6628,Botswana,2020-10-18,20,Deaths,0.0,2.0
6629,Botswana,2020-10-19,21,Deaths,1.0,1.0
6630,Botswana,2020-10-20,21,Deaths,0.0,1.0
6631,Botswana,2020-10-21,21,Deaths,0.0,1.0
6632,Botswana,2020-10-22,21,Deaths,0.0,1.0
6633,Botswana,2020-10-23,21,Deaths,0.0,1.0
6634,Botswana,2020-10-24,21,Deaths,0.0,1.0
6635,Botswana,2020-10-25,21,Deaths,0.0,1.0
6636,Botswana,2020-10-26,21,Deaths,0.0,0.0
6637,Botswana,2020-10-27,21,Deaths,0.0,0.0
6638,Botswana,2020-10-28,21,Deaths,0.0,0.0
6639,Botswana,2020-10-29,24,Deaths,3.0,3.0
6640,Botswana,2020-10-30,24,Deaths,0.0,3.0
6641,Botswana,2020-10-31,24,Deaths,0.0,3.0
6642,Botswana,2020-11-01,24,Deaths,0.0,3.0
6643,Botswana,2020-11-02,24,Deaths,0.0,3.0
6644,Botswana,2020-11-03,24,Deaths,0.0,3.0
6645,Botswana,2020-11-04,24,Deaths,0.0,3.0
6646,Botswana,2020-11-05,27,Deaths,3.0,3.0
6647,Brazil,2020-01-22,0,Deaths,,
6648,Brazil,2020-01-23,0,Deaths,0.0,
6649,Brazil,2020-01-24,0,Deaths,0.0,
6650,Brazil,2020-01-25,0,Deaths,0.0,
6651,Brazil,2020-01-26,0,Deaths,0.0,
6652,Brazil,2020-01-27,0,Deaths,0.0,
6653,Brazil,2020-01-28,0,Deaths,0.0,
6654,Brazil,2020-01-29,0,Deaths,0.0,0.0
6655,Brazil,2020-01-30,0,Deaths,0.0,0.0
6656,Brazil,2020-01-31,0,Deaths,0.0,0.0
6657,Brazil,2020-02-01,0,Deaths,0.0,0.0
6658,Brazil,2020-02-02,0,Deaths,0.0,0.0
6659,Brazil,2020-02-03,0,Deaths,0.0,0.0
6660,Brazil,2020-02-04,0,Deaths,0.0,0.0
6661,Brazil,2020-02-05,0,Deaths,0.0,0.0
6662,Brazil,2020-02-06,0,Deaths,0.0,0.0
6663,Brazil,2020-02-07,0,Deaths,0.0,0.0
6664,Brazil,2020-02-08,0,Deaths,0.0,0.0
6665,Brazil,2020-02-09,0,Deaths,0.0,0.0
6666,Brazil,2020-02-10,0,Deaths,0.0,0.0
6667,Brazil,2020-02-11,0,Deaths,0.0,0.0
6668,Brazil,2020-02-12,0,Deaths,0.0,0.0
6669,Brazil,2020-02-13,0,Deaths,0.0,0.0
6670,Brazil,2020-02-14,0,Deaths,0.0,0.0
6671,Brazil,2020-02-15,0,Deaths,0.0,0.0
6672,Brazil,2020-02-16,0,Deaths,0.0,0.0
6673,Brazil,2020-02-17,0,Deaths,0.0,0.0
6674,Brazil,2020-02-18,0,Deaths,0.0,0.0
6675,Brazil,2020-02-19,0,Deaths,0.0,0.0
6676,Brazil,2020-02-20,0,Deaths,0.0,0.0
6677,Brazil,2020-02-21,0,Deaths,0.0,0.0
6678,Brazil,2020-02-22,0,Deaths,0.0,0.0
6679,Brazil,2020-02-23,0,Deaths,0.0,0.0
6680,Brazil,2020-02-24,0,Deaths,0.0,0.0
6681,Brazil,2020-02-25,0,Deaths,0.0,0.0
6682,Brazil,2020-02-26,0,Deaths,0.0,0.0
6683,Brazil,2020-02-27,0,Deaths,0.0,0.0
6684,Brazil,2020-02-28,0,Deaths,0.0,0.0
6685,Brazil,2020-02-29,0,Deaths,0.0,0.0
6686,Brazil,2020-03-01,0,Deaths,0.0,0.0
6687,Brazil,2020-03-02,0,Deaths,0.0,0.0
6688,Brazil,2020-03-03,0,Deaths,0.0,0.0
6689,Brazil,2020-03-04,0,Deaths,0.0,0.0
6690,Brazil,2020-03-05,0,Deaths,0.0,0.0
6691,Brazil,2020-03-06,0,Deaths,0.0,0.0
6692,Brazil,2020-03-07,0,Deaths,0.0,0.0
6693,Brazil,2020-03-08,0,Deaths,0.0,0.0
6694,Brazil,2020-03-09,0,Deaths,0.0,0.0
6695,Brazil,2020-03-10,0,Deaths,0.0,0.0
6696,Brazil,2020-03-11,0,Deaths,0.0,0.0
6697,Brazil,2020-03-12,0,Deaths,0.0,0.0
6698,Brazil,2020-03-13,0,Deaths,0.0,0.0
6699,Brazil,2020-03-14,0,Deaths,0.0,0.0
6700,Brazil,2020-03-15,0,Deaths,0.0,0.0
6701,Brazil,2020-03-16,0,Deaths,0.0,0.0
6702,Brazil,2020-03-17,1,Deaths,1.0,1.0
6703,Brazil,2020-03-18,3,Deaths,2.0,3.0
6704,Brazil,2020-03-19,6,Deaths,3.0,6.0
6705,Brazil,2020-03-20,11,Deaths,5.0,11.0
6706,Brazil,2020-03-21,15,Deaths,4.0,15.0
6707,Brazil,2020-03-22,25,Deaths,10.0,25.0
6708,Brazil,2020-03-23,34,Deaths,9.0,34.0
6709,Brazil,2020-03-24,46,Deaths,12.0,45.0
6710,Brazil,2020-03-25,59,Deaths,13.0,56.0
6711,Brazil,2020-03-26,77,Deaths,18.0,71.0
6712,Brazil,2020-03-27,92,Deaths,15.0,81.0
6713,Brazil,2020-03-28,111,Deaths,19.0,96.0
6714,Brazil,2020-03-29,136,Deaths,25.0,111.0
6715,Brazil,2020-03-30,159,Deaths,23.0,125.0
6716,Brazil,2020-03-31,201,Deaths,42.0,155.0
6717,Brazil,2020-04-01,240,Deaths,39.0,181.0
6718,Brazil,2020-04-02,324,Deaths,84.0,247.0
6719,Brazil,2020-04-03,359,Deaths,35.0,267.0
6720,Brazil,2020-04-04,445,Deaths,86.0,334.0
6721,Brazil,2020-04-05,486,Deaths,41.0,350.0
6722,Brazil,2020-04-06,564,Deaths,78.0,405.0
6723,Brazil,2020-04-07,686,Deaths,122.0,485.0
6724,Brazil,2020-04-08,819,Deaths,133.0,579.0
6725,Brazil,2020-04-09,950,Deaths,131.0,626.0
6726,Brazil,2020-04-10,1057,Deaths,107.0,698.0
6727,Brazil,2020-04-11,1124,Deaths,67.0,679.0
6728,Brazil,2020-04-12,1223,Deaths,99.0,737.0
6729,Brazil,2020-04-13,1328,Deaths,105.0,764.0
6730,Brazil,2020-04-14,1532,Deaths,204.0,846.0
6731,Brazil,2020-04-15,1736,Deaths,204.0,917.0
6732,Brazil,2020-04-16,1924,Deaths,188.0,974.0
6733,Brazil,2020-04-17,2141,Deaths,217.0,1084.0
6734,Brazil,2020-04-18,2354,Deaths,213.0,1230.0
6735,Brazil,2020-04-19,2462,Deaths,108.0,1239.0
6736,Brazil,2020-04-20,2587,Deaths,125.0,1259.0
6737,Brazil,2020-04-21,2741,Deaths,154.0,1209.0
6738,Brazil,2020-04-22,2906,Deaths,165.0,1170.0
6739,Brazil,2020-04-23,3331,Deaths,425.0,1407.0
6740,Brazil,2020-04-24,3704,Deaths,373.0,1563.0
6741,Brazil,2020-04-25,4057,Deaths,353.0,1703.0
6742,Brazil,2020-04-26,4286,Deaths,229.0,1824.0
6743,Brazil,2020-04-27,4603,Deaths,317.0,2016.0
6744,Brazil,2020-04-28,5083,Deaths,480.0,2342.0
6745,Brazil,2020-04-29,5513,Deaths,430.0,2607.0
6746,Brazil,2020-04-30,6006,Deaths,493.0,2675.0
6747,Brazil,2020-05-01,6412,Deaths,406.0,2708.0
6748,Brazil,2020-05-02,6761,Deaths,349.0,2704.0
6749,Brazil,2020-05-03,7051,Deaths,290.0,2765.0
6750,Brazil,2020-05-04,7367,Deaths,316.0,2764.0
6751,Brazil,2020-05-05,7938,Deaths,571.0,2855.0
6752,Brazil,2020-05-06,8588,Deaths,650.0,3075.0
6753,Brazil,2020-05-07,9190,Deaths,602.0,3184.0
6754,Brazil,2020-05-08,10017,Deaths,827.0,3605.0
6755,Brazil,2020-05-09,10656,Deaths,639.0,3895.0
6756,Brazil,2020-05-10,11123,Deaths,467.0,4072.0
6757,Brazil,2020-05-11,11653,Deaths,530.0,4286.0
6758,Brazil,2020-05-12,12461,Deaths,808.0,4523.0
6759,Brazil,2020-05-13,13240,Deaths,779.0,4652.0
6760,Brazil,2020-05-14,13999,Deaths,759.0,4809.0
6761,Brazil,2020-05-15,14962,Deaths,963.0,4945.0
6762,Brazil,2020-05-16,15662,Deaths,700.0,5006.0
6763,Brazil,2020-05-17,16118,Deaths,456.0,4995.0
6764,Brazil,2020-05-18,16853,Deaths,735.0,5200.0
6765,Brazil,2020-05-19,17983,Deaths,1130.0,5522.0
6766,Brazil,2020-05-20,18859,Deaths,876.0,5619.0
6767,Brazil,2020-05-21,20047,Deaths,1188.0,6048.0
6768,Brazil,2020-05-22,21048,Deaths,1001.0,6086.0
6769,Brazil,2020-05-23,22013,Deaths,965.0,6351.0
6770,Brazil,2020-05-24,22666,Deaths,653.0,6548.0
6771,Brazil,2020-05-25,23473,Deaths,807.0,6620.0
6772,Brazil,2020-05-26,24512,Deaths,1039.0,6529.0
6773,Brazil,2020-05-27,25598,Deaths,1086.0,6739.0
6774,Brazil,2020-05-28,26754,Deaths,1156.0,6707.0
6775,Brazil,2020-05-29,27878,Deaths,1124.0,6830.0
6776,Brazil,2020-05-30,28834,Deaths,956.0,6821.0
6777,Brazil,2020-05-31,29314,Deaths,480.0,6648.0
6778,Brazil,2020-06-01,29937,Deaths,623.0,6464.0
6779,Brazil,2020-06-02,31199,Deaths,1262.0,6687.0
6780,Brazil,2020-06-03,32548,Deaths,1349.0,6950.0
6781,Brazil,2020-06-04,34021,Deaths,1473.0,7267.0
6782,Brazil,2020-06-05,35026,Deaths,1005.0,7148.0
6783,Brazil,2020-06-06,35930,Deaths,904.0,7096.0
6784,Brazil,2020-06-07,36455,Deaths,525.0,7141.0
6785,Brazil,2020-06-08,37134,Deaths,679.0,7197.0
6786,Brazil,2020-06-09,38406,Deaths,1272.0,7207.0
6787,Brazil,2020-06-10,39680,Deaths,1274.0,7132.0
6788,Brazil,2020-06-11,40919,Deaths,1239.0,6898.0
6789,Brazil,2020-06-12,41828,Deaths,909.0,6802.0
6790,Brazil,2020-06-13,42720,Deaths,892.0,6790.0
6791,Brazil,2020-06-14,43332,Deaths,612.0,6877.0
6792,Brazil,2020-06-15,43959,Deaths,627.0,6825.0
6793,Brazil,2020-06-16,45241,Deaths,1282.0,6835.0
6794,Brazil,2020-06-17,46510,Deaths,1269.0,6830.0
6795,Brazil,2020-06-18,47748,Deaths,1238.0,6829.0
6796,Brazil,2020-06-19,48954,Deaths,1206.0,7126.0
6797,Brazil,2020-06-20,49976,Deaths,1022.0,7256.0
6798,Brazil,2020-06-21,50591,Deaths,615.0,7259.0
6799,Brazil,2020-06-22,51271,Deaths,680.0,7312.0
6800,Brazil,2020-06-23,52645,Deaths,1374.0,7404.0
6801,Brazil,2020-06-24,53830,Deaths,1185.0,7320.0
6802,Brazil,2020-06-25,54971,Deaths,1141.0,7223.0
6803,Brazil,2020-06-26,55961,Deaths,990.0,7007.0
6804,Brazil,2020-06-27,57070,Deaths,1109.0,7094.0
6805,Brazil,2020-06-28,57622,Deaths,552.0,7031.0
6806,Brazil,2020-06-29,58314,Deaths,692.0,7043.0
6807,Brazil,2020-06-30,59594,Deaths,1280.0,6949.0
6808,Brazil,2020-07-01,60632,Deaths,1038.0,6802.0
6809,Brazil,2020-07-02,61884,Deaths,1252.0,6913.0
6810,Brazil,2020-07-03,63174,Deaths,1290.0,7213.0
6811,Brazil,2020-07-04,64265,Deaths,1091.0,7195.0
6812,Brazil,2020-07-05,64867,Deaths,602.0,7245.0
6813,Brazil,2020-07-06,65487,Deaths,620.0,7173.0
6814,Brazil,2020-07-07,66741,Deaths,1254.0,7147.0
6815,Brazil,2020-07-08,67964,Deaths,1223.0,7332.0
6816,Brazil,2020-07-09,69184,Deaths,1220.0,7300.0
6817,Brazil,2020-07-10,70398,Deaths,1214.0,7224.0
6818,Brazil,2020-07-11,71469,Deaths,1071.0,7204.0
6819,Brazil,2020-07-12,72100,Deaths,631.0,7233.0
6820,Brazil,2020-07-13,72833,Deaths,733.0,7346.0
6821,Brazil,2020-07-14,74133,Deaths,1300.0,7392.0
6822,Brazil,2020-07-15,75366,Deaths,1233.0,7402.0
6823,Brazil,2020-07-16,76688,Deaths,1322.0,7504.0
6824,Brazil,2020-07-17,77851,Deaths,1163.0,7453.0
6825,Brazil,2020-07-18,78772,Deaths,921.0,7303.0
6826,Brazil,2020-07-19,79488,Deaths,716.0,7388.0
6827,Brazil,2020-07-20,80120,Deaths,632.0,7287.0
6828,Brazil,2020-07-21,81487,Deaths,1367.0,7354.0
6829,Brazil,2020-07-22,82771,Deaths,1284.0,7405.0
6830,Brazil,2020-07-23,84082,Deaths,1311.0,7394.0
6831,Brazil,2020-07-24,85238,Deaths,1156.0,7387.0
6832,Brazil,2020-07-25,86449,Deaths,1211.0,7677.0
6833,Brazil,2020-07-26,87004,Deaths,555.0,7516.0
6834,Brazil,2020-07-27,87618,Deaths,614.0,7498.0
6835,Brazil,2020-07-28,88539,Deaths,921.0,7052.0
6836,Brazil,2020-07-29,90134,Deaths,1595.0,7363.0
6837,Brazil,2020-07-30,91263,Deaths,1129.0,7181.0
6838,Brazil,2020-07-31,92475,Deaths,1212.0,7237.0
6839,Brazil,2020-08-01,93563,Deaths,1088.0,7114.0
6840,Brazil,2020-08-02,94104,Deaths,541.0,7100.0
6841,Brazil,2020-08-03,94665,Deaths,561.0,7047.0
6842,Brazil,2020-08-04,95819,Deaths,1154.0,7280.0
6843,Brazil,2020-08-05,97256,Deaths,1437.0,7122.0
6844,Brazil,2020-08-06,98493,Deaths,1237.0,7230.0
6845,Brazil,2020-08-07,99572,Deaths,1079.0,7097.0
6846,Brazil,2020-08-08,100477,Deaths,905.0,6914.0
6847,Brazil,2020-08-09,101049,Deaths,572.0,6945.0
6848,Brazil,2020-08-10,101752,Deaths,703.0,7087.0
6849,Brazil,2020-08-11,103026,Deaths,1274.0,7207.0
6850,Brazil,2020-08-12,104201,Deaths,1175.0,6945.0
6851,Brazil,2020-08-13,105463,Deaths,1262.0,6970.0
6852,Brazil,2020-08-14,106523,Deaths,1060.0,6951.0
6853,Brazil,2020-08-15,107232,Deaths,709.0,6755.0
6854,Brazil,2020-08-16,107852,Deaths,620.0,6803.0
6855,Brazil,2020-08-17,108536,Deaths,684.0,6784.0
6856,Brazil,2020-08-18,109888,Deaths,1352.0,6862.0
6857,Brazil,2020-08-19,111100,Deaths,1212.0,6899.0
6858,Brazil,2020-08-20,112304,Deaths,1204.0,6841.0
6859,Brazil,2020-08-21,113358,Deaths,1054.0,6835.0
6860,Brazil,2020-08-22,114250,Deaths,892.0,7018.0
6861,Brazil,2020-08-23,114744,Deaths,494.0,6892.0
6862,Brazil,2020-08-24,115309,Deaths,565.0,6773.0
6863,Brazil,2020-08-25,116580,Deaths,1271.0,6692.0
6864,Brazil,2020-08-26,117665,Deaths,1085.0,6565.0
6865,Brazil,2020-08-27,118649,Deaths,984.0,6345.0
6866,Brazil,2020-08-28,119504,Deaths,855.0,6146.0
6867,Brazil,2020-08-29,120262,Deaths,758.0,6012.0
6868,Brazil,2020-08-30,120828,Deaths,566.0,6084.0
6869,Brazil,2020-08-31,121381,Deaths,553.0,6072.0
6870,Brazil,2020-09-01,122596,Deaths,1215.0,6016.0
6871,Brazil,2020-09-02,123780,Deaths,1184.0,6115.0
6872,Brazil,2020-09-03,124614,Deaths,834.0,5965.0
6873,Brazil,2020-09-04,125502,Deaths,888.0,5998.0
6874,Brazil,2020-09-05,126203,Deaths,701.0,5941.0
6875,Brazil,2020-09-06,126650,Deaths,447.0,5822.0
6876,Brazil,2020-09-07,126960,Deaths,310.0,5579.0
6877,Brazil,2020-09-08,127464,Deaths,504.0,4868.0
6878,Brazil,2020-09-09,128539,Deaths,1075.0,4759.0
6879,Brazil,2020-09-10,129522,Deaths,983.0,4908.0
6880,Brazil,2020-09-11,130396,Deaths,874.0,4894.0
6881,Brazil,2020-09-12,131210,Deaths,814.0,5007.0
6882,Brazil,2020-09-13,131625,Deaths,415.0,4975.0
6883,Brazil,2020-09-14,132006,Deaths,381.0,5046.0
6884,Brazil,2020-09-15,133119,Deaths,1113.0,5655.0
6885,Brazil,2020-09-16,134106,Deaths,987.0,5567.0
6886,Brazil,2020-09-17,134935,Deaths,829.0,5413.0
6887,Brazil,2020-09-18,135793,Deaths,858.0,5397.0
6888,Brazil,2020-09-19,136532,Deaths,739.0,5322.0
6889,Brazil,2020-09-20,136895,Deaths,363.0,5270.0
6890,Brazil,2020-09-21,137272,Deaths,377.0,5266.0
6891,Brazil,2020-09-22,138105,Deaths,833.0,4986.0
6892,Brazil,2020-09-23,138105,Deaths,0.0,3999.0
6893,Brazil,2020-09-24,139808,Deaths,1703.0,4873.0
6894,Brazil,2020-09-25,140537,Deaths,729.0,4744.0
6895,Brazil,2020-09-26,141406,Deaths,869.0,4874.0
6896,Brazil,2020-09-27,141741,Deaths,335.0,4846.0
6897,Brazil,2020-09-28,142058,Deaths,317.0,4786.0
6898,Brazil,2020-09-29,142921,Deaths,863.0,4816.0
6899,Brazil,2020-09-30,143952,Deaths,1031.0,5847.0
6900,Brazil,2020-10-01,144680,Deaths,728.0,4872.0
6901,Brazil,2020-10-02,144680,Deaths,0.0,4143.0
6902,Brazil,2020-10-03,145987,Deaths,1307.0,4581.0
6903,Brazil,2020-10-04,146352,Deaths,365.0,4611.0
6904,Brazil,2020-10-05,146675,Deaths,323.0,4617.0
6905,Brazil,2020-10-06,147494,Deaths,819.0,4573.0
6906,Brazil,2020-10-07,148228,Deaths,734.0,4276.0
6907,Brazil,2020-10-08,148957,Deaths,729.0,4277.0
6908,Brazil,2020-10-09,149639,Deaths,682.0,4959.0
6909,Brazil,2020-10-10,150198,Deaths,559.0,4211.0
6910,Brazil,2020-10-11,150488,Deaths,290.0,4136.0
6911,Brazil,2020-10-12,150689,Deaths,201.0,4014.0
6912,Brazil,2020-10-13,150998,Deaths,309.0,3504.0
6913,Brazil,2020-10-14,151747,Deaths,749.0,3519.0
6914,Brazil,2020-10-15,152460,Deaths,713.0,3503.0
6915,Brazil,2020-10-16,153214,Deaths,754.0,3575.0
6916,Brazil,2020-10-17,153675,Deaths,461.0,3477.0
6917,Brazil,2020-10-18,153675,Deaths,0.0,3187.0
6918,Brazil,2020-10-19,154176,Deaths,501.0,3487.0
6919,Brazil,2020-10-20,154837,Deaths,661.0,3839.0
6920,Brazil,2020-10-21,155403,Deaths,566.0,3656.0
6921,Brazil,2020-10-22,155900,Deaths,497.0,3440.0
6922,Brazil,2020-10-23,156471,Deaths,571.0,3257.0
6923,Brazil,2020-10-24,156903,Deaths,432.0,3228.0
6924,Brazil,2020-10-25,157134,Deaths,231.0,3459.0
6925,Brazil,2020-10-26,157397,Deaths,263.0,3221.0
6926,Brazil,2020-10-27,157946,Deaths,549.0,3109.0
6927,Brazil,2020-10-28,158456,Deaths,510.0,3053.0
6928,Brazil,2020-10-29,158969,Deaths,513.0,3069.0
6929,Brazil,2020-10-30,159477,Deaths,508.0,3006.0
6930,Brazil,2020-10-31,159884,Deaths,407.0,2981.0
6931,Brazil,2020-11-01,160074,Deaths,190.0,2940.0
6932,Brazil,2020-11-02,160253,Deaths,179.0,2856.0
6933,Brazil,2020-11-03,160496,Deaths,243.0,2550.0
6934,Brazil,2020-11-04,161106,Deaths,610.0,2650.0
6935,Brazil,2020-11-05,161106,Deaths,0.0,2137.0
6936,Brunei,2020-01-22,0,Deaths,,
6937,Brunei,2020-01-23,0,Deaths,0.0,
6938,Brunei,2020-01-24,0,Deaths,0.0,
6939,Brunei,2020-01-25,0,Deaths,0.0,
6940,Brunei,2020-01-26,0,Deaths,0.0,
6941,Brunei,2020-01-27,0,Deaths,0.0,
6942,Brunei,2020-01-28,0,Deaths,0.0,
6943,Brunei,2020-01-29,0,Deaths,0.0,0.0
6944,Brunei,2020-01-30,0,Deaths,0.0,0.0
6945,Brunei,2020-01-31,0,Deaths,0.0,0.0
6946,Brunei,2020-02-01,0,Deaths,0.0,0.0
6947,Brunei,2020-02-02,0,Deaths,0.0,0.0
6948,Brunei,2020-02-03,0,Deaths,0.0,0.0
6949,Brunei,2020-02-04,0,Deaths,0.0,0.0
6950,Brunei,2020-02-05,0,Deaths,0.0,0.0
6951,Brunei,2020-02-06,0,Deaths,0.0,0.0
6952,Brunei,2020-02-07,0,Deaths,0.0,0.0
6953,Brunei,2020-02-08,0,Deaths,0.0,0.0
6954,Brunei,2020-02-09,0,Deaths,0.0,0.0
6955,Brunei,2020-02-10,0,Deaths,0.0,0.0
6956,Brunei,2020-02-11,0,Deaths,0.0,0.0
6957,Brunei,2020-02-12,0,Deaths,0.0,0.0
6958,Brunei,2020-02-13,0,Deaths,0.0,0.0
6959,Brunei,2020-02-14,0,Deaths,0.0,0.0
6960,Brunei,2020-02-15,0,Deaths,0.0,0.0
6961,Brunei,2020-02-16,0,Deaths,0.0,0.0
6962,Brunei,2020-02-17,0,Deaths,0.0,0.0
6963,Brunei,2020-02-18,0,Deaths,0.0,0.0
6964,Brunei,2020-02-19,0,Deaths,0.0,0.0
6965,Brunei,2020-02-20,0,Deaths,0.0,0.0
6966,Brunei,2020-02-21,0,Deaths,0.0,0.0
6967,Brunei,2020-02-22,0,Deaths,0.0,0.0
6968,Brunei,2020-02-23,0,Deaths,0.0,0.0
6969,Brunei,2020-02-24,0,Deaths,0.0,0.0
6970,Brunei,2020-02-25,0,Deaths,0.0,0.0
6971,Brunei,2020-02-26,0,Deaths,0.0,0.0
6972,Brunei,2020-02-27,0,Deaths,0.0,0.0
6973,Brunei,2020-02-28,0,Deaths,0.0,0.0
6974,Brunei,2020-02-29,0,Deaths,0.0,0.0
6975,Brunei,2020-03-01,0,Deaths,0.0,0.0
6976,Brunei,2020-03-02,0,Deaths,0.0,0.0
6977,Brunei,2020-03-03,0,Deaths,0.0,0.0
6978,Brunei,2020-03-04,0,Deaths,0.0,0.0
6979,Brunei,2020-03-05,0,Deaths,0.0,0.0
6980,Brunei,2020-03-06,0,Deaths,0.0,0.0
6981,Brunei,2020-03-07,0,Deaths,0.0,0.0
6982,Brunei,2020-03-08,0,Deaths,0.0,0.0
6983,Brunei,2020-03-09,0,Deaths,0.0,0.0
6984,Brunei,2020-03-10,0,Deaths,0.0,0.0
6985,Brunei,2020-03-11,0,Deaths,0.0,0.0
6986,Brunei,2020-03-12,0,Deaths,0.0,0.0
6987,Brunei,2020-03-13,0,Deaths,0.0,0.0
6988,Brunei,2020-03-14,0,Deaths,0.0,0.0
6989,Brunei,2020-03-15,0,Deaths,0.0,0.0
6990,Brunei,2020-03-16,0,Deaths,0.0,0.0
6991,Brunei,2020-03-17,0,Deaths,0.0,0.0
6992,Brunei,2020-03-18,0,Deaths,0.0,0.0
6993,Brunei,2020-03-19,0,Deaths,0.0,0.0
6994,Brunei,2020-03-20,0,Deaths,0.0,0.0
6995,Brunei,2020-03-21,0,Deaths,0.0,0.0
6996,Brunei,2020-03-22,0,Deaths,0.0,0.0
6997,Brunei,2020-03-23,0,Deaths,0.0,0.0
6998,Brunei,2020-03-24,0,Deaths,0.0,0.0
6999,Brunei,2020-03-25,0,Deaths,0.0,0.0
7000,Brunei,2020-03-26,0,Deaths,0.0,0.0
7001,Brunei,2020-03-27,0,Deaths,0.0,0.0
7002,Brunei,2020-03-28,1,Deaths,1.0,1.0
7003,Brunei,2020-03-29,1,Deaths,0.0,1.0
7004,Brunei,2020-03-30,1,Deaths,0.0,1.0
7005,Brunei,2020-03-31,1,Deaths,0.0,1.0
7006,Brunei,2020-04-01,1,Deaths,0.0,1.0
7007,Brunei,2020-04-02,1,Deaths,0.0,1.0
7008,Brunei,2020-04-03,1,Deaths,0.0,1.0
7009,Brunei,2020-04-04,1,Deaths,0.0,0.0
7010,Brunei,2020-04-05,1,Deaths,0.0,0.0
7011,Brunei,2020-04-06,1,Deaths,0.0,0.0
7012,Brunei,2020-04-07,1,Deaths,0.0,0.0
7013,Brunei,2020-04-08,1,Deaths,0.0,0.0
7014,Brunei,2020-04-09,1,Deaths,0.0,0.0
7015,Brunei,2020-04-10,1,Deaths,0.0,0.0
7016,Brunei,2020-04-11,1,Deaths,0.0,0.0
7017,Brunei,2020-04-12,1,Deaths,0.0,0.0
7018,Brunei,2020-04-13,1,Deaths,0.0,0.0
7019,Brunei,2020-04-14,1,Deaths,0.0,0.0
7020,Brunei,2020-04-15,1,Deaths,0.0,0.0
7021,Brunei,2020-04-16,1,Deaths,0.0,0.0
7022,Brunei,2020-04-17,1,Deaths,0.0,0.0
7023,Brunei,2020-04-18,1,Deaths,0.0,0.0
7024,Brunei,2020-04-19,1,Deaths,0.0,0.0
7025,Brunei,2020-04-20,1,Deaths,0.0,0.0
7026,Brunei,2020-04-21,1,Deaths,0.0,0.0
7027,Brunei,2020-04-22,1,Deaths,0.0,0.0
7028,Brunei,2020-04-23,1,Deaths,0.0,0.0
7029,Brunei,2020-04-24,1,Deaths,0.0,0.0
7030,Brunei,2020-04-25,1,Deaths,0.0,0.0
7031,Brunei,2020-04-26,1,Deaths,0.0,0.0
7032,Brunei,2020-04-27,1,Deaths,0.0,0.0
7033,Brunei,2020-04-28,1,Deaths,0.0,0.0
7034,Brunei,2020-04-29,1,Deaths,0.0,0.0
7035,Brunei,2020-04-30,1,Deaths,0.0,0.0
7036,Brunei,2020-05-01,1,Deaths,0.0,0.0
7037,Brunei,2020-05-02,1,Deaths,0.0,0.0
7038,Brunei,2020-05-03,1,Deaths,0.0,0.0
7039,Brunei,2020-05-04,1,Deaths,0.0,0.0
7040,Brunei,2020-05-05,1,Deaths,0.0,0.0
7041,Brunei,2020-05-06,1,Deaths,0.0,0.0
7042,Brunei,2020-05-07,1,Deaths,0.0,0.0
7043,Brunei,2020-05-08,1,Deaths,0.0,0.0
7044,Brunei,2020-05-09,1,Deaths,0.0,0.0
7045,Brunei,2020-05-10,1,Deaths,0.0,0.0
7046,Brunei,2020-05-11,1,Deaths,0.0,0.0
7047,Brunei,2020-05-12,1,Deaths,0.0,0.0
7048,Brunei,2020-05-13,1,Deaths,0.0,0.0
7049,Brunei,2020-05-14,1,Deaths,0.0,0.0
7050,Brunei,2020-05-15,1,Deaths,0.0,0.0
7051,Brunei,2020-05-16,1,Deaths,0.0,0.0
7052,Brunei,2020-05-17,1,Deaths,0.0,0.0
7053,Brunei,2020-05-18,1,Deaths,0.0,0.0
7054,Brunei,2020-05-19,1,Deaths,0.0,0.0
7055,Brunei,2020-05-20,1,Deaths,0.0,0.0
7056,Brunei,2020-05-21,1,Deaths,0.0,0.0
7057,Brunei,2020-05-22,1,Deaths,0.0,0.0
7058,Brunei,2020-05-23,1,Deaths,0.0,0.0
7059,Brunei,2020-05-24,1,Deaths,0.0,0.0
7060,Brunei,2020-05-25,1,Deaths,0.0,0.0
7061,Brunei,2020-05-26,1,Deaths,0.0,0.0
7062,Brunei,2020-05-27,2,Deaths,1.0,1.0
7063,Brunei,2020-05-28,2,Deaths,0.0,1.0
7064,Brunei,2020-05-29,2,Deaths,0.0,1.0
7065,Brunei,2020-05-30,2,Deaths,0.0,1.0
7066,Brunei,2020-05-31,2,Deaths,0.0,1.0
7067,Brunei,2020-06-01,2,Deaths,0.0,1.0
7068,Brunei,2020-06-02,2,Deaths,0.0,1.0
7069,Brunei,2020-06-03,2,Deaths,0.0,0.0
7070,Brunei,2020-06-04,2,Deaths,0.0,0.0
7071,Brunei,2020-06-05,2,Deaths,0.0,0.0
7072,Brunei,2020-06-06,2,Deaths,0.0,0.0
7073,Brunei,2020-06-07,2,Deaths,0.0,0.0
7074,Brunei,2020-06-08,2,Deaths,0.0,0.0
7075,Brunei,2020-06-09,2,Deaths,0.0,0.0
7076,Brunei,2020-06-10,2,Deaths,0.0,0.0
7077,Brunei,2020-06-11,2,Deaths,0.0,0.0
7078,Brunei,2020-06-12,2,Deaths,0.0,0.0
7079,Brunei,2020-06-13,2,Deaths,0.0,0.0
7080,Brunei,2020-06-14,2,Deaths,0.0,0.0
7081,Brunei,2020-06-15,2,Deaths,0.0,0.0
7082,Brunei,2020-06-16,3,Deaths,1.0,1.0
7083,Brunei,2020-06-17,3,Deaths,0.0,1.0
7084,Brunei,2020-06-18,3,Deaths,0.0,1.0
7085,Brunei,2020-06-19,3,Deaths,0.0,1.0
7086,Brunei,2020-06-20,3,Deaths,0.0,1.0
7087,Brunei,2020-06-21,3,Deaths,0.0,1.0
7088,Brunei,2020-06-22,3,Deaths,0.0,1.0
7089,Brunei,2020-06-23,3,Deaths,0.0,0.0
7090,Brunei,2020-06-24,3,Deaths,0.0,0.0
7091,Brunei,2020-06-25,3,Deaths,0.0,0.0
7092,Brunei,2020-06-26,3,Deaths,0.0,0.0
7093,Brunei,2020-06-27,3,Deaths,0.0,0.0
7094,Brunei,2020-06-28,3,Deaths,0.0,0.0
7095,Brunei,2020-06-29,3,Deaths,0.0,0.0
7096,Brunei,2020-06-30,3,Deaths,0.0,0.0
7097,Brunei,2020-07-01,3,Deaths,0.0,0.0
7098,Brunei,2020-07-02,3,Deaths,0.0,0.0
7099,Brunei,2020-07-03,3,Deaths,0.0,0.0
7100,Brunei,2020-07-04,3,Deaths,0.0,0.0
7101,Brunei,2020-07-05,3,Deaths,0.0,0.0
7102,Brunei,2020-07-06,3,Deaths,0.0,0.0
7103,Brunei,2020-07-07,3,Deaths,0.0,0.0
7104,Brunei,2020-07-08,3,Deaths,0.0,0.0
7105,Brunei,2020-07-09,3,Deaths,0.0,0.0
7106,Brunei,2020-07-10,3,Deaths,0.0,0.0
7107,Brunei,2020-07-11,3,Deaths,0.0,0.0
7108,Brunei,2020-07-12,3,Deaths,0.0,0.0
7109,Brunei,2020-07-13,3,Deaths,0.0,0.0
7110,Brunei,2020-07-14,3,Deaths,0.0,0.0
7111,Brunei,2020-07-15,3,Deaths,0.0,0.0
7112,Brunei,2020-07-16,3,Deaths,0.0,0.0
7113,Brunei,2020-07-17,3,Deaths,0.0,0.0
7114,Brunei,2020-07-18,3,Deaths,0.0,0.0
7115,Brunei,2020-07-19,3,Deaths,0.0,0.0
7116,Brunei,2020-07-20,3,Deaths,0.0,0.0
7117,Brunei,2020-07-21,3,Deaths,0.0,0.0
7118,Brunei,2020-07-22,3,Deaths,0.0,0.0
7119,Brunei,2020-07-23,3,Deaths,0.0,0.0
7120,Brunei,2020-07-24,3,Deaths,0.0,0.0
7121,Brunei,2020-07-25,3,Deaths,0.0,0.0
7122,Brunei,2020-07-26,3,Deaths,0.0,0.0
7123,Brunei,2020-07-27,3,Deaths,0.0,0.0
7124,Brunei,2020-07-28,3,Deaths,0.0,0.0
7125,Brunei,2020-07-29,3,Deaths,0.0,0.0
7126,Brunei,2020-07-30,3,Deaths,0.0,0.0
7127,Brunei,2020-07-31,3,Deaths,0.0,0.0
7128,Brunei,2020-08-01,3,Deaths,0.0,0.0
7129,Brunei,2020-08-02,3,Deaths,0.0,0.0
7130,Brunei,2020-08-03,3,Deaths,0.0,0.0
7131,Brunei,2020-08-04,3,Deaths,0.0,0.0
7132,Brunei,2020-08-05,3,Deaths,0.0,0.0
7133,Brunei,2020-08-06,3,Deaths,0.0,0.0
7134,Brunei,2020-08-07,3,Deaths,0.0,0.0
7135,Brunei,2020-08-08,3,Deaths,0.0,0.0
7136,Brunei,2020-08-09,3,Deaths,0.0,0.0
7137,Brunei,2020-08-10,3,Deaths,0.0,0.0
7138,Brunei,2020-08-11,3,Deaths,0.0,0.0
7139,Brunei,2020-08-12,3,Deaths,0.0,0.0
7140,Brunei,2020-08-13,3,Deaths,0.0,0.0
7141,Brunei,2020-08-14,3,Deaths,0.0,0.0
7142,Brunei,2020-08-15,3,Deaths,0.0,0.0
7143,Brunei,2020-08-16,3,Deaths,0.0,0.0
7144,Brunei,2020-08-17,3,Deaths,0.0,0.0
7145,Brunei,2020-08-18,3,Deaths,0.0,0.0
7146,Brunei,2020-08-19,3,Deaths,0.0,0.0
7147,Brunei,2020-08-20,3,Deaths,0.0,0.0
7148,Brunei,2020-08-21,3,Deaths,0.0,0.0
7149,Brunei,2020-08-22,3,Deaths,0.0,0.0
7150,Brunei,2020-08-23,3,Deaths,0.0,0.0
7151,Brunei,2020-08-24,3,Deaths,0.0,0.0
7152,Brunei,2020-08-25,3,Deaths,0.0,0.0
7153,Brunei,2020-08-26,3,Deaths,0.0,0.0
7154,Brunei,2020-08-27,3,Deaths,0.0,0.0
7155,Brunei,2020-08-28,3,Deaths,0.0,0.0
7156,Brunei,2020-08-29,3,Deaths,0.0,0.0
7157,Brunei,2020-08-30,3,Deaths,0.0,0.0
7158,Brunei,2020-08-31,3,Deaths,0.0,0.0
7159,Brunei,2020-09-01,3,Deaths,0.0,0.0
7160,Brunei,2020-09-02,3,Deaths,0.0,0.0
7161,Brunei,2020-09-03,3,Deaths,0.0,0.0
7162,Brunei,2020-09-04,3,Deaths,0.0,0.0
7163,Brunei,2020-09-05,3,Deaths,0.0,0.0
7164,Brunei,2020-09-06,3,Deaths,0.0,0.0
7165,Brunei,2020-09-07,3,Deaths,0.0,0.0
7166,Brunei,2020-09-08,3,Deaths,0.0,0.0
7167,Brunei,2020-09-09,3,Deaths,0.0,0.0
7168,Brunei,2020-09-10,3,Deaths,0.0,0.0
7169,Brunei,2020-09-11,3,Deaths,0.0,0.0
7170,Brunei,2020-09-12,3,Deaths,0.0,0.0
7171,Brunei,2020-09-13,3,Deaths,0.0,0.0
7172,Brunei,2020-09-14,3,Deaths,0.0,0.0
7173,Brunei,2020-09-15,3,Deaths,0.0,0.0
7174,Brunei,2020-09-16,3,Deaths,0.0,0.0
7175,Brunei,2020-09-17,3,Deaths,0.0,0.0
7176,Brunei,2020-09-18,3,Deaths,0.0,0.0
7177,Brunei,2020-09-19,3,Deaths,0.0,0.0
7178,Brunei,2020-09-20,3,Deaths,0.0,0.0
7179,Brunei,2020-09-21,3,Deaths,0.0,0.0
7180,Brunei,2020-09-22,3,Deaths,0.0,0.0
7181,Brunei,2020-09-23,3,Deaths,0.0,0.0
7182,Brunei,2020-09-24,3,Deaths,0.0,0.0
7183,Brunei,2020-09-25,3,Deaths,0.0,0.0
7184,Brunei,2020-09-26,3,Deaths,0.0,0.0
7185,Brunei,2020-09-27,3,Deaths,0.0,0.0
7186,Brunei,2020-09-28,3,Deaths,0.0,0.0
7187,Brunei,2020-09-29,3,Deaths,0.0,0.0
7188,Brunei,2020-09-30,3,Deaths,0.0,0.0
7189,Brunei,2020-10-01,3,Deaths,0.0,0.0
7190,Brunei,2020-10-02,3,Deaths,0.0,0.0
7191,Brunei,2020-10-03,3,Deaths,0.0,0.0
7192,Brunei,2020-10-04,3,Deaths,0.0,0.0
7193,Brunei,2020-10-05,3,Deaths,0.0,0.0
7194,Brunei,2020-10-06,3,Deaths,0.0,0.0
7195,Brunei,2020-10-07,3,Deaths,0.0,0.0
7196,Brunei,2020-10-08,3,Deaths,0.0,0.0
7197,Brunei,2020-10-09,3,Deaths,0.0,0.0
7198,Brunei,2020-10-10,3,Deaths,0.0,0.0
7199,Brunei,2020-10-11,3,Deaths,0.0,0.0
7200,Brunei,2020-10-12,3,Deaths,0.0,0.0
7201,Brunei,2020-10-13,3,Deaths,0.0,0.0
7202,Brunei,2020-10-14,3,Deaths,0.0,0.0
7203,Brunei,2020-10-15,3,Deaths,0.0,0.0
7204,Brunei,2020-10-16,3,Deaths,0.0,0.0
7205,Brunei,2020-10-17,3,Deaths,0.0,0.0
7206,Brunei,2020-10-18,3,Deaths,0.0,0.0
7207,Brunei,2020-10-19,3,Deaths,0.0,0.0
7208,Brunei,2020-10-20,3,Deaths,0.0,0.0
7209,Brunei,2020-10-21,3,Deaths,0.0,0.0
7210,Brunei,2020-10-22,3,Deaths,0.0,0.0
7211,Brunei,2020-10-23,3,Deaths,0.0,0.0
7212,Brunei,2020-10-24,3,Deaths,0.0,0.0
7213,Brunei,2020-10-25,3,Deaths,0.0,0.0
7214,Brunei,2020-10-26,3,Deaths,0.0,0.0
7215,Brunei,2020-10-27,3,Deaths,0.0,0.0
7216,Brunei,2020-10-28,3,Deaths,0.0,0.0
7217,Brunei,2020-10-29,3,Deaths,0.0,0.0
7218,Brunei,2020-10-30,3,Deaths,0.0,0.0
7219,Brunei,2020-10-31,3,Deaths,0.0,0.0
7220,Brunei,2020-11-01,3,Deaths,0.0,0.0
7221,Brunei,2020-11-02,3,Deaths,0.0,0.0
7222,Brunei,2020-11-03,3,Deaths,0.0,0.0
7223,Brunei,2020-11-04,3,Deaths,0.0,0.0
7224,Brunei,2020-11-05,3,Deaths,0.0,0.0
7225,Bulgaria,2020-01-22,0,Deaths,,
7226,Bulgaria,2020-01-23,0,Deaths,0.0,
7227,Bulgaria,2020-01-24,0,Deaths,0.0,
7228,Bulgaria,2020-01-25,0,Deaths,0.0,
7229,Bulgaria,2020-01-26,0,Deaths,0.0,
7230,Bulgaria,2020-01-27,0,Deaths,0.0,
7231,Bulgaria,2020-01-28,0,Deaths,0.0,
7232,Bulgaria,2020-01-29,0,Deaths,0.0,0.0
7233,Bulgaria,2020-01-30,0,Deaths,0.0,0.0
7234,Bulgaria,2020-01-31,0,Deaths,0.0,0.0
7235,Bulgaria,2020-02-01,0,Deaths,0.0,0.0
7236,Bulgaria,2020-02-02,0,Deaths,0.0,0.0
7237,Bulgaria,2020-02-03,0,Deaths,0.0,0.0
7238,Bulgaria,2020-02-04,0,Deaths,0.0,0.0
7239,Bulgaria,2020-02-05,0,Deaths,0.0,0.0
7240,Bulgaria,2020-02-06,0,Deaths,0.0,0.0
7241,Bulgaria,2020-02-07,0,Deaths,0.0,0.0
7242,Bulgaria,2020-02-08,0,Deaths,0.0,0.0
7243,Bulgaria,2020-02-09,0,Deaths,0.0,0.0
7244,Bulgaria,2020-02-10,0,Deaths,0.0,0.0
7245,Bulgaria,2020-02-11,0,Deaths,0.0,0.0
7246,Bulgaria,2020-02-12,0,Deaths,0.0,0.0
7247,Bulgaria,2020-02-13,0,Deaths,0.0,0.0
7248,Bulgaria,2020-02-14,0,Deaths,0.0,0.0
7249,Bulgaria,2020-02-15,0,Deaths,0.0,0.0
7250,Bulgaria,2020-02-16,0,Deaths,0.0,0.0
7251,Bulgaria,2020-02-17,0,Deaths,0.0,0.0
7252,Bulgaria,2020-02-18,0,Deaths,0.0,0.0
7253,Bulgaria,2020-02-19,0,Deaths,0.0,0.0
7254,Bulgaria,2020-02-20,0,Deaths,0.0,0.0
7255,Bulgaria,2020-02-21,0,Deaths,0.0,0.0
7256,Bulgaria,2020-02-22,0,Deaths,0.0,0.0
7257,Bulgaria,2020-02-23,0,Deaths,0.0,0.0
7258,Bulgaria,2020-02-24,0,Deaths,0.0,0.0
7259,Bulgaria,2020-02-25,0,Deaths,0.0,0.0
7260,Bulgaria,2020-02-26,0,Deaths,0.0,0.0
7261,Bulgaria,2020-02-27,0,Deaths,0.0,0.0
7262,Bulgaria,2020-02-28,0,Deaths,0.0,0.0
7263,Bulgaria,2020-02-29,0,Deaths,0.0,0.0
7264,Bulgaria,2020-03-01,0,Deaths,0.0,0.0
7265,Bulgaria,2020-03-02,0,Deaths,0.0,0.0
7266,Bulgaria,2020-03-03,0,Deaths,0.0,0.0
7267,Bulgaria,2020-03-04,0,Deaths,0.0,0.0
7268,Bulgaria,2020-03-05,0,Deaths,0.0,0.0
7269,Bulgaria,2020-03-06,0,Deaths,0.0,0.0
7270,Bulgaria,2020-03-07,0,Deaths,0.0,0.0
7271,Bulgaria,2020-03-08,0,Deaths,0.0,0.0
7272,Bulgaria,2020-03-09,0,Deaths,0.0,0.0
7273,Bulgaria,2020-03-10,0,Deaths,0.0,0.0
7274,Bulgaria,2020-03-11,1,Deaths,1.0,1.0
7275,Bulgaria,2020-03-12,1,Deaths,0.0,1.0
7276,Bulgaria,2020-03-13,1,Deaths,0.0,1.0
7277,Bulgaria,2020-03-14,2,Deaths,1.0,2.0
7278,Bulgaria,2020-03-15,2,Deaths,0.0,2.0
7279,Bulgaria,2020-03-16,2,Deaths,0.0,2.0
7280,Bulgaria,2020-03-17,2,Deaths,0.0,2.0
7281,Bulgaria,2020-03-18,2,Deaths,0.0,1.0
7282,Bulgaria,2020-03-19,3,Deaths,1.0,2.0
7283,Bulgaria,2020-03-20,3,Deaths,0.0,2.0
7284,Bulgaria,2020-03-21,3,Deaths,0.0,1.0
7285,Bulgaria,2020-03-22,3,Deaths,0.0,1.0
7286,Bulgaria,2020-03-23,3,Deaths,0.0,1.0
7287,Bulgaria,2020-03-24,3,Deaths,0.0,1.0
7288,Bulgaria,2020-03-25,3,Deaths,0.0,1.0
7289,Bulgaria,2020-03-26,3,Deaths,0.0,0.0
7290,Bulgaria,2020-03-27,3,Deaths,0.0,0.0
7291,Bulgaria,2020-03-28,7,Deaths,4.0,4.0
7292,Bulgaria,2020-03-29,8,Deaths,1.0,5.0
7293,Bulgaria,2020-03-30,8,Deaths,0.0,5.0
7294,Bulgaria,2020-03-31,8,Deaths,0.0,5.0
7295,Bulgaria,2020-04-01,10,Deaths,2.0,7.0
7296,Bulgaria,2020-04-02,10,Deaths,0.0,7.0
7297,Bulgaria,2020-04-03,14,Deaths,4.0,11.0
7298,Bulgaria,2020-04-04,17,Deaths,3.0,10.0
7299,Bulgaria,2020-04-05,20,Deaths,3.0,12.0
7300,Bulgaria,2020-04-06,22,Deaths,2.0,14.0
7301,Bulgaria,2020-04-07,23,Deaths,1.0,15.0
7302,Bulgaria,2020-04-08,24,Deaths,1.0,14.0
7303,Bulgaria,2020-04-09,24,Deaths,0.0,14.0
7304,Bulgaria,2020-04-10,25,Deaths,1.0,11.0
7305,Bulgaria,2020-04-11,28,Deaths,3.0,11.0
7306,Bulgaria,2020-04-12,29,Deaths,1.0,9.0
7307,Bulgaria,2020-04-13,32,Deaths,3.0,10.0
7308,Bulgaria,2020-04-14,35,Deaths,3.0,12.0
7309,Bulgaria,2020-04-15,36,Deaths,1.0,12.0
7310,Bulgaria,2020-04-16,38,Deaths,2.0,14.0
7311,Bulgaria,2020-04-17,41,Deaths,3.0,16.0
7312,Bulgaria,2020-04-18,41,Deaths,0.0,13.0
7313,Bulgaria,2020-04-19,42,Deaths,1.0,13.0
7314,Bulgaria,2020-04-20,43,Deaths,1.0,11.0
7315,Bulgaria,2020-04-21,45,Deaths,2.0,10.0
7316,Bulgaria,2020-04-22,49,Deaths,4.0,13.0
7317,Bulgaria,2020-04-23,52,Deaths,3.0,14.0
7318,Bulgaria,2020-04-24,54,Deaths,2.0,13.0
7319,Bulgaria,2020-04-25,55,Deaths,1.0,14.0
7320,Bulgaria,2020-04-26,56,Deaths,1.0,14.0
7321,Bulgaria,2020-04-27,58,Deaths,2.0,15.0
7322,Bulgaria,2020-04-28,58,Deaths,0.0,13.0
7323,Bulgaria,2020-04-29,64,Deaths,6.0,15.0
7324,Bulgaria,2020-04-30,66,Deaths,2.0,14.0
7325,Bulgaria,2020-05-01,68,Deaths,2.0,14.0
7326,Bulgaria,2020-05-02,72,Deaths,4.0,17.0
7327,Bulgaria,2020-05-03,73,Deaths,1.0,17.0
7328,Bulgaria,2020-05-04,78,Deaths,5.0,20.0
7329,Bulgaria,2020-05-05,80,Deaths,2.0,22.0
7330,Bulgaria,2020-05-06,84,Deaths,4.0,20.0
7331,Bulgaria,2020-05-07,84,Deaths,0.0,18.0
7332,Bulgaria,2020-05-08,86,Deaths,2.0,18.0
7333,Bulgaria,2020-05-09,90,Deaths,4.0,18.0
7334,Bulgaria,2020-05-10,91,Deaths,1.0,18.0
7335,Bulgaria,2020-05-11,93,Deaths,2.0,15.0
7336,Bulgaria,2020-05-12,95,Deaths,2.0,15.0
7337,Bulgaria,2020-05-13,96,Deaths,1.0,12.0
7338,Bulgaria,2020-05-14,99,Deaths,3.0,15.0
7339,Bulgaria,2020-05-15,102,Deaths,3.0,16.0
7340,Bulgaria,2020-05-16,105,Deaths,3.0,15.0
7341,Bulgaria,2020-05-17,108,Deaths,3.0,17.0
7342,Bulgaria,2020-05-18,110,Deaths,2.0,17.0
7343,Bulgaria,2020-05-19,112,Deaths,2.0,17.0
7344,Bulgaria,2020-05-20,116,Deaths,4.0,20.0
7345,Bulgaria,2020-05-21,120,Deaths,4.0,21.0
7346,Bulgaria,2020-05-22,125,Deaths,5.0,23.0
7347,Bulgaria,2020-05-23,126,Deaths,1.0,21.0
7348,Bulgaria,2020-05-24,130,Deaths,4.0,22.0
7349,Bulgaria,2020-05-25,130,Deaths,0.0,20.0
7350,Bulgaria,2020-05-26,130,Deaths,0.0,18.0
7351,Bulgaria,2020-05-27,133,Deaths,3.0,17.0
7352,Bulgaria,2020-05-28,134,Deaths,1.0,14.0
7353,Bulgaria,2020-05-29,136,Deaths,2.0,11.0
7354,Bulgaria,2020-05-30,139,Deaths,3.0,13.0
7355,Bulgaria,2020-05-31,140,Deaths,1.0,10.0
7356,Bulgaria,2020-06-01,140,Deaths,0.0,10.0
7357,Bulgaria,2020-06-02,144,Deaths,4.0,14.0
7358,Bulgaria,2020-06-03,146,Deaths,2.0,13.0
7359,Bulgaria,2020-06-04,147,Deaths,1.0,13.0
7360,Bulgaria,2020-06-05,159,Deaths,12.0,23.0
7361,Bulgaria,2020-06-06,160,Deaths,1.0,21.0
7362,Bulgaria,2020-06-07,160,Deaths,0.0,20.0
7363,Bulgaria,2020-06-08,164,Deaths,4.0,24.0
7364,Bulgaria,2020-06-09,167,Deaths,3.0,23.0
7365,Bulgaria,2020-06-10,167,Deaths,0.0,21.0
7366,Bulgaria,2020-06-11,168,Deaths,1.0,21.0
7367,Bulgaria,2020-06-12,172,Deaths,4.0,13.0
7368,Bulgaria,2020-06-13,172,Deaths,0.0,12.0
7369,Bulgaria,2020-06-14,174,Deaths,2.0,14.0
7370,Bulgaria,2020-06-15,176,Deaths,2.0,12.0
7371,Bulgaria,2020-06-16,181,Deaths,5.0,14.0
7372,Bulgaria,2020-06-17,184,Deaths,3.0,17.0
7373,Bulgaria,2020-06-18,190,Deaths,6.0,22.0
7374,Bulgaria,2020-06-19,193,Deaths,3.0,21.0
7375,Bulgaria,2020-06-20,199,Deaths,6.0,27.0
7376,Bulgaria,2020-06-21,199,Deaths,0.0,25.0
7377,Bulgaria,2020-06-22,207,Deaths,8.0,31.0
7378,Bulgaria,2020-06-23,208,Deaths,1.0,27.0
7379,Bulgaria,2020-06-24,209,Deaths,1.0,25.0
7380,Bulgaria,2020-06-25,211,Deaths,2.0,21.0
7381,Bulgaria,2020-06-26,215,Deaths,4.0,22.0
7382,Bulgaria,2020-06-27,216,Deaths,1.0,17.0
7383,Bulgaria,2020-06-28,219,Deaths,3.0,20.0
7384,Bulgaria,2020-06-29,223,Deaths,4.0,16.0
7385,Bulgaria,2020-06-30,230,Deaths,7.0,22.0
7386,Bulgaria,2020-07-01,232,Deaths,2.0,23.0
7387,Bulgaria,2020-07-02,232,Deaths,0.0,21.0
7388,Bulgaria,2020-07-03,239,Deaths,7.0,24.0
7389,Bulgaria,2020-07-04,241,Deaths,2.0,25.0
7390,Bulgaria,2020-07-05,246,Deaths,5.0,27.0
7391,Bulgaria,2020-07-06,250,Deaths,4.0,27.0
7392,Bulgaria,2020-07-07,254,Deaths,4.0,24.0
7393,Bulgaria,2020-07-08,259,Deaths,5.0,27.0
7394,Bulgaria,2020-07-09,262,Deaths,3.0,30.0
7395,Bulgaria,2020-07-10,267,Deaths,5.0,28.0
7396,Bulgaria,2020-07-11,267,Deaths,0.0,26.0
7397,Bulgaria,2020-07-12,268,Deaths,1.0,22.0
7398,Bulgaria,2020-07-13,276,Deaths,8.0,26.0
7399,Bulgaria,2020-07-14,283,Deaths,7.0,29.0
7400,Bulgaria,2020-07-15,289,Deaths,6.0,30.0
7401,Bulgaria,2020-07-16,293,Deaths,4.0,31.0
7402,Bulgaria,2020-07-17,297,Deaths,4.0,30.0
7403,Bulgaria,2020-07-18,299,Deaths,2.0,32.0
7404,Bulgaria,2020-07-19,300,Deaths,1.0,32.0
7405,Bulgaria,2020-07-20,308,Deaths,8.0,32.0
7406,Bulgaria,2020-07-21,313,Deaths,5.0,30.0
7407,Bulgaria,2020-07-22,321,Deaths,8.0,32.0
7408,Bulgaria,2020-07-23,329,Deaths,8.0,36.0
7409,Bulgaria,2020-07-24,337,Deaths,8.0,40.0
7410,Bulgaria,2020-07-25,338,Deaths,1.0,39.0
7411,Bulgaria,2020-07-26,340,Deaths,2.0,40.0
7412,Bulgaria,2020-07-27,347,Deaths,7.0,39.0
7413,Bulgaria,2020-07-28,355,Deaths,8.0,42.0
7414,Bulgaria,2020-07-29,368,Deaths,13.0,47.0
7415,Bulgaria,2020-07-30,374,Deaths,6.0,45.0
7416,Bulgaria,2020-07-31,383,Deaths,9.0,46.0
7417,Bulgaria,2020-08-01,385,Deaths,2.0,47.0
7418,Bulgaria,2020-08-02,388,Deaths,3.0,48.0
7419,Bulgaria,2020-08-03,404,Deaths,16.0,57.0
7420,Bulgaria,2020-08-04,415,Deaths,11.0,60.0
7421,Bulgaria,2020-08-05,424,Deaths,9.0,56.0
7422,Bulgaria,2020-08-06,435,Deaths,11.0,61.0
7423,Bulgaria,2020-08-07,442,Deaths,7.0,59.0
7424,Bulgaria,2020-08-08,445,Deaths,3.0,60.0
7425,Bulgaria,2020-08-09,447,Deaths,2.0,59.0
7426,Bulgaria,2020-08-10,459,Deaths,12.0,55.0
7427,Bulgaria,2020-08-11,471,Deaths,12.0,56.0
7428,Bulgaria,2020-08-12,482,Deaths,11.0,58.0
7429,Bulgaria,2020-08-13,482,Deaths,0.0,47.0
7430,Bulgaria,2020-08-14,492,Deaths,10.0,50.0
7431,Bulgaria,2020-08-15,495,Deaths,3.0,50.0
7432,Bulgaria,2020-08-16,498,Deaths,3.0,51.0
7433,Bulgaria,2020-08-17,512,Deaths,14.0,53.0
7434,Bulgaria,2020-08-18,519,Deaths,7.0,48.0
7435,Bulgaria,2020-08-19,527,Deaths,8.0,45.0
7436,Bulgaria,2020-08-20,532,Deaths,5.0,50.0
7437,Bulgaria,2020-08-21,539,Deaths,7.0,47.0
7438,Bulgaria,2020-08-22,539,Deaths,0.0,44.0
7439,Bulgaria,2020-08-23,545,Deaths,6.0,47.0
7440,Bulgaria,2020-08-24,563,Deaths,18.0,51.0
7441,Bulgaria,2020-08-25,572,Deaths,9.0,53.0
7442,Bulgaria,2020-08-26,586,Deaths,14.0,59.0
7443,Bulgaria,2020-08-27,594,Deaths,8.0,62.0
7444,Bulgaria,2020-08-28,603,Deaths,9.0,64.0
7445,Bulgaria,2020-08-29,605,Deaths,2.0,66.0
7446,Bulgaria,2020-08-30,613,Deaths,8.0,68.0
7447,Bulgaria,2020-08-31,629,Deaths,16.0,66.0
7448,Bulgaria,2020-09-01,642,Deaths,13.0,70.0
7449,Bulgaria,2020-09-02,648,Deaths,6.0,62.0
7450,Bulgaria,2020-09-03,658,Deaths,10.0,64.0
7451,Bulgaria,2020-09-04,665,Deaths,7.0,62.0
7452,Bulgaria,2020-09-05,671,Deaths,6.0,66.0
7453,Bulgaria,2020-09-06,676,Deaths,5.0,63.0
7454,Bulgaria,2020-09-07,677,Deaths,1.0,48.0
7455,Bulgaria,2020-09-08,692,Deaths,15.0,50.0
7456,Bulgaria,2020-09-09,702,Deaths,10.0,54.0
7457,Bulgaria,2020-09-10,706,Deaths,4.0,48.0
7458,Bulgaria,2020-09-11,713,Deaths,7.0,48.0
7459,Bulgaria,2020-09-12,717,Deaths,4.0,46.0
7460,Bulgaria,2020-09-13,720,Deaths,3.0,44.0
7461,Bulgaria,2020-09-14,729,Deaths,9.0,52.0
7462,Bulgaria,2020-09-15,736,Deaths,7.0,44.0
7463,Bulgaria,2020-09-16,739,Deaths,3.0,37.0
7464,Bulgaria,2020-09-17,749,Deaths,10.0,43.0
7465,Bulgaria,2020-09-18,753,Deaths,4.0,40.0
7466,Bulgaria,2020-09-19,755,Deaths,2.0,38.0
7467,Bulgaria,2020-09-20,761,Deaths,6.0,41.0
7468,Bulgaria,2020-09-21,765,Deaths,4.0,36.0
7469,Bulgaria,2020-09-22,767,Deaths,2.0,31.0
7470,Bulgaria,2020-09-23,779,Deaths,12.0,40.0
7471,Bulgaria,2020-09-24,785,Deaths,6.0,36.0
7472,Bulgaria,2020-09-25,789,Deaths,4.0,36.0
7473,Bulgaria,2020-09-26,789,Deaths,0.0,34.0
7474,Bulgaria,2020-09-27,796,Deaths,7.0,35.0
7475,Bulgaria,2020-09-28,807,Deaths,11.0,42.0
7476,Bulgaria,2020-09-29,813,Deaths,6.0,46.0
7477,Bulgaria,2020-09-30,825,Deaths,12.0,46.0
7478,Bulgaria,2020-10-01,825,Deaths,0.0,40.0
7479,Bulgaria,2020-10-02,838,Deaths,13.0,49.0
7480,Bulgaria,2020-10-03,841,Deaths,3.0,52.0
7481,Bulgaria,2020-10-04,844,Deaths,3.0,48.0
7482,Bulgaria,2020-10-05,854,Deaths,10.0,47.0
7483,Bulgaria,2020-10-06,862,Deaths,8.0,49.0
7484,Bulgaria,2020-10-07,873,Deaths,11.0,48.0
7485,Bulgaria,2020-10-08,880,Deaths,7.0,55.0
7486,Bulgaria,2020-10-09,887,Deaths,7.0,49.0
7487,Bulgaria,2020-10-10,891,Deaths,4.0,50.0
7488,Bulgaria,2020-10-11,892,Deaths,1.0,48.0
7489,Bulgaria,2020-10-12,915,Deaths,23.0,61.0
7490,Bulgaria,2020-10-13,923,Deaths,8.0,61.0
7491,Bulgaria,2020-10-14,929,Deaths,6.0,56.0
7492,Bulgaria,2020-10-15,944,Deaths,15.0,64.0
7493,Bulgaria,2020-10-16,958,Deaths,14.0,71.0
7494,Bulgaria,2020-10-17,968,Deaths,10.0,77.0
7495,Bulgaria,2020-10-18,986,Deaths,18.0,94.0
7496,Bulgaria,2020-10-19,1008,Deaths,22.0,93.0
7497,Bulgaria,2020-10-20,1019,Deaths,11.0,96.0
7498,Bulgaria,2020-10-21,1048,Deaths,29.0,119.0
7499,Bulgaria,2020-10-22,1064,Deaths,16.0,120.0
7500,Bulgaria,2020-10-23,1077,Deaths,13.0,119.0
7501,Bulgaria,2020-10-24,1084,Deaths,7.0,116.0
7502,Bulgaria,2020-10-25,1094,Deaths,10.0,108.0
7503,Bulgaria,2020-10-26,1136,Deaths,42.0,128.0
7504,Bulgaria,2020-10-27,1161,Deaths,25.0,142.0
7505,Bulgaria,2020-10-28,1197,Deaths,36.0,149.0
7506,Bulgaria,2020-10-29,1225,Deaths,28.0,161.0
7507,Bulgaria,2020-10-30,1254,Deaths,29.0,177.0
7508,Bulgaria,2020-10-31,1279,Deaths,25.0,195.0
7509,Bulgaria,2020-11-01,1298,Deaths,19.0,204.0
7510,Bulgaria,2020-11-02,1349,Deaths,51.0,213.0
7511,Bulgaria,2020-11-03,1412,Deaths,63.0,251.0
7512,Bulgaria,2020-11-04,1466,Deaths,54.0,269.0
7513,Bulgaria,2020-11-05,1518,Deaths,52.0,293.0
7514,Burkina Faso,2020-01-22,0,Deaths,,
7515,Burkina Faso,2020-01-23,0,Deaths,0.0,
7516,Burkina Faso,2020-01-24,0,Deaths,0.0,
7517,Burkina Faso,2020-01-25,0,Deaths,0.0,
7518,Burkina Faso,2020-01-26,0,Deaths,0.0,
7519,Burkina Faso,2020-01-27,0,Deaths,0.0,
7520,Burkina Faso,2020-01-28,0,Deaths,0.0,
7521,Burkina Faso,2020-01-29,0,Deaths,0.0,0.0
7522,Burkina Faso,2020-01-30,0,Deaths,0.0,0.0
7523,Burkina Faso,2020-01-31,0,Deaths,0.0,0.0
7524,Burkina Faso,2020-02-01,0,Deaths,0.0,0.0
7525,Burkina Faso,2020-02-02,0,Deaths,0.0,0.0
7526,Burkina Faso,2020-02-03,0,Deaths,0.0,0.0
7527,Burkina Faso,2020-02-04,0,Deaths,0.0,0.0
7528,Burkina Faso,2020-02-05,0,Deaths,0.0,0.0
7529,Burkina Faso,2020-02-06,0,Deaths,0.0,0.0
7530,Burkina Faso,2020-02-07,0,Deaths,0.0,0.0
7531,Burkina Faso,2020-02-08,0,Deaths,0.0,0.0
7532,Burkina Faso,2020-02-09,0,Deaths,0.0,0.0
7533,Burkina Faso,2020-02-10,0,Deaths,0.0,0.0
7534,Burkina Faso,2020-02-11,0,Deaths,0.0,0.0
7535,Burkina Faso,2020-02-12,0,Deaths,0.0,0.0
7536,Burkina Faso,2020-02-13,0,Deaths,0.0,0.0
7537,Burkina Faso,2020-02-14,0,Deaths,0.0,0.0
7538,Burkina Faso,2020-02-15,0,Deaths,0.0,0.0
7539,Burkina Faso,2020-02-16,0,Deaths,0.0,0.0
7540,Burkina Faso,2020-02-17,0,Deaths,0.0,0.0
7541,Burkina Faso,2020-02-18,0,Deaths,0.0,0.0
7542,Burkina Faso,2020-02-19,0,Deaths,0.0,0.0
7543,Burkina Faso,2020-02-20,0,Deaths,0.0,0.0
7544,Burkina Faso,2020-02-21,0,Deaths,0.0,0.0
7545,Burkina Faso,2020-02-22,0,Deaths,0.0,0.0
7546,Burkina Faso,2020-02-23,0,Deaths,0.0,0.0
7547,Burkina Faso,2020-02-24,0,Deaths,0.0,0.0
7548,Burkina Faso,2020-02-25,0,Deaths,0.0,0.0
7549,Burkina Faso,2020-02-26,0,Deaths,0.0,0.0
7550,Burkina Faso,2020-02-27,0,Deaths,0.0,0.0
7551,Burkina Faso,2020-02-28,0,Deaths,0.0,0.0
7552,Burkina Faso,2020-02-29,0,Deaths,0.0,0.0
7553,Burkina Faso,2020-03-01,0,Deaths,0.0,0.0
7554,Burkina Faso,2020-03-02,0,Deaths,0.0,0.0
7555,Burkina Faso,2020-03-03,0,Deaths,0.0,0.0
7556,Burkina Faso,2020-03-04,0,Deaths,0.0,0.0
7557,Burkina Faso,2020-03-05,0,Deaths,0.0,0.0
7558,Burkina Faso,2020-03-06,0,Deaths,0.0,0.0
7559,Burkina Faso,2020-03-07,0,Deaths,0.0,0.0
7560,Burkina Faso,2020-03-08,0,Deaths,0.0,0.0
7561,Burkina Faso,2020-03-09,0,Deaths,0.0,0.0
7562,Burkina Faso,2020-03-10,0,Deaths,0.0,0.0
7563,Burkina Faso,2020-03-11,0,Deaths,0.0,0.0
7564,Burkina Faso,2020-03-12,0,Deaths,0.0,0.0
7565,Burkina Faso,2020-03-13,0,Deaths,0.0,0.0
7566,Burkina Faso,2020-03-14,0,Deaths,0.0,0.0
7567,Burkina Faso,2020-03-15,0,Deaths,0.0,0.0
7568,Burkina Faso,2020-03-16,0,Deaths,0.0,0.0
7569,Burkina Faso,2020-03-17,0,Deaths,0.0,0.0
7570,Burkina Faso,2020-03-18,1,Deaths,1.0,1.0
7571,Burkina Faso,2020-03-19,1,Deaths,0.0,1.0
7572,Burkina Faso,2020-03-20,1,Deaths,0.0,1.0
7573,Burkina Faso,2020-03-21,2,Deaths,1.0,2.0
7574,Burkina Faso,2020-03-22,4,Deaths,2.0,4.0
7575,Burkina Faso,2020-03-23,4,Deaths,0.0,4.0
7576,Burkina Faso,2020-03-24,4,Deaths,0.0,4.0
7577,Burkina Faso,2020-03-25,4,Deaths,0.0,3.0
7578,Burkina Faso,2020-03-26,7,Deaths,3.0,6.0
7579,Burkina Faso,2020-03-27,9,Deaths,2.0,8.0
7580,Burkina Faso,2020-03-28,11,Deaths,2.0,9.0
7581,Burkina Faso,2020-03-29,12,Deaths,1.0,8.0
7582,Burkina Faso,2020-03-30,12,Deaths,0.0,8.0
7583,Burkina Faso,2020-03-31,14,Deaths,2.0,10.0
7584,Burkina Faso,2020-04-01,16,Deaths,2.0,12.0
7585,Burkina Faso,2020-04-02,16,Deaths,0.0,9.0
7586,Burkina Faso,2020-04-03,16,Deaths,0.0,7.0
7587,Burkina Faso,2020-04-04,16,Deaths,0.0,5.0
7588,Burkina Faso,2020-04-05,17,Deaths,1.0,5.0
7589,Burkina Faso,2020-04-06,18,Deaths,1.0,6.0
7590,Burkina Faso,2020-04-07,19,Deaths,1.0,5.0
7591,Burkina Faso,2020-04-08,23,Deaths,4.0,7.0
7592,Burkina Faso,2020-04-09,24,Deaths,1.0,8.0
7593,Burkina Faso,2020-04-10,24,Deaths,0.0,8.0
7594,Burkina Faso,2020-04-11,27,Deaths,3.0,11.0
7595,Burkina Faso,2020-04-12,27,Deaths,0.0,10.0
7596,Burkina Faso,2020-04-13,27,Deaths,0.0,9.0
7597,Burkina Faso,2020-04-14,30,Deaths,3.0,11.0
7598,Burkina Faso,2020-04-15,32,Deaths,2.0,9.0
7599,Burkina Faso,2020-04-16,32,Deaths,0.0,8.0
7600,Burkina Faso,2020-04-17,35,Deaths,3.0,11.0
7601,Burkina Faso,2020-04-18,36,Deaths,1.0,9.0
7602,Burkina Faso,2020-04-19,36,Deaths,0.0,9.0
7603,Burkina Faso,2020-04-20,38,Deaths,2.0,11.0
7604,Burkina Faso,2020-04-21,38,Deaths,0.0,8.0
7605,Burkina Faso,2020-04-22,39,Deaths,1.0,7.0
7606,Burkina Faso,2020-04-23,41,Deaths,2.0,9.0
7607,Burkina Faso,2020-04-24,41,Deaths,0.0,6.0
7608,Burkina Faso,2020-04-25,41,Deaths,0.0,5.0
7609,Burkina Faso,2020-04-26,42,Deaths,1.0,6.0
7610,Burkina Faso,2020-04-27,42,Deaths,0.0,4.0
7611,Burkina Faso,2020-04-28,42,Deaths,0.0,4.0
7612,Burkina Faso,2020-04-29,43,Deaths,1.0,4.0
7613,Burkina Faso,2020-04-30,43,Deaths,0.0,2.0
7614,Burkina Faso,2020-05-01,44,Deaths,1.0,3.0
7615,Burkina Faso,2020-05-02,44,Deaths,0.0,3.0
7616,Burkina Faso,2020-05-03,45,Deaths,1.0,3.0
7617,Burkina Faso,2020-05-04,46,Deaths,1.0,4.0
7618,Burkina Faso,2020-05-05,48,Deaths,2.0,6.0
7619,Burkina Faso,2020-05-06,48,Deaths,0.0,5.0
7620,Burkina Faso,2020-05-07,48,Deaths,0.0,5.0
7621,Burkina Faso,2020-05-08,48,Deaths,0.0,4.0
7622,Burkina Faso,2020-05-09,48,Deaths,0.0,4.0
7623,Burkina Faso,2020-05-10,49,Deaths,1.0,4.0
7624,Burkina Faso,2020-05-11,50,Deaths,1.0,4.0
7625,Burkina Faso,2020-05-12,51,Deaths,1.0,3.0
7626,Burkina Faso,2020-05-13,51,Deaths,0.0,3.0
7627,Burkina Faso,2020-05-14,51,Deaths,0.0,3.0
7628,Burkina Faso,2020-05-15,51,Deaths,0.0,3.0
7629,Burkina Faso,2020-05-16,51,Deaths,0.0,3.0
7630,Burkina Faso,2020-05-17,51,Deaths,0.0,2.0
7631,Burkina Faso,2020-05-18,51,Deaths,0.0,1.0
7632,Burkina Faso,2020-05-19,51,Deaths,0.0,0.0
7633,Burkina Faso,2020-05-20,52,Deaths,1.0,1.0
7634,Burkina Faso,2020-05-21,52,Deaths,0.0,1.0
7635,Burkina Faso,2020-05-22,52,Deaths,0.0,1.0
7636,Burkina Faso,2020-05-23,52,Deaths,0.0,1.0
7637,Burkina Faso,2020-05-24,52,Deaths,0.0,1.0
7638,Burkina Faso,2020-05-25,52,Deaths,0.0,1.0
7639,Burkina Faso,2020-05-26,52,Deaths,0.0,1.0
7640,Burkina Faso,2020-05-27,53,Deaths,1.0,1.0
7641,Burkina Faso,2020-05-28,53,Deaths,0.0,1.0
7642,Burkina Faso,2020-05-29,53,Deaths,0.0,1.0
7643,Burkina Faso,2020-05-30,53,Deaths,0.0,1.0
7644,Burkina Faso,2020-05-31,53,Deaths,0.0,1.0
7645,Burkina Faso,2020-06-01,53,Deaths,0.0,1.0
7646,Burkina Faso,2020-06-02,53,Deaths,0.0,1.0
7647,Burkina Faso,2020-06-03,53,Deaths,0.0,0.0
7648,Burkina Faso,2020-06-04,53,Deaths,0.0,0.0
7649,Burkina Faso,2020-06-05,53,Deaths,0.0,0.0
7650,Burkina Faso,2020-06-06,53,Deaths,0.0,0.0
7651,Burkina Faso,2020-06-07,53,Deaths,0.0,0.0
7652,Burkina Faso,2020-06-08,53,Deaths,0.0,0.0
7653,Burkina Faso,2020-06-09,53,Deaths,0.0,0.0
7654,Burkina Faso,2020-06-10,53,Deaths,0.0,0.0
7655,Burkina Faso,2020-06-11,53,Deaths,0.0,0.0
7656,Burkina Faso,2020-06-12,53,Deaths,0.0,0.0
7657,Burkina Faso,2020-06-13,53,Deaths,0.0,0.0
7658,Burkina Faso,2020-06-14,53,Deaths,0.0,0.0
7659,Burkina Faso,2020-06-15,53,Deaths,0.0,0.0
7660,Burkina Faso,2020-06-16,53,Deaths,0.0,0.0
7661,Burkina Faso,2020-06-17,53,Deaths,0.0,0.0
7662,Burkina Faso,2020-06-18,53,Deaths,0.0,0.0
7663,Burkina Faso,2020-06-19,53,Deaths,0.0,0.0
7664,Burkina Faso,2020-06-20,53,Deaths,0.0,0.0
7665,Burkina Faso,2020-06-21,53,Deaths,0.0,0.0
7666,Burkina Faso,2020-06-22,53,Deaths,0.0,0.0
7667,Burkina Faso,2020-06-23,53,Deaths,0.0,0.0
7668,Burkina Faso,2020-06-24,53,Deaths,0.0,0.0
7669,Burkina Faso,2020-06-25,53,Deaths,0.0,0.0
7670,Burkina Faso,2020-06-26,53,Deaths,0.0,0.0
7671,Burkina Faso,2020-06-27,53,Deaths,0.0,0.0
7672,Burkina Faso,2020-06-28,53,Deaths,0.0,0.0
7673,Burkina Faso,2020-06-29,53,Deaths,0.0,0.0
7674,Burkina Faso,2020-06-30,53,Deaths,0.0,0.0
7675,Burkina Faso,2020-07-01,53,Deaths,0.0,0.0
7676,Burkina Faso,2020-07-02,53,Deaths,0.0,0.0
7677,Burkina Faso,2020-07-03,53,Deaths,0.0,0.0
7678,Burkina Faso,2020-07-04,53,Deaths,0.0,0.0
7679,Burkina Faso,2020-07-05,53,Deaths,0.0,0.0
7680,Burkina Faso,2020-07-06,53,Deaths,0.0,0.0
7681,Burkina Faso,2020-07-07,53,Deaths,0.0,0.0
7682,Burkina Faso,2020-07-08,53,Deaths,0.0,0.0
7683,Burkina Faso,2020-07-09,53,Deaths,0.0,0.0
7684,Burkina Faso,2020-07-10,53,Deaths,0.0,0.0
7685,Burkina Faso,2020-07-11,53,Deaths,0.0,0.0
7686,Burkina Faso,2020-07-12,53,Deaths,0.0,0.0
7687,Burkina Faso,2020-07-13,53,Deaths,0.0,0.0
7688,Burkina Faso,2020-07-14,53,Deaths,0.0,0.0
7689,Burkina Faso,2020-07-15,53,Deaths,0.0,0.0
7690,Burkina Faso,2020-07-16,53,Deaths,0.0,0.0
7691,Burkina Faso,2020-07-17,53,Deaths,0.0,0.0
7692,Burkina Faso,2020-07-18,53,Deaths,0.0,0.0
7693,Burkina Faso,2020-07-19,53,Deaths,0.0,0.0
7694,Burkina Faso,2020-07-20,53,Deaths,0.0,0.0
7695,Burkina Faso,2020-07-21,53,Deaths,0.0,0.0
7696,Burkina Faso,2020-07-22,53,Deaths,0.0,0.0
7697,Burkina Faso,2020-07-23,53,Deaths,0.0,0.0
7698,Burkina Faso,2020-07-24,53,Deaths,0.0,0.0
7699,Burkina Faso,2020-07-25,53,Deaths,0.0,0.0
7700,Burkina Faso,2020-07-26,53,Deaths,0.0,0.0
7701,Burkina Faso,2020-07-27,53,Deaths,0.0,0.0
7702,Burkina Faso,2020-07-28,53,Deaths,0.0,0.0
7703,Burkina Faso,2020-07-29,53,Deaths,0.0,0.0
7704,Burkina Faso,2020-07-30,53,Deaths,0.0,0.0
7705,Burkina Faso,2020-07-31,53,Deaths,0.0,0.0
7706,Burkina Faso,2020-08-01,53,Deaths,0.0,0.0
7707,Burkina Faso,2020-08-02,53,Deaths,0.0,0.0
7708,Burkina Faso,2020-08-03,53,Deaths,0.0,0.0
7709,Burkina Faso,2020-08-04,54,Deaths,1.0,1.0
7710,Burkina Faso,2020-08-05,54,Deaths,0.0,1.0
7711,Burkina Faso,2020-08-06,54,Deaths,0.0,1.0
7712,Burkina Faso,2020-08-07,54,Deaths,0.0,1.0
7713,Burkina Faso,2020-08-08,54,Deaths,0.0,1.0
7714,Burkina Faso,2020-08-09,54,Deaths,0.0,1.0
7715,Burkina Faso,2020-08-10,54,Deaths,0.0,1.0
7716,Burkina Faso,2020-08-11,54,Deaths,0.0,0.0
7717,Burkina Faso,2020-08-12,54,Deaths,0.0,0.0
7718,Burkina Faso,2020-08-13,54,Deaths,0.0,0.0
7719,Burkina Faso,2020-08-14,54,Deaths,0.0,0.0
7720,Burkina Faso,2020-08-15,54,Deaths,0.0,0.0
7721,Burkina Faso,2020-08-16,55,Deaths,1.0,1.0
7722,Burkina Faso,2020-08-17,55,Deaths,0.0,1.0
7723,Burkina Faso,2020-08-18,55,Deaths,0.0,1.0
7724,Burkina Faso,2020-08-19,55,Deaths,0.0,1.0
7725,Burkina Faso,2020-08-20,55,Deaths,0.0,1.0
7726,Burkina Faso,2020-08-21,55,Deaths,0.0,1.0
7727,Burkina Faso,2020-08-22,55,Deaths,0.0,1.0
7728,Burkina Faso,2020-08-23,55,Deaths,0.0,0.0
7729,Burkina Faso,2020-08-24,55,Deaths,0.0,0.0
7730,Burkina Faso,2020-08-25,55,Deaths,0.0,0.0
7731,Burkina Faso,2020-08-26,55,Deaths,0.0,0.0
7732,Burkina Faso,2020-08-27,55,Deaths,0.0,0.0
7733,Burkina Faso,2020-08-28,55,Deaths,0.0,0.0
7734,Burkina Faso,2020-08-29,55,Deaths,0.0,0.0
7735,Burkina Faso,2020-08-30,55,Deaths,0.0,0.0
7736,Burkina Faso,2020-08-31,55,Deaths,0.0,0.0
7737,Burkina Faso,2020-09-01,55,Deaths,0.0,0.0
7738,Burkina Faso,2020-09-02,55,Deaths,0.0,0.0
7739,Burkina Faso,2020-09-03,55,Deaths,0.0,0.0
7740,Burkina Faso,2020-09-04,55,Deaths,0.0,0.0
7741,Burkina Faso,2020-09-05,55,Deaths,0.0,0.0
7742,Burkina Faso,2020-09-06,55,Deaths,0.0,0.0
7743,Burkina Faso,2020-09-07,56,Deaths,1.0,1.0
7744,Burkina Faso,2020-09-08,56,Deaths,0.0,1.0
7745,Burkina Faso,2020-09-09,56,Deaths,0.0,1.0
7746,Burkina Faso,2020-09-10,56,Deaths,0.0,1.0
7747,Burkina Faso,2020-09-11,56,Deaths,0.0,1.0
7748,Burkina Faso,2020-09-12,56,Deaths,0.0,1.0
7749,Burkina Faso,2020-09-13,56,Deaths,0.0,1.0
7750,Burkina Faso,2020-09-14,56,Deaths,0.0,0.0
7751,Burkina Faso,2020-09-15,56,Deaths,0.0,0.0
7752,Burkina Faso,2020-09-16,56,Deaths,0.0,0.0
7753,Burkina Faso,2020-09-17,56,Deaths,0.0,0.0
7754,Burkina Faso,2020-09-18,56,Deaths,0.0,0.0
7755,Burkina Faso,2020-09-19,56,Deaths,0.0,0.0
7756,Burkina Faso,2020-09-20,56,Deaths,0.0,0.0
7757,Burkina Faso,2020-09-21,56,Deaths,0.0,0.0
7758,Burkina Faso,2020-09-22,56,Deaths,0.0,0.0
7759,Burkina Faso,2020-09-23,56,Deaths,0.0,0.0
7760,Burkina Faso,2020-09-24,56,Deaths,0.0,0.0
7761,Burkina Faso,2020-09-25,56,Deaths,0.0,0.0
7762,Burkina Faso,2020-09-26,56,Deaths,0.0,0.0
7763,Burkina Faso,2020-09-27,56,Deaths,0.0,0.0
7764,Burkina Faso,2020-09-28,57,Deaths,1.0,1.0
7765,Burkina Faso,2020-09-29,58,Deaths,1.0,2.0
7766,Burkina Faso,2020-09-30,58,Deaths,0.0,2.0
7767,Burkina Faso,2020-10-01,58,Deaths,0.0,2.0
7768,Burkina Faso,2020-10-02,59,Deaths,1.0,3.0
7769,Burkina Faso,2020-10-03,59,Deaths,0.0,3.0
7770,Burkina Faso,2020-10-04,59,Deaths,0.0,3.0
7771,Burkina Faso,2020-10-05,59,Deaths,0.0,2.0
7772,Burkina Faso,2020-10-06,59,Deaths,0.0,1.0
7773,Burkina Faso,2020-10-07,59,Deaths,0.0,1.0
7774,Burkina Faso,2020-10-08,60,Deaths,1.0,2.0
7775,Burkina Faso,2020-10-09,60,Deaths,0.0,1.0
7776,Burkina Faso,2020-10-10,61,Deaths,1.0,2.0
7777,Burkina Faso,2020-10-11,61,Deaths,0.0,2.0
7778,Burkina Faso,2020-10-12,63,Deaths,2.0,4.0
7779,Burkina Faso,2020-10-13,63,Deaths,0.0,4.0
7780,Burkina Faso,2020-10-14,63,Deaths,0.0,4.0
7781,Burkina Faso,2020-10-15,65,Deaths,2.0,5.0
7782,Burkina Faso,2020-10-16,65,Deaths,0.0,5.0
7783,Burkina Faso,2020-10-17,65,Deaths,0.0,4.0
7784,Burkina Faso,2020-10-18,65,Deaths,0.0,4.0
7785,Burkina Faso,2020-10-19,65,Deaths,0.0,2.0
7786,Burkina Faso,2020-10-20,65,Deaths,0.0,2.0
7787,Burkina Faso,2020-10-21,65,Deaths,0.0,2.0
7788,Burkina Faso,2020-10-22,65,Deaths,0.0,0.0
7789,Burkina Faso,2020-10-23,65,Deaths,0.0,0.0
7790,Burkina Faso,2020-10-24,65,Deaths,0.0,0.0
7791,Burkina Faso,2020-10-25,65,Deaths,0.0,0.0
7792,Burkina Faso,2020-10-26,67,Deaths,2.0,2.0
7793,Burkina Faso,2020-10-27,67,Deaths,0.0,2.0
7794,Burkina Faso,2020-10-28,67,Deaths,0.0,2.0
7795,Burkina Faso,2020-10-29,67,Deaths,0.0,2.0
7796,Burkina Faso,2020-10-30,67,Deaths,0.0,2.0
7797,Burkina Faso,2020-10-31,67,Deaths,0.0,2.0
7798,Burkina Faso,2020-11-01,67,Deaths,0.0,2.0
7799,Burkina Faso,2020-11-02,67,Deaths,0.0,0.0
7800,Burkina Faso,2020-11-03,67,Deaths,0.0,0.0
7801,Burkina Faso,2020-11-04,67,Deaths,0.0,0.0
7802,Burkina Faso,2020-11-05,67,Deaths,0.0,0.0
7803,Burma,2020-01-22,0,Deaths,,
7804,Burma,2020-01-23,0,Deaths,0.0,
7805,Burma,2020-01-24,0,Deaths,0.0,
7806,Burma,2020-01-25,0,Deaths,0.0,
7807,Burma,2020-01-26,0,Deaths,0.0,
7808,Burma,2020-01-27,0,Deaths,0.0,
7809,Burma,2020-01-28,0,Deaths,0.0,
7810,Burma,2020-01-29,0,Deaths,0.0,0.0
7811,Burma,2020-01-30,0,Deaths,0.0,0.0
7812,Burma,2020-01-31,0,Deaths,0.0,0.0
7813,Burma,2020-02-01,0,Deaths,0.0,0.0
7814,Burma,2020-02-02,0,Deaths,0.0,0.0
7815,Burma,2020-02-03,0,Deaths,0.0,0.0
7816,Burma,2020-02-04,0,Deaths,0.0,0.0
7817,Burma,2020-02-05,0,Deaths,0.0,0.0
7818,Burma,2020-02-06,0,Deaths,0.0,0.0
7819,Burma,2020-02-07,0,Deaths,0.0,0.0
7820,Burma,2020-02-08,0,Deaths,0.0,0.0
7821,Burma,2020-02-09,0,Deaths,0.0,0.0
7822,Burma,2020-02-10,0,Deaths,0.0,0.0
7823,Burma,2020-02-11,0,Deaths,0.0,0.0
7824,Burma,2020-02-12,0,Deaths,0.0,0.0
7825,Burma,2020-02-13,0,Deaths,0.0,0.0
7826,Burma,2020-02-14,0,Deaths,0.0,0.0
7827,Burma,2020-02-15,0,Deaths,0.0,0.0
7828,Burma,2020-02-16,0,Deaths,0.0,0.0
7829,Burma,2020-02-17,0,Deaths,0.0,0.0
7830,Burma,2020-02-18,0,Deaths,0.0,0.0
7831,Burma,2020-02-19,0,Deaths,0.0,0.0
7832,Burma,2020-02-20,0,Deaths,0.0,0.0
7833,Burma,2020-02-21,0,Deaths,0.0,0.0
7834,Burma,2020-02-22,0,Deaths,0.0,0.0
7835,Burma,2020-02-23,0,Deaths,0.0,0.0
7836,Burma,2020-02-24,0,Deaths,0.0,0.0
7837,Burma,2020-02-25,0,Deaths,0.0,0.0
7838,Burma,2020-02-26,0,Deaths,0.0,0.0
7839,Burma,2020-02-27,0,Deaths,0.0,0.0
7840,Burma,2020-02-28,0,Deaths,0.0,0.0
7841,Burma,2020-02-29,0,Deaths,0.0,0.0
7842,Burma,2020-03-01,0,Deaths,0.0,0.0
7843,Burma,2020-03-02,0,Deaths,0.0,0.0
7844,Burma,2020-03-03,0,Deaths,0.0,0.0
7845,Burma,2020-03-04,0,Deaths,0.0,0.0
7846,Burma,2020-03-05,0,Deaths,0.0,0.0
7847,Burma,2020-03-06,0,Deaths,0.0,0.0
7848,Burma,2020-03-07,0,Deaths,0.0,0.0
7849,Burma,2020-03-08,0,Deaths,0.0,0.0
7850,Burma,2020-03-09,0,Deaths,0.0,0.0
7851,Burma,2020-03-10,0,Deaths,0.0,0.0
7852,Burma,2020-03-11,0,Deaths,0.0,0.0
7853,Burma,2020-03-12,0,Deaths,0.0,0.0
7854,Burma,2020-03-13,0,Deaths,0.0,0.0
7855,Burma,2020-03-14,0,Deaths,0.0,0.0
7856,Burma,2020-03-15,0,Deaths,0.0,0.0
7857,Burma,2020-03-16,0,Deaths,0.0,0.0
7858,Burma,2020-03-17,0,Deaths,0.0,0.0
7859,Burma,2020-03-18,0,Deaths,0.0,0.0
7860,Burma,2020-03-19,0,Deaths,0.0,0.0
7861,Burma,2020-03-20,0,Deaths,0.0,0.0
7862,Burma,2020-03-21,0,Deaths,0.0,0.0
7863,Burma,2020-03-22,0,Deaths,0.0,0.0
7864,Burma,2020-03-23,0,Deaths,0.0,0.0
7865,Burma,2020-03-24,0,Deaths,0.0,0.0
7866,Burma,2020-03-25,0,Deaths,0.0,0.0
7867,Burma,2020-03-26,0,Deaths,0.0,0.0
7868,Burma,2020-03-27,0,Deaths,0.0,0.0
7869,Burma,2020-03-28,0,Deaths,0.0,0.0
7870,Burma,2020-03-29,0,Deaths,0.0,0.0
7871,Burma,2020-03-30,0,Deaths,0.0,0.0
7872,Burma,2020-03-31,1,Deaths,1.0,1.0
7873,Burma,2020-04-01,1,Deaths,0.0,1.0
7874,Burma,2020-04-02,1,Deaths,0.0,1.0
7875,Burma,2020-04-03,1,Deaths,0.0,1.0
7876,Burma,2020-04-04,1,Deaths,0.0,1.0
7877,Burma,2020-04-05,1,Deaths,0.0,1.0
7878,Burma,2020-04-06,1,Deaths,0.0,1.0
7879,Burma,2020-04-07,1,Deaths,0.0,0.0
7880,Burma,2020-04-08,3,Deaths,2.0,2.0
7881,Burma,2020-04-09,3,Deaths,0.0,2.0
7882,Burma,2020-04-10,3,Deaths,0.0,2.0
7883,Burma,2020-04-11,3,Deaths,0.0,2.0
7884,Burma,2020-04-12,4,Deaths,1.0,3.0
7885,Burma,2020-04-13,4,Deaths,0.0,3.0
7886,Burma,2020-04-14,4,Deaths,0.0,3.0
7887,Burma,2020-04-15,4,Deaths,0.0,1.0
7888,Burma,2020-04-16,4,Deaths,0.0,1.0
7889,Burma,2020-04-17,4,Deaths,0.0,1.0
7890,Burma,2020-04-18,5,Deaths,1.0,2.0
7891,Burma,2020-04-19,5,Deaths,0.0,1.0
7892,Burma,2020-04-20,5,Deaths,0.0,1.0
7893,Burma,2020-04-21,5,Deaths,0.0,1.0
7894,Burma,2020-04-22,5,Deaths,0.0,1.0
7895,Burma,2020-04-23,5,Deaths,0.0,1.0
7896,Burma,2020-04-24,5,Deaths,0.0,1.0
7897,Burma,2020-04-25,5,Deaths,0.0,0.0
7898,Burma,2020-04-26,5,Deaths,0.0,0.0
7899,Burma,2020-04-27,5,Deaths,0.0,0.0
7900,Burma,2020-04-28,5,Deaths,0.0,0.0
7901,Burma,2020-04-29,6,Deaths,1.0,1.0
7902,Burma,2020-04-30,6,Deaths,0.0,1.0
7903,Burma,2020-05-01,6,Deaths,0.0,1.0
7904,Burma,2020-05-02,6,Deaths,0.0,1.0
7905,Burma,2020-05-03,6,Deaths,0.0,1.0
7906,Burma,2020-05-04,6,Deaths,0.0,1.0
7907,Burma,2020-05-05,6,Deaths,0.0,1.0
7908,Burma,2020-05-06,6,Deaths,0.0,0.0
7909,Burma,2020-05-07,6,Deaths,0.0,0.0
7910,Burma,2020-05-08,6,Deaths,0.0,0.0
7911,Burma,2020-05-09,6,Deaths,0.0,0.0
7912,Burma,2020-05-10,6,Deaths,0.0,0.0
7913,Burma,2020-05-11,6,Deaths,0.0,0.0
7914,Burma,2020-05-12,6,Deaths,0.0,0.0
7915,Burma,2020-05-13,6,Deaths,0.0,0.0
7916,Burma,2020-05-14,6,Deaths,0.0,0.0
7917,Burma,2020-05-15,6,Deaths,0.0,0.0
7918,Burma,2020-05-16,6,Deaths,0.0,0.0
7919,Burma,2020-05-17,6,Deaths,0.0,0.0
7920,Burma,2020-05-18,6,Deaths,0.0,0.0
7921,Burma,2020-05-19,6,Deaths,0.0,0.0
7922,Burma,2020-05-20,6,Deaths,0.0,0.0
7923,Burma,2020-05-21,6,Deaths,0.0,0.0
7924,Burma,2020-05-22,6,Deaths,0.0,0.0
7925,Burma,2020-05-23,6,Deaths,0.0,0.0
7926,Burma,2020-05-24,6,Deaths,0.0,0.0
7927,Burma,2020-05-25,6,Deaths,0.0,0.0
7928,Burma,2020-05-26,6,Deaths,0.0,0.0
7929,Burma,2020-05-27,6,Deaths,0.0,0.0
7930,Burma,2020-05-28,6,Deaths,0.0,0.0
7931,Burma,2020-05-29,6,Deaths,0.0,0.0
7932,Burma,2020-05-30,6,Deaths,0.0,0.0
7933,Burma,2020-05-31,6,Deaths,0.0,0.0
7934,Burma,2020-06-01,6,Deaths,0.0,0.0
7935,Burma,2020-06-02,6,Deaths,0.0,0.0
7936,Burma,2020-06-03,6,Deaths,0.0,0.0
7937,Burma,2020-06-04,6,Deaths,0.0,0.0
7938,Burma,2020-06-05,6,Deaths,0.0,0.0
7939,Burma,2020-06-06,6,Deaths,0.0,0.0
7940,Burma,2020-06-07,6,Deaths,0.0,0.0
7941,Burma,2020-06-08,6,Deaths,0.0,0.0
7942,Burma,2020-06-09,6,Deaths,0.0,0.0
7943,Burma,2020-06-10,6,Deaths,0.0,0.0
7944,Burma,2020-06-11,6,Deaths,0.0,0.0
7945,Burma,2020-06-12,6,Deaths,0.0,0.0
7946,Burma,2020-06-13,6,Deaths,0.0,0.0
7947,Burma,2020-06-14,6,Deaths,0.0,0.0
7948,Burma,2020-06-15,6,Deaths,0.0,0.0
7949,Burma,2020-06-16,6,Deaths,0.0,0.0
7950,Burma,2020-06-17,6,Deaths,0.0,0.0
7951,Burma,2020-06-18,6,Deaths,0.0,0.0
7952,Burma,2020-06-19,6,Deaths,0.0,0.0
7953,Burma,2020-06-20,6,Deaths,0.0,0.0
7954,Burma,2020-06-21,6,Deaths,0.0,0.0
7955,Burma,2020-06-22,6,Deaths,0.0,0.0
7956,Burma,2020-06-23,6,Deaths,0.0,0.0
7957,Burma,2020-06-24,6,Deaths,0.0,0.0
7958,Burma,2020-06-25,6,Deaths,0.0,0.0
7959,Burma,2020-06-26,6,Deaths,0.0,0.0
7960,Burma,2020-06-27,6,Deaths,0.0,0.0
7961,Burma,2020-06-28,6,Deaths,0.0,0.0
7962,Burma,2020-06-29,6,Deaths,0.0,0.0
7963,Burma,2020-06-30,6,Deaths,0.0,0.0
7964,Burma,2020-07-01,6,Deaths,0.0,0.0
7965,Burma,2020-07-02,6,Deaths,0.0,0.0
7966,Burma,2020-07-03,6,Deaths,0.0,0.0
7967,Burma,2020-07-04,6,Deaths,0.0,0.0
7968,Burma,2020-07-05,6,Deaths,0.0,0.0
7969,Burma,2020-07-06,6,Deaths,0.0,0.0
7970,Burma,2020-07-07,6,Deaths,0.0,0.0
7971,Burma,2020-07-08,6,Deaths,0.0,0.0
7972,Burma,2020-07-09,6,Deaths,0.0,0.0
7973,Burma,2020-07-10,6,Deaths,0.0,0.0
7974,Burma,2020-07-11,6,Deaths,0.0,0.0
7975,Burma,2020-07-12,6,Deaths,0.0,0.0
7976,Burma,2020-07-13,6,Deaths,0.0,0.0
7977,Burma,2020-07-14,6,Deaths,0.0,0.0
7978,Burma,2020-07-15,6,Deaths,0.0,0.0
7979,Burma,2020-07-16,6,Deaths,0.0,0.0
7980,Burma,2020-07-17,6,Deaths,0.0,0.0
7981,Burma,2020-07-18,6,Deaths,0.0,0.0
7982,Burma,2020-07-19,6,Deaths,0.0,0.0
7983,Burma,2020-07-20,6,Deaths,0.0,0.0
7984,Burma,2020-07-21,6,Deaths,0.0,0.0
7985,Burma,2020-07-22,6,Deaths,0.0,0.0
7986,Burma,2020-07-23,6,Deaths,0.0,0.0
7987,Burma,2020-07-24,6,Deaths,0.0,0.0
7988,Burma,2020-07-25,6,Deaths,0.0,0.0
7989,Burma,2020-07-26,6,Deaths,0.0,0.0
7990,Burma,2020-07-27,6,Deaths,0.0,0.0
7991,Burma,2020-07-28,6,Deaths,0.0,0.0
7992,Burma,2020-07-29,6,Deaths,0.0,0.0
7993,Burma,2020-07-30,6,Deaths,0.0,0.0
7994,Burma,2020-07-31,6,Deaths,0.0,0.0
7995,Burma,2020-08-01,6,Deaths,0.0,0.0
7996,Burma,2020-08-02,6,Deaths,0.0,0.0
7997,Burma,2020-08-03,6,Deaths,0.0,0.0
7998,Burma,2020-08-04,6,Deaths,0.0,0.0
7999,Burma,2020-08-05,6,Deaths,0.0,0.0
8000,Burma,2020-08-06,6,Deaths,0.0,0.0
8001,Burma,2020-08-07,6,Deaths,0.0,0.0
8002,Burma,2020-08-08,6,Deaths,0.0,0.0
8003,Burma,2020-08-09,6,Deaths,0.0,0.0
8004,Burma,2020-08-10,6,Deaths,0.0,0.0
8005,Burma,2020-08-11,6,Deaths,0.0,0.0
8006,Burma,2020-08-12,6,Deaths,0.0,0.0
8007,Burma,2020-08-13,6,Deaths,0.0,0.0
8008,Burma,2020-08-14,6,Deaths,0.0,0.0
8009,Burma,2020-08-15,6,Deaths,0.0,0.0
8010,Burma,2020-08-16,6,Deaths,0.0,0.0
8011,Burma,2020-08-17,6,Deaths,0.0,0.0
8012,Burma,2020-08-18,6,Deaths,0.0,0.0
8013,Burma,2020-08-19,6,Deaths,0.0,0.0
8014,Burma,2020-08-20,6,Deaths,0.0,0.0
8015,Burma,2020-08-21,6,Deaths,0.0,0.0
8016,Burma,2020-08-22,6,Deaths,0.0,0.0
8017,Burma,2020-08-23,6,Deaths,0.0,0.0
8018,Burma,2020-08-24,6,Deaths,0.0,0.0
8019,Burma,2020-08-25,6,Deaths,0.0,0.0
8020,Burma,2020-08-26,6,Deaths,0.0,0.0
8021,Burma,2020-08-27,6,Deaths,0.0,0.0
8022,Burma,2020-08-28,6,Deaths,0.0,0.0
8023,Burma,2020-08-29,6,Deaths,0.0,0.0
8024,Burma,2020-08-30,6,Deaths,0.0,0.0
8025,Burma,2020-08-31,6,Deaths,0.0,0.0
8026,Burma,2020-09-01,6,Deaths,0.0,0.0
8027,Burma,2020-09-02,6,Deaths,0.0,0.0
8028,Burma,2020-09-03,6,Deaths,0.0,0.0
8029,Burma,2020-09-04,7,Deaths,1.0,1.0
8030,Burma,2020-09-05,8,Deaths,1.0,2.0
8031,Burma,2020-09-06,8,Deaths,0.0,2.0
8032,Burma,2020-09-07,8,Deaths,0.0,2.0
8033,Burma,2020-09-08,12,Deaths,4.0,6.0
8034,Burma,2020-09-09,14,Deaths,2.0,8.0
8035,Burma,2020-09-10,14,Deaths,0.0,8.0
8036,Burma,2020-09-11,14,Deaths,0.0,7.0
8037,Burma,2020-09-12,16,Deaths,2.0,8.0
8038,Burma,2020-09-13,24,Deaths,8.0,16.0
8039,Burma,2020-09-14,32,Deaths,8.0,24.0
8040,Burma,2020-09-15,39,Deaths,7.0,27.0
8041,Burma,2020-09-16,46,Deaths,7.0,32.0
8042,Burma,2020-09-17,61,Deaths,15.0,47.0
8043,Burma,2020-09-18,75,Deaths,14.0,61.0
8044,Burma,2020-09-19,81,Deaths,6.0,65.0
8045,Burma,2020-09-20,94,Deaths,13.0,70.0
8046,Burma,2020-09-21,100,Deaths,6.0,68.0
8047,Burma,2020-09-22,116,Deaths,16.0,77.0
8048,Burma,2020-09-23,133,Deaths,17.0,87.0
8049,Burma,2020-09-24,155,Deaths,22.0,94.0
8050,Burma,2020-09-25,174,Deaths,19.0,99.0
8051,Burma,2020-09-26,198,Deaths,24.0,117.0
8052,Burma,2020-09-27,226,Deaths,28.0,132.0
8053,Burma,2020-09-28,256,Deaths,30.0,156.0
8054,Burma,2020-09-29,284,Deaths,28.0,168.0
8055,Burma,2020-09-30,310,Deaths,26.0,177.0
8056,Burma,2020-10-01,321,Deaths,11.0,166.0
8057,Burma,2020-10-02,353,Deaths,32.0,179.0
8058,Burma,2020-10-03,371,Deaths,18.0,173.0
8059,Burma,2020-10-04,412,Deaths,41.0,186.0
8060,Burma,2020-10-05,444,Deaths,32.0,188.0
8061,Burma,2020-10-06,471,Deaths,27.0,187.0
8062,Burma,2020-10-07,510,Deaths,39.0,200.0
8063,Burma,2020-10-08,535,Deaths,25.0,214.0
8064,Burma,2020-10-09,566,Deaths,31.0,213.0
8065,Burma,2020-10-10,598,Deaths,32.0,227.0
8066,Burma,2020-10-11,646,Deaths,48.0,234.0
8067,Burma,2020-10-12,664,Deaths,18.0,220.0
8068,Burma,2020-10-13,693,Deaths,29.0,222.0
8069,Burma,2020-10-14,732,Deaths,39.0,222.0
8070,Burma,2020-10-15,765,Deaths,33.0,230.0
8071,Burma,2020-10-16,799,Deaths,34.0,233.0
8072,Burma,2020-10-17,838,Deaths,39.0,240.0
8073,Burma,2020-10-18,880,Deaths,42.0,234.0
8074,Burma,2020-10-19,914,Deaths,34.0,250.0
8075,Burma,2020-10-20,945,Deaths,31.0,252.0
8076,Burma,2020-10-21,972,Deaths,27.0,240.0
8077,Burma,2020-10-22,1005,Deaths,33.0,240.0
8078,Burma,2020-10-23,1038,Deaths,33.0,239.0
8079,Burma,2020-10-24,1066,Deaths,28.0,228.0
8080,Burma,2020-10-25,1095,Deaths,29.0,215.0
8081,Burma,2020-10-26,1122,Deaths,27.0,208.0
8082,Burma,2020-10-27,1147,Deaths,25.0,202.0
8083,Burma,2020-10-28,1172,Deaths,25.0,200.0
8084,Burma,2020-10-29,1199,Deaths,27.0,194.0
8085,Burma,2020-10-30,1219,Deaths,20.0,181.0
8086,Burma,2020-10-31,1237,Deaths,18.0,171.0
8087,Burma,2020-11-01,1258,Deaths,21.0,163.0
8088,Burma,2020-11-02,1282,Deaths,24.0,160.0
8089,Burma,2020-11-03,1307,Deaths,25.0,160.0
8090,Burma,2020-11-04,1330,Deaths,23.0,158.0
8091,Burma,2020-11-05,1352,Deaths,22.0,153.0
8092,Burundi,2020-01-22,0,Deaths,,
8093,Burundi,2020-01-23,0,Deaths,0.0,
8094,Burundi,2020-01-24,0,Deaths,0.0,
8095,Burundi,2020-01-25,0,Deaths,0.0,
8096,Burundi,2020-01-26,0,Deaths,0.0,
8097,Burundi,2020-01-27,0,Deaths,0.0,
8098,Burundi,2020-01-28,0,Deaths,0.0,
8099,Burundi,2020-01-29,0,Deaths,0.0,0.0
8100,Burundi,2020-01-30,0,Deaths,0.0,0.0
8101,Burundi,2020-01-31,0,Deaths,0.0,0.0
8102,Burundi,2020-02-01,0,Deaths,0.0,0.0
8103,Burundi,2020-02-02,0,Deaths,0.0,0.0
8104,Burundi,2020-02-03,0,Deaths,0.0,0.0
8105,Burundi,2020-02-04,0,Deaths,0.0,0.0
8106,Burundi,2020-02-05,0,Deaths,0.0,0.0
8107,Burundi,2020-02-06,0,Deaths,0.0,0.0
8108,Burundi,2020-02-07,0,Deaths,0.0,0.0
8109,Burundi,2020-02-08,0,Deaths,0.0,0.0
8110,Burundi,2020-02-09,0,Deaths,0.0,0.0
8111,Burundi,2020-02-10,0,Deaths,0.0,0.0
8112,Burundi,2020-02-11,0,Deaths,0.0,0.0
8113,Burundi,2020-02-12,0,Deaths,0.0,0.0
8114,Burundi,2020-02-13,0,Deaths,0.0,0.0
8115,Burundi,2020-02-14,0,Deaths,0.0,0.0
8116,Burundi,2020-02-15,0,Deaths,0.0,0.0
8117,Burundi,2020-02-16,0,Deaths,0.0,0.0
8118,Burundi,2020-02-17,0,Deaths,0.0,0.0
8119,Burundi,2020-02-18,0,Deaths,0.0,0.0
8120,Burundi,2020-02-19,0,Deaths,0.0,0.0
8121,Burundi,2020-02-20,0,Deaths,0.0,0.0
8122,Burundi,2020-02-21,0,Deaths,0.0,0.0
8123,Burundi,2020-02-22,0,Deaths,0.0,0.0
8124,Burundi,2020-02-23,0,Deaths,0.0,0.0
8125,Burundi,2020-02-24,0,Deaths,0.0,0.0
8126,Burundi,2020-02-25,0,Deaths,0.0,0.0
8127,Burundi,2020-02-26,0,Deaths,0.0,0.0
8128,Burundi,2020-02-27,0,Deaths,0.0,0.0
8129,Burundi,2020-02-28,0,Deaths,0.0,0.0
8130,Burundi,2020-02-29,0,Deaths,0.0,0.0
8131,Burundi,2020-03-01,0,Deaths,0.0,0.0
8132,Burundi,2020-03-02,0,Deaths,0.0,0.0
8133,Burundi,2020-03-03,0,Deaths,0.0,0.0
8134,Burundi,2020-03-04,0,Deaths,0.0,0.0
8135,Burundi,2020-03-05,0,Deaths,0.0,0.0
8136,Burundi,2020-03-06,0,Deaths,0.0,0.0
8137,Burundi,2020-03-07,0,Deaths,0.0,0.0
8138,Burundi,2020-03-08,0,Deaths,0.0,0.0
8139,Burundi,2020-03-09,0,Deaths,0.0,0.0
8140,Burundi,2020-03-10,0,Deaths,0.0,0.0
8141,Burundi,2020-03-11,0,Deaths,0.0,0.0
8142,Burundi,2020-03-12,0,Deaths,0.0,0.0
8143,Burundi,2020-03-13,0,Deaths,0.0,0.0
8144,Burundi,2020-03-14,0,Deaths,0.0,0.0
8145,Burundi,2020-03-15,0,Deaths,0.0,0.0
8146,Burundi,2020-03-16,0,Deaths,0.0,0.0
8147,Burundi,2020-03-17,0,Deaths,0.0,0.0
8148,Burundi,2020-03-18,0,Deaths,0.0,0.0
8149,Burundi,2020-03-19,0,Deaths,0.0,0.0
8150,Burundi,2020-03-20,0,Deaths,0.0,0.0
8151,Burundi,2020-03-21,0,Deaths,0.0,0.0
8152,Burundi,2020-03-22,0,Deaths,0.0,0.0
8153,Burundi,2020-03-23,0,Deaths,0.0,0.0
8154,Burundi,2020-03-24,0,Deaths,0.0,0.0
8155,Burundi,2020-03-25,0,Deaths,0.0,0.0
8156,Burundi,2020-03-26,0,Deaths,0.0,0.0
8157,Burundi,2020-03-27,0,Deaths,0.0,0.0
8158,Burundi,2020-03-28,0,Deaths,0.0,0.0
8159,Burundi,2020-03-29,0,Deaths,0.0,0.0
8160,Burundi,2020-03-30,0,Deaths,0.0,0.0
8161,Burundi,2020-03-31,0,Deaths,0.0,0.0
8162,Burundi,2020-04-01,0,Deaths,0.0,0.0
8163,Burundi,2020-04-02,0,Deaths,0.0,0.0
8164,Burundi,2020-04-03,0,Deaths,0.0,0.0
8165,Burundi,2020-04-04,0,Deaths,0.0,0.0
8166,Burundi,2020-04-05,0,Deaths,0.0,0.0
8167,Burundi,2020-04-06,0,Deaths,0.0,0.0
8168,Burundi,2020-04-07,0,Deaths,0.0,0.0
8169,Burundi,2020-04-08,0,Deaths,0.0,0.0
8170,Burundi,2020-04-09,0,Deaths,0.0,0.0
8171,Burundi,2020-04-10,0,Deaths,0.0,0.0
8172,Burundi,2020-04-11,0,Deaths,0.0,0.0
8173,Burundi,2020-04-12,0,Deaths,0.0,0.0
8174,Burundi,2020-04-13,1,Deaths,1.0,1.0
8175,Burundi,2020-04-14,1,Deaths,0.0,1.0
8176,Burundi,2020-04-15,1,Deaths,0.0,1.0
8177,Burundi,2020-04-16,1,Deaths,0.0,1.0
8178,Burundi,2020-04-17,1,Deaths,0.0,1.0
8179,Burundi,2020-04-18,1,Deaths,0.0,1.0
8180,Burundi,2020-04-19,1,Deaths,0.0,1.0
8181,Burundi,2020-04-20,1,Deaths,0.0,0.0
8182,Burundi,2020-04-21,1,Deaths,0.0,0.0
8183,Burundi,2020-04-22,1,Deaths,0.0,0.0
8184,Burundi,2020-04-23,1,Deaths,0.0,0.0
8185,Burundi,2020-04-24,1,Deaths,0.0,0.0
8186,Burundi,2020-04-25,1,Deaths,0.0,0.0
8187,Burundi,2020-04-26,1,Deaths,0.0,0.0
8188,Burundi,2020-04-27,1,Deaths,0.0,0.0
8189,Burundi,2020-04-28,1,Deaths,0.0,0.0
8190,Burundi,2020-04-29,1,Deaths,0.0,0.0
8191,Burundi,2020-04-30,1,Deaths,0.0,0.0
8192,Burundi,2020-05-01,1,Deaths,0.0,0.0
8193,Burundi,2020-05-02,1,Deaths,0.0,0.0
8194,Burundi,2020-05-03,1,Deaths,0.0,0.0
8195,Burundi,2020-05-04,1,Deaths,0.0,0.0
8196,Burundi,2020-05-05,1,Deaths,0.0,0.0
8197,Burundi,2020-05-06,1,Deaths,0.0,0.0
8198,Burundi,2020-05-07,1,Deaths,0.0,0.0
8199,Burundi,2020-05-08,1,Deaths,0.0,0.0
8200,Burundi,2020-05-09,1,Deaths,0.0,0.0
8201,Burundi,2020-05-10,1,Deaths,0.0,0.0
8202,Burundi,2020-05-11,1,Deaths,0.0,0.0
8203,Burundi,2020-05-12,1,Deaths,0.0,0.0
8204,Burundi,2020-05-13,1,Deaths,0.0,0.0
8205,Burundi,2020-05-14,1,Deaths,0.0,0.0
8206,Burundi,2020-05-15,1,Deaths,0.0,0.0
8207,Burundi,2020-05-16,1,Deaths,0.0,0.0
8208,Burundi,2020-05-17,1,Deaths,0.0,0.0
8209,Burundi,2020-05-18,1,Deaths,0.0,0.0
8210,Burundi,2020-05-19,1,Deaths,0.0,0.0
8211,Burundi,2020-05-20,1,Deaths,0.0,0.0
8212,Burundi,2020-05-21,1,Deaths,0.0,0.0
8213,Burundi,2020-05-22,1,Deaths,0.0,0.0
8214,Burundi,2020-05-23,1,Deaths,0.0,0.0
8215,Burundi,2020-05-24,1,Deaths,0.0,0.0
8216,Burundi,2020-05-25,1,Deaths,0.0,0.0
8217,Burundi,2020-05-26,1,Deaths,0.0,0.0
8218,Burundi,2020-05-27,1,Deaths,0.0,0.0
8219,Burundi,2020-05-28,1,Deaths,0.0,0.0
8220,Burundi,2020-05-29,1,Deaths,0.0,0.0
8221,Burundi,2020-05-30,1,Deaths,0.0,0.0
8222,Burundi,2020-05-31,1,Deaths,0.0,0.0
8223,Burundi,2020-06-01,1,Deaths,0.0,0.0
8224,Burundi,2020-06-02,1,Deaths,0.0,0.0
8225,Burundi,2020-06-03,1,Deaths,0.0,0.0
8226,Burundi,2020-06-04,1,Deaths,0.0,0.0
8227,Burundi,2020-06-05,1,Deaths,0.0,0.0
8228,Burundi,2020-06-06,1,Deaths,0.0,0.0
8229,Burundi,2020-06-07,1,Deaths,0.0,0.0
8230,Burundi,2020-06-08,1,Deaths,0.0,0.0
8231,Burundi,2020-06-09,1,Deaths,0.0,0.0
8232,Burundi,2020-06-10,1,Deaths,0.0,0.0
8233,Burundi,2020-06-11,1,Deaths,0.0,0.0
8234,Burundi,2020-06-12,1,Deaths,0.0,0.0
8235,Burundi,2020-06-13,1,Deaths,0.0,0.0
8236,Burundi,2020-06-14,1,Deaths,0.0,0.0
8237,Burundi,2020-06-15,1,Deaths,0.0,0.0
8238,Burundi,2020-06-16,1,Deaths,0.0,0.0
8239,Burundi,2020-06-17,1,Deaths,0.0,0.0
8240,Burundi,2020-06-18,1,Deaths,0.0,0.0
8241,Burundi,2020-06-19,1,Deaths,0.0,0.0
8242,Burundi,2020-06-20,1,Deaths,0.0,0.0
8243,Burundi,2020-06-21,1,Deaths,0.0,0.0
8244,Burundi,2020-06-22,1,Deaths,0.0,0.0
8245,Burundi,2020-06-23,1,Deaths,0.0,0.0
8246,Burundi,2020-06-24,1,Deaths,0.0,0.0
8247,Burundi,2020-06-25,1,Deaths,0.0,0.0
8248,Burundi,2020-06-26,1,Deaths,0.0,0.0
8249,Burundi,2020-06-27,1,Deaths,0.0,0.0
8250,Burundi,2020-06-28,1,Deaths,0.0,0.0
8251,Burundi,2020-06-29,1,Deaths,0.0,0.0
8252,Burundi,2020-06-30,1,Deaths,0.0,0.0
8253,Burundi,2020-07-01,1,Deaths,0.0,0.0
8254,Burundi,2020-07-02,1,Deaths,0.0,0.0
8255,Burundi,2020-07-03,1,Deaths,0.0,0.0
8256,Burundi,2020-07-04,1,Deaths,0.0,0.0
8257,Burundi,2020-07-05,1,Deaths,0.0,0.0
8258,Burundi,2020-07-06,1,Deaths,0.0,0.0
8259,Burundi,2020-07-07,1,Deaths,0.0,0.0
8260,Burundi,2020-07-08,1,Deaths,0.0,0.0
8261,Burundi,2020-07-09,1,Deaths,0.0,0.0
8262,Burundi,2020-07-10,1,Deaths,0.0,0.0
8263,Burundi,2020-07-11,1,Deaths,0.0,0.0
8264,Burundi,2020-07-12,1,Deaths,0.0,0.0
8265,Burundi,2020-07-13,1,Deaths,0.0,0.0
8266,Burundi,2020-07-14,1,Deaths,0.0,0.0
8267,Burundi,2020-07-15,1,Deaths,0.0,0.0
8268,Burundi,2020-07-16,1,Deaths,0.0,0.0
8269,Burundi,2020-07-17,1,Deaths,0.0,0.0
8270,Burundi,2020-07-18,1,Deaths,0.0,0.0
8271,Burundi,2020-07-19,1,Deaths,0.0,0.0
8272,Burundi,2020-07-20,1,Deaths,0.0,0.0
8273,Burundi,2020-07-21,1,Deaths,0.0,0.0
8274,Burundi,2020-07-22,1,Deaths,0.0,0.0
8275,Burundi,2020-07-23,1,Deaths,0.0,0.0
8276,Burundi,2020-07-24,1,Deaths,0.0,0.0
8277,Burundi,2020-07-25,1,Deaths,0.0,0.0
8278,Burundi,2020-07-26,1,Deaths,0.0,0.0
8279,Burundi,2020-07-27,1,Deaths,0.0,0.0
8280,Burundi,2020-07-28,1,Deaths,0.0,0.0
8281,Burundi,2020-07-29,1,Deaths,0.0,0.0
8282,Burundi,2020-07-30,1,Deaths,0.0,0.0
8283,Burundi,2020-07-31,1,Deaths,0.0,0.0
8284,Burundi,2020-08-01,1,Deaths,0.0,0.0
8285,Burundi,2020-08-02,1,Deaths,0.0,0.0
8286,Burundi,2020-08-03,1,Deaths,0.0,0.0
8287,Burundi,2020-08-04,1,Deaths,0.0,0.0
8288,Burundi,2020-08-05,1,Deaths,0.0,0.0
8289,Burundi,2020-08-06,1,Deaths,0.0,0.0
8290,Burundi,2020-08-07,1,Deaths,0.0,0.0
8291,Burundi,2020-08-08,1,Deaths,0.0,0.0
8292,Burundi,2020-08-09,1,Deaths,0.0,0.0
8293,Burundi,2020-08-10,1,Deaths,0.0,0.0
8294,Burundi,2020-08-11,1,Deaths,0.0,0.0
8295,Burundi,2020-08-12,1,Deaths,0.0,0.0
8296,Burundi,2020-08-13,1,Deaths,0.0,0.0
8297,Burundi,2020-08-14,1,Deaths,0.0,0.0
8298,Burundi,2020-08-15,1,Deaths,0.0,0.0
8299,Burundi,2020-08-16,1,Deaths,0.0,0.0
8300,Burundi,2020-08-17,1,Deaths,0.0,0.0
8301,Burundi,2020-08-18,1,Deaths,0.0,0.0
8302,Burundi,2020-08-19,1,Deaths,0.0,0.0
8303,Burundi,2020-08-20,1,Deaths,0.0,0.0
8304,Burundi,2020-08-21,1,Deaths,0.0,0.0
8305,Burundi,2020-08-22,1,Deaths,0.0,0.0
8306,Burundi,2020-08-23,1,Deaths,0.0,0.0
8307,Burundi,2020-08-24,1,Deaths,0.0,0.0
8308,Burundi,2020-08-25,1,Deaths,0.0,0.0
8309,Burundi,2020-08-26,1,Deaths,0.0,0.0
8310,Burundi,2020-08-27,1,Deaths,0.0,0.0
8311,Burundi,2020-08-28,1,Deaths,0.0,0.0
8312,Burundi,2020-08-29,1,Deaths,0.0,0.0
8313,Burundi,2020-08-30,1,Deaths,0.0,0.0
8314,Burundi,2020-08-31,1,Deaths,0.0,0.0
8315,Burundi,2020-09-01,1,Deaths,0.0,0.0
8316,Burundi,2020-09-02,1,Deaths,0.0,0.0
8317,Burundi,2020-09-03,1,Deaths,0.0,0.0
8318,Burundi,2020-09-04,1,Deaths,0.0,0.0
8319,Burundi,2020-09-05,1,Deaths,0.0,0.0
8320,Burundi,2020-09-06,1,Deaths,0.0,0.0
8321,Burundi,2020-09-07,1,Deaths,0.0,0.0
8322,Burundi,2020-09-08,1,Deaths,0.0,0.0
8323,Burundi,2020-09-09,1,Deaths,0.0,0.0
8324,Burundi,2020-09-10,1,Deaths,0.0,0.0
8325,Burundi,2020-09-11,1,Deaths,0.0,0.0
8326,Burundi,2020-09-12,1,Deaths,0.0,0.0
8327,Burundi,2020-09-13,1,Deaths,0.0,0.0
8328,Burundi,2020-09-14,1,Deaths,0.0,0.0
8329,Burundi,2020-09-15,1,Deaths,0.0,0.0
8330,Burundi,2020-09-16,1,Deaths,0.0,0.0
8331,Burundi,2020-09-17,1,Deaths,0.0,0.0
8332,Burundi,2020-09-18,1,Deaths,0.0,0.0
8333,Burundi,2020-09-19,1,Deaths,0.0,0.0
8334,Burundi,2020-09-20,1,Deaths,0.0,0.0
8335,Burundi,2020-09-21,1,Deaths,0.0,0.0
8336,Burundi,2020-09-22,1,Deaths,0.0,0.0
8337,Burundi,2020-09-23,1,Deaths,0.0,0.0
8338,Burundi,2020-09-24,1,Deaths,0.0,0.0
8339,Burundi,2020-09-25,1,Deaths,0.0,0.0
8340,Burundi,2020-09-26,1,Deaths,0.0,0.0
8341,Burundi,2020-09-27,1,Deaths,0.0,0.0
8342,Burundi,2020-09-28,1,Deaths,0.0,0.0
8343,Burundi,2020-09-29,1,Deaths,0.0,0.0
8344,Burundi,2020-09-30,1,Deaths,0.0,0.0
8345,Burundi,2020-10-01,1,Deaths,0.0,0.0
8346,Burundi,2020-10-02,1,Deaths,0.0,0.0
8347,Burundi,2020-10-03,1,Deaths,0.0,0.0
8348,Burundi,2020-10-04,1,Deaths,0.0,0.0
8349,Burundi,2020-10-05,1,Deaths,0.0,0.0
8350,Burundi,2020-10-06,1,Deaths,0.0,0.0
8351,Burundi,2020-10-07,1,Deaths,0.0,0.0
8352,Burundi,2020-10-08,1,Deaths,0.0,0.0
8353,Burundi,2020-10-09,1,Deaths,0.0,0.0
8354,Burundi,2020-10-10,1,Deaths,0.0,0.0
8355,Burundi,2020-10-11,1,Deaths,0.0,0.0
8356,Burundi,2020-10-12,1,Deaths,0.0,0.0
8357,Burundi,2020-10-13,1,Deaths,0.0,0.0
8358,Burundi,2020-10-14,1,Deaths,0.0,0.0
8359,Burundi,2020-10-15,1,Deaths,0.0,0.0
8360,Burundi,2020-10-16,1,Deaths,0.0,0.0
8361,Burundi,2020-10-17,1,Deaths,0.0,0.0
8362,Burundi,2020-10-18,1,Deaths,0.0,0.0
8363,Burundi,2020-10-19,1,Deaths,0.0,0.0
8364,Burundi,2020-10-20,1,Deaths,0.0,0.0
8365,Burundi,2020-10-21,1,Deaths,0.0,0.0
8366,Burundi,2020-10-22,1,Deaths,0.0,0.0
8367,Burundi,2020-10-23,1,Deaths,0.0,0.0
8368,Burundi,2020-10-24,1,Deaths,0.0,0.0
8369,Burundi,2020-10-25,1,Deaths,0.0,0.0
8370,Burundi,2020-10-26,1,Deaths,0.0,0.0
8371,Burundi,2020-10-27,1,Deaths,0.0,0.0
8372,Burundi,2020-10-28,1,Deaths,0.0,0.0
8373,Burundi,2020-10-29,1,Deaths,0.0,0.0
8374,Burundi,2020-10-30,1,Deaths,0.0,0.0
8375,Burundi,2020-10-31,1,Deaths,0.0,0.0
8376,Burundi,2020-11-01,1,Deaths,0.0,0.0
8377,Burundi,2020-11-02,1,Deaths,0.0,0.0
8378,Burundi,2020-11-03,1,Deaths,0.0,0.0
8379,Burundi,2020-11-04,1,Deaths,0.0,0.0
8380,Burundi,2020-11-05,1,Deaths,0.0,0.0
8381,Cabo Verde,2020-01-22,0,Deaths,,
8382,Cabo Verde,2020-01-23,0,Deaths,0.0,
8383,Cabo Verde,2020-01-24,0,Deaths,0.0,
8384,Cabo Verde,2020-01-25,0,Deaths,0.0,
8385,Cabo Verde,2020-01-26,0,Deaths,0.0,
8386,Cabo Verde,2020-01-27,0,Deaths,0.0,
8387,Cabo Verde,2020-01-28,0,Deaths,0.0,
8388,Cabo Verde,2020-01-29,0,Deaths,0.0,0.0
8389,Cabo Verde,2020-01-30,0,Deaths,0.0,0.0
8390,Cabo Verde,2020-01-31,0,Deaths,0.0,0.0
8391,Cabo Verde,2020-02-01,0,Deaths,0.0,0.0
8392,Cabo Verde,2020-02-02,0,Deaths,0.0,0.0
8393,Cabo Verde,2020-02-03,0,Deaths,0.0,0.0
8394,Cabo Verde,2020-02-04,0,Deaths,0.0,0.0
8395,Cabo Verde,2020-02-05,0,Deaths,0.0,0.0
8396,Cabo Verde,2020-02-06,0,Deaths,0.0,0.0
8397,Cabo Verde,2020-02-07,0,Deaths,0.0,0.0
8398,Cabo Verde,2020-02-08,0,Deaths,0.0,0.0
8399,Cabo Verde,2020-02-09,0,Deaths,0.0,0.0
8400,Cabo Verde,2020-02-10,0,Deaths,0.0,0.0
8401,Cabo Verde,2020-02-11,0,Deaths,0.0,0.0
8402,Cabo Verde,2020-02-12,0,Deaths,0.0,0.0
8403,Cabo Verde,2020-02-13,0,Deaths,0.0,0.0
8404,Cabo Verde,2020-02-14,0,Deaths,0.0,0.0
8405,Cabo Verde,2020-02-15,0,Deaths,0.0,0.0
8406,Cabo Verde,2020-02-16,0,Deaths,0.0,0.0
8407,Cabo Verde,2020-02-17,0,Deaths,0.0,0.0
8408,Cabo Verde,2020-02-18,0,Deaths,0.0,0.0
8409,Cabo Verde,2020-02-19,0,Deaths,0.0,0.0
8410,Cabo Verde,2020-02-20,0,Deaths,0.0,0.0
8411,Cabo Verde,2020-02-21,0,Deaths,0.0,0.0
8412,Cabo Verde,2020-02-22,0,Deaths,0.0,0.0
8413,Cabo Verde,2020-02-23,0,Deaths,0.0,0.0
8414,Cabo Verde,2020-02-24,0,Deaths,0.0,0.0
8415,Cabo Verde,2020-02-25,0,Deaths,0.0,0.0
8416,Cabo Verde,2020-02-26,0,Deaths,0.0,0.0
8417,Cabo Verde,2020-02-27,0,Deaths,0.0,0.0
8418,Cabo Verde,2020-02-28,0,Deaths,0.0,0.0
8419,Cabo Verde,2020-02-29,0,Deaths,0.0,0.0
8420,Cabo Verde,2020-03-01,0,Deaths,0.0,0.0
8421,Cabo Verde,2020-03-02,0,Deaths,0.0,0.0
8422,Cabo Verde,2020-03-03,0,Deaths,0.0,0.0
8423,Cabo Verde,2020-03-04,0,Deaths,0.0,0.0
8424,Cabo Verde,2020-03-05,0,Deaths,0.0,0.0
8425,Cabo Verde,2020-03-06,0,Deaths,0.0,0.0
8426,Cabo Verde,2020-03-07,0,Deaths,0.0,0.0
8427,Cabo Verde,2020-03-08,0,Deaths,0.0,0.0
8428,Cabo Verde,2020-03-09,0,Deaths,0.0,0.0
8429,Cabo Verde,2020-03-10,0,Deaths,0.0,0.0
8430,Cabo Verde,2020-03-11,0,Deaths,0.0,0.0
8431,Cabo Verde,2020-03-12,0,Deaths,0.0,0.0
8432,Cabo Verde,2020-03-13,0,Deaths,0.0,0.0
8433,Cabo Verde,2020-03-14,0,Deaths,0.0,0.0
8434,Cabo Verde,2020-03-15,0,Deaths,0.0,0.0
8435,Cabo Verde,2020-03-16,0,Deaths,0.0,0.0
8436,Cabo Verde,2020-03-17,0,Deaths,0.0,0.0
8437,Cabo Verde,2020-03-18,0,Deaths,0.0,0.0
8438,Cabo Verde,2020-03-19,0,Deaths,0.0,0.0
8439,Cabo Verde,2020-03-20,0,Deaths,0.0,0.0
8440,Cabo Verde,2020-03-21,0,Deaths,0.0,0.0
8441,Cabo Verde,2020-03-22,0,Deaths,0.0,0.0
8442,Cabo Verde,2020-03-23,0,Deaths,0.0,0.0
8443,Cabo Verde,2020-03-24,1,Deaths,1.0,1.0
8444,Cabo Verde,2020-03-25,1,Deaths,0.0,1.0
8445,Cabo Verde,2020-03-26,1,Deaths,0.0,1.0
8446,Cabo Verde,2020-03-27,1,Deaths,0.0,1.0
8447,Cabo Verde,2020-03-28,1,Deaths,0.0,1.0
8448,Cabo Verde,2020-03-29,1,Deaths,0.0,1.0
8449,Cabo Verde,2020-03-30,1,Deaths,0.0,1.0
8450,Cabo Verde,2020-03-31,1,Deaths,0.0,0.0
8451,Cabo Verde,2020-04-01,1,Deaths,0.0,0.0
8452,Cabo Verde,2020-04-02,1,Deaths,0.0,0.0
8453,Cabo Verde,2020-04-03,1,Deaths,0.0,0.0
8454,Cabo Verde,2020-04-04,1,Deaths,0.0,0.0
8455,Cabo Verde,2020-04-05,1,Deaths,0.0,0.0
8456,Cabo Verde,2020-04-06,1,Deaths,0.0,0.0
8457,Cabo Verde,2020-04-07,1,Deaths,0.0,0.0
8458,Cabo Verde,2020-04-08,1,Deaths,0.0,0.0
8459,Cabo Verde,2020-04-09,1,Deaths,0.0,0.0
8460,Cabo Verde,2020-04-10,1,Deaths,0.0,0.0
8461,Cabo Verde,2020-04-11,1,Deaths,0.0,0.0
8462,Cabo Verde,2020-04-12,1,Deaths,0.0,0.0
8463,Cabo Verde,2020-04-13,1,Deaths,0.0,0.0
8464,Cabo Verde,2020-04-14,1,Deaths,0.0,0.0
8465,Cabo Verde,2020-04-15,1,Deaths,0.0,0.0
8466,Cabo Verde,2020-04-16,1,Deaths,0.0,0.0
8467,Cabo Verde,2020-04-17,1,Deaths,0.0,0.0
8468,Cabo Verde,2020-04-18,1,Deaths,0.0,0.0
8469,Cabo Verde,2020-04-19,1,Deaths,0.0,0.0
8470,Cabo Verde,2020-04-20,1,Deaths,0.0,0.0
8471,Cabo Verde,2020-04-21,1,Deaths,0.0,0.0
8472,Cabo Verde,2020-04-22,1,Deaths,0.0,0.0
8473,Cabo Verde,2020-04-23,1,Deaths,0.0,0.0
8474,Cabo Verde,2020-04-24,1,Deaths,0.0,0.0
8475,Cabo Verde,2020-04-25,1,Deaths,0.0,0.0
8476,Cabo Verde,2020-04-26,1,Deaths,0.0,0.0
8477,Cabo Verde,2020-04-27,1,Deaths,0.0,0.0
8478,Cabo Verde,2020-04-28,1,Deaths,0.0,0.0
8479,Cabo Verde,2020-04-29,1,Deaths,0.0,0.0
8480,Cabo Verde,2020-04-30,1,Deaths,0.0,0.0
8481,Cabo Verde,2020-05-01,1,Deaths,0.0,0.0
8482,Cabo Verde,2020-05-02,2,Deaths,1.0,1.0
8483,Cabo Verde,2020-05-03,2,Deaths,0.0,1.0
8484,Cabo Verde,2020-05-04,2,Deaths,0.0,1.0
8485,Cabo Verde,2020-05-05,2,Deaths,0.0,1.0
8486,Cabo Verde,2020-05-06,2,Deaths,0.0,1.0
8487,Cabo Verde,2020-05-07,2,Deaths,0.0,1.0
8488,Cabo Verde,2020-05-08,2,Deaths,0.0,1.0
8489,Cabo Verde,2020-05-09,2,Deaths,0.0,0.0
8490,Cabo Verde,2020-05-10,2,Deaths,0.0,0.0
8491,Cabo Verde,2020-05-11,2,Deaths,0.0,0.0
8492,Cabo Verde,2020-05-12,2,Deaths,0.0,0.0
8493,Cabo Verde,2020-05-13,2,Deaths,0.0,0.0
8494,Cabo Verde,2020-05-14,2,Deaths,0.0,0.0
8495,Cabo Verde,2020-05-15,2,Deaths,0.0,0.0
8496,Cabo Verde,2020-05-16,3,Deaths,1.0,1.0
8497,Cabo Verde,2020-05-17,3,Deaths,0.0,1.0
8498,Cabo Verde,2020-05-18,3,Deaths,0.0,1.0
8499,Cabo Verde,2020-05-19,3,Deaths,0.0,1.0
8500,Cabo Verde,2020-05-20,3,Deaths,0.0,1.0
8501,Cabo Verde,2020-05-21,3,Deaths,0.0,1.0
8502,Cabo Verde,2020-05-22,3,Deaths,0.0,1.0
8503,Cabo Verde,2020-05-23,3,Deaths,0.0,0.0
8504,Cabo Verde,2020-05-24,3,Deaths,0.0,0.0
8505,Cabo Verde,2020-05-25,3,Deaths,0.0,0.0
8506,Cabo Verde,2020-05-26,4,Deaths,1.0,1.0
8507,Cabo Verde,2020-05-27,4,Deaths,0.0,1.0
8508,Cabo Verde,2020-05-28,4,Deaths,0.0,1.0
8509,Cabo Verde,2020-05-29,4,Deaths,0.0,1.0
8510,Cabo Verde,2020-05-30,4,Deaths,0.0,1.0
8511,Cabo Verde,2020-05-31,4,Deaths,0.0,1.0
8512,Cabo Verde,2020-06-01,4,Deaths,0.0,1.0
8513,Cabo Verde,2020-06-02,5,Deaths,1.0,1.0
8514,Cabo Verde,2020-06-03,5,Deaths,0.0,1.0
8515,Cabo Verde,2020-06-04,5,Deaths,0.0,1.0
8516,Cabo Verde,2020-06-05,5,Deaths,0.0,1.0
8517,Cabo Verde,2020-06-06,5,Deaths,0.0,1.0
8518,Cabo Verde,2020-06-07,5,Deaths,0.0,1.0
8519,Cabo Verde,2020-06-08,5,Deaths,0.0,1.0
8520,Cabo Verde,2020-06-09,5,Deaths,0.0,0.0
8521,Cabo Verde,2020-06-10,5,Deaths,0.0,0.0
8522,Cabo Verde,2020-06-11,6,Deaths,1.0,1.0
8523,Cabo Verde,2020-06-12,6,Deaths,0.0,1.0
8524,Cabo Verde,2020-06-13,6,Deaths,0.0,1.0
8525,Cabo Verde,2020-06-14,6,Deaths,0.0,1.0
8526,Cabo Verde,2020-06-15,7,Deaths,1.0,2.0
8527,Cabo Verde,2020-06-16,7,Deaths,0.0,2.0
8528,Cabo Verde,2020-06-17,7,Deaths,0.0,2.0
8529,Cabo Verde,2020-06-18,7,Deaths,0.0,1.0
8530,Cabo Verde,2020-06-19,8,Deaths,1.0,2.0
8531,Cabo Verde,2020-06-20,8,Deaths,0.0,2.0
8532,Cabo Verde,2020-06-21,8,Deaths,0.0,2.0
8533,Cabo Verde,2020-06-22,8,Deaths,0.0,1.0
8534,Cabo Verde,2020-06-23,8,Deaths,0.0,1.0
8535,Cabo Verde,2020-06-24,8,Deaths,0.0,1.0
8536,Cabo Verde,2020-06-25,8,Deaths,0.0,1.0
8537,Cabo Verde,2020-06-26,10,Deaths,2.0,2.0
8538,Cabo Verde,2020-06-27,12,Deaths,2.0,4.0
8539,Cabo Verde,2020-06-28,12,Deaths,0.0,4.0
8540,Cabo Verde,2020-06-29,12,Deaths,0.0,4.0
8541,Cabo Verde,2020-06-30,15,Deaths,3.0,7.0
8542,Cabo Verde,2020-07-01,15,Deaths,0.0,7.0
8543,Cabo Verde,2020-07-02,15,Deaths,0.0,7.0
8544,Cabo Verde,2020-07-03,15,Deaths,0.0,5.0
8545,Cabo Verde,2020-07-04,16,Deaths,1.0,4.0
8546,Cabo Verde,2020-07-05,17,Deaths,1.0,5.0
8547,Cabo Verde,2020-07-06,17,Deaths,0.0,5.0
8548,Cabo Verde,2020-07-07,18,Deaths,1.0,3.0
8549,Cabo Verde,2020-07-08,18,Deaths,0.0,3.0
8550,Cabo Verde,2020-07-09,18,Deaths,0.0,3.0
8551,Cabo Verde,2020-07-10,19,Deaths,1.0,4.0
8552,Cabo Verde,2020-07-11,19,Deaths,0.0,3.0
8553,Cabo Verde,2020-07-12,19,Deaths,0.0,2.0
8554,Cabo Verde,2020-07-13,19,Deaths,0.0,2.0
8555,Cabo Verde,2020-07-14,19,Deaths,0.0,1.0
8556,Cabo Verde,2020-07-15,19,Deaths,0.0,1.0
8557,Cabo Verde,2020-07-16,19,Deaths,0.0,1.0
8558,Cabo Verde,2020-07-17,19,Deaths,0.0,0.0
8559,Cabo Verde,2020-07-18,21,Deaths,2.0,2.0
8560,Cabo Verde,2020-07-19,21,Deaths,0.0,2.0
8561,Cabo Verde,2020-07-20,21,Deaths,0.0,2.0
8562,Cabo Verde,2020-07-21,21,Deaths,0.0,2.0
8563,Cabo Verde,2020-07-22,21,Deaths,0.0,2.0
8564,Cabo Verde,2020-07-23,21,Deaths,0.0,2.0
8565,Cabo Verde,2020-07-24,22,Deaths,1.0,3.0
8566,Cabo Verde,2020-07-25,22,Deaths,0.0,1.0
8567,Cabo Verde,2020-07-26,22,Deaths,0.0,1.0
8568,Cabo Verde,2020-07-27,22,Deaths,0.0,1.0
8569,Cabo Verde,2020-07-28,22,Deaths,0.0,1.0
8570,Cabo Verde,2020-07-29,23,Deaths,1.0,2.0
8571,Cabo Verde,2020-07-30,23,Deaths,0.0,2.0
8572,Cabo Verde,2020-07-31,23,Deaths,0.0,1.0
8573,Cabo Verde,2020-08-01,24,Deaths,1.0,2.0
8574,Cabo Verde,2020-08-02,24,Deaths,0.0,2.0
8575,Cabo Verde,2020-08-03,25,Deaths,1.0,3.0
8576,Cabo Verde,2020-08-04,26,Deaths,1.0,4.0
8577,Cabo Verde,2020-08-05,27,Deaths,1.0,4.0
8578,Cabo Verde,2020-08-06,27,Deaths,0.0,4.0
8579,Cabo Verde,2020-08-07,29,Deaths,2.0,6.0
8580,Cabo Verde,2020-08-08,32,Deaths,3.0,8.0
8581,Cabo Verde,2020-08-09,32,Deaths,0.0,8.0
8582,Cabo Verde,2020-08-10,32,Deaths,0.0,7.0
8583,Cabo Verde,2020-08-11,33,Deaths,1.0,7.0
8584,Cabo Verde,2020-08-12,33,Deaths,0.0,6.0
8585,Cabo Verde,2020-08-13,33,Deaths,0.0,6.0
8586,Cabo Verde,2020-08-14,33,Deaths,0.0,4.0
8587,Cabo Verde,2020-08-15,34,Deaths,1.0,2.0
8588,Cabo Verde,2020-08-16,35,Deaths,1.0,3.0
8589,Cabo Verde,2020-08-17,36,Deaths,1.0,4.0
8590,Cabo Verde,2020-08-18,36,Deaths,0.0,3.0
8591,Cabo Verde,2020-08-19,36,Deaths,0.0,3.0
8592,Cabo Verde,2020-08-20,37,Deaths,1.0,4.0
8593,Cabo Verde,2020-08-21,37,Deaths,0.0,4.0
8594,Cabo Verde,2020-08-22,37,Deaths,0.0,3.0
8595,Cabo Verde,2020-08-23,37,Deaths,0.0,2.0
8596,Cabo Verde,2020-08-24,37,Deaths,0.0,1.0
8597,Cabo Verde,2020-08-25,37,Deaths,0.0,1.0
8598,Cabo Verde,2020-08-26,38,Deaths,1.0,2.0
8599,Cabo Verde,2020-08-27,38,Deaths,0.0,1.0
8600,Cabo Verde,2020-08-28,38,Deaths,0.0,1.0
8601,Cabo Verde,2020-08-29,39,Deaths,1.0,2.0
8602,Cabo Verde,2020-08-30,40,Deaths,1.0,3.0
8603,Cabo Verde,2020-08-31,40,Deaths,0.0,3.0
8604,Cabo Verde,2020-09-01,40,Deaths,0.0,3.0
8605,Cabo Verde,2020-09-02,41,Deaths,1.0,3.0
8606,Cabo Verde,2020-09-03,41,Deaths,0.0,3.0
8607,Cabo Verde,2020-09-04,41,Deaths,0.0,3.0
8608,Cabo Verde,2020-09-05,42,Deaths,1.0,3.0
8609,Cabo Verde,2020-09-06,42,Deaths,0.0,2.0
8610,Cabo Verde,2020-09-07,42,Deaths,0.0,2.0
8611,Cabo Verde,2020-09-08,42,Deaths,0.0,2.0
8612,Cabo Verde,2020-09-09,43,Deaths,1.0,2.0
8613,Cabo Verde,2020-09-10,43,Deaths,0.0,2.0
8614,Cabo Verde,2020-09-11,44,Deaths,1.0,3.0
8615,Cabo Verde,2020-09-12,44,Deaths,0.0,2.0
8616,Cabo Verde,2020-09-13,44,Deaths,0.0,2.0
8617,Cabo Verde,2020-09-14,45,Deaths,1.0,3.0
8618,Cabo Verde,2020-09-15,46,Deaths,1.0,4.0
8619,Cabo Verde,2020-09-16,47,Deaths,1.0,4.0
8620,Cabo Verde,2020-09-17,49,Deaths,2.0,6.0
8621,Cabo Verde,2020-09-18,50,Deaths,1.0,6.0
8622,Cabo Verde,2020-09-19,50,Deaths,0.0,6.0
8623,Cabo Verde,2020-09-20,51,Deaths,1.0,7.0
8624,Cabo Verde,2020-09-21,52,Deaths,1.0,7.0
8625,Cabo Verde,2020-09-22,52,Deaths,0.0,6.0
8626,Cabo Verde,2020-09-23,54,Deaths,2.0,7.0
8627,Cabo Verde,2020-09-24,55,Deaths,1.0,6.0
8628,Cabo Verde,2020-09-25,55,Deaths,0.0,5.0
8629,Cabo Verde,2020-09-26,56,Deaths,1.0,6.0
8630,Cabo Verde,2020-09-27,57,Deaths,1.0,6.0
8631,Cabo Verde,2020-09-28,59,Deaths,2.0,7.0
8632,Cabo Verde,2020-09-29,59,Deaths,0.0,7.0
8633,Cabo Verde,2020-09-30,60,Deaths,1.0,6.0
8634,Cabo Verde,2020-10-01,61,Deaths,1.0,6.0
8635,Cabo Verde,2020-10-02,62,Deaths,1.0,7.0
8636,Cabo Verde,2020-10-03,62,Deaths,0.0,6.0
8637,Cabo Verde,2020-10-04,65,Deaths,3.0,8.0
8638,Cabo Verde,2020-10-05,68,Deaths,3.0,9.0
8639,Cabo Verde,2020-10-06,69,Deaths,1.0,10.0
8640,Cabo Verde,2020-10-07,71,Deaths,2.0,11.0
8641,Cabo Verde,2020-10-08,71,Deaths,0.0,10.0
8642,Cabo Verde,2020-10-09,73,Deaths,2.0,11.0
8643,Cabo Verde,2020-10-10,74,Deaths,1.0,12.0
8644,Cabo Verde,2020-10-11,75,Deaths,1.0,10.0
8645,Cabo Verde,2020-10-12,75,Deaths,0.0,7.0
8646,Cabo Verde,2020-10-13,77,Deaths,2.0,8.0
8647,Cabo Verde,2020-10-14,79,Deaths,2.0,8.0
8648,Cabo Verde,2020-10-15,79,Deaths,0.0,8.0
8649,Cabo Verde,2020-10-16,82,Deaths,3.0,9.0
8650,Cabo Verde,2020-10-17,85,Deaths,3.0,11.0
8651,Cabo Verde,2020-10-18,86,Deaths,1.0,11.0
8652,Cabo Verde,2020-10-19,87,Deaths,1.0,12.0
8653,Cabo Verde,2020-10-20,87,Deaths,0.0,10.0
8654,Cabo Verde,2020-10-21,90,Deaths,3.0,11.0
8655,Cabo Verde,2020-10-22,91,Deaths,1.0,12.0
8656,Cabo Verde,2020-10-23,94,Deaths,3.0,12.0
8657,Cabo Verde,2020-10-24,94,Deaths,0.0,9.0
8658,Cabo Verde,2020-10-25,94,Deaths,0.0,8.0
8659,Cabo Verde,2020-10-26,94,Deaths,0.0,7.0
8660,Cabo Verde,2020-10-27,94,Deaths,0.0,7.0
8661,Cabo Verde,2020-10-28,94,Deaths,0.0,4.0
8662,Cabo Verde,2020-10-29,95,Deaths,1.0,4.0
8663,Cabo Verde,2020-10-30,95,Deaths,0.0,1.0
8664,Cabo Verde,2020-10-31,95,Deaths,0.0,1.0
8665,Cabo Verde,2020-11-01,95,Deaths,0.0,1.0
8666,Cabo Verde,2020-11-02,95,Deaths,0.0,1.0
8667,Cabo Verde,2020-11-03,95,Deaths,0.0,1.0
8668,Cabo Verde,2020-11-04,95,Deaths,0.0,1.0
8669,Cabo Verde,2020-11-05,97,Deaths,2.0,2.0
8670,Cambodia,2020-01-22,0,Deaths,,
8671,Cambodia,2020-01-23,0,Deaths,0.0,
8672,Cambodia,2020-01-24,0,Deaths,0.0,
8673,Cambodia,2020-01-25,0,Deaths,0.0,
8674,Cambodia,2020-01-26,0,Deaths,0.0,
8675,Cambodia,2020-01-27,0,Deaths,0.0,
8676,Cambodia,2020-01-28,0,Deaths,0.0,
8677,Cambodia,2020-01-29,0,Deaths,0.0,0.0
8678,Cambodia,2020-01-30,0,Deaths,0.0,0.0
8679,Cambodia,2020-01-31,0,Deaths,0.0,0.0
8680,Cambodia,2020-02-01,0,Deaths,0.0,0.0
8681,Cambodia,2020-02-02,0,Deaths,0.0,0.0
8682,Cambodia,2020-02-03,0,Deaths,0.0,0.0
8683,Cambodia,2020-02-04,0,Deaths,0.0,0.0
8684,Cambodia,2020-02-05,0,Deaths,0.0,0.0
8685,Cambodia,2020-02-06,0,Deaths,0.0,0.0
8686,Cambodia,2020-02-07,0,Deaths,0.0,0.0
8687,Cambodia,2020-02-08,0,Deaths,0.0,0.0
8688,Cambodia,2020-02-09,0,Deaths,0.0,0.0
8689,Cambodia,2020-02-10,0,Deaths,0.0,0.0
8690,Cambodia,2020-02-11,0,Deaths,0.0,0.0
8691,Cambodia,2020-02-12,0,Deaths,0.0,0.0
8692,Cambodia,2020-02-13,0,Deaths,0.0,0.0
8693,Cambodia,2020-02-14,0,Deaths,0.0,0.0
8694,Cambodia,2020-02-15,0,Deaths,0.0,0.0
8695,Cambodia,2020-02-16,0,Deaths,0.0,0.0
8696,Cambodia,2020-02-17,0,Deaths,0.0,0.0
8697,Cambodia,2020-02-18,0,Deaths,0.0,0.0
8698,Cambodia,2020-02-19,0,Deaths,0.0,0.0
8699,Cambodia,2020-02-20,0,Deaths,0.0,0.0
8700,Cambodia,2020-02-21,0,Deaths,0.0,0.0
8701,Cambodia,2020-02-22,0,Deaths,0.0,0.0
8702,Cambodia,2020-02-23,0,Deaths,0.0,0.0
8703,Cambodia,2020-02-24,0,Deaths,0.0,0.0
8704,Cambodia,2020-02-25,0,Deaths,0.0,0.0
8705,Cambodia,2020-02-26,0,Deaths,0.0,0.0
8706,Cambodia,2020-02-27,0,Deaths,0.0,0.0
8707,Cambodia,2020-02-28,0,Deaths,0.0,0.0
8708,Cambodia,2020-02-29,0,Deaths,0.0,0.0
8709,Cambodia,2020-03-01,0,Deaths,0.0,0.0
8710,Cambodia,2020-03-02,0,Deaths,0.0,0.0
8711,Cambodia,2020-03-03,0,Deaths,0.0,0.0
8712,Cambodia,2020-03-04,0,Deaths,0.0,0.0
8713,Cambodia,2020-03-05,0,Deaths,0.0,0.0
8714,Cambodia,2020-03-06,0,Deaths,0.0,0.0
8715,Cambodia,2020-03-07,0,Deaths,0.0,0.0
8716,Cambodia,2020-03-08,0,Deaths,0.0,0.0
8717,Cambodia,2020-03-09,0,Deaths,0.0,0.0
8718,Cambodia,2020-03-10,0,Deaths,0.0,0.0
8719,Cambodia,2020-03-11,0,Deaths,0.0,0.0
8720,Cambodia,2020-03-12,0,Deaths,0.0,0.0
8721,Cambodia,2020-03-13,0,Deaths,0.0,0.0
8722,Cambodia,2020-03-14,0,Deaths,0.0,0.0
8723,Cambodia,2020-03-15,0,Deaths,0.0,0.0
8724,Cambodia,2020-03-16,0,Deaths,0.0,0.0
8725,Cambodia,2020-03-17,0,Deaths,0.0,0.0
8726,Cambodia,2020-03-18,0,Deaths,0.0,0.0
8727,Cambodia,2020-03-19,0,Deaths,0.0,0.0
8728,Cambodia,2020-03-20,0,Deaths,0.0,0.0
8729,Cambodia,2020-03-21,0,Deaths,0.0,0.0
8730,Cambodia,2020-03-22,0,Deaths,0.0,0.0
8731,Cambodia,2020-03-23,0,Deaths,0.0,0.0
8732,Cambodia,2020-03-24,0,Deaths,0.0,0.0
8733,Cambodia,2020-03-25,0,Deaths,0.0,0.0
8734,Cambodia,2020-03-26,0,Deaths,0.0,0.0
8735,Cambodia,2020-03-27,0,Deaths,0.0,0.0
8736,Cambodia,2020-03-28,0,Deaths,0.0,0.0
8737,Cambodia,2020-03-29,0,Deaths,0.0,0.0
8738,Cambodia,2020-03-30,0,Deaths,0.0,0.0
8739,Cambodia,2020-03-31,0,Deaths,0.0,0.0
8740,Cambodia,2020-04-01,0,Deaths,0.0,0.0
8741,Cambodia,2020-04-02,0,Deaths,0.0,0.0
8742,Cambodia,2020-04-03,0,Deaths,0.0,0.0
8743,Cambodia,2020-04-04,0,Deaths,0.0,0.0
8744,Cambodia,2020-04-05,0,Deaths,0.0,0.0
8745,Cambodia,2020-04-06,0,Deaths,0.0,0.0
8746,Cambodia,2020-04-07,0,Deaths,0.0,0.0
8747,Cambodia,2020-04-08,0,Deaths,0.0,0.0
8748,Cambodia,2020-04-09,0,Deaths,0.0,0.0
8749,Cambodia,2020-04-10,0,Deaths,0.0,0.0
8750,Cambodia,2020-04-11,0,Deaths,0.0,0.0
8751,Cambodia,2020-04-12,0,Deaths,0.0,0.0
8752,Cambodia,2020-04-13,0,Deaths,0.0,0.0
8753,Cambodia,2020-04-14,0,Deaths,0.0,0.0
8754,Cambodia,2020-04-15,0,Deaths,0.0,0.0
8755,Cambodia,2020-04-16,0,Deaths,0.0,0.0
8756,Cambodia,2020-04-17,0,Deaths,0.0,0.0
8757,Cambodia,2020-04-18,0,Deaths,0.0,0.0
8758,Cambodia,2020-04-19,0,Deaths,0.0,0.0
8759,Cambodia,2020-04-20,0,Deaths,0.0,0.0
8760,Cambodia,2020-04-21,0,Deaths,0.0,0.0
8761,Cambodia,2020-04-22,0,Deaths,0.0,0.0
8762,Cambodia,2020-04-23,0,Deaths,0.0,0.0
8763,Cambodia,2020-04-24,0,Deaths,0.0,0.0
8764,Cambodia,2020-04-25,0,Deaths,0.0,0.0
8765,Cambodia,2020-04-26,0,Deaths,0.0,0.0
8766,Cambodia,2020-04-27,0,Deaths,0.0,0.0
8767,Cambodia,2020-04-28,0,Deaths,0.0,0.0
8768,Cambodia,2020-04-29,0,Deaths,0.0,0.0
8769,Cambodia,2020-04-30,0,Deaths,0.0,0.0
8770,Cambodia,2020-05-01,0,Deaths,0.0,0.0
8771,Cambodia,2020-05-02,0,Deaths,0.0,0.0
8772,Cambodia,2020-05-03,0,Deaths,0.0,0.0
8773,Cambodia,2020-05-04,0,Deaths,0.0,0.0
8774,Cambodia,2020-05-05,0,Deaths,0.0,0.0
8775,Cambodia,2020-05-06,0,Deaths,0.0,0.0
8776,Cambodia,2020-05-07,0,Deaths,0.0,0.0
8777,Cambodia,2020-05-08,0,Deaths,0.0,0.0
8778,Cambodia,2020-05-09,0,Deaths,0.0,0.0
8779,Cambodia,2020-05-10,0,Deaths,0.0,0.0
8780,Cambodia,2020-05-11,0,Deaths,0.0,0.0
8781,Cambodia,2020-05-12,0,Deaths,0.0,0.0
8782,Cambodia,2020-05-13,0,Deaths,0.0,0.0
8783,Cambodia,2020-05-14,0,Deaths,0.0,0.0
8784,Cambodia,2020-05-15,0,Deaths,0.0,0.0
8785,Cambodia,2020-05-16,0,Deaths,0.0,0.0
8786,Cambodia,2020-05-17,0,Deaths,0.0,0.0
8787,Cambodia,2020-05-18,0,Deaths,0.0,0.0
8788,Cambodia,2020-05-19,0,Deaths,0.0,0.0
8789,Cambodia,2020-05-20,0,Deaths,0.0,0.0
8790,Cambodia,2020-05-21,0,Deaths,0.0,0.0
8791,Cambodia,2020-05-22,0,Deaths,0.0,0.0
8792,Cambodia,2020-05-23,0,Deaths,0.0,0.0
8793,Cambodia,2020-05-24,0,Deaths,0.0,0.0
8794,Cambodia,2020-05-25,0,Deaths,0.0,0.0
8795,Cambodia,2020-05-26,0,Deaths,0.0,0.0
8796,Cambodia,2020-05-27,0,Deaths,0.0,0.0
8797,Cambodia,2020-05-28,0,Deaths,0.0,0.0
8798,Cambodia,2020-05-29,0,Deaths,0.0,0.0
8799,Cambodia,2020-05-30,0,Deaths,0.0,0.0
8800,Cambodia,2020-05-31,0,Deaths,0.0,0.0
8801,Cambodia,2020-06-01,0,Deaths,0.0,0.0
8802,Cambodia,2020-06-02,0,Deaths,0.0,0.0
8803,Cambodia,2020-06-03,0,Deaths,0.0,0.0
8804,Cambodia,2020-06-04,0,Deaths,0.0,0.0
8805,Cambodia,2020-06-05,0,Deaths,0.0,0.0
8806,Cambodia,2020-06-06,0,Deaths,0.0,0.0
8807,Cambodia,2020-06-07,0,Deaths,0.0,0.0
8808,Cambodia,2020-06-08,0,Deaths,0.0,0.0
8809,Cambodia,2020-06-09,0,Deaths,0.0,0.0
8810,Cambodia,2020-06-10,0,Deaths,0.0,0.0
8811,Cambodia,2020-06-11,0,Deaths,0.0,0.0
8812,Cambodia,2020-06-12,0,Deaths,0.0,0.0
8813,Cambodia,2020-06-13,0,Deaths,0.0,0.0
8814,Cambodia,2020-06-14,0,Deaths,0.0,0.0
8815,Cambodia,2020-06-15,0,Deaths,0.0,0.0
8816,Cambodia,2020-06-16,0,Deaths,0.0,0.0
8817,Cambodia,2020-06-17,0,Deaths,0.0,0.0
8818,Cambodia,2020-06-18,0,Deaths,0.0,0.0
8819,Cambodia,2020-06-19,0,Deaths,0.0,0.0
8820,Cambodia,2020-06-20,0,Deaths,0.0,0.0
8821,Cambodia,2020-06-21,0,Deaths,0.0,0.0
8822,Cambodia,2020-06-22,0,Deaths,0.0,0.0
8823,Cambodia,2020-06-23,0,Deaths,0.0,0.0
8824,Cambodia,2020-06-24,0,Deaths,0.0,0.0
8825,Cambodia,2020-06-25,0,Deaths,0.0,0.0
8826,Cambodia,2020-06-26,0,Deaths,0.0,0.0
8827,Cambodia,2020-06-27,0,Deaths,0.0,0.0
8828,Cambodia,2020-06-28,0,Deaths,0.0,0.0
8829,Cambodia,2020-06-29,0,Deaths,0.0,0.0
8830,Cambodia,2020-06-30,0,Deaths,0.0,0.0
8831,Cambodia,2020-07-01,0,Deaths,0.0,0.0
8832,Cambodia,2020-07-02,0,Deaths,0.0,0.0
8833,Cambodia,2020-07-03,0,Deaths,0.0,0.0
8834,Cambodia,2020-07-04,0,Deaths,0.0,0.0
8835,Cambodia,2020-07-05,0,Deaths,0.0,0.0
8836,Cambodia,2020-07-06,0,Deaths,0.0,0.0
8837,Cambodia,2020-07-07,0,Deaths,0.0,0.0
8838,Cambodia,2020-07-08,0,Deaths,0.0,0.0
8839,Cambodia,2020-07-09,0,Deaths,0.0,0.0
8840,Cambodia,2020-07-10,0,Deaths,0.0,0.0
8841,Cambodia,2020-07-11,0,Deaths,0.0,0.0
8842,Cambodia,2020-07-12,0,Deaths,0.0,0.0
8843,Cambodia,2020-07-13,0,Deaths,0.0,0.0
8844,Cambodia,2020-07-14,0,Deaths,0.0,0.0
8845,Cambodia,2020-07-15,0,Deaths,0.0,0.0
8846,Cambodia,2020-07-16,0,Deaths,0.0,0.0
8847,Cambodia,2020-07-17,0,Deaths,0.0,0.0
8848,Cambodia,2020-07-18,0,Deaths,0.0,0.0
8849,Cambodia,2020-07-19,0,Deaths,0.0,0.0
8850,Cambodia,2020-07-20,0,Deaths,0.0,0.0
8851,Cambodia,2020-07-21,0,Deaths,0.0,0.0
8852,Cambodia,2020-07-22,0,Deaths,0.0,0.0
8853,Cambodia,2020-07-23,0,Deaths,0.0,0.0
8854,Cambodia,2020-07-24,0,Deaths,0.0,0.0
8855,Cambodia,2020-07-25,0,Deaths,0.0,0.0
8856,Cambodia,2020-07-26,0,Deaths,0.0,0.0
8857,Cambodia,2020-07-27,0,Deaths,0.0,0.0
8858,Cambodia,2020-07-28,0,Deaths,0.0,0.0
8859,Cambodia,2020-07-29,0,Deaths,0.0,0.0
8860,Cambodia,2020-07-30,0,Deaths,0.0,0.0
8861,Cambodia,2020-07-31,0,Deaths,0.0,0.0
8862,Cambodia,2020-08-01,0,Deaths,0.0,0.0
8863,Cambodia,2020-08-02,0,Deaths,0.0,0.0
8864,Cambodia,2020-08-03,0,Deaths,0.0,0.0
8865,Cambodia,2020-08-04,0,Deaths,0.0,0.0
8866,Cambodia,2020-08-05,0,Deaths,0.0,0.0
8867,Cambodia,2020-08-06,0,Deaths,0.0,0.0
8868,Cambodia,2020-08-07,0,Deaths,0.0,0.0
8869,Cambodia,2020-08-08,0,Deaths,0.0,0.0
8870,Cambodia,2020-08-09,0,Deaths,0.0,0.0
8871,Cambodia,2020-08-10,0,Deaths,0.0,0.0
8872,Cambodia,2020-08-11,0,Deaths,0.0,0.0
8873,Cambodia,2020-08-12,0,Deaths,0.0,0.0
8874,Cambodia,2020-08-13,0,Deaths,0.0,0.0
8875,Cambodia,2020-08-14,0,Deaths,0.0,0.0
8876,Cambodia,2020-08-15,0,Deaths,0.0,0.0
8877,Cambodia,2020-08-16,0,Deaths,0.0,0.0
8878,Cambodia,2020-08-17,0,Deaths,0.0,0.0
8879,Cambodia,2020-08-18,0,Deaths,0.0,0.0
8880,Cambodia,2020-08-19,0,Deaths,0.0,0.0
8881,Cambodia,2020-08-20,0,Deaths,0.0,0.0
8882,Cambodia,2020-08-21,0,Deaths,0.0,0.0
8883,Cambodia,2020-08-22,0,Deaths,0.0,0.0
8884,Cambodia,2020-08-23,0,Deaths,0.0,0.0
8885,Cambodia,2020-08-24,0,Deaths,0.0,0.0
8886,Cambodia,2020-08-25,0,Deaths,0.0,0.0
8887,Cambodia,2020-08-26,0,Deaths,0.0,0.0
8888,Cambodia,2020-08-27,0,Deaths,0.0,0.0
8889,Cambodia,2020-08-28,0,Deaths,0.0,0.0
8890,Cambodia,2020-08-29,0,Deaths,0.0,0.0
8891,Cambodia,2020-08-30,0,Deaths,0.0,0.0
8892,Cambodia,2020-08-31,0,Deaths,0.0,0.0
8893,Cambodia,2020-09-01,0,Deaths,0.0,0.0
8894,Cambodia,2020-09-02,0,Deaths,0.0,0.0
8895,Cambodia,2020-09-03,0,Deaths,0.0,0.0
8896,Cambodia,2020-09-04,0,Deaths,0.0,0.0
8897,Cambodia,2020-09-05,0,Deaths,0.0,0.0
8898,Cambodia,2020-09-06,0,Deaths,0.0,0.0
8899,Cambodia,2020-09-07,0,Deaths,0.0,0.0
8900,Cambodia,2020-09-08,0,Deaths,0.0,0.0
8901,Cambodia,2020-09-09,0,Deaths,0.0,0.0
8902,Cambodia,2020-09-10,0,Deaths,0.0,0.0
8903,Cambodia,2020-09-11,0,Deaths,0.0,0.0
8904,Cambodia,2020-09-12,0,Deaths,0.0,0.0
8905,Cambodia,2020-09-13,0,Deaths,0.0,0.0
8906,Cambodia,2020-09-14,0,Deaths,0.0,0.0
8907,Cambodia,2020-09-15,0,Deaths,0.0,0.0
8908,Cambodia,2020-09-16,0,Deaths,0.0,0.0
8909,Cambodia,2020-09-17,0,Deaths,0.0,0.0
8910,Cambodia,2020-09-18,0,Deaths,0.0,0.0
8911,Cambodia,2020-09-19,0,Deaths,0.0,0.0
8912,Cambodia,2020-09-20,0,Deaths,0.0,0.0
8913,Cambodia,2020-09-21,0,Deaths,0.0,0.0
8914,Cambodia,2020-09-22,0,Deaths,0.0,0.0
8915,Cambodia,2020-09-23,0,Deaths,0.0,0.0
8916,Cambodia,2020-09-24,0,Deaths,0.0,0.0
8917,Cambodia,2020-09-25,0,Deaths,0.0,0.0
8918,Cambodia,2020-09-26,0,Deaths,0.0,0.0
8919,Cambodia,2020-09-27,0,Deaths,0.0,0.0
8920,Cambodia,2020-09-28,0,Deaths,0.0,0.0
8921,Cambodia,2020-09-29,0,Deaths,0.0,0.0
8922,Cambodia,2020-09-30,0,Deaths,0.0,0.0
8923,Cambodia,2020-10-01,0,Deaths,0.0,0.0
8924,Cambodia,2020-10-02,0,Deaths,0.0,0.0
8925,Cambodia,2020-10-03,0,Deaths,0.0,0.0
8926,Cambodia,2020-10-04,0,Deaths,0.0,0.0
8927,Cambodia,2020-10-05,0,Deaths,0.0,0.0
8928,Cambodia,2020-10-06,0,Deaths,0.0,0.0
8929,Cambodia,2020-10-07,0,Deaths,0.0,0.0
8930,Cambodia,2020-10-08,0,Deaths,0.0,0.0
8931,Cambodia,2020-10-09,0,Deaths,0.0,0.0
8932,Cambodia,2020-10-10,0,Deaths,0.0,0.0
8933,Cambodia,2020-10-11,0,Deaths,0.0,0.0
8934,Cambodia,2020-10-12,0,Deaths,0.0,0.0
8935,Cambodia,2020-10-13,0,Deaths,0.0,0.0
8936,Cambodia,2020-10-14,0,Deaths,0.0,0.0
8937,Cambodia,2020-10-15,0,Deaths,0.0,0.0
8938,Cambodia,2020-10-16,0,Deaths,0.0,0.0
8939,Cambodia,2020-10-17,0,Deaths,0.0,0.0
8940,Cambodia,2020-10-18,0,Deaths,0.0,0.0
8941,Cambodia,2020-10-19,0,Deaths,0.0,0.0
8942,Cambodia,2020-10-20,0,Deaths,0.0,0.0
8943,Cambodia,2020-10-21,0,Deaths,0.0,0.0
8944,Cambodia,2020-10-22,0,Deaths,0.0,0.0
8945,Cambodia,2020-10-23,0,Deaths,0.0,0.0
8946,Cambodia,2020-10-24,0,Deaths,0.0,0.0
8947,Cambodia,2020-10-25,0,Deaths,0.0,0.0
8948,Cambodia,2020-10-26,0,Deaths,0.0,0.0
8949,Cambodia,2020-10-27,0,Deaths,0.0,0.0
8950,Cambodia,2020-10-28,0,Deaths,0.0,0.0
8951,Cambodia,2020-10-29,0,Deaths,0.0,0.0
8952,Cambodia,2020-10-30,0,Deaths,0.0,0.0
8953,Cambodia,2020-10-31,0,Deaths,0.0,0.0
8954,Cambodia,2020-11-01,0,Deaths,0.0,0.0
8955,Cambodia,2020-11-02,0,Deaths,0.0,0.0
8956,Cambodia,2020-11-03,0,Deaths,0.0,0.0
8957,Cambodia,2020-11-04,0,Deaths,0.0,0.0
8958,Cambodia,2020-11-05,0,Deaths,0.0,0.0
8959,Cameroon,2020-01-22,0,Deaths,,
8960,Cameroon,2020-01-23,0,Deaths,0.0,
8961,Cameroon,2020-01-24,0,Deaths,0.0,
8962,Cameroon,2020-01-25,0,Deaths,0.0,
8963,Cameroon,2020-01-26,0,Deaths,0.0,
8964,Cameroon,2020-01-27,0,Deaths,0.0,
8965,Cameroon,2020-01-28,0,Deaths,0.0,
8966,Cameroon,2020-01-29,0,Deaths,0.0,0.0
8967,Cameroon,2020-01-30,0,Deaths,0.0,0.0
8968,Cameroon,2020-01-31,0,Deaths,0.0,0.0
8969,Cameroon,2020-02-01,0,Deaths,0.0,0.0
8970,Cameroon,2020-02-02,0,Deaths,0.0,0.0
8971,Cameroon,2020-02-03,0,Deaths,0.0,0.0
8972,Cameroon,2020-02-04,0,Deaths,0.0,0.0
8973,Cameroon,2020-02-05,0,Deaths,0.0,0.0
8974,Cameroon,2020-02-06,0,Deaths,0.0,0.0
8975,Cameroon,2020-02-07,0,Deaths,0.0,0.0
8976,Cameroon,2020-02-08,0,Deaths,0.0,0.0
8977,Cameroon,2020-02-09,0,Deaths,0.0,0.0
8978,Cameroon,2020-02-10,0,Deaths,0.0,0.0
8979,Cameroon,2020-02-11,0,Deaths,0.0,0.0
8980,Cameroon,2020-02-12,0,Deaths,0.0,0.0
8981,Cameroon,2020-02-13,0,Deaths,0.0,0.0
8982,Cameroon,2020-02-14,0,Deaths,0.0,0.0
8983,Cameroon,2020-02-15,0,Deaths,0.0,0.0
8984,Cameroon,2020-02-16,0,Deaths,0.0,0.0
8985,Cameroon,2020-02-17,0,Deaths,0.0,0.0
8986,Cameroon,2020-02-18,0,Deaths,0.0,0.0
8987,Cameroon,2020-02-19,0,Deaths,0.0,0.0
8988,Cameroon,2020-02-20,0,Deaths,0.0,0.0
8989,Cameroon,2020-02-21,0,Deaths,0.0,0.0
8990,Cameroon,2020-02-22,0,Deaths,0.0,0.0
8991,Cameroon,2020-02-23,0,Deaths,0.0,0.0
8992,Cameroon,2020-02-24,0,Deaths,0.0,0.0
8993,Cameroon,2020-02-25,0,Deaths,0.0,0.0
8994,Cameroon,2020-02-26,0,Deaths,0.0,0.0
8995,Cameroon,2020-02-27,0,Deaths,0.0,0.0
8996,Cameroon,2020-02-28,0,Deaths,0.0,0.0
8997,Cameroon,2020-02-29,0,Deaths,0.0,0.0
8998,Cameroon,2020-03-01,0,Deaths,0.0,0.0
8999,Cameroon,2020-03-02,0,Deaths,0.0,0.0
9000,Cameroon,2020-03-03,0,Deaths,0.0,0.0
9001,Cameroon,2020-03-04,0,Deaths,0.0,0.0
9002,Cameroon,2020-03-05,0,Deaths,0.0,0.0
9003,Cameroon,2020-03-06,0,Deaths,0.0,0.0
9004,Cameroon,2020-03-07,0,Deaths,0.0,0.0
9005,Cameroon,2020-03-08,0,Deaths,0.0,0.0
9006,Cameroon,2020-03-09,0,Deaths,0.0,0.0
9007,Cameroon,2020-03-10,0,Deaths,0.0,0.0
9008,Cameroon,2020-03-11,0,Deaths,0.0,0.0
9009,Cameroon,2020-03-12,0,Deaths,0.0,0.0
9010,Cameroon,2020-03-13,0,Deaths,0.0,0.0
9011,Cameroon,2020-03-14,0,Deaths,0.0,0.0
9012,Cameroon,2020-03-15,0,Deaths,0.0,0.0
9013,Cameroon,2020-03-16,0,Deaths,0.0,0.0
9014,Cameroon,2020-03-17,0,Deaths,0.0,0.0
9015,Cameroon,2020-03-18,0,Deaths,0.0,0.0
9016,Cameroon,2020-03-19,0,Deaths,0.0,0.0
9017,Cameroon,2020-03-20,0,Deaths,0.0,0.0
9018,Cameroon,2020-03-21,0,Deaths,0.0,0.0
9019,Cameroon,2020-03-22,0,Deaths,0.0,0.0
9020,Cameroon,2020-03-23,0,Deaths,0.0,0.0
9021,Cameroon,2020-03-24,0,Deaths,0.0,0.0
9022,Cameroon,2020-03-25,1,Deaths,1.0,1.0
9023,Cameroon,2020-03-26,1,Deaths,0.0,1.0
9024,Cameroon,2020-03-27,2,Deaths,1.0,2.0
9025,Cameroon,2020-03-28,2,Deaths,0.0,2.0
9026,Cameroon,2020-03-29,6,Deaths,4.0,6.0
9027,Cameroon,2020-03-30,6,Deaths,0.0,6.0
9028,Cameroon,2020-03-31,6,Deaths,0.0,6.0
9029,Cameroon,2020-04-01,6,Deaths,0.0,5.0
9030,Cameroon,2020-04-02,7,Deaths,1.0,6.0
9031,Cameroon,2020-04-03,8,Deaths,1.0,6.0
9032,Cameroon,2020-04-04,9,Deaths,1.0,7.0
9033,Cameroon,2020-04-05,9,Deaths,0.0,3.0
9034,Cameroon,2020-04-06,9,Deaths,0.0,3.0
9035,Cameroon,2020-04-07,9,Deaths,0.0,3.0
9036,Cameroon,2020-04-08,10,Deaths,1.0,4.0
9037,Cameroon,2020-04-09,10,Deaths,0.0,3.0
9038,Cameroon,2020-04-10,12,Deaths,2.0,4.0
9039,Cameroon,2020-04-11,12,Deaths,0.0,3.0
9040,Cameroon,2020-04-12,12,Deaths,0.0,3.0
9041,Cameroon,2020-04-13,12,Deaths,0.0,3.0
9042,Cameroon,2020-04-14,14,Deaths,2.0,5.0
9043,Cameroon,2020-04-15,17,Deaths,3.0,7.0
9044,Cameroon,2020-04-16,22,Deaths,5.0,12.0
9045,Cameroon,2020-04-17,22,Deaths,0.0,10.0
9046,Cameroon,2020-04-18,22,Deaths,0.0,10.0
9047,Cameroon,2020-04-19,42,Deaths,20.0,30.0
9048,Cameroon,2020-04-20,42,Deaths,0.0,30.0
9049,Cameroon,2020-04-21,43,Deaths,1.0,29.0
9050,Cameroon,2020-04-22,43,Deaths,0.0,26.0
9051,Cameroon,2020-04-23,43,Deaths,0.0,21.0
9052,Cameroon,2020-04-24,43,Deaths,0.0,21.0
9053,Cameroon,2020-04-25,53,Deaths,10.0,31.0
9054,Cameroon,2020-04-26,56,Deaths,3.0,14.0
9055,Cameroon,2020-04-27,58,Deaths,2.0,16.0
9056,Cameroon,2020-04-28,58,Deaths,0.0,15.0
9057,Cameroon,2020-04-29,61,Deaths,3.0,18.0
9058,Cameroon,2020-04-30,61,Deaths,0.0,18.0
9059,Cameroon,2020-05-01,61,Deaths,0.0,18.0
9060,Cameroon,2020-05-02,64,Deaths,3.0,11.0
9061,Cameroon,2020-05-03,64,Deaths,0.0,8.0
9062,Cameroon,2020-05-04,64,Deaths,0.0,6.0
9063,Cameroon,2020-05-05,64,Deaths,0.0,6.0
9064,Cameroon,2020-05-06,108,Deaths,44.0,47.0
9065,Cameroon,2020-05-07,108,Deaths,0.0,47.0
9066,Cameroon,2020-05-08,108,Deaths,0.0,47.0
9067,Cameroon,2020-05-09,108,Deaths,0.0,44.0
9068,Cameroon,2020-05-10,114,Deaths,6.0,50.0
9069,Cameroon,2020-05-11,125,Deaths,11.0,61.0
9070,Cameroon,2020-05-12,125,Deaths,0.0,61.0
9071,Cameroon,2020-05-13,136,Deaths,11.0,28.0
9072,Cameroon,2020-05-14,139,Deaths,3.0,31.0
9073,Cameroon,2020-05-15,140,Deaths,1.0,32.0
9074,Cameroon,2020-05-16,140,Deaths,0.0,32.0
9075,Cameroon,2020-05-17,140,Deaths,0.0,26.0
9076,Cameroon,2020-05-18,140,Deaths,0.0,15.0
9077,Cameroon,2020-05-19,140,Deaths,0.0,15.0
9078,Cameroon,2020-05-20,146,Deaths,6.0,10.0
9079,Cameroon,2020-05-21,156,Deaths,10.0,17.0
9080,Cameroon,2020-05-22,159,Deaths,3.0,19.0
9081,Cameroon,2020-05-23,159,Deaths,0.0,19.0
9082,Cameroon,2020-05-24,165,Deaths,6.0,25.0
9083,Cameroon,2020-05-25,165,Deaths,0.0,25.0
9084,Cameroon,2020-05-26,175,Deaths,10.0,35.0
9085,Cameroon,2020-05-27,175,Deaths,0.0,29.0
9086,Cameroon,2020-05-28,175,Deaths,0.0,19.0
9087,Cameroon,2020-05-29,177,Deaths,2.0,18.0
9088,Cameroon,2020-05-30,191,Deaths,14.0,32.0
9089,Cameroon,2020-05-31,191,Deaths,0.0,26.0
9090,Cameroon,2020-06-01,199,Deaths,8.0,34.0
9091,Cameroon,2020-06-02,200,Deaths,1.0,25.0
9092,Cameroon,2020-06-03,200,Deaths,0.0,25.0
9093,Cameroon,2020-06-04,203,Deaths,3.0,28.0
9094,Cameroon,2020-06-05,205,Deaths,2.0,28.0
9095,Cameroon,2020-06-06,212,Deaths,7.0,21.0
9096,Cameroon,2020-06-07,212,Deaths,0.0,21.0
9097,Cameroon,2020-06-08,212,Deaths,0.0,13.0
9098,Cameroon,2020-06-09,212,Deaths,0.0,12.0
9099,Cameroon,2020-06-10,212,Deaths,0.0,12.0
9100,Cameroon,2020-06-11,212,Deaths,0.0,9.0
9101,Cameroon,2020-06-12,212,Deaths,0.0,7.0
9102,Cameroon,2020-06-13,212,Deaths,0.0,0.0
9103,Cameroon,2020-06-14,212,Deaths,0.0,0.0
9104,Cameroon,2020-06-15,276,Deaths,64.0,64.0
9105,Cameroon,2020-06-16,276,Deaths,0.0,64.0
9106,Cameroon,2020-06-17,276,Deaths,0.0,64.0
9107,Cameroon,2020-06-18,276,Deaths,0.0,64.0
9108,Cameroon,2020-06-19,282,Deaths,6.0,70.0
9109,Cameroon,2020-06-20,301,Deaths,19.0,89.0
9110,Cameroon,2020-06-21,303,Deaths,2.0,91.0
9111,Cameroon,2020-06-22,308,Deaths,5.0,32.0
9112,Cameroon,2020-06-23,313,Deaths,5.0,37.0
9113,Cameroon,2020-06-24,313,Deaths,0.0,37.0
9114,Cameroon,2020-06-25,313,Deaths,0.0,37.0
9115,Cameroon,2020-06-26,313,Deaths,0.0,31.0
9116,Cameroon,2020-06-27,313,Deaths,0.0,12.0
9117,Cameroon,2020-06-28,313,Deaths,0.0,10.0
9118,Cameroon,2020-06-29,313,Deaths,0.0,5.0
9119,Cameroon,2020-06-30,313,Deaths,0.0,0.0
9120,Cameroon,2020-07-01,313,Deaths,0.0,0.0
9121,Cameroon,2020-07-02,313,Deaths,0.0,0.0
9122,Cameroon,2020-07-03,313,Deaths,0.0,0.0
9123,Cameroon,2020-07-04,313,Deaths,0.0,0.0
9124,Cameroon,2020-07-05,313,Deaths,0.0,0.0
9125,Cameroon,2020-07-06,313,Deaths,0.0,0.0
9126,Cameroon,2020-07-07,359,Deaths,46.0,46.0
9127,Cameroon,2020-07-08,359,Deaths,0.0,46.0
9128,Cameroon,2020-07-09,359,Deaths,0.0,46.0
9129,Cameroon,2020-07-10,359,Deaths,0.0,46.0
9130,Cameroon,2020-07-11,359,Deaths,0.0,46.0
9131,Cameroon,2020-07-12,359,Deaths,0.0,46.0
9132,Cameroon,2020-07-13,359,Deaths,0.0,46.0
9133,Cameroon,2020-07-14,359,Deaths,0.0,0.0
9134,Cameroon,2020-07-15,359,Deaths,0.0,0.0
9135,Cameroon,2020-07-16,373,Deaths,14.0,14.0
9136,Cameroon,2020-07-17,373,Deaths,0.0,14.0
9137,Cameroon,2020-07-18,373,Deaths,0.0,14.0
9138,Cameroon,2020-07-19,373,Deaths,0.0,14.0
9139,Cameroon,2020-07-20,373,Deaths,0.0,14.0
9140,Cameroon,2020-07-21,382,Deaths,9.0,23.0
9141,Cameroon,2020-07-22,382,Deaths,0.0,23.0
9142,Cameroon,2020-07-23,382,Deaths,0.0,9.0
9143,Cameroon,2020-07-24,385,Deaths,3.0,12.0
9144,Cameroon,2020-07-25,385,Deaths,0.0,12.0
9145,Cameroon,2020-07-26,385,Deaths,0.0,12.0
9146,Cameroon,2020-07-27,391,Deaths,6.0,18.0
9147,Cameroon,2020-07-28,391,Deaths,0.0,9.0
9148,Cameroon,2020-07-29,391,Deaths,0.0,9.0
9149,Cameroon,2020-07-30,391,Deaths,0.0,9.0
9150,Cameroon,2020-07-31,391,Deaths,0.0,6.0
9151,Cameroon,2020-08-01,391,Deaths,0.0,6.0
9152,Cameroon,2020-08-02,391,Deaths,0.0,6.0
9153,Cameroon,2020-08-03,391,Deaths,0.0,0.0
9154,Cameroon,2020-08-04,391,Deaths,0.0,0.0
9155,Cameroon,2020-08-05,391,Deaths,0.0,0.0
9156,Cameroon,2020-08-06,391,Deaths,0.0,0.0
9157,Cameroon,2020-08-07,391,Deaths,0.0,0.0
9158,Cameroon,2020-08-08,395,Deaths,4.0,4.0
9159,Cameroon,2020-08-09,395,Deaths,0.0,4.0
9160,Cameroon,2020-08-10,395,Deaths,0.0,4.0
9161,Cameroon,2020-08-11,398,Deaths,3.0,7.0
9162,Cameroon,2020-08-12,401,Deaths,3.0,10.0
9163,Cameroon,2020-08-13,401,Deaths,0.0,10.0
9164,Cameroon,2020-08-14,401,Deaths,0.0,10.0
9165,Cameroon,2020-08-15,401,Deaths,0.0,6.0
9166,Cameroon,2020-08-16,401,Deaths,0.0,6.0
9167,Cameroon,2020-08-17,403,Deaths,2.0,8.0
9168,Cameroon,2020-08-18,406,Deaths,3.0,8.0
9169,Cameroon,2020-08-19,406,Deaths,0.0,5.0
9170,Cameroon,2020-08-20,408,Deaths,2.0,7.0
9171,Cameroon,2020-08-21,408,Deaths,0.0,7.0
9172,Cameroon,2020-08-22,408,Deaths,0.0,7.0
9173,Cameroon,2020-08-23,408,Deaths,0.0,7.0
9174,Cameroon,2020-08-24,408,Deaths,0.0,5.0
9175,Cameroon,2020-08-25,410,Deaths,2.0,4.0
9176,Cameroon,2020-08-26,410,Deaths,0.0,4.0
9177,Cameroon,2020-08-27,411,Deaths,1.0,3.0
9178,Cameroon,2020-08-28,411,Deaths,0.0,3.0
9179,Cameroon,2020-08-29,411,Deaths,0.0,3.0
9180,Cameroon,2020-08-30,411,Deaths,0.0,3.0
9181,Cameroon,2020-08-31,411,Deaths,0.0,3.0
9182,Cameroon,2020-09-01,414,Deaths,3.0,4.0
9183,Cameroon,2020-09-02,415,Deaths,1.0,5.0
9184,Cameroon,2020-09-03,415,Deaths,0.0,4.0
9185,Cameroon,2020-09-04,415,Deaths,0.0,4.0
9186,Cameroon,2020-09-05,415,Deaths,0.0,4.0
9187,Cameroon,2020-09-06,415,Deaths,0.0,4.0
9188,Cameroon,2020-09-07,415,Deaths,0.0,4.0
9189,Cameroon,2020-09-08,415,Deaths,0.0,1.0
9190,Cameroon,2020-09-09,415,Deaths,0.0,0.0
9191,Cameroon,2020-09-10,415,Deaths,0.0,0.0
9192,Cameroon,2020-09-11,415,Deaths,0.0,0.0
9193,Cameroon,2020-09-12,415,Deaths,0.0,0.0
9194,Cameroon,2020-09-13,415,Deaths,0.0,0.0
9195,Cameroon,2020-09-14,415,Deaths,0.0,0.0
9196,Cameroon,2020-09-15,415,Deaths,0.0,0.0
9197,Cameroon,2020-09-16,415,Deaths,0.0,0.0
9198,Cameroon,2020-09-17,415,Deaths,0.0,0.0
9199,Cameroon,2020-09-18,416,Deaths,1.0,1.0
9200,Cameroon,2020-09-19,416,Deaths,0.0,1.0
9201,Cameroon,2020-09-20,416,Deaths,0.0,1.0
9202,Cameroon,2020-09-21,416,Deaths,0.0,1.0
9203,Cameroon,2020-09-22,416,Deaths,0.0,1.0
9204,Cameroon,2020-09-23,416,Deaths,0.0,1.0
9205,Cameroon,2020-09-24,418,Deaths,2.0,3.0
9206,Cameroon,2020-09-25,418,Deaths,0.0,2.0
9207,Cameroon,2020-09-26,418,Deaths,0.0,2.0
9208,Cameroon,2020-09-27,418,Deaths,0.0,2.0
9209,Cameroon,2020-09-28,418,Deaths,0.0,2.0
9210,Cameroon,2020-09-29,418,Deaths,0.0,2.0
9211,Cameroon,2020-09-30,418,Deaths,0.0,2.0
9212,Cameroon,2020-10-01,418,Deaths,0.0,0.0
9213,Cameroon,2020-10-02,420,Deaths,2.0,2.0
9214,Cameroon,2020-10-03,420,Deaths,0.0,2.0
9215,Cameroon,2020-10-04,420,Deaths,0.0,2.0
9216,Cameroon,2020-10-05,420,Deaths,0.0,2.0
9217,Cameroon,2020-10-06,420,Deaths,0.0,2.0
9218,Cameroon,2020-10-07,420,Deaths,0.0,2.0
9219,Cameroon,2020-10-08,423,Deaths,3.0,5.0
9220,Cameroon,2020-10-09,423,Deaths,0.0,3.0
9221,Cameroon,2020-10-10,423,Deaths,0.0,3.0
9222,Cameroon,2020-10-11,423,Deaths,0.0,3.0
9223,Cameroon,2020-10-12,423,Deaths,0.0,3.0
9224,Cameroon,2020-10-13,423,Deaths,0.0,3.0
9225,Cameroon,2020-10-14,423,Deaths,0.0,3.0
9226,Cameroon,2020-10-15,423,Deaths,0.0,0.0
9227,Cameroon,2020-10-16,423,Deaths,0.0,0.0
9228,Cameroon,2020-10-17,423,Deaths,0.0,0.0
9229,Cameroon,2020-10-18,423,Deaths,0.0,0.0
9230,Cameroon,2020-10-19,424,Deaths,1.0,1.0
9231,Cameroon,2020-10-20,425,Deaths,1.0,2.0
9232,Cameroon,2020-10-21,425,Deaths,0.0,2.0
9233,Cameroon,2020-10-22,425,Deaths,0.0,2.0
9234,Cameroon,2020-10-23,425,Deaths,0.0,2.0
9235,Cameroon,2020-10-24,425,Deaths,0.0,2.0
9236,Cameroon,2020-10-25,425,Deaths,0.0,2.0
9237,Cameroon,2020-10-26,426,Deaths,1.0,2.0
9238,Cameroon,2020-10-27,426,Deaths,0.0,1.0
9239,Cameroon,2020-10-28,426,Deaths,0.0,1.0
9240,Cameroon,2020-10-29,426,Deaths,0.0,1.0
9241,Cameroon,2020-10-30,426,Deaths,0.0,1.0
9242,Cameroon,2020-10-31,426,Deaths,0.0,1.0
9243,Cameroon,2020-11-01,429,Deaths,3.0,4.0
9244,Cameroon,2020-11-02,429,Deaths,0.0,3.0
9245,Cameroon,2020-11-03,429,Deaths,0.0,3.0
9246,Cameroon,2020-11-04,429,Deaths,0.0,3.0
9247,Cameroon,2020-11-05,429,Deaths,0.0,3.0
9248,Canada,2020-01-22,0,Deaths,,
9249,Canada,2020-01-23,0,Deaths,0.0,
9250,Canada,2020-01-24,0,Deaths,0.0,
9251,Canada,2020-01-25,0,Deaths,0.0,
9252,Canada,2020-01-26,0,Deaths,0.0,
9253,Canada,2020-01-27,0,Deaths,0.0,
9254,Canada,2020-01-28,0,Deaths,0.0,
9255,Canada,2020-01-29,0,Deaths,0.0,0.0
9256,Canada,2020-01-30,0,Deaths,0.0,0.0
9257,Canada,2020-01-31,0,Deaths,0.0,0.0
9258,Canada,2020-02-01,0,Deaths,0.0,0.0
9259,Canada,2020-02-02,0,Deaths,0.0,0.0
9260,Canada,2020-02-03,0,Deaths,0.0,0.0
9261,Canada,2020-02-04,0,Deaths,0.0,0.0
9262,Canada,2020-02-05,0,Deaths,0.0,0.0
9263,Canada,2020-02-06,0,Deaths,0.0,0.0
9264,Canada,2020-02-07,0,Deaths,0.0,0.0
9265,Canada,2020-02-08,0,Deaths,0.0,0.0
9266,Canada,2020-02-09,0,Deaths,0.0,0.0
9267,Canada,2020-02-10,0,Deaths,0.0,0.0
9268,Canada,2020-02-11,0,Deaths,0.0,0.0
9269,Canada,2020-02-12,0,Deaths,0.0,0.0
9270,Canada,2020-02-13,0,Deaths,0.0,0.0
9271,Canada,2020-02-14,0,Deaths,0.0,0.0
9272,Canada,2020-02-15,0,Deaths,0.0,0.0
9273,Canada,2020-02-16,0,Deaths,0.0,0.0
9274,Canada,2020-02-17,0,Deaths,0.0,0.0
9275,Canada,2020-02-18,0,Deaths,0.0,0.0
9276,Canada,2020-02-19,0,Deaths,0.0,0.0
9277,Canada,2020-02-20,0,Deaths,0.0,0.0
9278,Canada,2020-02-21,0,Deaths,0.0,0.0
9279,Canada,2020-02-22,0,Deaths,0.0,0.0
9280,Canada,2020-02-23,0,Deaths,0.0,0.0
9281,Canada,2020-02-24,0,Deaths,0.0,0.0
9282,Canada,2020-02-25,0,Deaths,0.0,0.0
9283,Canada,2020-02-26,0,Deaths,0.0,0.0
9284,Canada,2020-02-27,0,Deaths,0.0,0.0
9285,Canada,2020-02-28,0,Deaths,0.0,0.0
9286,Canada,2020-02-29,0,Deaths,0.0,0.0
9287,Canada,2020-03-01,0,Deaths,0.0,0.0
9288,Canada,2020-03-02,0,Deaths,0.0,0.0
9289,Canada,2020-03-03,0,Deaths,0.0,0.0
9290,Canada,2020-03-04,0,Deaths,0.0,0.0
9291,Canada,2020-03-05,0,Deaths,0.0,0.0
9292,Canada,2020-03-06,0,Deaths,0.0,0.0
9293,Canada,2020-03-07,0,Deaths,0.0,0.0
9294,Canada,2020-03-08,0,Deaths,0.0,0.0
9295,Canada,2020-03-09,1,Deaths,1.0,1.0
9296,Canada,2020-03-10,1,Deaths,0.0,1.0
9297,Canada,2020-03-11,1,Deaths,0.0,1.0
9298,Canada,2020-03-12,1,Deaths,0.0,1.0
9299,Canada,2020-03-13,1,Deaths,0.0,1.0
9300,Canada,2020-03-14,1,Deaths,0.0,1.0
9301,Canada,2020-03-15,1,Deaths,0.0,1.0
9302,Canada,2020-03-16,4,Deaths,3.0,3.0
9303,Canada,2020-03-17,5,Deaths,1.0,4.0
9304,Canada,2020-03-18,8,Deaths,3.0,7.0
9305,Canada,2020-03-19,9,Deaths,1.0,8.0
9306,Canada,2020-03-20,12,Deaths,3.0,11.0
9307,Canada,2020-03-21,19,Deaths,7.0,18.0
9308,Canada,2020-03-22,21,Deaths,2.0,20.0
9309,Canada,2020-03-23,25,Deaths,4.0,21.0
9310,Canada,2020-03-24,26,Deaths,1.0,21.0
9311,Canada,2020-03-25,30,Deaths,4.0,22.0
9312,Canada,2020-03-26,38,Deaths,8.0,29.0
9313,Canada,2020-03-27,54,Deaths,16.0,42.0
9314,Canada,2020-03-28,61,Deaths,7.0,42.0
9315,Canada,2020-03-29,64,Deaths,3.0,43.0
9316,Canada,2020-03-30,80,Deaths,16.0,55.0
9317,Canada,2020-03-31,101,Deaths,21.0,75.0
9318,Canada,2020-04-01,109,Deaths,8.0,79.0
9319,Canada,2020-04-02,139,Deaths,30.0,101.0
9320,Canada,2020-04-03,179,Deaths,40.0,125.0
9321,Canada,2020-04-04,218,Deaths,39.0,157.0
9322,Canada,2020-04-05,259,Deaths,41.0,195.0
9323,Canada,2020-04-06,339,Deaths,80.0,259.0
9324,Canada,2020-04-07,375,Deaths,36.0,274.0
9325,Canada,2020-04-08,407,Deaths,32.0,298.0
9326,Canada,2020-04-09,503,Deaths,96.0,364.0
9327,Canada,2020-04-10,557,Deaths,54.0,378.0
9328,Canada,2020-04-11,654,Deaths,97.0,436.0
9329,Canada,2020-04-12,714,Deaths,60.0,455.0
9330,Canada,2020-04-13,781,Deaths,67.0,442.0
9331,Canada,2020-04-14,901,Deaths,120.0,526.0
9332,Canada,2020-04-15,1008,Deaths,107.0,601.0
9333,Canada,2020-04-16,1259,Deaths,251.0,756.0
9334,Canada,2020-04-17,1356,Deaths,97.0,799.0
9335,Canada,2020-04-18,1401,Deaths,45.0,747.0
9336,Canada,2020-04-19,1565,Deaths,164.0,851.0
9337,Canada,2020-04-20,1727,Deaths,162.0,946.0
9338,Canada,2020-04-21,1910,Deaths,183.0,1009.0
9339,Canada,2020-04-22,2078,Deaths,168.0,1070.0
9340,Canada,2020-04-23,2241,Deaths,163.0,982.0
9341,Canada,2020-04-24,2402,Deaths,161.0,1046.0
9342,Canada,2020-04-25,2571,Deaths,169.0,1170.0
9343,Canada,2020-04-26,2687,Deaths,116.0,1122.0
9344,Canada,2020-04-27,2841,Deaths,154.0,1114.0
9345,Canada,2020-04-28,2983,Deaths,142.0,1073.0
9346,Canada,2020-04-29,3155,Deaths,172.0,1077.0
9347,Canada,2020-04-30,3310,Deaths,155.0,1069.0
9348,Canada,2020-05-01,3537,Deaths,227.0,1135.0
9349,Canada,2020-05-02,3684,Deaths,147.0,1113.0
9350,Canada,2020-05-03,3795,Deaths,111.0,1108.0
9351,Canada,2020-05-04,4003,Deaths,208.0,1162.0
9352,Canada,2020-05-05,4190,Deaths,187.0,1207.0
9353,Canada,2020-05-06,4366,Deaths,176.0,1211.0
9354,Canada,2020-05-07,4541,Deaths,175.0,1231.0
9355,Canada,2020-05-08,4697,Deaths,156.0,1160.0
9356,Canada,2020-05-09,4823,Deaths,126.0,1139.0
9357,Canada,2020-05-10,4991,Deaths,168.0,1196.0
9358,Canada,2020-05-11,5115,Deaths,124.0,1112.0
9359,Canada,2020-05-12,5300,Deaths,185.0,1110.0
9360,Canada,2020-05-13,5425,Deaths,125.0,1059.0
9361,Canada,2020-05-14,5592,Deaths,167.0,1051.0
9362,Canada,2020-05-15,5679,Deaths,87.0,982.0
9363,Canada,2020-05-16,5800,Deaths,121.0,977.0
9364,Canada,2020-05-17,5903,Deaths,103.0,912.0
9365,Canada,2020-05-18,5960,Deaths,57.0,845.0
9366,Canada,2020-05-19,6028,Deaths,68.0,728.0
9367,Canada,2020-05-20,6150,Deaths,122.0,725.0
9368,Canada,2020-05-21,6267,Deaths,117.0,675.0
9369,Canada,2020-05-22,6360,Deaths,93.0,681.0
9370,Canada,2020-05-23,6466,Deaths,106.0,666.0
9371,Canada,2020-05-24,6534,Deaths,68.0,631.0
9372,Canada,2020-05-25,6655,Deaths,121.0,695.0
9373,Canada,2020-05-26,6753,Deaths,98.0,725.0
9374,Canada,2020-05-27,6876,Deaths,123.0,726.0
9375,Canada,2020-05-28,6982,Deaths,106.0,715.0
9376,Canada,2020-05-29,7063,Deaths,81.0,703.0
9377,Canada,2020-05-30,7159,Deaths,96.0,693.0
9378,Canada,2020-05-31,7374,Deaths,215.0,840.0
9379,Canada,2020-06-01,7404,Deaths,30.0,749.0
9380,Canada,2020-06-02,7478,Deaths,74.0,725.0
9381,Canada,2020-06-03,7579,Deaths,101.0,703.0
9382,Canada,2020-06-04,7717,Deaths,138.0,735.0
9383,Canada,2020-06-05,7778,Deaths,61.0,715.0
9384,Canada,2020-06-06,7850,Deaths,72.0,691.0
9385,Canada,2020-06-07,7877,Deaths,27.0,503.0
9386,Canada,2020-06-08,7910,Deaths,33.0,506.0
9387,Canada,2020-06-09,7970,Deaths,60.0,492.0
9388,Canada,2020-06-10,8038,Deaths,68.0,459.0
9389,Canada,2020-06-11,8071,Deaths,33.0,354.0
9390,Canada,2020-06-12,8125,Deaths,54.0,347.0
9391,Canada,2020-06-13,8183,Deaths,58.0,333.0
9392,Canada,2020-06-14,8218,Deaths,35.0,341.0
9393,Canada,2020-06-15,8228,Deaths,10.0,318.0
9394,Canada,2020-06-16,8271,Deaths,43.0,301.0
9395,Canada,2020-06-17,8312,Deaths,41.0,274.0
9396,Canada,2020-06-18,8361,Deaths,49.0,290.0
9397,Canada,2020-06-19,8408,Deaths,47.0,283.0
9398,Canada,2020-06-20,8466,Deaths,58.0,283.0
9399,Canada,2020-06-21,8482,Deaths,16.0,264.0
9400,Canada,2020-06-22,8494,Deaths,12.0,266.0
9401,Canada,2020-06-23,8512,Deaths,18.0,241.0
9402,Canada,2020-06-24,8544,Deaths,32.0,232.0
9403,Canada,2020-06-25,8567,Deaths,23.0,206.0
9404,Canada,2020-06-26,8571,Deaths,4.0,163.0
9405,Canada,2020-06-27,8576,Deaths,5.0,110.0
9406,Canada,2020-06-28,8582,Deaths,6.0,100.0
9407,Canada,2020-06-29,8628,Deaths,46.0,134.0
9408,Canada,2020-06-30,8650,Deaths,22.0,138.0
9409,Canada,2020-07-01,8678,Deaths,28.0,134.0
9410,Canada,2020-07-02,8700,Deaths,22.0,133.0
9411,Canada,2020-07-03,8722,Deaths,22.0,151.0
9412,Canada,2020-07-04,8732,Deaths,10.0,156.0
9413,Canada,2020-07-05,8739,Deaths,7.0,157.0
9414,Canada,2020-07-06,8748,Deaths,9.0,120.0
9415,Canada,2020-07-07,8765,Deaths,17.0,115.0
9416,Canada,2020-07-08,8786,Deaths,21.0,108.0
9417,Canada,2020-07-09,8797,Deaths,11.0,97.0
9418,Canada,2020-07-10,8811,Deaths,14.0,89.0
9419,Canada,2020-07-11,8818,Deaths,7.0,86.0
9420,Canada,2020-07-12,8829,Deaths,11.0,90.0
9421,Canada,2020-07-13,8836,Deaths,7.0,88.0
9422,Canada,2020-07-14,8845,Deaths,9.0,80.0
9423,Canada,2020-07-15,8857,Deaths,12.0,71.0
9424,Canada,2020-07-16,8875,Deaths,18.0,78.0
9425,Canada,2020-07-17,8884,Deaths,9.0,73.0
9426,Canada,2020-07-18,8892,Deaths,8.0,74.0
9427,Canada,2020-07-19,8896,Deaths,4.0,67.0
9428,Canada,2020-07-20,8902,Deaths,6.0,66.0
9429,Canada,2020-07-21,8908,Deaths,6.0,63.0
9430,Canada,2020-07-22,8913,Deaths,5.0,56.0
9431,Canada,2020-07-23,8919,Deaths,6.0,44.0
9432,Canada,2020-07-24,8923,Deaths,4.0,39.0
9433,Canada,2020-07-25,8929,Deaths,6.0,37.0
9434,Canada,2020-07-26,8934,Deaths,5.0,38.0
9435,Canada,2020-07-27,8945,Deaths,11.0,43.0
9436,Canada,2020-07-28,8957,Deaths,12.0,49.0
9437,Canada,2020-07-29,8962,Deaths,5.0,49.0
9438,Canada,2020-07-30,8974,Deaths,12.0,55.0
9439,Canada,2020-07-31,8980,Deaths,6.0,57.0
9440,Canada,2020-08-01,8986,Deaths,6.0,57.0
9441,Canada,2020-08-02,8990,Deaths,4.0,56.0
9442,Canada,2020-08-03,8995,Deaths,5.0,50.0
9443,Canada,2020-08-04,9005,Deaths,10.0,48.0
9444,Canada,2020-08-05,9010,Deaths,5.0,48.0
9445,Canada,2020-08-06,9013,Deaths,3.0,39.0
9446,Canada,2020-08-07,9017,Deaths,4.0,37.0
9447,Canada,2020-08-08,9024,Deaths,7.0,38.0
9448,Canada,2020-08-09,9028,Deaths,4.0,38.0
9449,Canada,2020-08-10,9034,Deaths,6.0,39.0
9450,Canada,2020-08-11,9038,Deaths,4.0,33.0
9451,Canada,2020-08-12,9052,Deaths,14.0,42.0
9452,Canada,2020-08-13,9063,Deaths,11.0,50.0
9453,Canada,2020-08-14,9068,Deaths,5.0,51.0
9454,Canada,2020-08-15,9072,Deaths,4.0,48.0
9455,Canada,2020-08-16,9074,Deaths,2.0,46.0
9456,Canada,2020-08-17,9075,Deaths,1.0,41.0
9457,Canada,2020-08-18,9090,Deaths,15.0,52.0
9458,Canada,2020-08-19,9095,Deaths,5.0,43.0
9459,Canada,2020-08-20,9097,Deaths,2.0,34.0
9460,Canada,2020-08-21,9110,Deaths,13.0,42.0
9461,Canada,2020-08-22,9117,Deaths,7.0,45.0
9462,Canada,2020-08-23,9119,Deaths,2.0,45.0
9463,Canada,2020-08-24,9129,Deaths,10.0,54.0
9464,Canada,2020-08-25,9136,Deaths,7.0,46.0
9465,Canada,2020-08-26,9141,Deaths,5.0,46.0
9466,Canada,2020-08-27,9148,Deaths,7.0,51.0
9467,Canada,2020-08-28,9155,Deaths,7.0,45.0
9468,Canada,2020-08-29,9161,Deaths,6.0,44.0
9469,Canada,2020-08-30,9164,Deaths,3.0,45.0
9470,Canada,2020-08-31,9173,Deaths,9.0,44.0
9471,Canada,2020-09-01,9179,Deaths,6.0,43.0
9472,Canada,2020-09-02,9182,Deaths,3.0,41.0
9473,Canada,2020-09-03,9189,Deaths,7.0,41.0
9474,Canada,2020-09-04,9190,Deaths,1.0,35.0
9475,Canada,2020-09-05,9192,Deaths,2.0,31.0
9476,Canada,2020-09-06,9194,Deaths,2.0,30.0
9477,Canada,2020-09-07,9196,Deaths,2.0,23.0
9478,Canada,2020-09-08,9203,Deaths,7.0,24.0
9479,Canada,2020-09-09,9204,Deaths,1.0,22.0
9480,Canada,2020-09-10,9213,Deaths,9.0,24.0
9481,Canada,2020-09-11,9214,Deaths,1.0,24.0
9482,Canada,2020-09-12,9220,Deaths,6.0,28.0
9483,Canada,2020-09-13,9220,Deaths,0.0,26.0
9484,Canada,2020-09-14,9229,Deaths,9.0,33.0
9485,Canada,2020-09-15,9239,Deaths,10.0,36.0
9486,Canada,2020-09-16,9244,Deaths,5.0,40.0
9487,Canada,2020-09-17,9249,Deaths,5.0,36.0
9488,Canada,2020-09-18,9256,Deaths,7.0,42.0
9489,Canada,2020-09-19,9262,Deaths,6.0,42.0
9490,Canada,2020-09-20,9267,Deaths,5.0,47.0
9491,Canada,2020-09-21,9279,Deaths,12.0,50.0
9492,Canada,2020-09-22,9286,Deaths,7.0,47.0
9493,Canada,2020-09-23,9294,Deaths,8.0,50.0
9494,Canada,2020-09-24,9297,Deaths,3.0,48.0
9495,Canada,2020-09-25,9306,Deaths,9.0,50.0
9496,Canada,2020-09-26,9313,Deaths,7.0,51.0
9497,Canada,2020-09-27,9318,Deaths,5.0,51.0
9498,Canada,2020-09-28,9328,Deaths,10.0,49.0
9499,Canada,2020-09-29,9340,Deaths,12.0,54.0
9500,Canada,2020-09-30,9346,Deaths,6.0,52.0
9501,Canada,2020-10-01,9368,Deaths,22.0,71.0
9502,Canada,2020-10-02,9466,Deaths,98.0,160.0
9503,Canada,2020-10-03,9488,Deaths,22.0,175.0
9504,Canada,2020-10-04,9533,Deaths,45.0,215.0
9505,Canada,2020-10-05,9560,Deaths,27.0,232.0
9506,Canada,2020-10-06,9582,Deaths,22.0,242.0
9507,Canada,2020-10-07,9593,Deaths,11.0,247.0
9508,Canada,2020-10-08,9609,Deaths,16.0,241.0
9509,Canada,2020-10-09,9638,Deaths,29.0,172.0
9510,Canada,2020-10-10,9661,Deaths,23.0,173.0
9511,Canada,2020-10-11,9666,Deaths,5.0,133.0
9512,Canada,2020-10-12,9680,Deaths,14.0,120.0
9513,Canada,2020-10-13,9707,Deaths,27.0,125.0
9514,Canada,2020-10-14,9719,Deaths,12.0,126.0
9515,Canada,2020-10-15,9756,Deaths,37.0,147.0
9516,Canada,2020-10-16,9781,Deaths,25.0,143.0
9517,Canada,2020-10-17,9782,Deaths,1.0,121.0
9518,Canada,2020-10-18,9816,Deaths,34.0,150.0
9519,Canada,2020-10-19,9832,Deaths,16.0,152.0
9520,Canada,2020-10-20,9849,Deaths,17.0,142.0
9521,Canada,2020-10-21,9883,Deaths,34.0,164.0
9522,Canada,2020-10-22,9916,Deaths,33.0,160.0
9523,Canada,2020-10-23,9940,Deaths,24.0,159.0
9524,Canada,2020-10-24,9969,Deaths,29.0,187.0
9525,Canada,2020-10-25,9995,Deaths,26.0,179.0
9526,Canada,2020-10-26,10026,Deaths,31.0,194.0
9527,Canada,2020-10-27,10052,Deaths,26.0,203.0
9528,Canada,2020-10-28,10084,Deaths,32.0,201.0
9529,Canada,2020-10-29,10127,Deaths,43.0,211.0
9530,Canada,2020-10-30,10163,Deaths,36.0,223.0
9531,Canada,2020-10-31,10187,Deaths,24.0,218.0
9532,Canada,2020-11-01,10230,Deaths,43.0,235.0
9533,Canada,2020-11-02,10262,Deaths,32.0,236.0
9534,Canada,2020-11-03,10334,Deaths,72.0,282.0
9535,Canada,2020-11-04,10385,Deaths,51.0,301.0
9536,Canada,2020-11-05,10432,Deaths,47.0,305.0
9537,Central African Republic,2020-01-22,0,Deaths,,
9538,Central African Republic,2020-01-23,0,Deaths,0.0,
9539,Central African Republic,2020-01-24,0,Deaths,0.0,
9540,Central African Republic,2020-01-25,0,Deaths,0.0,
9541,Central African Republic,2020-01-26,0,Deaths,0.0,
9542,Central African Republic,2020-01-27,0,Deaths,0.0,
9543,Central African Republic,2020-01-28,0,Deaths,0.0,
9544,Central African Republic,2020-01-29,0,Deaths,0.0,0.0
9545,Central African Republic,2020-01-30,0,Deaths,0.0,0.0
9546,Central African Republic,2020-01-31,0,Deaths,0.0,0.0
9547,Central African Republic,2020-02-01,0,Deaths,0.0,0.0
9548,Central African Republic,2020-02-02,0,Deaths,0.0,0.0
9549,Central African Republic,2020-02-03,0,Deaths,0.0,0.0
9550,Central African Republic,2020-02-04,0,Deaths,0.0,0.0
9551,Central African Republic,2020-02-05,0,Deaths,0.0,0.0
9552,Central African Republic,2020-02-06,0,Deaths,0.0,0.0
9553,Central African Republic,2020-02-07,0,Deaths,0.0,0.0
9554,Central African Republic,2020-02-08,0,Deaths,0.0,0.0
9555,Central African Republic,2020-02-09,0,Deaths,0.0,0.0
9556,Central African Republic,2020-02-10,0,Deaths,0.0,0.0
9557,Central African Republic,2020-02-11,0,Deaths,0.0,0.0
9558,Central African Republic,2020-02-12,0,Deaths,0.0,0.0
9559,Central African Republic,2020-02-13,0,Deaths,0.0,0.0
9560,Central African Republic,2020-02-14,0,Deaths,0.0,0.0
9561,Central African Republic,2020-02-15,0,Deaths,0.0,0.0
9562,Central African Republic,2020-02-16,0,Deaths,0.0,0.0
9563,Central African Republic,2020-02-17,0,Deaths,0.0,0.0
9564,Central African Republic,2020-02-18,0,Deaths,0.0,0.0
9565,Central African Republic,2020-02-19,0,Deaths,0.0,0.0
9566,Central African Republic,2020-02-20,0,Deaths,0.0,0.0
9567,Central African Republic,2020-02-21,0,Deaths,0.0,0.0
9568,Central African Republic,2020-02-22,0,Deaths,0.0,0.0
9569,Central African Republic,2020-02-23,0,Deaths,0.0,0.0
9570,Central African Republic,2020-02-24,0,Deaths,0.0,0.0
9571,Central African Republic,2020-02-25,0,Deaths,0.0,0.0
9572,Central African Republic,2020-02-26,0,Deaths,0.0,0.0
9573,Central African Republic,2020-02-27,0,Deaths,0.0,0.0
9574,Central African Republic,2020-02-28,0,Deaths,0.0,0.0
9575,Central African Republic,2020-02-29,0,Deaths,0.0,0.0
9576,Central African Republic,2020-03-01,0,Deaths,0.0,0.0
9577,Central African Republic,2020-03-02,0,Deaths,0.0,0.0
9578,Central African Republic,2020-03-03,0,Deaths,0.0,0.0
9579,Central African Republic,2020-03-04,0,Deaths,0.0,0.0
9580,Central African Republic,2020-03-05,0,Deaths,0.0,0.0
9581,Central African Republic,2020-03-06,0,Deaths,0.0,0.0
9582,Central African Republic,2020-03-07,0,Deaths,0.0,0.0
9583,Central African Republic,2020-03-08,0,Deaths,0.0,0.0
9584,Central African Republic,2020-03-09,0,Deaths,0.0,0.0
9585,Central African Republic,2020-03-10,0,Deaths,0.0,0.0
9586,Central African Republic,2020-03-11,0,Deaths,0.0,0.0
9587,Central African Republic,2020-03-12,0,Deaths,0.0,0.0
9588,Central African Republic,2020-03-13,0,Deaths,0.0,0.0
9589,Central African Republic,2020-03-14,0,Deaths,0.0,0.0
9590,Central African Republic,2020-03-15,0,Deaths,0.0,0.0
9591,Central African Republic,2020-03-16,0,Deaths,0.0,0.0
9592,Central African Republic,2020-03-17,0,Deaths,0.0,0.0
9593,Central African Republic,2020-03-18,0,Deaths,0.0,0.0
9594,Central African Republic,2020-03-19,0,Deaths,0.0,0.0
9595,Central African Republic,2020-03-20,0,Deaths,0.0,0.0
9596,Central African Republic,2020-03-21,0,Deaths,0.0,0.0
9597,Central African Republic,2020-03-22,0,Deaths,0.0,0.0
9598,Central African Republic,2020-03-23,0,Deaths,0.0,0.0
9599,Central African Republic,2020-03-24,0,Deaths,0.0,0.0
9600,Central African Republic,2020-03-25,0,Deaths,0.0,0.0
9601,Central African Republic,2020-03-26,0,Deaths,0.0,0.0
9602,Central African Republic,2020-03-27,0,Deaths,0.0,0.0
9603,Central African Republic,2020-03-28,0,Deaths,0.0,0.0
9604,Central African Republic,2020-03-29,0,Deaths,0.0,0.0
9605,Central African Republic,2020-03-30,0,Deaths,0.0,0.0
9606,Central African Republic,2020-03-31,0,Deaths,0.0,0.0
9607,Central African Republic,2020-04-01,0,Deaths,0.0,0.0
9608,Central African Republic,2020-04-02,0,Deaths,0.0,0.0
9609,Central African Republic,2020-04-03,0,Deaths,0.0,0.0
9610,Central African Republic,2020-04-04,0,Deaths,0.0,0.0
9611,Central African Republic,2020-04-05,0,Deaths,0.0,0.0
9612,Central African Republic,2020-04-06,0,Deaths,0.0,0.0
9613,Central African Republic,2020-04-07,0,Deaths,0.0,0.0
9614,Central African Republic,2020-04-08,0,Deaths,0.0,0.0
9615,Central African Republic,2020-04-09,0,Deaths,0.0,0.0
9616,Central African Republic,2020-04-10,0,Deaths,0.0,0.0
9617,Central African Republic,2020-04-11,0,Deaths,0.0,0.0
9618,Central African Republic,2020-04-12,0,Deaths,0.0,0.0
9619,Central African Republic,2020-04-13,0,Deaths,0.0,0.0
9620,Central African Republic,2020-04-14,0,Deaths,0.0,0.0
9621,Central African Republic,2020-04-15,0,Deaths,0.0,0.0
9622,Central African Republic,2020-04-16,0,Deaths,0.0,0.0
9623,Central African Republic,2020-04-17,0,Deaths,0.0,0.0
9624,Central African Republic,2020-04-18,0,Deaths,0.0,0.0
9625,Central African Republic,2020-04-19,0,Deaths,0.0,0.0
9626,Central African Republic,2020-04-20,0,Deaths,0.0,0.0
9627,Central African Republic,2020-04-21,0,Deaths,0.0,0.0
9628,Central African Republic,2020-04-22,0,Deaths,0.0,0.0
9629,Central African Republic,2020-04-23,0,Deaths,0.0,0.0
9630,Central African Republic,2020-04-24,0,Deaths,0.0,0.0
9631,Central African Republic,2020-04-25,0,Deaths,0.0,0.0
9632,Central African Republic,2020-04-26,0,Deaths,0.0,0.0
9633,Central African Republic,2020-04-27,0,Deaths,0.0,0.0
9634,Central African Republic,2020-04-28,0,Deaths,0.0,0.0
9635,Central African Republic,2020-04-29,0,Deaths,0.0,0.0
9636,Central African Republic,2020-04-30,0,Deaths,0.0,0.0
9637,Central African Republic,2020-05-01,0,Deaths,0.0,0.0
9638,Central African Republic,2020-05-02,0,Deaths,0.0,0.0
9639,Central African Republic,2020-05-03,0,Deaths,0.0,0.0
9640,Central African Republic,2020-05-04,0,Deaths,0.0,0.0
9641,Central African Republic,2020-05-05,0,Deaths,0.0,0.0
9642,Central African Republic,2020-05-06,0,Deaths,0.0,0.0
9643,Central African Republic,2020-05-07,0,Deaths,0.0,0.0
9644,Central African Republic,2020-05-08,0,Deaths,0.0,0.0
9645,Central African Republic,2020-05-09,0,Deaths,0.0,0.0
9646,Central African Republic,2020-05-10,0,Deaths,0.0,0.0
9647,Central African Republic,2020-05-11,0,Deaths,0.0,0.0
9648,Central African Republic,2020-05-12,0,Deaths,0.0,0.0
9649,Central African Republic,2020-05-13,0,Deaths,0.0,0.0
9650,Central African Republic,2020-05-14,0,Deaths,0.0,0.0
9651,Central African Republic,2020-05-15,0,Deaths,0.0,0.0
9652,Central African Republic,2020-05-16,0,Deaths,0.0,0.0
9653,Central African Republic,2020-05-17,0,Deaths,0.0,0.0
9654,Central African Republic,2020-05-18,0,Deaths,0.0,0.0
9655,Central African Republic,2020-05-19,0,Deaths,0.0,0.0
9656,Central African Republic,2020-05-20,0,Deaths,0.0,0.0
9657,Central African Republic,2020-05-21,0,Deaths,0.0,0.0
9658,Central African Republic,2020-05-22,0,Deaths,0.0,0.0
9659,Central African Republic,2020-05-23,1,Deaths,1.0,1.0
9660,Central African Republic,2020-05-24,1,Deaths,0.0,1.0
9661,Central African Republic,2020-05-25,1,Deaths,0.0,1.0
9662,Central African Republic,2020-05-26,1,Deaths,0.0,1.0
9663,Central African Republic,2020-05-27,1,Deaths,0.0,1.0
9664,Central African Republic,2020-05-28,1,Deaths,0.0,1.0
9665,Central African Republic,2020-05-29,1,Deaths,0.0,1.0
9666,Central African Republic,2020-05-30,1,Deaths,0.0,0.0
9667,Central African Republic,2020-05-31,2,Deaths,1.0,1.0
9668,Central African Republic,2020-06-01,4,Deaths,2.0,3.0
9669,Central African Republic,2020-06-02,4,Deaths,0.0,3.0
9670,Central African Republic,2020-06-03,4,Deaths,0.0,3.0
9671,Central African Republic,2020-06-04,4,Deaths,0.0,3.0
9672,Central African Republic,2020-06-05,4,Deaths,0.0,3.0
9673,Central African Republic,2020-06-06,5,Deaths,1.0,4.0
9674,Central African Republic,2020-06-07,5,Deaths,0.0,3.0
9675,Central African Republic,2020-06-08,5,Deaths,0.0,1.0
9676,Central African Republic,2020-06-09,5,Deaths,0.0,1.0
9677,Central African Republic,2020-06-10,5,Deaths,0.0,1.0
9678,Central African Republic,2020-06-11,5,Deaths,0.0,1.0
9679,Central African Republic,2020-06-12,7,Deaths,2.0,3.0
9680,Central African Republic,2020-06-13,7,Deaths,0.0,2.0
9681,Central African Republic,2020-06-14,7,Deaths,0.0,2.0
9682,Central African Republic,2020-06-15,7,Deaths,0.0,2.0
9683,Central African Republic,2020-06-16,14,Deaths,7.0,9.0
9684,Central African Republic,2020-06-17,18,Deaths,4.0,13.0
9685,Central African Republic,2020-06-18,19,Deaths,1.0,14.0
9686,Central African Republic,2020-06-19,19,Deaths,0.0,12.0
9687,Central African Republic,2020-06-20,19,Deaths,0.0,12.0
9688,Central African Republic,2020-06-21,23,Deaths,4.0,16.0
9689,Central African Republic,2020-06-22,30,Deaths,7.0,23.0
9690,Central African Republic,2020-06-23,37,Deaths,7.0,23.0
9691,Central African Republic,2020-06-24,38,Deaths,1.0,20.0
9692,Central African Republic,2020-06-25,40,Deaths,2.0,21.0
9693,Central African Republic,2020-06-26,40,Deaths,0.0,21.0
9694,Central African Republic,2020-06-27,45,Deaths,5.0,26.0
9695,Central African Republic,2020-06-28,45,Deaths,0.0,22.0
9696,Central African Republic,2020-06-29,47,Deaths,2.0,17.0
9697,Central African Republic,2020-06-30,47,Deaths,0.0,10.0
9698,Central African Republic,2020-07-01,47,Deaths,0.0,9.0
9699,Central African Republic,2020-07-02,47,Deaths,0.0,7.0
9700,Central African Republic,2020-07-03,48,Deaths,1.0,8.0
9701,Central African Republic,2020-07-04,48,Deaths,0.0,3.0
9702,Central African Republic,2020-07-05,48,Deaths,0.0,3.0
9703,Central African Republic,2020-07-06,52,Deaths,4.0,5.0
9704,Central African Republic,2020-07-07,52,Deaths,0.0,5.0
9705,Central African Republic,2020-07-08,52,Deaths,0.0,5.0
9706,Central African Republic,2020-07-09,52,Deaths,0.0,5.0
9707,Central African Republic,2020-07-10,53,Deaths,1.0,5.0
9708,Central African Republic,2020-07-11,53,Deaths,0.0,5.0
9709,Central African Republic,2020-07-12,53,Deaths,0.0,5.0
9710,Central African Republic,2020-07-13,53,Deaths,0.0,1.0
9711,Central African Republic,2020-07-14,53,Deaths,0.0,1.0
9712,Central African Republic,2020-07-15,53,Deaths,0.0,1.0
9713,Central African Republic,2020-07-16,53,Deaths,0.0,1.0
9714,Central African Republic,2020-07-17,53,Deaths,0.0,0.0
9715,Central African Republic,2020-07-18,55,Deaths,2.0,2.0
9716,Central African Republic,2020-07-19,55,Deaths,0.0,2.0
9717,Central African Republic,2020-07-20,55,Deaths,0.0,2.0
9718,Central African Republic,2020-07-21,55,Deaths,0.0,2.0
9719,Central African Republic,2020-07-22,57,Deaths,2.0,4.0
9720,Central African Republic,2020-07-23,58,Deaths,1.0,5.0
9721,Central African Republic,2020-07-24,59,Deaths,1.0,6.0
9722,Central African Republic,2020-07-25,59,Deaths,0.0,4.0
9723,Central African Republic,2020-07-26,59,Deaths,0.0,4.0
9724,Central African Republic,2020-07-27,59,Deaths,0.0,4.0
9725,Central African Republic,2020-07-28,59,Deaths,0.0,4.0
9726,Central African Republic,2020-07-29,59,Deaths,0.0,2.0
9727,Central African Republic,2020-07-30,59,Deaths,0.0,1.0
9728,Central African Republic,2020-07-31,59,Deaths,0.0,0.0
9729,Central African Republic,2020-08-01,59,Deaths,0.0,0.0
9730,Central African Republic,2020-08-02,59,Deaths,0.0,0.0
9731,Central African Republic,2020-08-03,59,Deaths,0.0,0.0
9732,Central African Republic,2020-08-04,59,Deaths,0.0,0.0
9733,Central African Republic,2020-08-05,59,Deaths,0.0,0.0
9734,Central African Republic,2020-08-06,59,Deaths,0.0,0.0
9735,Central African Republic,2020-08-07,59,Deaths,0.0,0.0
9736,Central African Republic,2020-08-08,59,Deaths,0.0,0.0
9737,Central African Republic,2020-08-09,60,Deaths,1.0,1.0
9738,Central African Republic,2020-08-10,60,Deaths,0.0,1.0
9739,Central African Republic,2020-08-11,61,Deaths,1.0,2.0
9740,Central African Republic,2020-08-12,61,Deaths,0.0,2.0
9741,Central African Republic,2020-08-13,61,Deaths,0.0,2.0
9742,Central African Republic,2020-08-14,61,Deaths,0.0,2.0
9743,Central African Republic,2020-08-15,61,Deaths,0.0,2.0
9744,Central African Republic,2020-08-16,61,Deaths,0.0,1.0
9745,Central African Republic,2020-08-17,61,Deaths,0.0,1.0
9746,Central African Republic,2020-08-18,61,Deaths,0.0,0.0
9747,Central African Republic,2020-08-19,61,Deaths,0.0,0.0
9748,Central African Republic,2020-08-20,61,Deaths,0.0,0.0
9749,Central African Republic,2020-08-21,61,Deaths,0.0,0.0
9750,Central African Republic,2020-08-22,61,Deaths,0.0,0.0
9751,Central African Republic,2020-08-23,61,Deaths,0.0,0.0
9752,Central African Republic,2020-08-24,61,Deaths,0.0,0.0
9753,Central African Republic,2020-08-25,61,Deaths,0.0,0.0
9754,Central African Republic,2020-08-26,61,Deaths,0.0,0.0
9755,Central African Republic,2020-08-27,61,Deaths,0.0,0.0
9756,Central African Republic,2020-08-28,61,Deaths,0.0,0.0
9757,Central African Republic,2020-08-29,61,Deaths,0.0,0.0
9758,Central African Republic,2020-08-30,61,Deaths,0.0,0.0
9759,Central African Republic,2020-08-31,62,Deaths,1.0,1.0
9760,Central African Republic,2020-09-01,62,Deaths,0.0,1.0
9761,Central African Republic,2020-09-02,62,Deaths,0.0,1.0
9762,Central African Republic,2020-09-03,62,Deaths,0.0,1.0
9763,Central African Republic,2020-09-04,62,Deaths,0.0,1.0
9764,Central African Republic,2020-09-05,62,Deaths,0.0,1.0
9765,Central African Republic,2020-09-06,62,Deaths,0.0,1.0
9766,Central African Republic,2020-09-07,62,Deaths,0.0,0.0
9767,Central African Republic,2020-09-08,62,Deaths,0.0,0.0
9768,Central African Republic,2020-09-09,62,Deaths,0.0,0.0
9769,Central African Republic,2020-09-10,62,Deaths,0.0,0.0
9770,Central African Republic,2020-09-11,62,Deaths,0.0,0.0
9771,Central African Republic,2020-09-12,62,Deaths,0.0,0.0
9772,Central African Republic,2020-09-13,62,Deaths,0.0,0.0
9773,Central African Republic,2020-09-14,62,Deaths,0.0,0.0
9774,Central African Republic,2020-09-15,62,Deaths,0.0,0.0
9775,Central African Republic,2020-09-16,62,Deaths,0.0,0.0
9776,Central African Republic,2020-09-17,62,Deaths,0.0,0.0
9777,Central African Republic,2020-09-18,62,Deaths,0.0,0.0
9778,Central African Republic,2020-09-19,62,Deaths,0.0,0.0
9779,Central African Republic,2020-09-20,62,Deaths,0.0,0.0
9780,Central African Republic,2020-09-21,62,Deaths,0.0,0.0
9781,Central African Republic,2020-09-22,62,Deaths,0.0,0.0
9782,Central African Republic,2020-09-23,62,Deaths,0.0,0.0
9783,Central African Republic,2020-09-24,62,Deaths,0.0,0.0
9784,Central African Republic,2020-09-25,62,Deaths,0.0,0.0
9785,Central African Republic,2020-09-26,62,Deaths,0.0,0.0
9786,Central African Republic,2020-09-27,62,Deaths,0.0,0.0
9787,Central African Republic,2020-09-28,62,Deaths,0.0,0.0
9788,Central African Republic,2020-09-29,62,Deaths,0.0,0.0
9789,Central African Republic,2020-09-30,62,Deaths,0.0,0.0
9790,Central African Republic,2020-10-01,62,Deaths,0.0,0.0
9791,Central African Republic,2020-10-02,62,Deaths,0.0,0.0
9792,Central African Republic,2020-10-03,62,Deaths,0.0,0.0
9793,Central African Republic,2020-10-04,62,Deaths,0.0,0.0
9794,Central African Republic,2020-10-05,62,Deaths,0.0,0.0
9795,Central African Republic,2020-10-06,62,Deaths,0.0,0.0
9796,Central African Republic,2020-10-07,62,Deaths,0.0,0.0
9797,Central African Republic,2020-10-08,62,Deaths,0.0,0.0
9798,Central African Republic,2020-10-09,62,Deaths,0.0,0.0
9799,Central African Republic,2020-10-10,62,Deaths,0.0,0.0
9800,Central African Republic,2020-10-11,62,Deaths,0.0,0.0
9801,Central African Republic,2020-10-12,62,Deaths,0.0,0.0
9802,Central African Republic,2020-10-13,62,Deaths,0.0,0.0
9803,Central African Republic,2020-10-14,62,Deaths,0.0,0.0
9804,Central African Republic,2020-10-15,62,Deaths,0.0,0.0
9805,Central African Republic,2020-10-16,62,Deaths,0.0,0.0
9806,Central African Republic,2020-10-17,62,Deaths,0.0,0.0
9807,Central African Republic,2020-10-18,62,Deaths,0.0,0.0
9808,Central African Republic,2020-10-19,62,Deaths,0.0,0.0
9809,Central African Republic,2020-10-20,62,Deaths,0.0,0.0
9810,Central African Republic,2020-10-21,62,Deaths,0.0,0.0
9811,Central African Republic,2020-10-22,62,Deaths,0.0,0.0
9812,Central African Republic,2020-10-23,62,Deaths,0.0,0.0
9813,Central African Republic,2020-10-24,62,Deaths,0.0,0.0
9814,Central African Republic,2020-10-25,62,Deaths,0.0,0.0
9815,Central African Republic,2020-10-26,62,Deaths,0.0,0.0
9816,Central African Republic,2020-10-27,62,Deaths,0.0,0.0
9817,Central African Republic,2020-10-28,62,Deaths,0.0,0.0
9818,Central African Republic,2020-10-29,62,Deaths,0.0,0.0
9819,Central African Republic,2020-10-30,62,Deaths,0.0,0.0
9820,Central African Republic,2020-10-31,62,Deaths,0.0,0.0
9821,Central African Republic,2020-11-01,62,Deaths,0.0,0.0
9822,Central African Republic,2020-11-02,62,Deaths,0.0,0.0
9823,Central African Republic,2020-11-03,62,Deaths,0.0,0.0
9824,Central African Republic,2020-11-04,62,Deaths,0.0,0.0
9825,Central African Republic,2020-11-05,62,Deaths,0.0,0.0
9826,Chad,2020-01-22,0,Deaths,,
9827,Chad,2020-01-23,0,Deaths,0.0,
9828,Chad,2020-01-24,0,Deaths,0.0,
9829,Chad,2020-01-25,0,Deaths,0.0,
9830,Chad,2020-01-26,0,Deaths,0.0,
9831,Chad,2020-01-27,0,Deaths,0.0,
9832,Chad,2020-01-28,0,Deaths,0.0,
9833,Chad,2020-01-29,0,Deaths,0.0,0.0
9834,Chad,2020-01-30,0,Deaths,0.0,0.0
9835,Chad,2020-01-31,0,Deaths,0.0,0.0
9836,Chad,2020-02-01,0,Deaths,0.0,0.0
9837,Chad,2020-02-02,0,Deaths,0.0,0.0
9838,Chad,2020-02-03,0,Deaths,0.0,0.0
9839,Chad,2020-02-04,0,Deaths,0.0,0.0
9840,Chad,2020-02-05,0,Deaths,0.0,0.0
9841,Chad,2020-02-06,0,Deaths,0.0,0.0
9842,Chad,2020-02-07,0,Deaths,0.0,0.0
9843,Chad,2020-02-08,0,Deaths,0.0,0.0
9844,Chad,2020-02-09,0,Deaths,0.0,0.0
9845,Chad,2020-02-10,0,Deaths,0.0,0.0
9846,Chad,2020-02-11,0,Deaths,0.0,0.0
9847,Chad,2020-02-12,0,Deaths,0.0,0.0
9848,Chad,2020-02-13,0,Deaths,0.0,0.0
9849,Chad,2020-02-14,0,Deaths,0.0,0.0
9850,Chad,2020-02-15,0,Deaths,0.0,0.0
9851,Chad,2020-02-16,0,Deaths,0.0,0.0
9852,Chad,2020-02-17,0,Deaths,0.0,0.0
9853,Chad,2020-02-18,0,Deaths,0.0,0.0
9854,Chad,2020-02-19,0,Deaths,0.0,0.0
9855,Chad,2020-02-20,0,Deaths,0.0,0.0
9856,Chad,2020-02-21,0,Deaths,0.0,0.0
9857,Chad,2020-02-22,0,Deaths,0.0,0.0
9858,Chad,2020-02-23,0,Deaths,0.0,0.0
9859,Chad,2020-02-24,0,Deaths,0.0,0.0
9860,Chad,2020-02-25,0,Deaths,0.0,0.0
9861,Chad,2020-02-26,0,Deaths,0.0,0.0
9862,Chad,2020-02-27,0,Deaths,0.0,0.0
9863,Chad,2020-02-28,0,Deaths,0.0,0.0
9864,Chad,2020-02-29,0,Deaths,0.0,0.0
9865,Chad,2020-03-01,0,Deaths,0.0,0.0
9866,Chad,2020-03-02,0,Deaths,0.0,0.0
9867,Chad,2020-03-03,0,Deaths,0.0,0.0
9868,Chad,2020-03-04,0,Deaths,0.0,0.0
9869,Chad,2020-03-05,0,Deaths,0.0,0.0
9870,Chad,2020-03-06,0,Deaths,0.0,0.0
9871,Chad,2020-03-07,0,Deaths,0.0,0.0
9872,Chad,2020-03-08,0,Deaths,0.0,0.0
9873,Chad,2020-03-09,0,Deaths,0.0,0.0
9874,Chad,2020-03-10,0,Deaths,0.0,0.0
9875,Chad,2020-03-11,0,Deaths,0.0,0.0
9876,Chad,2020-03-12,0,Deaths,0.0,0.0
9877,Chad,2020-03-13,0,Deaths,0.0,0.0
9878,Chad,2020-03-14,0,Deaths,0.0,0.0
9879,Chad,2020-03-15,0,Deaths,0.0,0.0
9880,Chad,2020-03-16,0,Deaths,0.0,0.0
9881,Chad,2020-03-17,0,Deaths,0.0,0.0
9882,Chad,2020-03-18,0,Deaths,0.0,0.0
9883,Chad,2020-03-19,0,Deaths,0.0,0.0
9884,Chad,2020-03-20,0,Deaths,0.0,0.0
9885,Chad,2020-03-21,0,Deaths,0.0,0.0
9886,Chad,2020-03-22,0,Deaths,0.0,0.0
9887,Chad,2020-03-23,0,Deaths,0.0,0.0
9888,Chad,2020-03-24,0,Deaths,0.0,0.0
9889,Chad,2020-03-25,0,Deaths,0.0,0.0
9890,Chad,2020-03-26,0,Deaths,0.0,0.0
9891,Chad,2020-03-27,0,Deaths,0.0,0.0
9892,Chad,2020-03-28,0,Deaths,0.0,0.0
9893,Chad,2020-03-29,0,Deaths,0.0,0.0
9894,Chad,2020-03-30,0,Deaths,0.0,0.0
9895,Chad,2020-03-31,0,Deaths,0.0,0.0
9896,Chad,2020-04-01,0,Deaths,0.0,0.0
9897,Chad,2020-04-02,0,Deaths,0.0,0.0
9898,Chad,2020-04-03,0,Deaths,0.0,0.0
9899,Chad,2020-04-04,0,Deaths,0.0,0.0
9900,Chad,2020-04-05,0,Deaths,0.0,0.0
9901,Chad,2020-04-06,0,Deaths,0.0,0.0
9902,Chad,2020-04-07,0,Deaths,0.0,0.0
9903,Chad,2020-04-08,0,Deaths,0.0,0.0
9904,Chad,2020-04-09,0,Deaths,0.0,0.0
9905,Chad,2020-04-10,0,Deaths,0.0,0.0
9906,Chad,2020-04-11,0,Deaths,0.0,0.0
9907,Chad,2020-04-12,0,Deaths,0.0,0.0
9908,Chad,2020-04-13,0,Deaths,0.0,0.0
9909,Chad,2020-04-14,0,Deaths,0.0,0.0
9910,Chad,2020-04-15,0,Deaths,0.0,0.0
9911,Chad,2020-04-16,0,Deaths,0.0,0.0
9912,Chad,2020-04-17,0,Deaths,0.0,0.0
9913,Chad,2020-04-18,0,Deaths,0.0,0.0
9914,Chad,2020-04-19,0,Deaths,0.0,0.0
9915,Chad,2020-04-20,0,Deaths,0.0,0.0
9916,Chad,2020-04-21,0,Deaths,0.0,0.0
9917,Chad,2020-04-22,0,Deaths,0.0,0.0
9918,Chad,2020-04-23,0,Deaths,0.0,0.0
9919,Chad,2020-04-24,0,Deaths,0.0,0.0
9920,Chad,2020-04-25,0,Deaths,0.0,0.0
9921,Chad,2020-04-26,0,Deaths,0.0,0.0
9922,Chad,2020-04-27,0,Deaths,0.0,0.0
9923,Chad,2020-04-28,2,Deaths,2.0,2.0
9924,Chad,2020-04-29,2,Deaths,0.0,2.0
9925,Chad,2020-04-30,5,Deaths,3.0,5.0
9926,Chad,2020-05-01,5,Deaths,0.0,5.0
9927,Chad,2020-05-02,10,Deaths,5.0,10.0
9928,Chad,2020-05-03,10,Deaths,0.0,10.0
9929,Chad,2020-05-04,10,Deaths,0.0,10.0
9930,Chad,2020-05-05,17,Deaths,7.0,15.0
9931,Chad,2020-05-06,17,Deaths,0.0,15.0
9932,Chad,2020-05-07,27,Deaths,10.0,22.0
9933,Chad,2020-05-08,28,Deaths,1.0,23.0
9934,Chad,2020-05-09,31,Deaths,3.0,21.0
9935,Chad,2020-05-10,31,Deaths,0.0,21.0
9936,Chad,2020-05-11,31,Deaths,0.0,21.0
9937,Chad,2020-05-12,40,Deaths,9.0,23.0
9938,Chad,2020-05-13,42,Deaths,2.0,25.0
9939,Chad,2020-05-14,46,Deaths,4.0,19.0
9940,Chad,2020-05-15,48,Deaths,2.0,20.0
9941,Chad,2020-05-16,50,Deaths,2.0,19.0
9942,Chad,2020-05-17,53,Deaths,3.0,22.0
9943,Chad,2020-05-18,53,Deaths,0.0,22.0
9944,Chad,2020-05-19,56,Deaths,3.0,16.0
9945,Chad,2020-05-20,57,Deaths,1.0,15.0
9946,Chad,2020-05-21,58,Deaths,1.0,12.0
9947,Chad,2020-05-22,58,Deaths,0.0,10.0
9948,Chad,2020-05-23,60,Deaths,2.0,10.0
9949,Chad,2020-05-24,60,Deaths,0.0,7.0
9950,Chad,2020-05-25,61,Deaths,1.0,8.0
9951,Chad,2020-05-26,62,Deaths,1.0,6.0
9952,Chad,2020-05-27,64,Deaths,2.0,7.0
9953,Chad,2020-05-28,65,Deaths,1.0,7.0
9954,Chad,2020-05-29,65,Deaths,0.0,7.0
9955,Chad,2020-05-30,65,Deaths,0.0,5.0
9956,Chad,2020-05-31,65,Deaths,0.0,5.0
9957,Chad,2020-06-01,66,Deaths,1.0,5.0
9958,Chad,2020-06-02,66,Deaths,0.0,4.0
9959,Chad,2020-06-03,66,Deaths,0.0,2.0
9960,Chad,2020-06-04,66,Deaths,0.0,1.0
9961,Chad,2020-06-05,68,Deaths,2.0,3.0
9962,Chad,2020-06-06,69,Deaths,1.0,4.0
9963,Chad,2020-06-07,69,Deaths,0.0,4.0
9964,Chad,2020-06-08,70,Deaths,1.0,4.0
9965,Chad,2020-06-09,71,Deaths,1.0,5.0
9966,Chad,2020-06-10,72,Deaths,1.0,6.0
9967,Chad,2020-06-11,72,Deaths,0.0,6.0
9968,Chad,2020-06-12,72,Deaths,0.0,4.0
9969,Chad,2020-06-13,72,Deaths,0.0,3.0
9970,Chad,2020-06-14,73,Deaths,1.0,4.0
9971,Chad,2020-06-15,73,Deaths,0.0,3.0
9972,Chad,2020-06-16,74,Deaths,1.0,3.0
9973,Chad,2020-06-17,74,Deaths,0.0,2.0
9974,Chad,2020-06-18,74,Deaths,0.0,2.0
9975,Chad,2020-06-19,74,Deaths,0.0,2.0
9976,Chad,2020-06-20,74,Deaths,0.0,2.0
9977,Chad,2020-06-21,74,Deaths,0.0,1.0
9978,Chad,2020-06-22,74,Deaths,0.0,1.0
9979,Chad,2020-06-23,74,Deaths,0.0,0.0
9980,Chad,2020-06-24,74,Deaths,0.0,0.0
9981,Chad,2020-06-25,74,Deaths,0.0,0.0
9982,Chad,2020-06-26,74,Deaths,0.0,0.0
9983,Chad,2020-06-27,74,Deaths,0.0,0.0
9984,Chad,2020-06-28,74,Deaths,0.0,0.0
9985,Chad,2020-06-29,74,Deaths,0.0,0.0
9986,Chad,2020-06-30,74,Deaths,0.0,0.0
9987,Chad,2020-07-01,74,Deaths,0.0,0.0
9988,Chad,2020-07-02,74,Deaths,0.0,0.0
9989,Chad,2020-07-03,74,Deaths,0.0,0.0
9990,Chad,2020-07-04,74,Deaths,0.0,0.0
9991,Chad,2020-07-05,74,Deaths,0.0,0.0
9992,Chad,2020-07-06,74,Deaths,0.0,0.0
9993,Chad,2020-07-07,74,Deaths,0.0,0.0
9994,Chad,2020-07-08,74,Deaths,0.0,0.0
9995,Chad,2020-07-09,74,Deaths,0.0,0.0
9996,Chad,2020-07-10,74,Deaths,0.0,0.0
9997,Chad,2020-07-11,74,Deaths,0.0,0.0
9998,Chad,2020-07-12,75,Deaths,1.0,1.0
9999,Chad,2020-07-13,75,Deaths,0.0,1.0
10000,Chad,2020-07-14,75,Deaths,0.0,1.0
10001,Chad,2020-07-15,75,Deaths,0.0,1.0
10002,Chad,2020-07-16,75,Deaths,0.0,1.0
10003,Chad,2020-07-17,75,Deaths,0.0,1.0
10004,Chad,2020-07-18,75,Deaths,0.0,1.0
10005,Chad,2020-07-19,75,Deaths,0.0,0.0
10006,Chad,2020-07-20,75,Deaths,0.0,0.0
10007,Chad,2020-07-21,75,Deaths,0.0,0.0
10008,Chad,2020-07-22,75,Deaths,0.0,0.0
10009,Chad,2020-07-23,75,Deaths,0.0,0.0
10010,Chad,2020-07-24,75,Deaths,0.0,0.0
10011,Chad,2020-07-25,75,Deaths,0.0,0.0
10012,Chad,2020-07-26,75,Deaths,0.0,0.0
10013,Chad,2020-07-27,75,Deaths,0.0,0.0
10014,Chad,2020-07-28,75,Deaths,0.0,0.0
10015,Chad,2020-07-29,75,Deaths,0.0,0.0
10016,Chad,2020-07-30,75,Deaths,0.0,0.0
10017,Chad,2020-07-31,75,Deaths,0.0,0.0
10018,Chad,2020-08-01,75,Deaths,0.0,0.0
10019,Chad,2020-08-02,75,Deaths,0.0,0.0
10020,Chad,2020-08-03,75,Deaths,0.0,0.0
10021,Chad,2020-08-04,75,Deaths,0.0,0.0
10022,Chad,2020-08-05,75,Deaths,0.0,0.0
10023,Chad,2020-08-06,76,Deaths,1.0,1.0
10024,Chad,2020-08-07,76,Deaths,0.0,1.0
10025,Chad,2020-08-08,76,Deaths,0.0,1.0
10026,Chad,2020-08-09,76,Deaths,0.0,1.0
10027,Chad,2020-08-10,76,Deaths,0.0,1.0
10028,Chad,2020-08-11,76,Deaths,0.0,1.0
10029,Chad,2020-08-12,76,Deaths,0.0,1.0
10030,Chad,2020-08-13,76,Deaths,0.0,0.0
10031,Chad,2020-08-14,76,Deaths,0.0,0.0
10032,Chad,2020-08-15,76,Deaths,0.0,0.0
10033,Chad,2020-08-16,76,Deaths,0.0,0.0
10034,Chad,2020-08-17,76,Deaths,0.0,0.0
10035,Chad,2020-08-18,76,Deaths,0.0,0.0
10036,Chad,2020-08-19,76,Deaths,0.0,0.0
10037,Chad,2020-08-20,76,Deaths,0.0,0.0
10038,Chad,2020-08-21,76,Deaths,0.0,0.0
10039,Chad,2020-08-22,76,Deaths,0.0,0.0
10040,Chad,2020-08-23,76,Deaths,0.0,0.0
10041,Chad,2020-08-24,76,Deaths,0.0,0.0
10042,Chad,2020-08-25,77,Deaths,1.0,1.0
10043,Chad,2020-08-26,77,Deaths,0.0,1.0
10044,Chad,2020-08-27,77,Deaths,0.0,1.0
10045,Chad,2020-08-28,77,Deaths,0.0,1.0
10046,Chad,2020-08-29,77,Deaths,0.0,1.0
10047,Chad,2020-08-30,77,Deaths,0.0,1.0
10048,Chad,2020-08-31,77,Deaths,0.0,1.0
10049,Chad,2020-09-01,77,Deaths,0.0,0.0
10050,Chad,2020-09-02,77,Deaths,0.0,0.0
10051,Chad,2020-09-03,77,Deaths,0.0,0.0
10052,Chad,2020-09-04,77,Deaths,0.0,0.0
10053,Chad,2020-09-05,77,Deaths,0.0,0.0
10054,Chad,2020-09-06,79,Deaths,2.0,2.0
10055,Chad,2020-09-07,79,Deaths,0.0,2.0
10056,Chad,2020-09-08,79,Deaths,0.0,2.0
10057,Chad,2020-09-09,79,Deaths,0.0,2.0
10058,Chad,2020-09-10,79,Deaths,0.0,2.0
10059,Chad,2020-09-11,79,Deaths,0.0,2.0
10060,Chad,2020-09-12,80,Deaths,1.0,3.0
10061,Chad,2020-09-13,80,Deaths,0.0,1.0
10062,Chad,2020-09-14,81,Deaths,1.0,2.0
10063,Chad,2020-09-15,81,Deaths,0.0,2.0
10064,Chad,2020-09-16,81,Deaths,0.0,2.0
10065,Chad,2020-09-17,81,Deaths,0.0,2.0
10066,Chad,2020-09-18,81,Deaths,0.0,2.0
10067,Chad,2020-09-19,81,Deaths,0.0,1.0
10068,Chad,2020-09-20,81,Deaths,0.0,1.0
10069,Chad,2020-09-21,81,Deaths,0.0,0.0
10070,Chad,2020-09-22,81,Deaths,0.0,0.0
10071,Chad,2020-09-23,82,Deaths,1.0,1.0
10072,Chad,2020-09-24,82,Deaths,0.0,1.0
10073,Chad,2020-09-25,83,Deaths,1.0,2.0
10074,Chad,2020-09-26,83,Deaths,0.0,2.0
10075,Chad,2020-09-27,84,Deaths,1.0,3.0
10076,Chad,2020-09-28,85,Deaths,1.0,4.0
10077,Chad,2020-09-29,85,Deaths,0.0,4.0
10078,Chad,2020-09-30,85,Deaths,0.0,3.0
10079,Chad,2020-10-01,85,Deaths,0.0,3.0
10080,Chad,2020-10-02,85,Deaths,0.0,2.0
10081,Chad,2020-10-03,85,Deaths,0.0,2.0
10082,Chad,2020-10-04,86,Deaths,1.0,2.0
10083,Chad,2020-10-05,86,Deaths,0.0,1.0
10084,Chad,2020-10-06,88,Deaths,2.0,3.0
10085,Chad,2020-10-07,89,Deaths,1.0,4.0
10086,Chad,2020-10-08,89,Deaths,0.0,4.0
10087,Chad,2020-10-09,90,Deaths,1.0,5.0
10088,Chad,2020-10-10,92,Deaths,2.0,7.0
10089,Chad,2020-10-11,92,Deaths,0.0,6.0
10090,Chad,2020-10-12,92,Deaths,0.0,6.0
10091,Chad,2020-10-13,92,Deaths,0.0,4.0
10092,Chad,2020-10-14,92,Deaths,0.0,3.0
10093,Chad,2020-10-15,92,Deaths,0.0,3.0
10094,Chad,2020-10-16,93,Deaths,1.0,3.0
10095,Chad,2020-10-17,93,Deaths,0.0,1.0
10096,Chad,2020-10-18,93,Deaths,0.0,1.0
10097,Chad,2020-10-19,93,Deaths,0.0,1.0
10098,Chad,2020-10-20,93,Deaths,0.0,1.0
10099,Chad,2020-10-21,96,Deaths,3.0,4.0
10100,Chad,2020-10-22,96,Deaths,0.0,4.0
10101,Chad,2020-10-23,96,Deaths,0.0,3.0
10102,Chad,2020-10-24,96,Deaths,0.0,3.0
10103,Chad,2020-10-25,96,Deaths,0.0,3.0
10104,Chad,2020-10-26,96,Deaths,0.0,3.0
10105,Chad,2020-10-27,96,Deaths,0.0,3.0
10106,Chad,2020-10-28,97,Deaths,1.0,1.0
10107,Chad,2020-10-29,97,Deaths,0.0,1.0
10108,Chad,2020-10-30,98,Deaths,1.0,2.0
10109,Chad,2020-10-31,98,Deaths,0.0,2.0
10110,Chad,2020-11-01,98,Deaths,0.0,2.0
10111,Chad,2020-11-02,98,Deaths,0.0,2.0
10112,Chad,2020-11-03,98,Deaths,0.0,2.0
10113,Chad,2020-11-04,99,Deaths,1.0,2.0
10114,Chad,2020-11-05,99,Deaths,0.0,2.0
10115,Chile,2020-01-22,0,Deaths,,
10116,Chile,2020-01-23,0,Deaths,0.0,
10117,Chile,2020-01-24,0,Deaths,0.0,
10118,Chile,2020-01-25,0,Deaths,0.0,
10119,Chile,2020-01-26,0,Deaths,0.0,
10120,Chile,2020-01-27,0,Deaths,0.0,
10121,Chile,2020-01-28,0,Deaths,0.0,
10122,Chile,2020-01-29,0,Deaths,0.0,0.0
10123,Chile,2020-01-30,0,Deaths,0.0,0.0
10124,Chile,2020-01-31,0,Deaths,0.0,0.0
10125,Chile,2020-02-01,0,Deaths,0.0,0.0
10126,Chile,2020-02-02,0,Deaths,0.0,0.0
10127,Chile,2020-02-03,0,Deaths,0.0,0.0
10128,Chile,2020-02-04,0,Deaths,0.0,0.0
10129,Chile,2020-02-05,0,Deaths,0.0,0.0
10130,Chile,2020-02-06,0,Deaths,0.0,0.0
10131,Chile,2020-02-07,0,Deaths,0.0,0.0
10132,Chile,2020-02-08,0,Deaths,0.0,0.0
10133,Chile,2020-02-09,0,Deaths,0.0,0.0
10134,Chile,2020-02-10,0,Deaths,0.0,0.0
10135,Chile,2020-02-11,0,Deaths,0.0,0.0
10136,Chile,2020-02-12,0,Deaths,0.0,0.0
10137,Chile,2020-02-13,0,Deaths,0.0,0.0
10138,Chile,2020-02-14,0,Deaths,0.0,0.0
10139,Chile,2020-02-15,0,Deaths,0.0,0.0
10140,Chile,2020-02-16,0,Deaths,0.0,0.0
10141,Chile,2020-02-17,0,Deaths,0.0,0.0
10142,Chile,2020-02-18,0,Deaths,0.0,0.0
10143,Chile,2020-02-19,0,Deaths,0.0,0.0
10144,Chile,2020-02-20,0,Deaths,0.0,0.0
10145,Chile,2020-02-21,0,Deaths,0.0,0.0
10146,Chile,2020-02-22,0,Deaths,0.0,0.0
10147,Chile,2020-02-23,0,Deaths,0.0,0.0
10148,Chile,2020-02-24,0,Deaths,0.0,0.0
10149,Chile,2020-02-25,0,Deaths,0.0,0.0
10150,Chile,2020-02-26,0,Deaths,0.0,0.0
10151,Chile,2020-02-27,0,Deaths,0.0,0.0
10152,Chile,2020-02-28,0,Deaths,0.0,0.0
10153,Chile,2020-02-29,0,Deaths,0.0,0.0
10154,Chile,2020-03-01,0,Deaths,0.0,0.0
10155,Chile,2020-03-02,0,Deaths,0.0,0.0
10156,Chile,2020-03-03,0,Deaths,0.0,0.0
10157,Chile,2020-03-04,0,Deaths,0.0,0.0
10158,Chile,2020-03-05,0,Deaths,0.0,0.0
10159,Chile,2020-03-06,0,Deaths,0.0,0.0
10160,Chile,2020-03-07,0,Deaths,0.0,0.0
10161,Chile,2020-03-08,0,Deaths,0.0,0.0
10162,Chile,2020-03-09,0,Deaths,0.0,0.0
10163,Chile,2020-03-10,0,Deaths,0.0,0.0
10164,Chile,2020-03-11,0,Deaths,0.0,0.0
10165,Chile,2020-03-12,0,Deaths,0.0,0.0
10166,Chile,2020-03-13,0,Deaths,0.0,0.0
10167,Chile,2020-03-14,0,Deaths,0.0,0.0
10168,Chile,2020-03-15,0,Deaths,0.0,0.0
10169,Chile,2020-03-16,0,Deaths,0.0,0.0
10170,Chile,2020-03-17,0,Deaths,0.0,0.0
10171,Chile,2020-03-18,0,Deaths,0.0,0.0
10172,Chile,2020-03-19,0,Deaths,0.0,0.0
10173,Chile,2020-03-20,0,Deaths,0.0,0.0
10174,Chile,2020-03-21,0,Deaths,0.0,0.0
10175,Chile,2020-03-22,1,Deaths,1.0,1.0
10176,Chile,2020-03-23,2,Deaths,1.0,2.0
10177,Chile,2020-03-24,2,Deaths,0.0,2.0
10178,Chile,2020-03-25,3,Deaths,1.0,3.0
10179,Chile,2020-03-26,4,Deaths,1.0,4.0
10180,Chile,2020-03-27,5,Deaths,1.0,5.0
10181,Chile,2020-03-28,6,Deaths,1.0,6.0
10182,Chile,2020-03-29,7,Deaths,1.0,6.0
10183,Chile,2020-03-30,8,Deaths,1.0,6.0
10184,Chile,2020-03-31,12,Deaths,4.0,10.0
10185,Chile,2020-04-01,16,Deaths,4.0,13.0
10186,Chile,2020-04-02,18,Deaths,2.0,14.0
10187,Chile,2020-04-03,22,Deaths,4.0,17.0
10188,Chile,2020-04-04,27,Deaths,5.0,21.0
10189,Chile,2020-04-05,34,Deaths,7.0,27.0
10190,Chile,2020-04-06,37,Deaths,3.0,29.0
10191,Chile,2020-04-07,43,Deaths,6.0,31.0
10192,Chile,2020-04-08,48,Deaths,5.0,32.0
10193,Chile,2020-04-09,57,Deaths,9.0,39.0
10194,Chile,2020-04-10,65,Deaths,8.0,43.0
10195,Chile,2020-04-11,73,Deaths,8.0,46.0
10196,Chile,2020-04-12,80,Deaths,7.0,46.0
10197,Chile,2020-04-13,82,Deaths,2.0,45.0
10198,Chile,2020-04-14,92,Deaths,10.0,49.0
10199,Chile,2020-04-15,94,Deaths,2.0,46.0
10200,Chile,2020-04-16,105,Deaths,11.0,48.0
10201,Chile,2020-04-17,116,Deaths,11.0,51.0
10202,Chile,2020-04-18,126,Deaths,10.0,53.0
10203,Chile,2020-04-19,133,Deaths,7.0,53.0
10204,Chile,2020-04-20,139,Deaths,6.0,57.0
10205,Chile,2020-04-21,147,Deaths,8.0,55.0
10206,Chile,2020-04-22,160,Deaths,13.0,66.0
10207,Chile,2020-04-23,168,Deaths,8.0,63.0
10208,Chile,2020-04-24,174,Deaths,6.0,58.0
10209,Chile,2020-04-25,181,Deaths,7.0,55.0
10210,Chile,2020-04-26,189,Deaths,8.0,56.0
10211,Chile,2020-04-27,198,Deaths,9.0,59.0
10212,Chile,2020-04-28,207,Deaths,9.0,60.0
10213,Chile,2020-04-29,216,Deaths,9.0,56.0
10214,Chile,2020-04-30,227,Deaths,11.0,59.0
10215,Chile,2020-05-01,234,Deaths,7.0,60.0
10216,Chile,2020-05-02,247,Deaths,13.0,66.0
10217,Chile,2020-05-03,260,Deaths,13.0,71.0
10218,Chile,2020-05-04,270,Deaths,10.0,72.0
10219,Chile,2020-05-05,275,Deaths,5.0,68.0
10220,Chile,2020-05-06,281,Deaths,6.0,65.0
10221,Chile,2020-05-07,285,Deaths,4.0,58.0
10222,Chile,2020-05-08,294,Deaths,9.0,60.0
10223,Chile,2020-05-09,304,Deaths,10.0,57.0
10224,Chile,2020-05-10,312,Deaths,8.0,52.0
10225,Chile,2020-05-11,323,Deaths,11.0,53.0
10226,Chile,2020-05-12,335,Deaths,12.0,60.0
10227,Chile,2020-05-13,346,Deaths,11.0,65.0
10228,Chile,2020-05-14,368,Deaths,22.0,83.0
10229,Chile,2020-05-15,394,Deaths,26.0,100.0
10230,Chile,2020-05-16,421,Deaths,27.0,117.0
10231,Chile,2020-05-17,450,Deaths,29.0,138.0
10232,Chile,2020-05-18,478,Deaths,28.0,155.0
10233,Chile,2020-05-19,509,Deaths,31.0,174.0
10234,Chile,2020-05-20,544,Deaths,35.0,198.0
10235,Chile,2020-05-21,589,Deaths,45.0,221.0
10236,Chile,2020-05-22,630,Deaths,41.0,236.0
10237,Chile,2020-05-23,673,Deaths,43.0,252.0
10238,Chile,2020-05-24,718,Deaths,45.0,268.0
10239,Chile,2020-05-25,761,Deaths,43.0,283.0
10240,Chile,2020-05-26,806,Deaths,45.0,297.0
10241,Chile,2020-05-27,841,Deaths,35.0,297.0
10242,Chile,2020-05-28,890,Deaths,49.0,301.0
10243,Chile,2020-05-29,944,Deaths,54.0,314.0
10244,Chile,2020-05-30,997,Deaths,53.0,324.0
10245,Chile,2020-05-31,1054,Deaths,57.0,336.0
10246,Chile,2020-06-01,1113,Deaths,59.0,352.0
10247,Chile,2020-06-02,1188,Deaths,75.0,382.0
10248,Chile,2020-06-03,1275,Deaths,87.0,434.0
10249,Chile,2020-06-04,1356,Deaths,81.0,466.0
10250,Chile,2020-06-05,1448,Deaths,92.0,504.0
10251,Chile,2020-06-06,1541,Deaths,93.0,544.0
10252,Chile,2020-06-07,1637,Deaths,96.0,583.0
10253,Chile,2020-06-08,2264,Deaths,627.0,1151.0
10254,Chile,2020-06-09,2283,Deaths,19.0,1095.0
10255,Chile,2020-06-10,2475,Deaths,192.0,1200.0
10256,Chile,2020-06-11,2648,Deaths,173.0,1292.0
10257,Chile,2020-06-12,2870,Deaths,222.0,1422.0
10258,Chile,2020-06-13,3101,Deaths,231.0,1560.0
10259,Chile,2020-06-14,3323,Deaths,222.0,1686.0
10260,Chile,2020-06-15,3362,Deaths,39.0,1098.0
10261,Chile,2020-06-16,3383,Deaths,21.0,1100.0
10262,Chile,2020-06-17,3615,Deaths,232.0,1140.0
10263,Chile,2020-06-18,3841,Deaths,226.0,1193.0
10264,Chile,2020-06-19,4093,Deaths,252.0,1223.0
10265,Chile,2020-06-20,4295,Deaths,202.0,1194.0
10266,Chile,2020-06-21,4479,Deaths,184.0,1156.0
10267,Chile,2020-06-22,4502,Deaths,23.0,1140.0
10268,Chile,2020-06-23,4505,Deaths,3.0,1122.0
10269,Chile,2020-06-24,4731,Deaths,226.0,1116.0
10270,Chile,2020-06-25,4903,Deaths,172.0,1062.0
10271,Chile,2020-06-26,5068,Deaths,165.0,975.0
10272,Chile,2020-06-27,5347,Deaths,279.0,1052.0
10273,Chile,2020-06-28,5509,Deaths,162.0,1030.0
10274,Chile,2020-06-29,5575,Deaths,66.0,1073.0
10275,Chile,2020-06-30,5688,Deaths,113.0,1183.0
10276,Chile,2020-07-01,5753,Deaths,65.0,1022.0
10277,Chile,2020-07-02,5920,Deaths,167.0,1017.0
10278,Chile,2020-07-03,6051,Deaths,131.0,983.0
10279,Chile,2020-07-04,6192,Deaths,141.0,845.0
10280,Chile,2020-07-05,6308,Deaths,116.0,799.0
10281,Chile,2020-07-06,6384,Deaths,76.0,809.0
10282,Chile,2020-07-07,6434,Deaths,50.0,746.0
10283,Chile,2020-07-08,6573,Deaths,139.0,820.0
10284,Chile,2020-07-09,6682,Deaths,109.0,762.0
10285,Chile,2020-07-10,6781,Deaths,99.0,730.0
10286,Chile,2020-07-11,6881,Deaths,100.0,689.0
10287,Chile,2020-07-12,6979,Deaths,98.0,671.0
10288,Chile,2020-07-13,7024,Deaths,45.0,640.0
10289,Chile,2020-07-14,7069,Deaths,45.0,635.0
10290,Chile,2020-07-15,7186,Deaths,117.0,613.0
10291,Chile,2020-07-16,7290,Deaths,104.0,608.0
10292,Chile,2020-07-17,8347,Deaths,1057.0,1566.0
10293,Chile,2020-07-18,8445,Deaths,98.0,1564.0
10294,Chile,2020-07-19,8503,Deaths,58.0,1524.0
10295,Chile,2020-07-20,8633,Deaths,130.0,1609.0
10296,Chile,2020-07-21,8677,Deaths,44.0,1608.0
10297,Chile,2020-07-22,8722,Deaths,45.0,1536.0
10298,Chile,2020-07-23,8838,Deaths,116.0,1548.0
10299,Chile,2020-07-24,8914,Deaths,76.0,567.0
10300,Chile,2020-07-25,9020,Deaths,106.0,575.0
10301,Chile,2020-07-26,9112,Deaths,92.0,609.0
10302,Chile,2020-07-27,9187,Deaths,75.0,554.0
10303,Chile,2020-07-28,9240,Deaths,53.0,563.0
10304,Chile,2020-07-29,9278,Deaths,38.0,556.0
10305,Chile,2020-07-30,9377,Deaths,99.0,539.0
10306,Chile,2020-07-31,9457,Deaths,80.0,543.0
10307,Chile,2020-08-01,9533,Deaths,76.0,513.0
10308,Chile,2020-08-02,9608,Deaths,75.0,496.0
10309,Chile,2020-08-03,9707,Deaths,99.0,520.0
10310,Chile,2020-08-04,9745,Deaths,38.0,505.0
10311,Chile,2020-08-05,9792,Deaths,47.0,514.0
10312,Chile,2020-08-06,9889,Deaths,97.0,512.0
10313,Chile,2020-08-07,9958,Deaths,69.0,501.0
10314,Chile,2020-08-08,10011,Deaths,53.0,478.0
10315,Chile,2020-08-09,10077,Deaths,66.0,469.0
10316,Chile,2020-08-10,10139,Deaths,62.0,432.0
10317,Chile,2020-08-11,10178,Deaths,39.0,433.0
10318,Chile,2020-08-12,10205,Deaths,27.0,413.0
10319,Chile,2020-08-13,10299,Deaths,94.0,410.0
10320,Chile,2020-08-14,10340,Deaths,41.0,382.0
10321,Chile,2020-08-15,10395,Deaths,55.0,384.0
10322,Chile,2020-08-16,10452,Deaths,57.0,375.0
10323,Chile,2020-08-17,10513,Deaths,61.0,374.0
10324,Chile,2020-08-18,10546,Deaths,33.0,368.0
10325,Chile,2020-08-19,10578,Deaths,32.0,373.0
10326,Chile,2020-08-20,10671,Deaths,93.0,372.0
10327,Chile,2020-08-21,10723,Deaths,52.0,383.0
10328,Chile,2020-08-22,10792,Deaths,69.0,397.0
10329,Chile,2020-08-23,10852,Deaths,60.0,400.0
10330,Chile,2020-08-24,10916,Deaths,64.0,403.0
10331,Chile,2020-08-25,10958,Deaths,42.0,412.0
10332,Chile,2020-08-26,10990,Deaths,32.0,412.0
10333,Chile,2020-08-27,11072,Deaths,82.0,401.0
10334,Chile,2020-08-28,11132,Deaths,60.0,409.0
10335,Chile,2020-08-29,11181,Deaths,49.0,389.0
10336,Chile,2020-08-30,11244,Deaths,63.0,392.0
10337,Chile,2020-08-31,11289,Deaths,45.0,373.0
10338,Chile,2020-09-01,11321,Deaths,32.0,363.0
10339,Chile,2020-09-02,11344,Deaths,23.0,354.0
10340,Chile,2020-09-03,11422,Deaths,78.0,350.0
10341,Chile,2020-09-04,11494,Deaths,72.0,362.0
10342,Chile,2020-09-05,11551,Deaths,57.0,370.0
10343,Chile,2020-09-06,11592,Deaths,41.0,348.0
10344,Chile,2020-09-07,11652,Deaths,60.0,363.0
10345,Chile,2020-09-08,11682,Deaths,30.0,361.0
10346,Chile,2020-09-09,11702,Deaths,20.0,358.0
10347,Chile,2020-09-10,11781,Deaths,79.0,359.0
10348,Chile,2020-09-11,11850,Deaths,69.0,356.0
10349,Chile,2020-09-12,11895,Deaths,45.0,344.0
10350,Chile,2020-09-13,11949,Deaths,54.0,357.0
10351,Chile,2020-09-14,12013,Deaths,64.0,361.0
10352,Chile,2020-09-15,12040,Deaths,27.0,358.0
10353,Chile,2020-09-16,12058,Deaths,18.0,356.0
10354,Chile,2020-09-17,12142,Deaths,84.0,361.0
10355,Chile,2020-09-18,12199,Deaths,57.0,349.0
10356,Chile,2020-09-19,12254,Deaths,55.0,359.0
10357,Chile,2020-09-20,12286,Deaths,32.0,337.0
10358,Chile,2020-09-21,12298,Deaths,12.0,285.0
10359,Chile,2020-09-22,12321,Deaths,23.0,281.0
10360,Chile,2020-09-23,12345,Deaths,24.0,287.0
10361,Chile,2020-09-24,12469,Deaths,124.0,327.0
10362,Chile,2020-09-25,12527,Deaths,58.0,328.0
10363,Chile,2020-09-26,12591,Deaths,64.0,337.0
10364,Chile,2020-09-27,12641,Deaths,50.0,355.0
10365,Chile,2020-09-28,12698,Deaths,57.0,400.0
10366,Chile,2020-09-29,12725,Deaths,27.0,404.0
10367,Chile,2020-09-30,12741,Deaths,16.0,396.0
10368,Chile,2020-10-01,12822,Deaths,81.0,353.0
10369,Chile,2020-10-02,12867,Deaths,45.0,340.0
10370,Chile,2020-10-03,12919,Deaths,52.0,328.0
10371,Chile,2020-10-04,12979,Deaths,60.0,338.0
10372,Chile,2020-10-05,13037,Deaths,58.0,339.0
10373,Chile,2020-10-06,13070,Deaths,33.0,345.0
10374,Chile,2020-10-07,13090,Deaths,20.0,349.0
10375,Chile,2020-10-08,13167,Deaths,77.0,345.0
10376,Chile,2020-10-09,13220,Deaths,53.0,353.0
10377,Chile,2020-10-10,13272,Deaths,52.0,353.0
10378,Chile,2020-10-11,13318,Deaths,46.0,339.0
10379,Chile,2020-10-12,13376,Deaths,58.0,339.0
10380,Chile,2020-10-13,13396,Deaths,20.0,326.0
10381,Chile,2020-10-14,13415,Deaths,19.0,325.0
10382,Chile,2020-10-15,13434,Deaths,19.0,267.0
10383,Chile,2020-10-16,13529,Deaths,95.0,309.0
10384,Chile,2020-10-17,13588,Deaths,59.0,316.0
10385,Chile,2020-10-18,13635,Deaths,47.0,317.0
10386,Chile,2020-10-19,13676,Deaths,41.0,300.0
10387,Chile,2020-10-20,13702,Deaths,26.0,306.0
10388,Chile,2020-10-21,13719,Deaths,17.0,304.0
10389,Chile,2020-10-22,13792,Deaths,73.0,358.0
10390,Chile,2020-10-23,13844,Deaths,52.0,315.0
10391,Chile,2020-10-24,13892,Deaths,48.0,304.0
10392,Chile,2020-10-25,13944,Deaths,52.0,309.0
10393,Chile,2020-10-26,14003,Deaths,59.0,327.0
10394,Chile,2020-10-27,14026,Deaths,23.0,324.0
10395,Chile,2020-10-28,14032,Deaths,6.0,313.0
10396,Chile,2020-10-29,14118,Deaths,86.0,326.0
10397,Chile,2020-10-30,14158,Deaths,40.0,314.0
10398,Chile,2020-10-31,14207,Deaths,49.0,315.0
10399,Chile,2020-11-01,14247,Deaths,40.0,303.0
10400,Chile,2020-11-02,14302,Deaths,55.0,299.0
10401,Chile,2020-11-03,14319,Deaths,17.0,293.0
10402,Chile,2020-11-04,14340,Deaths,21.0,308.0
10403,Chile,2020-11-05,14404,Deaths,64.0,286.0
10404,China,2020-01-22,17,Deaths,,
10405,China,2020-01-23,18,Deaths,1.0,
10406,China,2020-01-24,26,Deaths,8.0,
10407,China,2020-01-25,42,Deaths,16.0,
10408,China,2020-01-26,56,Deaths,14.0,
10409,China,2020-01-27,82,Deaths,26.0,
10410,China,2020-01-28,131,Deaths,49.0,
10411,China,2020-01-29,133,Deaths,2.0,116.0
10412,China,2020-01-30,171,Deaths,38.0,153.0
10413,China,2020-01-31,213,Deaths,42.0,187.0
10414,China,2020-02-01,259,Deaths,46.0,217.0
10415,China,2020-02-02,361,Deaths,102.0,305.0
10416,China,2020-02-03,425,Deaths,64.0,343.0
10417,China,2020-02-04,491,Deaths,66.0,360.0
10418,China,2020-02-05,563,Deaths,72.0,430.0
10419,China,2020-02-06,633,Deaths,70.0,462.0
10420,China,2020-02-07,718,Deaths,85.0,505.0
10421,China,2020-02-08,805,Deaths,87.0,546.0
10422,China,2020-02-09,905,Deaths,100.0,544.0
10423,China,2020-02-10,1012,Deaths,107.0,587.0
10424,China,2020-02-11,1112,Deaths,100.0,621.0
10425,China,2020-02-12,1117,Deaths,5.0,554.0
10426,China,2020-02-13,1369,Deaths,252.0,736.0
10427,China,2020-02-14,1521,Deaths,152.0,803.0
10428,China,2020-02-15,1663,Deaths,142.0,858.0
10429,China,2020-02-16,1766,Deaths,103.0,861.0
10430,China,2020-02-17,1864,Deaths,98.0,852.0
10431,China,2020-02-18,2003,Deaths,139.0,891.0
10432,China,2020-02-19,2116,Deaths,113.0,999.0
10433,China,2020-02-20,2238,Deaths,122.0,869.0
10434,China,2020-02-21,2238,Deaths,0.0,717.0
10435,China,2020-02-22,2443,Deaths,205.0,780.0
10436,China,2020-02-23,2445,Deaths,2.0,679.0
10437,China,2020-02-24,2595,Deaths,150.0,731.0
10438,China,2020-02-25,2665,Deaths,70.0,662.0
10439,China,2020-02-26,2717,Deaths,52.0,601.0
10440,China,2020-02-27,2746,Deaths,29.0,508.0
10441,China,2020-02-28,2790,Deaths,44.0,552.0
10442,China,2020-02-29,2837,Deaths,47.0,394.0
10443,China,2020-03-01,2872,Deaths,35.0,427.0
10444,China,2020-03-02,2914,Deaths,42.0,319.0
10445,China,2020-03-03,2947,Deaths,33.0,282.0
10446,China,2020-03-04,2983,Deaths,36.0,266.0
10447,China,2020-03-05,3015,Deaths,32.0,269.0
10448,China,2020-03-06,3044,Deaths,29.0,254.0
10449,China,2020-03-07,3072,Deaths,28.0,235.0
10450,China,2020-03-08,3100,Deaths,28.0,228.0
10451,China,2020-03-09,3123,Deaths,23.0,209.0
10452,China,2020-03-10,3139,Deaths,16.0,192.0
10453,China,2020-03-11,3161,Deaths,22.0,178.0
10454,China,2020-03-12,3172,Deaths,11.0,157.0
10455,China,2020-03-13,3180,Deaths,8.0,136.0
10456,China,2020-03-14,3193,Deaths,13.0,121.0
10457,China,2020-03-15,3203,Deaths,10.0,103.0
10458,China,2020-03-16,3217,Deaths,14.0,94.0
10459,China,2020-03-17,3230,Deaths,13.0,91.0
10460,China,2020-03-18,3241,Deaths,11.0,80.0
10461,China,2020-03-19,3249,Deaths,8.0,77.0
10462,China,2020-03-20,3253,Deaths,4.0,73.0
10463,China,2020-03-21,3259,Deaths,6.0,66.0
10464,China,2020-03-22,3274,Deaths,15.0,71.0
10465,China,2020-03-23,3274,Deaths,0.0,57.0
10466,China,2020-03-24,3281,Deaths,7.0,51.0
10467,China,2020-03-25,3285,Deaths,4.0,44.0
10468,China,2020-03-26,3291,Deaths,6.0,42.0
10469,China,2020-03-27,3296,Deaths,5.0,43.0
10470,China,2020-03-28,3299,Deaths,3.0,40.0
10471,China,2020-03-29,3304,Deaths,5.0,30.0
10472,China,2020-03-30,3308,Deaths,4.0,34.0
10473,China,2020-03-31,3309,Deaths,1.0,28.0
10474,China,2020-04-01,3316,Deaths,7.0,31.0
10475,China,2020-04-02,3322,Deaths,6.0,31.0
10476,China,2020-04-03,3326,Deaths,4.0,30.0
10477,China,2020-04-04,3330,Deaths,4.0,31.0
10478,China,2020-04-05,3333,Deaths,3.0,29.0
10479,China,2020-04-06,3335,Deaths,2.0,27.0
10480,China,2020-04-07,3335,Deaths,0.0,26.0
10481,China,2020-04-08,3337,Deaths,2.0,21.0
10482,China,2020-04-09,3339,Deaths,2.0,17.0
10483,China,2020-04-10,3340,Deaths,1.0,14.0
10484,China,2020-04-11,3343,Deaths,3.0,13.0
10485,China,2020-04-12,3343,Deaths,0.0,10.0
10486,China,2020-04-13,3345,Deaths,2.0,10.0
10487,China,2020-04-14,3345,Deaths,0.0,10.0
10488,China,2020-04-15,3346,Deaths,1.0,9.0
10489,China,2020-04-16,3346,Deaths,0.0,7.0
10490,China,2020-04-17,4636,Deaths,1290.0,1296.0
10491,China,2020-04-18,4636,Deaths,0.0,1293.0
10492,China,2020-04-19,4636,Deaths,0.0,1293.0
10493,China,2020-04-20,4636,Deaths,0.0,1291.0
10494,China,2020-04-21,4636,Deaths,0.0,1291.0
10495,China,2020-04-22,4636,Deaths,0.0,1290.0
10496,China,2020-04-23,4636,Deaths,0.0,1290.0
10497,China,2020-04-24,4636,Deaths,0.0,0.0
10498,China,2020-04-25,4636,Deaths,0.0,0.0
10499,China,2020-04-26,4637,Deaths,1.0,1.0
10500,China,2020-04-27,4637,Deaths,0.0,1.0
10501,China,2020-04-28,4637,Deaths,0.0,1.0
10502,China,2020-04-29,4637,Deaths,0.0,1.0
10503,China,2020-04-30,4637,Deaths,0.0,1.0
10504,China,2020-05-01,4637,Deaths,0.0,1.0
10505,China,2020-05-02,4637,Deaths,0.0,1.0
10506,China,2020-05-03,4637,Deaths,0.0,0.0
10507,China,2020-05-04,4637,Deaths,0.0,0.0
10508,China,2020-05-05,4637,Deaths,0.0,0.0
10509,China,2020-05-06,4637,Deaths,0.0,0.0
10510,China,2020-05-07,4637,Deaths,0.0,0.0
10511,China,2020-05-08,4637,Deaths,0.0,0.0
10512,China,2020-05-09,4637,Deaths,0.0,0.0
10513,China,2020-05-10,4637,Deaths,0.0,0.0
10514,China,2020-05-11,4637,Deaths,0.0,0.0
10515,China,2020-05-12,4637,Deaths,0.0,0.0
10516,China,2020-05-13,4637,Deaths,0.0,0.0
10517,China,2020-05-14,4637,Deaths,0.0,0.0
10518,China,2020-05-15,4637,Deaths,0.0,0.0
10519,China,2020-05-16,4638,Deaths,1.0,1.0
10520,China,2020-05-17,4638,Deaths,0.0,1.0
10521,China,2020-05-18,4638,Deaths,0.0,1.0
10522,China,2020-05-19,4638,Deaths,0.0,1.0
10523,China,2020-05-20,4638,Deaths,0.0,1.0
10524,China,2020-05-21,4638,Deaths,0.0,1.0
10525,China,2020-05-22,4638,Deaths,0.0,1.0
10526,China,2020-05-23,4638,Deaths,0.0,0.0
10527,China,2020-05-24,4638,Deaths,0.0,0.0
10528,China,2020-05-25,4638,Deaths,0.0,0.0
10529,China,2020-05-26,4638,Deaths,0.0,0.0
10530,China,2020-05-27,4638,Deaths,0.0,0.0
10531,China,2020-05-28,4638,Deaths,0.0,0.0
10532,China,2020-05-29,4638,Deaths,0.0,0.0
10533,China,2020-05-30,4638,Deaths,0.0,0.0
10534,China,2020-05-31,4638,Deaths,0.0,0.0
10535,China,2020-06-01,4638,Deaths,0.0,0.0
10536,China,2020-06-02,4638,Deaths,0.0,0.0
10537,China,2020-06-03,4638,Deaths,0.0,0.0
10538,China,2020-06-04,4638,Deaths,0.0,0.0
10539,China,2020-06-05,4638,Deaths,0.0,0.0
10540,China,2020-06-06,4638,Deaths,0.0,0.0
10541,China,2020-06-07,4638,Deaths,0.0,0.0
10542,China,2020-06-08,4638,Deaths,0.0,0.0
10543,China,2020-06-09,4638,Deaths,0.0,0.0
10544,China,2020-06-10,4638,Deaths,0.0,0.0
10545,China,2020-06-11,4638,Deaths,0.0,0.0
10546,China,2020-06-12,4638,Deaths,0.0,0.0
10547,China,2020-06-13,4638,Deaths,0.0,0.0
10548,China,2020-06-14,4638,Deaths,0.0,0.0
10549,China,2020-06-15,4638,Deaths,0.0,0.0
10550,China,2020-06-16,4638,Deaths,0.0,0.0
10551,China,2020-06-17,4638,Deaths,0.0,0.0
10552,China,2020-06-18,4638,Deaths,0.0,0.0
10553,China,2020-06-19,4638,Deaths,0.0,0.0
10554,China,2020-06-20,4639,Deaths,1.0,1.0
10555,China,2020-06-21,4639,Deaths,0.0,1.0
10556,China,2020-06-22,4639,Deaths,0.0,1.0
10557,China,2020-06-23,4640,Deaths,1.0,2.0
10558,China,2020-06-24,4640,Deaths,0.0,2.0
10559,China,2020-06-25,4641,Deaths,1.0,3.0
10560,China,2020-06-26,4641,Deaths,0.0,3.0
10561,China,2020-06-27,4641,Deaths,0.0,2.0
10562,China,2020-06-28,4641,Deaths,0.0,2.0
10563,China,2020-06-29,4641,Deaths,0.0,2.0
10564,China,2020-06-30,4641,Deaths,0.0,1.0
10565,China,2020-07-01,4641,Deaths,0.0,1.0
10566,China,2020-07-02,4641,Deaths,0.0,0.0
10567,China,2020-07-03,4641,Deaths,0.0,0.0
10568,China,2020-07-04,4641,Deaths,0.0,0.0
10569,China,2020-07-05,4641,Deaths,0.0,0.0
10570,China,2020-07-06,4641,Deaths,0.0,0.0
10571,China,2020-07-07,4641,Deaths,0.0,0.0
10572,China,2020-07-08,4641,Deaths,0.0,0.0
10573,China,2020-07-09,4641,Deaths,0.0,0.0
10574,China,2020-07-10,4641,Deaths,0.0,0.0
10575,China,2020-07-11,4641,Deaths,0.0,0.0
10576,China,2020-07-12,4641,Deaths,0.0,0.0
10577,China,2020-07-13,4641,Deaths,0.0,0.0
10578,China,2020-07-14,4642,Deaths,1.0,1.0
10579,China,2020-07-15,4644,Deaths,2.0,3.0
10580,China,2020-07-16,4644,Deaths,0.0,3.0
10581,China,2020-07-17,4645,Deaths,1.0,4.0
10582,China,2020-07-18,4646,Deaths,1.0,5.0
10583,China,2020-07-19,4646,Deaths,0.0,5.0
10584,China,2020-07-20,4646,Deaths,0.0,5.0
10585,China,2020-07-21,4648,Deaths,2.0,6.0
10586,China,2020-07-22,4648,Deaths,0.0,4.0
10587,China,2020-07-23,4649,Deaths,1.0,5.0
10588,China,2020-07-24,4650,Deaths,1.0,5.0
10589,China,2020-07-25,4652,Deaths,2.0,6.0
10590,China,2020-07-26,4652,Deaths,0.0,6.0
10591,China,2020-07-27,4656,Deaths,4.0,10.0
10592,China,2020-07-28,4657,Deaths,1.0,9.0
10593,China,2020-07-29,4658,Deaths,1.0,10.0
10594,China,2020-07-30,4659,Deaths,1.0,10.0
10595,China,2020-07-31,4661,Deaths,2.0,11.0
10596,China,2020-08-01,4667,Deaths,6.0,15.0
10597,China,2020-08-02,4669,Deaths,2.0,17.0
10598,China,2020-08-03,4672,Deaths,3.0,16.0
10599,China,2020-08-04,4676,Deaths,4.0,19.0
10600,China,2020-08-05,4677,Deaths,1.0,19.0
10601,China,2020-08-06,4680,Deaths,3.0,21.0
10602,China,2020-08-07,4681,Deaths,1.0,20.0
10603,China,2020-08-08,4681,Deaths,0.0,14.0
10604,China,2020-08-09,4686,Deaths,5.0,17.0
10605,China,2020-08-10,4689,Deaths,3.0,17.0
10606,China,2020-08-11,4693,Deaths,4.0,17.0
10607,China,2020-08-12,4697,Deaths,4.0,20.0
10608,China,2020-08-13,4700,Deaths,3.0,20.0
10609,China,2020-08-14,4701,Deaths,1.0,20.0
10610,China,2020-08-15,4703,Deaths,2.0,22.0
10611,China,2020-08-16,4703,Deaths,0.0,17.0
10612,China,2020-08-17,4703,Deaths,0.0,14.0
10613,China,2020-08-18,4705,Deaths,2.0,12.0
10614,China,2020-08-19,4706,Deaths,1.0,9.0
10615,China,2020-08-20,4709,Deaths,3.0,9.0
10616,China,2020-08-21,4709,Deaths,0.0,8.0
10617,China,2020-08-22,4711,Deaths,2.0,8.0
10618,China,2020-08-23,4711,Deaths,0.0,8.0
10619,China,2020-08-24,4711,Deaths,0.0,8.0
10620,China,2020-08-25,4712,Deaths,1.0,7.0
10621,China,2020-08-26,4713,Deaths,1.0,7.0
10622,China,2020-08-27,4715,Deaths,2.0,6.0
10623,China,2020-08-28,4718,Deaths,3.0,9.0
10624,China,2020-08-29,4721,Deaths,3.0,10.0
10625,China,2020-08-30,4722,Deaths,1.0,11.0
10626,China,2020-08-31,4723,Deaths,1.0,12.0
10627,China,2020-09-01,4724,Deaths,1.0,12.0
10628,China,2020-09-02,4727,Deaths,3.0,14.0
10629,China,2020-09-03,4728,Deaths,1.0,13.0
10630,China,2020-09-04,4728,Deaths,0.0,10.0
10631,China,2020-09-05,4728,Deaths,0.0,7.0
10632,China,2020-09-06,4730,Deaths,2.0,8.0
10633,China,2020-09-07,4732,Deaths,2.0,9.0
10634,China,2020-09-08,4733,Deaths,1.0,9.0
10635,China,2020-09-09,4733,Deaths,0.0,6.0
10636,China,2020-09-10,4733,Deaths,0.0,5.0
10637,China,2020-09-11,4733,Deaths,0.0,5.0
10638,China,2020-09-12,4734,Deaths,1.0,6.0
10639,China,2020-09-13,4734,Deaths,0.0,4.0
10640,China,2020-09-14,4735,Deaths,1.0,3.0
10641,China,2020-09-15,4736,Deaths,1.0,3.0
10642,China,2020-09-16,4736,Deaths,0.0,3.0
10643,China,2020-09-17,4736,Deaths,0.0,3.0
10644,China,2020-09-18,4737,Deaths,1.0,4.0
10645,China,2020-09-19,4737,Deaths,0.0,3.0
10646,China,2020-09-20,4737,Deaths,0.0,3.0
10647,China,2020-09-21,4737,Deaths,0.0,2.0
10648,China,2020-09-22,4737,Deaths,0.0,1.0
10649,China,2020-09-23,4738,Deaths,1.0,2.0
10650,China,2020-09-24,4738,Deaths,0.0,2.0
10651,China,2020-09-25,4739,Deaths,1.0,2.0
10652,China,2020-09-26,4739,Deaths,0.0,2.0
10653,China,2020-09-27,4739,Deaths,0.0,2.0
10654,China,2020-09-28,4739,Deaths,0.0,2.0
10655,China,2020-09-29,4739,Deaths,0.0,2.0
10656,China,2020-09-30,4739,Deaths,0.0,1.0
10657,China,2020-10-01,4739,Deaths,0.0,1.0
10658,China,2020-10-02,4739,Deaths,0.0,0.0
10659,China,2020-10-03,4739,Deaths,0.0,0.0
10660,China,2020-10-04,4739,Deaths,0.0,0.0
10661,China,2020-10-05,4739,Deaths,0.0,0.0
10662,China,2020-10-06,4739,Deaths,0.0,0.0
10663,China,2020-10-07,4739,Deaths,0.0,0.0
10664,China,2020-10-08,4739,Deaths,0.0,0.0
10665,China,2020-10-09,4739,Deaths,0.0,0.0
10666,China,2020-10-10,4739,Deaths,0.0,0.0
10667,China,2020-10-11,4739,Deaths,0.0,0.0
10668,China,2020-10-12,4739,Deaths,0.0,0.0
10669,China,2020-10-13,4739,Deaths,0.0,0.0
10670,China,2020-10-14,4739,Deaths,0.0,0.0
10671,China,2020-10-15,4739,Deaths,0.0,0.0
10672,China,2020-10-16,4739,Deaths,0.0,0.0
10673,China,2020-10-17,4739,Deaths,0.0,0.0
10674,China,2020-10-18,4739,Deaths,0.0,0.0
10675,China,2020-10-19,4739,Deaths,0.0,0.0
10676,China,2020-10-20,4739,Deaths,0.0,0.0
10677,China,2020-10-21,4739,Deaths,0.0,0.0
10678,China,2020-10-22,4739,Deaths,0.0,0.0
10679,China,2020-10-23,4739,Deaths,0.0,0.0
10680,China,2020-10-24,4739,Deaths,0.0,0.0
10681,China,2020-10-25,4739,Deaths,0.0,0.0
10682,China,2020-10-26,4739,Deaths,0.0,0.0
10683,China,2020-10-27,4739,Deaths,0.0,0.0
10684,China,2020-10-28,4739,Deaths,0.0,0.0
10685,China,2020-10-29,4739,Deaths,0.0,0.0
10686,China,2020-10-30,4739,Deaths,0.0,0.0
10687,China,2020-10-31,4739,Deaths,0.0,0.0
10688,China,2020-11-01,4739,Deaths,0.0,0.0
10689,China,2020-11-02,4739,Deaths,0.0,0.0
10690,China,2020-11-03,4739,Deaths,0.0,0.0
10691,China,2020-11-04,4740,Deaths,1.0,1.0
10692,China,2020-11-05,4741,Deaths,1.0,2.0
10693,Colombia,2020-01-22,0,Deaths,,
10694,Colombia,2020-01-23,0,Deaths,0.0,
10695,Colombia,2020-01-24,0,Deaths,0.0,
10696,Colombia,2020-01-25,0,Deaths,0.0,
10697,Colombia,2020-01-26,0,Deaths,0.0,
10698,Colombia,2020-01-27,0,Deaths,0.0,
10699,Colombia,2020-01-28,0,Deaths,0.0,
10700,Colombia,2020-01-29,0,Deaths,0.0,0.0
10701,Colombia,2020-01-30,0,Deaths,0.0,0.0
10702,Colombia,2020-01-31,0,Deaths,0.0,0.0
10703,Colombia,2020-02-01,0,Deaths,0.0,0.0
10704,Colombia,2020-02-02,0,Deaths,0.0,0.0
10705,Colombia,2020-02-03,0,Deaths,0.0,0.0
10706,Colombia,2020-02-04,0,Deaths,0.0,0.0
10707,Colombia,2020-02-05,0,Deaths,0.0,0.0
10708,Colombia,2020-02-06,0,Deaths,0.0,0.0
10709,Colombia,2020-02-07,0,Deaths,0.0,0.0
10710,Colombia,2020-02-08,0,Deaths,0.0,0.0
10711,Colombia,2020-02-09,0,Deaths,0.0,0.0
10712,Colombia,2020-02-10,0,Deaths,0.0,0.0
10713,Colombia,2020-02-11,0,Deaths,0.0,0.0
10714,Colombia,2020-02-12,0,Deaths,0.0,0.0
10715,Colombia,2020-02-13,0,Deaths,0.0,0.0
10716,Colombia,2020-02-14,0,Deaths,0.0,0.0
10717,Colombia,2020-02-15,0,Deaths,0.0,0.0
10718,Colombia,2020-02-16,0,Deaths,0.0,0.0
10719,Colombia,2020-02-17,0,Deaths,0.0,0.0
10720,Colombia,2020-02-18,0,Deaths,0.0,0.0
10721,Colombia,2020-02-19,0,Deaths,0.0,0.0
10722,Colombia,2020-02-20,0,Deaths,0.0,0.0
10723,Colombia,2020-02-21,0,Deaths,0.0,0.0
10724,Colombia,2020-02-22,0,Deaths,0.0,0.0
10725,Colombia,2020-02-23,0,Deaths,0.0,0.0
10726,Colombia,2020-02-24,0,Deaths,0.0,0.0
10727,Colombia,2020-02-25,0,Deaths,0.0,0.0
10728,Colombia,2020-02-26,0,Deaths,0.0,0.0
10729,Colombia,2020-02-27,0,Deaths,0.0,0.0
10730,Colombia,2020-02-28,0,Deaths,0.0,0.0
10731,Colombia,2020-02-29,0,Deaths,0.0,0.0
10732,Colombia,2020-03-01,0,Deaths,0.0,0.0
10733,Colombia,2020-03-02,0,Deaths,0.0,0.0
10734,Colombia,2020-03-03,0,Deaths,0.0,0.0
10735,Colombia,2020-03-04,0,Deaths,0.0,0.0
10736,Colombia,2020-03-05,0,Deaths,0.0,0.0
10737,Colombia,2020-03-06,0,Deaths,0.0,0.0
10738,Colombia,2020-03-07,0,Deaths,0.0,0.0
10739,Colombia,2020-03-08,0,Deaths,0.0,0.0
10740,Colombia,2020-03-09,0,Deaths,0.0,0.0
10741,Colombia,2020-03-10,0,Deaths,0.0,0.0
10742,Colombia,2020-03-11,0,Deaths,0.0,0.0
10743,Colombia,2020-03-12,0,Deaths,0.0,0.0
10744,Colombia,2020-03-13,0,Deaths,0.0,0.0
10745,Colombia,2020-03-14,0,Deaths,0.0,0.0
10746,Colombia,2020-03-15,0,Deaths,0.0,0.0
10747,Colombia,2020-03-16,0,Deaths,0.0,0.0
10748,Colombia,2020-03-17,0,Deaths,0.0,0.0
10749,Colombia,2020-03-18,0,Deaths,0.0,0.0
10750,Colombia,2020-03-19,0,Deaths,0.0,0.0
10751,Colombia,2020-03-20,0,Deaths,0.0,0.0
10752,Colombia,2020-03-21,0,Deaths,0.0,0.0
10753,Colombia,2020-03-22,2,Deaths,2.0,2.0
10754,Colombia,2020-03-23,3,Deaths,1.0,3.0
10755,Colombia,2020-03-24,3,Deaths,0.0,3.0
10756,Colombia,2020-03-25,4,Deaths,1.0,4.0
10757,Colombia,2020-03-26,6,Deaths,2.0,6.0
10758,Colombia,2020-03-27,6,Deaths,0.0,6.0
10759,Colombia,2020-03-28,6,Deaths,0.0,6.0
10760,Colombia,2020-03-29,10,Deaths,4.0,8.0
10761,Colombia,2020-03-30,12,Deaths,2.0,9.0
10762,Colombia,2020-03-31,16,Deaths,4.0,13.0
10763,Colombia,2020-04-01,17,Deaths,1.0,13.0
10764,Colombia,2020-04-02,19,Deaths,2.0,13.0
10765,Colombia,2020-04-03,25,Deaths,6.0,19.0
10766,Colombia,2020-04-04,32,Deaths,7.0,26.0
10767,Colombia,2020-04-05,35,Deaths,3.0,25.0
10768,Colombia,2020-04-06,46,Deaths,11.0,34.0
10769,Colombia,2020-04-07,50,Deaths,4.0,34.0
10770,Colombia,2020-04-08,54,Deaths,4.0,37.0
10771,Colombia,2020-04-09,69,Deaths,15.0,50.0
10772,Colombia,2020-04-10,80,Deaths,11.0,55.0
10773,Colombia,2020-04-11,100,Deaths,20.0,68.0
10774,Colombia,2020-04-12,109,Deaths,9.0,74.0
10775,Colombia,2020-04-13,112,Deaths,3.0,66.0
10776,Colombia,2020-04-14,127,Deaths,15.0,77.0
10777,Colombia,2020-04-15,131,Deaths,4.0,77.0
10778,Colombia,2020-04-16,144,Deaths,13.0,75.0
10779,Colombia,2020-04-17,153,Deaths,9.0,73.0
10780,Colombia,2020-04-18,166,Deaths,13.0,66.0
10781,Colombia,2020-04-19,179,Deaths,13.0,70.0
10782,Colombia,2020-04-20,189,Deaths,10.0,77.0
10783,Colombia,2020-04-21,196,Deaths,7.0,69.0
10784,Colombia,2020-04-22,206,Deaths,10.0,75.0
10785,Colombia,2020-04-23,215,Deaths,9.0,71.0
10786,Colombia,2020-04-24,225,Deaths,10.0,72.0
10787,Colombia,2020-04-25,233,Deaths,8.0,67.0
10788,Colombia,2020-04-26,244,Deaths,11.0,65.0
10789,Colombia,2020-04-27,253,Deaths,9.0,64.0
10790,Colombia,2020-04-28,269,Deaths,16.0,73.0
10791,Colombia,2020-04-29,278,Deaths,9.0,72.0
10792,Colombia,2020-04-30,293,Deaths,15.0,78.0
10793,Colombia,2020-05-01,314,Deaths,21.0,89.0
10794,Colombia,2020-05-02,324,Deaths,10.0,91.0
10795,Colombia,2020-05-03,340,Deaths,16.0,96.0
10796,Colombia,2020-05-04,358,Deaths,18.0,105.0
10797,Colombia,2020-05-05,378,Deaths,20.0,109.0
10798,Colombia,2020-05-06,397,Deaths,19.0,119.0
10799,Colombia,2020-05-07,407,Deaths,10.0,114.0
10800,Colombia,2020-05-08,428,Deaths,21.0,114.0
10801,Colombia,2020-05-09,445,Deaths,17.0,121.0
10802,Colombia,2020-05-10,463,Deaths,18.0,123.0
10803,Colombia,2020-05-11,479,Deaths,16.0,121.0
10804,Colombia,2020-05-12,493,Deaths,14.0,115.0
10805,Colombia,2020-05-13,509,Deaths,16.0,112.0
10806,Colombia,2020-05-14,525,Deaths,16.0,118.0
10807,Colombia,2020-05-15,546,Deaths,21.0,118.0
10808,Colombia,2020-05-16,562,Deaths,16.0,117.0
10809,Colombia,2020-05-17,574,Deaths,12.0,111.0
10810,Colombia,2020-05-18,592,Deaths,18.0,113.0
10811,Colombia,2020-05-19,613,Deaths,21.0,120.0
10812,Colombia,2020-05-20,630,Deaths,17.0,121.0
10813,Colombia,2020-05-21,652,Deaths,22.0,127.0
10814,Colombia,2020-05-22,682,Deaths,30.0,136.0
10815,Colombia,2020-05-23,705,Deaths,23.0,143.0
10816,Colombia,2020-05-24,727,Deaths,22.0,153.0
10817,Colombia,2020-05-25,750,Deaths,23.0,158.0
10818,Colombia,2020-05-26,776,Deaths,26.0,163.0
10819,Colombia,2020-05-27,803,Deaths,27.0,173.0
10820,Colombia,2020-05-28,822,Deaths,19.0,170.0
10821,Colombia,2020-05-29,853,Deaths,31.0,171.0
10822,Colombia,2020-05-30,890,Deaths,37.0,185.0
10823,Colombia,2020-05-31,939,Deaths,49.0,212.0
10824,Colombia,2020-06-01,969,Deaths,30.0,219.0
10825,Colombia,2020-06-02,1009,Deaths,40.0,233.0
10826,Colombia,2020-06-03,1045,Deaths,36.0,242.0
10827,Colombia,2020-06-04,1087,Deaths,42.0,265.0
10828,Colombia,2020-06-05,1145,Deaths,58.0,292.0
10829,Colombia,2020-06-06,1205,Deaths,60.0,315.0
10830,Colombia,2020-06-07,1259,Deaths,54.0,320.0
10831,Colombia,2020-06-08,1308,Deaths,49.0,339.0
10832,Colombia,2020-06-09,1372,Deaths,64.0,363.0
10833,Colombia,2020-06-10,1433,Deaths,61.0,388.0
10834,Colombia,2020-06-11,1488,Deaths,55.0,401.0
10835,Colombia,2020-06-12,1545,Deaths,57.0,400.0
10836,Colombia,2020-06-13,1592,Deaths,47.0,387.0
10837,Colombia,2020-06-14,1667,Deaths,75.0,408.0
10838,Colombia,2020-06-15,1726,Deaths,59.0,418.0
10839,Colombia,2020-06-16,1801,Deaths,75.0,429.0
10840,Colombia,2020-06-17,1864,Deaths,63.0,431.0
10841,Colombia,2020-06-18,1950,Deaths,86.0,462.0
10842,Colombia,2020-06-19,2045,Deaths,95.0,500.0
10843,Colombia,2020-06-20,2126,Deaths,81.0,534.0
10844,Colombia,2020-06-21,2237,Deaths,111.0,570.0
10845,Colombia,2020-06-22,2310,Deaths,73.0,584.0
10846,Colombia,2020-06-23,2404,Deaths,94.0,603.0
10847,Colombia,2020-06-24,2491,Deaths,87.0,627.0
10848,Colombia,2020-06-25,2654,Deaths,163.0,704.0
10849,Colombia,2020-06-26,2811,Deaths,157.0,766.0
10850,Colombia,2020-06-27,2939,Deaths,128.0,813.0
10851,Colombia,2020-06-28,3178,Deaths,239.0,941.0
10852,Colombia,2020-06-29,3274,Deaths,96.0,964.0
10853,Colombia,2020-06-30,3334,Deaths,60.0,930.0
10854,Colombia,2020-07-01,3470,Deaths,136.0,979.0
10855,Colombia,2020-07-02,3641,Deaths,171.0,987.0
10856,Colombia,2020-07-03,3777,Deaths,136.0,966.0
10857,Colombia,2020-07-04,3942,Deaths,165.0,1003.0
10858,Colombia,2020-07-05,4064,Deaths,122.0,886.0
10859,Colombia,2020-07-06,4210,Deaths,146.0,936.0
10860,Colombia,2020-07-07,4359,Deaths,149.0,1025.0
10861,Colombia,2020-07-08,4527,Deaths,168.0,1057.0
10862,Colombia,2020-07-09,4714,Deaths,187.0,1073.0
10863,Colombia,2020-07-10,4925,Deaths,211.0,1148.0
10864,Colombia,2020-07-11,5119,Deaths,194.0,1177.0
10865,Colombia,2020-07-12,5307,Deaths,188.0,1243.0
10866,Colombia,2020-07-13,5455,Deaths,148.0,1245.0
10867,Colombia,2020-07-14,5625,Deaths,170.0,1266.0
10868,Colombia,2020-07-15,5814,Deaths,189.0,1287.0
10869,Colombia,2020-07-16,6029,Deaths,215.0,1315.0
10870,Colombia,2020-07-17,6288,Deaths,259.0,1363.0
10871,Colombia,2020-07-18,6516,Deaths,228.0,1397.0
10872,Colombia,2020-07-19,6736,Deaths,220.0,1429.0
10873,Colombia,2020-07-20,6929,Deaths,193.0,1474.0
10874,Colombia,2020-07-21,7166,Deaths,237.0,1541.0
10875,Colombia,2020-07-22,7373,Deaths,207.0,1559.0
10876,Colombia,2020-07-23,7688,Deaths,315.0,1659.0
10877,Colombia,2020-07-24,7975,Deaths,287.0,1687.0
10878,Colombia,2020-07-25,8269,Deaths,294.0,1753.0
10879,Colombia,2020-07-26,8525,Deaths,256.0,1789.0
10880,Colombia,2020-07-27,8777,Deaths,252.0,1848.0
10881,Colombia,2020-07-28,9074,Deaths,297.0,1908.0
10882,Colombia,2020-07-29,9454,Deaths,380.0,2081.0
10883,Colombia,2020-07-30,9810,Deaths,356.0,2122.0
10884,Colombia,2020-07-31,10105,Deaths,295.0,2130.0
10885,Colombia,2020-08-01,10330,Deaths,225.0,2061.0
10886,Colombia,2020-08-02,10650,Deaths,320.0,2125.0
10887,Colombia,2020-08-03,11017,Deaths,367.0,2240.0
10888,Colombia,2020-08-04,11315,Deaths,298.0,2241.0
10889,Colombia,2020-08-05,11624,Deaths,309.0,2170.0
10890,Colombia,2020-08-06,11939,Deaths,315.0,2129.0
10891,Colombia,2020-08-07,12250,Deaths,311.0,2145.0
10892,Colombia,2020-08-08,12540,Deaths,290.0,2210.0
10893,Colombia,2020-08-09,12842,Deaths,302.0,2192.0
10894,Colombia,2020-08-10,13154,Deaths,312.0,2137.0
10895,Colombia,2020-08-11,13475,Deaths,321.0,2160.0
10896,Colombia,2020-08-12,13837,Deaths,362.0,2213.0
10897,Colombia,2020-08-13,14145,Deaths,308.0,2206.0
10898,Colombia,2020-08-14,14492,Deaths,347.0,2242.0
10899,Colombia,2020-08-15,14810,Deaths,318.0,2270.0
10900,Colombia,2020-08-16,15097,Deaths,287.0,2255.0
10901,Colombia,2020-08-17,15372,Deaths,275.0,2218.0
10902,Colombia,2020-08-18,15619,Deaths,247.0,2144.0
10903,Colombia,2020-08-19,15979,Deaths,360.0,2142.0
10904,Colombia,2020-08-20,16183,Deaths,204.0,2038.0
10905,Colombia,2020-08-21,16568,Deaths,385.0,2076.0
10906,Colombia,2020-08-22,16968,Deaths,400.0,2158.0
10907,Colombia,2020-08-23,17316,Deaths,348.0,2219.0
10908,Colombia,2020-08-24,17612,Deaths,296.0,2240.0
10909,Colombia,2020-08-25,17889,Deaths,277.0,2270.0
10910,Colombia,2020-08-26,18184,Deaths,295.0,2205.0
10911,Colombia,2020-08-27,18467,Deaths,283.0,2284.0
10912,Colombia,2020-08-28,18766,Deaths,299.0,2198.0
10913,Colombia,2020-08-29,19063,Deaths,297.0,2095.0
10914,Colombia,2020-08-30,19363,Deaths,300.0,2047.0
10915,Colombia,2020-08-31,19662,Deaths,299.0,2050.0
10916,Colombia,2020-09-01,20050,Deaths,388.0,2161.0
10917,Colombia,2020-09-02,20345,Deaths,295.0,2161.0
10918,Colombia,2020-09-03,20618,Deaths,273.0,2151.0
10919,Colombia,2020-09-04,20888,Deaths,270.0,2122.0
10920,Colombia,2020-09-05,21156,Deaths,268.0,2093.0
10921,Colombia,2020-09-06,21412,Deaths,256.0,2049.0
10922,Colombia,2020-09-07,21615,Deaths,203.0,1953.0
10923,Colombia,2020-09-08,21817,Deaths,202.0,1767.0
10924,Colombia,2020-09-09,22053,Deaths,236.0,1708.0
10925,Colombia,2020-09-10,22275,Deaths,222.0,1657.0
10926,Colombia,2020-09-11,22518,Deaths,243.0,1630.0
10927,Colombia,2020-09-12,22734,Deaths,216.0,1578.0
10928,Colombia,2020-09-13,22924,Deaths,190.0,1512.0
10929,Colombia,2020-09-14,23123,Deaths,199.0,1508.0
10930,Colombia,2020-09-15,23288,Deaths,165.0,1471.0
10931,Colombia,2020-09-16,23478,Deaths,190.0,1425.0
10932,Colombia,2020-09-17,23665,Deaths,187.0,1390.0
10933,Colombia,2020-09-18,23665,Deaths,0.0,1147.0
10934,Colombia,2020-09-19,24039,Deaths,374.0,1305.0
10935,Colombia,2020-09-20,24208,Deaths,169.0,1284.0
10936,Colombia,2020-09-21,24397,Deaths,189.0,1274.0
10937,Colombia,2020-09-22,24397,Deaths,0.0,1109.0
10938,Colombia,2020-09-23,24746,Deaths,349.0,1268.0
10939,Colombia,2020-09-24,24746,Deaths,0.0,1081.0
10940,Colombia,2020-09-25,25103,Deaths,357.0,1438.0
10941,Colombia,2020-09-26,25296,Deaths,193.0,1257.0
10942,Colombia,2020-09-27,25488,Deaths,192.0,1280.0
10943,Colombia,2020-09-28,25641,Deaths,153.0,1244.0
10944,Colombia,2020-09-29,25828,Deaths,187.0,1431.0
10945,Colombia,2020-09-30,25998,Deaths,170.0,1252.0
10946,Colombia,2020-10-01,26196,Deaths,198.0,1450.0
10947,Colombia,2020-10-02,26397,Deaths,201.0,1294.0
10948,Colombia,2020-10-03,26556,Deaths,159.0,1260.0
10949,Colombia,2020-10-04,26712,Deaths,156.0,1224.0
10950,Colombia,2020-10-05,26844,Deaths,132.0,1203.0
10951,Colombia,2020-10-06,27017,Deaths,173.0,1189.0
10952,Colombia,2020-10-07,27180,Deaths,163.0,1182.0
10953,Colombia,2020-10-08,27180,Deaths,0.0,984.0
10954,Colombia,2020-10-09,27495,Deaths,315.0,1098.0
10955,Colombia,2020-10-10,27660,Deaths,165.0,1104.0
10956,Colombia,2020-10-11,27834,Deaths,174.0,1122.0
10957,Colombia,2020-10-12,27985,Deaths,151.0,1141.0
10958,Colombia,2020-10-13,28141,Deaths,156.0,1124.0
10959,Colombia,2020-10-14,28306,Deaths,165.0,1126.0
10960,Colombia,2020-10-15,28457,Deaths,151.0,1277.0
10961,Colombia,2020-10-16,28616,Deaths,159.0,1121.0
10962,Colombia,2020-10-17,28803,Deaths,187.0,1143.0
10963,Colombia,2020-10-18,28970,Deaths,167.0,1136.0
10964,Colombia,2020-10-19,29102,Deaths,132.0,1117.0
10965,Colombia,2020-10-20,29272,Deaths,170.0,1131.0
10966,Colombia,2020-10-21,29464,Deaths,192.0,1158.0
10967,Colombia,2020-10-22,29637,Deaths,173.0,1180.0
10968,Colombia,2020-10-23,29802,Deaths,165.0,1186.0
10969,Colombia,2020-10-24,30000,Deaths,198.0,1197.0
10970,Colombia,2020-10-25,30154,Deaths,154.0,1184.0
10971,Colombia,2020-10-26,30348,Deaths,194.0,1246.0
10972,Colombia,2020-10-27,30565,Deaths,217.0,1293.0
10973,Colombia,2020-10-28,30753,Deaths,188.0,1289.0
10974,Colombia,2020-10-29,30926,Deaths,173.0,1289.0
10975,Colombia,2020-10-30,31135,Deaths,209.0,1333.0
10976,Colombia,2020-10-31,31314,Deaths,179.0,1314.0
10977,Colombia,2020-11-01,31515,Deaths,201.0,1361.0
10978,Colombia,2020-11-02,31653,Deaths,138.0,1305.0
10979,Colombia,2020-11-03,31847,Deaths,194.0,1282.0
10980,Colombia,2020-11-04,32013,Deaths,166.0,1260.0
10981,Colombia,2020-11-05,32209,Deaths,196.0,1283.0
10982,Comoros,2020-01-22,0,Deaths,,
10983,Comoros,2020-01-23,0,Deaths,0.0,
10984,Comoros,2020-01-24,0,Deaths,0.0,
10985,Comoros,2020-01-25,0,Deaths,0.0,
10986,Comoros,2020-01-26,0,Deaths,0.0,
10987,Comoros,2020-01-27,0,Deaths,0.0,
10988,Comoros,2020-01-28,0,Deaths,0.0,
10989,Comoros,2020-01-29,0,Deaths,0.0,0.0
10990,Comoros,2020-01-30,0,Deaths,0.0,0.0
10991,Comoros,2020-01-31,0,Deaths,0.0,0.0
10992,Comoros,2020-02-01,0,Deaths,0.0,0.0
10993,Comoros,2020-02-02,0,Deaths,0.0,0.0
10994,Comoros,2020-02-03,0,Deaths,0.0,0.0
10995,Comoros,2020-02-04,0,Deaths,0.0,0.0
10996,Comoros,2020-02-05,0,Deaths,0.0,0.0
10997,Comoros,2020-02-06,0,Deaths,0.0,0.0
10998,Comoros,2020-02-07,0,Deaths,0.0,0.0
10999,Comoros,2020-02-08,0,Deaths,0.0,0.0
11000,Comoros,2020-02-09,0,Deaths,0.0,0.0
11001,Comoros,2020-02-10,0,Deaths,0.0,0.0
11002,Comoros,2020-02-11,0,Deaths,0.0,0.0
11003,Comoros,2020-02-12,0,Deaths,0.0,0.0
11004,Comoros,2020-02-13,0,Deaths,0.0,0.0
11005,Comoros,2020-02-14,0,Deaths,0.0,0.0
11006,Comoros,2020-02-15,0,Deaths,0.0,0.0
11007,Comoros,2020-02-16,0,Deaths,0.0,0.0
11008,Comoros,2020-02-17,0,Deaths,0.0,0.0
11009,Comoros,2020-02-18,0,Deaths,0.0,0.0
11010,Comoros,2020-02-19,0,Deaths,0.0,0.0
11011,Comoros,2020-02-20,0,Deaths,0.0,0.0
11012,Comoros,2020-02-21,0,Deaths,0.0,0.0
11013,Comoros,2020-02-22,0,Deaths,0.0,0.0
11014,Comoros,2020-02-23,0,Deaths,0.0,0.0
11015,Comoros,2020-02-24,0,Deaths,0.0,0.0
11016,Comoros,2020-02-25,0,Deaths,0.0,0.0
11017,Comoros,2020-02-26,0,Deaths,0.0,0.0
11018,Comoros,2020-02-27,0,Deaths,0.0,0.0
11019,Comoros,2020-02-28,0,Deaths,0.0,0.0
11020,Comoros,2020-02-29,0,Deaths,0.0,0.0
11021,Comoros,2020-03-01,0,Deaths,0.0,0.0
11022,Comoros,2020-03-02,0,Deaths,0.0,0.0
11023,Comoros,2020-03-03,0,Deaths,0.0,0.0
11024,Comoros,2020-03-04,0,Deaths,0.0,0.0
11025,Comoros,2020-03-05,0,Deaths,0.0,0.0
11026,Comoros,2020-03-06,0,Deaths,0.0,0.0
11027,Comoros,2020-03-07,0,Deaths,0.0,0.0
11028,Comoros,2020-03-08,0,Deaths,0.0,0.0
11029,Comoros,2020-03-09,0,Deaths,0.0,0.0
11030,Comoros,2020-03-10,0,Deaths,0.0,0.0
11031,Comoros,2020-03-11,0,Deaths,0.0,0.0
11032,Comoros,2020-03-12,0,Deaths,0.0,0.0
11033,Comoros,2020-03-13,0,Deaths,0.0,0.0
11034,Comoros,2020-03-14,0,Deaths,0.0,0.0
11035,Comoros,2020-03-15,0,Deaths,0.0,0.0
11036,Comoros,2020-03-16,0,Deaths,0.0,0.0
11037,Comoros,2020-03-17,0,Deaths,0.0,0.0
11038,Comoros,2020-03-18,0,Deaths,0.0,0.0
11039,Comoros,2020-03-19,0,Deaths,0.0,0.0
11040,Comoros,2020-03-20,0,Deaths,0.0,0.0
11041,Comoros,2020-03-21,0,Deaths,0.0,0.0
11042,Comoros,2020-03-22,0,Deaths,0.0,0.0
11043,Comoros,2020-03-23,0,Deaths,0.0,0.0
11044,Comoros,2020-03-24,0,Deaths,0.0,0.0
11045,Comoros,2020-03-25,0,Deaths,0.0,0.0
11046,Comoros,2020-03-26,0,Deaths,0.0,0.0
11047,Comoros,2020-03-27,0,Deaths,0.0,0.0
11048,Comoros,2020-03-28,0,Deaths,0.0,0.0
11049,Comoros,2020-03-29,0,Deaths,0.0,0.0
11050,Comoros,2020-03-30,0,Deaths,0.0,0.0
11051,Comoros,2020-03-31,0,Deaths,0.0,0.0
11052,Comoros,2020-04-01,0,Deaths,0.0,0.0
11053,Comoros,2020-04-02,0,Deaths,0.0,0.0
11054,Comoros,2020-04-03,0,Deaths,0.0,0.0
11055,Comoros,2020-04-04,0,Deaths,0.0,0.0
11056,Comoros,2020-04-05,0,Deaths,0.0,0.0
11057,Comoros,2020-04-06,0,Deaths,0.0,0.0
11058,Comoros,2020-04-07,0,Deaths,0.0,0.0
11059,Comoros,2020-04-08,0,Deaths,0.0,0.0
11060,Comoros,2020-04-09,0,Deaths,0.0,0.0
11061,Comoros,2020-04-10,0,Deaths,0.0,0.0
11062,Comoros,2020-04-11,0,Deaths,0.0,0.0
11063,Comoros,2020-04-12,0,Deaths,0.0,0.0
11064,Comoros,2020-04-13,0,Deaths,0.0,0.0
11065,Comoros,2020-04-14,0,Deaths,0.0,0.0
11066,Comoros,2020-04-15,0,Deaths,0.0,0.0
11067,Comoros,2020-04-16,0,Deaths,0.0,0.0
11068,Comoros,2020-04-17,0,Deaths,0.0,0.0
11069,Comoros,2020-04-18,0,Deaths,0.0,0.0
11070,Comoros,2020-04-19,0,Deaths,0.0,0.0
11071,Comoros,2020-04-20,0,Deaths,0.0,0.0
11072,Comoros,2020-04-21,0,Deaths,0.0,0.0
11073,Comoros,2020-04-22,0,Deaths,0.0,0.0
11074,Comoros,2020-04-23,0,Deaths,0.0,0.0
11075,Comoros,2020-04-24,0,Deaths,0.0,0.0
11076,Comoros,2020-04-25,0,Deaths,0.0,0.0
11077,Comoros,2020-04-26,0,Deaths,0.0,0.0
11078,Comoros,2020-04-27,0,Deaths,0.0,0.0
11079,Comoros,2020-04-28,0,Deaths,0.0,0.0
11080,Comoros,2020-04-29,0,Deaths,0.0,0.0
11081,Comoros,2020-04-30,0,Deaths,0.0,0.0
11082,Comoros,2020-05-01,0,Deaths,0.0,0.0
11083,Comoros,2020-05-02,0,Deaths,0.0,0.0
11084,Comoros,2020-05-03,0,Deaths,0.0,0.0
11085,Comoros,2020-05-04,0,Deaths,0.0,0.0
11086,Comoros,2020-05-05,0,Deaths,0.0,0.0
11087,Comoros,2020-05-06,1,Deaths,1.0,1.0
11088,Comoros,2020-05-07,1,Deaths,0.0,1.0
11089,Comoros,2020-05-08,1,Deaths,0.0,1.0
11090,Comoros,2020-05-09,1,Deaths,0.0,1.0
11091,Comoros,2020-05-10,1,Deaths,0.0,1.0
11092,Comoros,2020-05-11,1,Deaths,0.0,1.0
11093,Comoros,2020-05-12,1,Deaths,0.0,1.0
11094,Comoros,2020-05-13,1,Deaths,0.0,0.0
11095,Comoros,2020-05-14,1,Deaths,0.0,0.0
11096,Comoros,2020-05-15,1,Deaths,0.0,0.0
11097,Comoros,2020-05-16,1,Deaths,0.0,0.0
11098,Comoros,2020-05-17,1,Deaths,0.0,0.0
11099,Comoros,2020-05-18,1,Deaths,0.0,0.0
11100,Comoros,2020-05-19,1,Deaths,0.0,0.0
11101,Comoros,2020-05-20,1,Deaths,0.0,0.0
11102,Comoros,2020-05-21,1,Deaths,0.0,0.0
11103,Comoros,2020-05-22,1,Deaths,0.0,0.0
11104,Comoros,2020-05-23,1,Deaths,0.0,0.0
11105,Comoros,2020-05-24,1,Deaths,0.0,0.0
11106,Comoros,2020-05-25,1,Deaths,0.0,0.0
11107,Comoros,2020-05-26,1,Deaths,0.0,0.0
11108,Comoros,2020-05-27,2,Deaths,1.0,1.0
11109,Comoros,2020-05-28,2,Deaths,0.0,1.0
11110,Comoros,2020-05-29,2,Deaths,0.0,1.0
11111,Comoros,2020-05-30,2,Deaths,0.0,1.0
11112,Comoros,2020-05-31,2,Deaths,0.0,1.0
11113,Comoros,2020-06-01,2,Deaths,0.0,1.0
11114,Comoros,2020-06-02,2,Deaths,0.0,1.0
11115,Comoros,2020-06-03,2,Deaths,0.0,0.0
11116,Comoros,2020-06-04,2,Deaths,0.0,0.0
11117,Comoros,2020-06-05,2,Deaths,0.0,0.0
11118,Comoros,2020-06-06,2,Deaths,0.0,0.0
11119,Comoros,2020-06-07,2,Deaths,0.0,0.0
11120,Comoros,2020-06-08,2,Deaths,0.0,0.0
11121,Comoros,2020-06-09,2,Deaths,0.0,0.0
11122,Comoros,2020-06-10,2,Deaths,0.0,0.0
11123,Comoros,2020-06-11,2,Deaths,0.0,0.0
11124,Comoros,2020-06-12,2,Deaths,0.0,0.0
11125,Comoros,2020-06-13,2,Deaths,0.0,0.0
11126,Comoros,2020-06-14,2,Deaths,0.0,0.0
11127,Comoros,2020-06-15,2,Deaths,0.0,0.0
11128,Comoros,2020-06-16,3,Deaths,1.0,1.0
11129,Comoros,2020-06-17,3,Deaths,0.0,1.0
11130,Comoros,2020-06-18,5,Deaths,2.0,3.0
11131,Comoros,2020-06-19,5,Deaths,0.0,3.0
11132,Comoros,2020-06-20,5,Deaths,0.0,3.0
11133,Comoros,2020-06-21,5,Deaths,0.0,3.0
11134,Comoros,2020-06-22,5,Deaths,0.0,3.0
11135,Comoros,2020-06-23,7,Deaths,2.0,4.0
11136,Comoros,2020-06-24,7,Deaths,0.0,4.0
11137,Comoros,2020-06-25,7,Deaths,0.0,2.0
11138,Comoros,2020-06-26,7,Deaths,0.0,2.0
11139,Comoros,2020-06-27,7,Deaths,0.0,2.0
11140,Comoros,2020-06-28,7,Deaths,0.0,2.0
11141,Comoros,2020-06-29,7,Deaths,0.0,2.0
11142,Comoros,2020-06-30,7,Deaths,0.0,0.0
11143,Comoros,2020-07-01,7,Deaths,0.0,0.0
11144,Comoros,2020-07-02,7,Deaths,0.0,0.0
11145,Comoros,2020-07-03,7,Deaths,0.0,0.0
11146,Comoros,2020-07-04,7,Deaths,0.0,0.0
11147,Comoros,2020-07-05,7,Deaths,0.0,0.0
11148,Comoros,2020-07-06,7,Deaths,0.0,0.0
11149,Comoros,2020-07-07,7,Deaths,0.0,0.0
11150,Comoros,2020-07-08,7,Deaths,0.0,0.0
11151,Comoros,2020-07-09,7,Deaths,0.0,0.0
11152,Comoros,2020-07-10,7,Deaths,0.0,0.0
11153,Comoros,2020-07-11,7,Deaths,0.0,0.0
11154,Comoros,2020-07-12,7,Deaths,0.0,0.0
11155,Comoros,2020-07-13,7,Deaths,0.0,0.0
11156,Comoros,2020-07-14,7,Deaths,0.0,0.0
11157,Comoros,2020-07-15,7,Deaths,0.0,0.0
11158,Comoros,2020-07-16,7,Deaths,0.0,0.0
11159,Comoros,2020-07-17,7,Deaths,0.0,0.0
11160,Comoros,2020-07-18,7,Deaths,0.0,0.0
11161,Comoros,2020-07-19,7,Deaths,0.0,0.0
11162,Comoros,2020-07-20,7,Deaths,0.0,0.0
11163,Comoros,2020-07-21,7,Deaths,0.0,0.0
11164,Comoros,2020-07-22,7,Deaths,0.0,0.0
11165,Comoros,2020-07-23,7,Deaths,0.0,0.0
11166,Comoros,2020-07-24,7,Deaths,0.0,0.0
11167,Comoros,2020-07-25,7,Deaths,0.0,0.0
11168,Comoros,2020-07-26,7,Deaths,0.0,0.0
11169,Comoros,2020-07-27,7,Deaths,0.0,0.0
11170,Comoros,2020-07-28,7,Deaths,0.0,0.0
11171,Comoros,2020-07-29,7,Deaths,0.0,0.0
11172,Comoros,2020-07-30,7,Deaths,0.0,0.0
11173,Comoros,2020-07-31,7,Deaths,0.0,0.0
11174,Comoros,2020-08-01,7,Deaths,0.0,0.0
11175,Comoros,2020-08-02,7,Deaths,0.0,0.0
11176,Comoros,2020-08-03,7,Deaths,0.0,0.0
11177,Comoros,2020-08-04,7,Deaths,0.0,0.0
11178,Comoros,2020-08-05,7,Deaths,0.0,0.0
11179,Comoros,2020-08-06,7,Deaths,0.0,0.0
11180,Comoros,2020-08-07,7,Deaths,0.0,0.0
11181,Comoros,2020-08-08,7,Deaths,0.0,0.0
11182,Comoros,2020-08-09,7,Deaths,0.0,0.0
11183,Comoros,2020-08-10,7,Deaths,0.0,0.0
11184,Comoros,2020-08-11,7,Deaths,0.0,0.0
11185,Comoros,2020-08-12,7,Deaths,0.0,0.0
11186,Comoros,2020-08-13,7,Deaths,0.0,0.0
11187,Comoros,2020-08-14,7,Deaths,0.0,0.0
11188,Comoros,2020-08-15,7,Deaths,0.0,0.0
11189,Comoros,2020-08-16,7,Deaths,0.0,0.0
11190,Comoros,2020-08-17,7,Deaths,0.0,0.0
11191,Comoros,2020-08-18,7,Deaths,0.0,0.0
11192,Comoros,2020-08-19,7,Deaths,0.0,0.0
11193,Comoros,2020-08-20,7,Deaths,0.0,0.0
11194,Comoros,2020-08-21,7,Deaths,0.0,0.0
11195,Comoros,2020-08-22,7,Deaths,0.0,0.0
11196,Comoros,2020-08-23,7,Deaths,0.0,0.0
11197,Comoros,2020-08-24,7,Deaths,0.0,0.0
11198,Comoros,2020-08-25,7,Deaths,0.0,0.0
11199,Comoros,2020-08-26,7,Deaths,0.0,0.0
11200,Comoros,2020-08-27,7,Deaths,0.0,0.0
11201,Comoros,2020-08-28,7,Deaths,0.0,0.0
11202,Comoros,2020-08-29,7,Deaths,0.0,0.0
11203,Comoros,2020-08-30,7,Deaths,0.0,0.0
11204,Comoros,2020-08-31,7,Deaths,0.0,0.0
11205,Comoros,2020-09-01,7,Deaths,0.0,0.0
11206,Comoros,2020-09-02,7,Deaths,0.0,0.0
11207,Comoros,2020-09-03,7,Deaths,0.0,0.0
11208,Comoros,2020-09-04,7,Deaths,0.0,0.0
11209,Comoros,2020-09-05,7,Deaths,0.0,0.0
11210,Comoros,2020-09-06,7,Deaths,0.0,0.0
11211,Comoros,2020-09-07,7,Deaths,0.0,0.0
11212,Comoros,2020-09-08,7,Deaths,0.0,0.0
11213,Comoros,2020-09-09,7,Deaths,0.0,0.0
11214,Comoros,2020-09-10,7,Deaths,0.0,0.0
11215,Comoros,2020-09-11,7,Deaths,0.0,0.0
11216,Comoros,2020-09-12,7,Deaths,0.0,0.0
11217,Comoros,2020-09-13,7,Deaths,0.0,0.0
11218,Comoros,2020-09-14,7,Deaths,0.0,0.0
11219,Comoros,2020-09-15,7,Deaths,0.0,0.0
11220,Comoros,2020-09-16,7,Deaths,0.0,0.0
11221,Comoros,2020-09-17,7,Deaths,0.0,0.0
11222,Comoros,2020-09-18,7,Deaths,0.0,0.0
11223,Comoros,2020-09-19,7,Deaths,0.0,0.0
11224,Comoros,2020-09-20,7,Deaths,0.0,0.0
11225,Comoros,2020-09-21,7,Deaths,0.0,0.0
11226,Comoros,2020-09-22,7,Deaths,0.0,0.0
11227,Comoros,2020-09-23,7,Deaths,0.0,0.0
11228,Comoros,2020-09-24,7,Deaths,0.0,0.0
11229,Comoros,2020-09-25,7,Deaths,0.0,0.0
11230,Comoros,2020-09-26,7,Deaths,0.0,0.0
11231,Comoros,2020-09-27,7,Deaths,0.0,0.0
11232,Comoros,2020-09-28,7,Deaths,0.0,0.0
11233,Comoros,2020-09-29,7,Deaths,0.0,0.0
11234,Comoros,2020-09-30,7,Deaths,0.0,0.0
11235,Comoros,2020-10-01,7,Deaths,0.0,0.0
11236,Comoros,2020-10-02,7,Deaths,0.0,0.0
11237,Comoros,2020-10-03,7,Deaths,0.0,0.0
11238,Comoros,2020-10-04,7,Deaths,0.0,0.0
11239,Comoros,2020-10-05,7,Deaths,0.0,0.0
11240,Comoros,2020-10-06,7,Deaths,0.0,0.0
11241,Comoros,2020-10-07,7,Deaths,0.0,0.0
11242,Comoros,2020-10-08,7,Deaths,0.0,0.0
11243,Comoros,2020-10-09,7,Deaths,0.0,0.0
11244,Comoros,2020-10-10,7,Deaths,0.0,0.0
11245,Comoros,2020-10-11,7,Deaths,0.0,0.0
11246,Comoros,2020-10-12,7,Deaths,0.0,0.0
11247,Comoros,2020-10-13,7,Deaths,0.0,0.0
11248,Comoros,2020-10-14,7,Deaths,0.0,0.0
11249,Comoros,2020-10-15,7,Deaths,0.0,0.0
11250,Comoros,2020-10-16,7,Deaths,0.0,0.0
11251,Comoros,2020-10-17,7,Deaths,0.0,0.0
11252,Comoros,2020-10-18,7,Deaths,0.0,0.0
11253,Comoros,2020-10-19,7,Deaths,0.0,0.0
11254,Comoros,2020-10-20,7,Deaths,0.0,0.0
11255,Comoros,2020-10-21,7,Deaths,0.0,0.0
11256,Comoros,2020-10-22,7,Deaths,0.0,0.0
11257,Comoros,2020-10-23,7,Deaths,0.0,0.0
11258,Comoros,2020-10-24,7,Deaths,0.0,0.0
11259,Comoros,2020-10-25,7,Deaths,0.0,0.0
11260,Comoros,2020-10-26,7,Deaths,0.0,0.0
11261,Comoros,2020-10-27,7,Deaths,0.0,0.0
11262,Comoros,2020-10-28,7,Deaths,0.0,0.0
11263,Comoros,2020-10-29,7,Deaths,0.0,0.0
11264,Comoros,2020-10-30,7,Deaths,0.0,0.0
11265,Comoros,2020-10-31,7,Deaths,0.0,0.0
11266,Comoros,2020-11-01,7,Deaths,0.0,0.0
11267,Comoros,2020-11-02,7,Deaths,0.0,0.0
11268,Comoros,2020-11-03,7,Deaths,0.0,0.0
11269,Comoros,2020-11-04,7,Deaths,0.0,0.0
11270,Comoros,2020-11-05,7,Deaths,0.0,0.0
11271,Congo (Brazzaville),2020-01-22,0,Deaths,,
11272,Congo (Brazzaville),2020-01-23,0,Deaths,0.0,
11273,Congo (Brazzaville),2020-01-24,0,Deaths,0.0,
11274,Congo (Brazzaville),2020-01-25,0,Deaths,0.0,
11275,Congo (Brazzaville),2020-01-26,0,Deaths,0.0,
11276,Congo (Brazzaville),2020-01-27,0,Deaths,0.0,
11277,Congo (Brazzaville),2020-01-28,0,Deaths,0.0,
11278,Congo (Brazzaville),2020-01-29,0,Deaths,0.0,0.0
11279,Congo (Brazzaville),2020-01-30,0,Deaths,0.0,0.0
11280,Congo (Brazzaville),2020-01-31,0,Deaths,0.0,0.0
11281,Congo (Brazzaville),2020-02-01,0,Deaths,0.0,0.0
11282,Congo (Brazzaville),2020-02-02,0,Deaths,0.0,0.0
11283,Congo (Brazzaville),2020-02-03,0,Deaths,0.0,0.0
11284,Congo (Brazzaville),2020-02-04,0,Deaths,0.0,0.0
11285,Congo (Brazzaville),2020-02-05,0,Deaths,0.0,0.0
11286,Congo (Brazzaville),2020-02-06,0,Deaths,0.0,0.0
11287,Congo (Brazzaville),2020-02-07,0,Deaths,0.0,0.0
11288,Congo (Brazzaville),2020-02-08,0,Deaths,0.0,0.0
11289,Congo (Brazzaville),2020-02-09,0,Deaths,0.0,0.0
11290,Congo (Brazzaville),2020-02-10,0,Deaths,0.0,0.0
11291,Congo (Brazzaville),2020-02-11,0,Deaths,0.0,0.0
11292,Congo (Brazzaville),2020-02-12,0,Deaths,0.0,0.0
11293,Congo (Brazzaville),2020-02-13,0,Deaths,0.0,0.0
11294,Congo (Brazzaville),2020-02-14,0,Deaths,0.0,0.0
11295,Congo (Brazzaville),2020-02-15,0,Deaths,0.0,0.0
11296,Congo (Brazzaville),2020-02-16,0,Deaths,0.0,0.0
11297,Congo (Brazzaville),2020-02-17,0,Deaths,0.0,0.0
11298,Congo (Brazzaville),2020-02-18,0,Deaths,0.0,0.0
11299,Congo (Brazzaville),2020-02-19,0,Deaths,0.0,0.0
11300,Congo (Brazzaville),2020-02-20,0,Deaths,0.0,0.0
11301,Congo (Brazzaville),2020-02-21,0,Deaths,0.0,0.0
11302,Congo (Brazzaville),2020-02-22,0,Deaths,0.0,0.0
11303,Congo (Brazzaville),2020-02-23,0,Deaths,0.0,0.0
11304,Congo (Brazzaville),2020-02-24,0,Deaths,0.0,0.0
11305,Congo (Brazzaville),2020-02-25,0,Deaths,0.0,0.0
11306,Congo (Brazzaville),2020-02-26,0,Deaths,0.0,0.0
11307,Congo (Brazzaville),2020-02-27,0,Deaths,0.0,0.0
11308,Congo (Brazzaville),2020-02-28,0,Deaths,0.0,0.0
11309,Congo (Brazzaville),2020-02-29,0,Deaths,0.0,0.0
11310,Congo (Brazzaville),2020-03-01,0,Deaths,0.0,0.0
11311,Congo (Brazzaville),2020-03-02,0,Deaths,0.0,0.0
11312,Congo (Brazzaville),2020-03-03,0,Deaths,0.0,0.0
11313,Congo (Brazzaville),2020-03-04,0,Deaths,0.0,0.0
11314,Congo (Brazzaville),2020-03-05,0,Deaths,0.0,0.0
11315,Congo (Brazzaville),2020-03-06,0,Deaths,0.0,0.0
11316,Congo (Brazzaville),2020-03-07,0,Deaths,0.0,0.0
11317,Congo (Brazzaville),2020-03-08,0,Deaths,0.0,0.0
11318,Congo (Brazzaville),2020-03-09,0,Deaths,0.0,0.0
11319,Congo (Brazzaville),2020-03-10,0,Deaths,0.0,0.0
11320,Congo (Brazzaville),2020-03-11,0,Deaths,0.0,0.0
11321,Congo (Brazzaville),2020-03-12,0,Deaths,0.0,0.0
11322,Congo (Brazzaville),2020-03-13,0,Deaths,0.0,0.0
11323,Congo (Brazzaville),2020-03-14,0,Deaths,0.0,0.0
11324,Congo (Brazzaville),2020-03-15,0,Deaths,0.0,0.0
11325,Congo (Brazzaville),2020-03-16,0,Deaths,0.0,0.0
11326,Congo (Brazzaville),2020-03-17,0,Deaths,0.0,0.0
11327,Congo (Brazzaville),2020-03-18,0,Deaths,0.0,0.0
11328,Congo (Brazzaville),2020-03-19,0,Deaths,0.0,0.0
11329,Congo (Brazzaville),2020-03-20,0,Deaths,0.0,0.0
11330,Congo (Brazzaville),2020-03-21,0,Deaths,0.0,0.0
11331,Congo (Brazzaville),2020-03-22,0,Deaths,0.0,0.0
11332,Congo (Brazzaville),2020-03-23,0,Deaths,0.0,0.0
11333,Congo (Brazzaville),2020-03-24,0,Deaths,0.0,0.0
11334,Congo (Brazzaville),2020-03-25,0,Deaths,0.0,0.0
11335,Congo (Brazzaville),2020-03-26,0,Deaths,0.0,0.0
11336,Congo (Brazzaville),2020-03-27,0,Deaths,0.0,0.0
11337,Congo (Brazzaville),2020-03-28,0,Deaths,0.0,0.0
11338,Congo (Brazzaville),2020-03-29,0,Deaths,0.0,0.0
11339,Congo (Brazzaville),2020-03-30,0,Deaths,0.0,0.0
11340,Congo (Brazzaville),2020-03-31,0,Deaths,0.0,0.0
11341,Congo (Brazzaville),2020-04-01,0,Deaths,0.0,0.0
11342,Congo (Brazzaville),2020-04-02,2,Deaths,2.0,2.0
11343,Congo (Brazzaville),2020-04-03,2,Deaths,0.0,2.0
11344,Congo (Brazzaville),2020-04-04,2,Deaths,0.0,2.0
11345,Congo (Brazzaville),2020-04-05,5,Deaths,3.0,5.0
11346,Congo (Brazzaville),2020-04-06,5,Deaths,0.0,5.0
11347,Congo (Brazzaville),2020-04-07,5,Deaths,0.0,5.0
11348,Congo (Brazzaville),2020-04-08,5,Deaths,0.0,5.0
11349,Congo (Brazzaville),2020-04-09,5,Deaths,0.0,3.0
11350,Congo (Brazzaville),2020-04-10,5,Deaths,0.0,3.0
11351,Congo (Brazzaville),2020-04-11,5,Deaths,0.0,3.0
11352,Congo (Brazzaville),2020-04-12,5,Deaths,0.0,0.0
11353,Congo (Brazzaville),2020-04-13,5,Deaths,0.0,0.0
11354,Congo (Brazzaville),2020-04-14,5,Deaths,0.0,0.0
11355,Congo (Brazzaville),2020-04-15,5,Deaths,0.0,0.0
11356,Congo (Brazzaville),2020-04-16,5,Deaths,0.0,0.0
11357,Congo (Brazzaville),2020-04-17,6,Deaths,1.0,1.0
11358,Congo (Brazzaville),2020-04-18,6,Deaths,0.0,1.0
11359,Congo (Brazzaville),2020-04-19,6,Deaths,0.0,1.0
11360,Congo (Brazzaville),2020-04-20,6,Deaths,0.0,1.0
11361,Congo (Brazzaville),2020-04-21,6,Deaths,0.0,1.0
11362,Congo (Brazzaville),2020-04-22,6,Deaths,0.0,1.0
11363,Congo (Brazzaville),2020-04-23,6,Deaths,0.0,1.0
11364,Congo (Brazzaville),2020-04-24,6,Deaths,0.0,0.0
11365,Congo (Brazzaville),2020-04-25,6,Deaths,0.0,0.0
11366,Congo (Brazzaville),2020-04-26,6,Deaths,0.0,0.0
11367,Congo (Brazzaville),2020-04-27,6,Deaths,0.0,0.0
11368,Congo (Brazzaville),2020-04-28,8,Deaths,2.0,2.0
11369,Congo (Brazzaville),2020-04-29,8,Deaths,0.0,2.0
11370,Congo (Brazzaville),2020-04-30,9,Deaths,1.0,3.0
11371,Congo (Brazzaville),2020-05-01,9,Deaths,0.0,3.0
11372,Congo (Brazzaville),2020-05-02,9,Deaths,0.0,3.0
11373,Congo (Brazzaville),2020-05-03,9,Deaths,0.0,3.0
11374,Congo (Brazzaville),2020-05-04,10,Deaths,1.0,4.0
11375,Congo (Brazzaville),2020-05-05,10,Deaths,0.0,2.0
11376,Congo (Brazzaville),2020-05-06,10,Deaths,0.0,2.0
11377,Congo (Brazzaville),2020-05-07,10,Deaths,0.0,1.0
11378,Congo (Brazzaville),2020-05-08,10,Deaths,0.0,1.0
11379,Congo (Brazzaville),2020-05-09,10,Deaths,0.0,1.0
11380,Congo (Brazzaville),2020-05-10,10,Deaths,0.0,1.0
11381,Congo (Brazzaville),2020-05-11,11,Deaths,1.0,1.0
11382,Congo (Brazzaville),2020-05-12,11,Deaths,0.0,1.0
11383,Congo (Brazzaville),2020-05-13,11,Deaths,0.0,1.0
11384,Congo (Brazzaville),2020-05-14,15,Deaths,4.0,5.0
11385,Congo (Brazzaville),2020-05-15,15,Deaths,0.0,5.0
11386,Congo (Brazzaville),2020-05-16,15,Deaths,0.0,5.0
11387,Congo (Brazzaville),2020-05-17,15,Deaths,0.0,5.0
11388,Congo (Brazzaville),2020-05-18,15,Deaths,0.0,4.0
11389,Congo (Brazzaville),2020-05-19,15,Deaths,0.0,4.0
11390,Congo (Brazzaville),2020-05-20,15,Deaths,0.0,4.0
11391,Congo (Brazzaville),2020-05-21,16,Deaths,1.0,1.0
11392,Congo (Brazzaville),2020-05-22,16,Deaths,0.0,1.0
11393,Congo (Brazzaville),2020-05-23,16,Deaths,0.0,1.0
11394,Congo (Brazzaville),2020-05-24,16,Deaths,0.0,1.0
11395,Congo (Brazzaville),2020-05-25,16,Deaths,0.0,1.0
11396,Congo (Brazzaville),2020-05-26,16,Deaths,0.0,1.0
11397,Congo (Brazzaville),2020-05-27,19,Deaths,3.0,4.0
11398,Congo (Brazzaville),2020-05-28,19,Deaths,0.0,3.0
11399,Congo (Brazzaville),2020-05-29,19,Deaths,0.0,3.0
11400,Congo (Brazzaville),2020-05-30,19,Deaths,0.0,3.0
11401,Congo (Brazzaville),2020-05-31,20,Deaths,1.0,4.0
11402,Congo (Brazzaville),2020-06-01,20,Deaths,0.0,4.0
11403,Congo (Brazzaville),2020-06-02,20,Deaths,0.0,4.0
11404,Congo (Brazzaville),2020-06-03,20,Deaths,0.0,1.0
11405,Congo (Brazzaville),2020-06-04,20,Deaths,0.0,1.0
11406,Congo (Brazzaville),2020-06-05,20,Deaths,0.0,1.0
11407,Congo (Brazzaville),2020-06-06,22,Deaths,2.0,3.0
11408,Congo (Brazzaville),2020-06-07,22,Deaths,0.0,2.0
11409,Congo (Brazzaville),2020-06-08,22,Deaths,0.0,2.0
11410,Congo (Brazzaville),2020-06-09,24,Deaths,2.0,4.0
11411,Congo (Brazzaville),2020-06-10,24,Deaths,0.0,4.0
11412,Congo (Brazzaville),2020-06-11,24,Deaths,0.0,4.0
11413,Congo (Brazzaville),2020-06-12,24,Deaths,0.0,4.0
11414,Congo (Brazzaville),2020-06-13,24,Deaths,0.0,2.0
11415,Congo (Brazzaville),2020-06-14,24,Deaths,0.0,2.0
11416,Congo (Brazzaville),2020-06-15,27,Deaths,3.0,5.0
11417,Congo (Brazzaville),2020-06-16,27,Deaths,0.0,3.0
11418,Congo (Brazzaville),2020-06-17,27,Deaths,0.0,3.0
11419,Congo (Brazzaville),2020-06-18,27,Deaths,0.0,3.0
11420,Congo (Brazzaville),2020-06-19,27,Deaths,0.0,3.0
11421,Congo (Brazzaville),2020-06-20,27,Deaths,0.0,3.0
11422,Congo (Brazzaville),2020-06-21,27,Deaths,0.0,3.0
11423,Congo (Brazzaville),2020-06-22,37,Deaths,10.0,10.0
11424,Congo (Brazzaville),2020-06-23,37,Deaths,0.0,10.0
11425,Congo (Brazzaville),2020-06-24,37,Deaths,0.0,10.0
11426,Congo (Brazzaville),2020-06-25,37,Deaths,0.0,10.0
11427,Congo (Brazzaville),2020-06-26,37,Deaths,0.0,10.0
11428,Congo (Brazzaville),2020-06-27,37,Deaths,0.0,10.0
11429,Congo (Brazzaville),2020-06-28,37,Deaths,0.0,10.0
11430,Congo (Brazzaville),2020-06-29,37,Deaths,0.0,0.0
11431,Congo (Brazzaville),2020-06-30,37,Deaths,0.0,0.0
11432,Congo (Brazzaville),2020-07-01,41,Deaths,4.0,4.0
11433,Congo (Brazzaville),2020-07-02,41,Deaths,0.0,4.0
11434,Congo (Brazzaville),2020-07-03,44,Deaths,3.0,7.0
11435,Congo (Brazzaville),2020-07-04,44,Deaths,0.0,7.0
11436,Congo (Brazzaville),2020-07-05,44,Deaths,0.0,7.0
11437,Congo (Brazzaville),2020-07-06,44,Deaths,0.0,7.0
11438,Congo (Brazzaville),2020-07-07,44,Deaths,0.0,7.0
11439,Congo (Brazzaville),2020-07-08,47,Deaths,3.0,6.0
11440,Congo (Brazzaville),2020-07-09,47,Deaths,0.0,6.0
11441,Congo (Brazzaville),2020-07-10,47,Deaths,0.0,3.0
11442,Congo (Brazzaville),2020-07-11,47,Deaths,0.0,3.0
11443,Congo (Brazzaville),2020-07-12,47,Deaths,0.0,3.0
11444,Congo (Brazzaville),2020-07-13,47,Deaths,0.0,3.0
11445,Congo (Brazzaville),2020-07-14,47,Deaths,0.0,3.0
11446,Congo (Brazzaville),2020-07-15,47,Deaths,0.0,0.0
11447,Congo (Brazzaville),2020-07-16,48,Deaths,1.0,1.0
11448,Congo (Brazzaville),2020-07-17,49,Deaths,1.0,2.0
11449,Congo (Brazzaville),2020-07-18,49,Deaths,0.0,2.0
11450,Congo (Brazzaville),2020-07-19,49,Deaths,0.0,2.0
11451,Congo (Brazzaville),2020-07-20,50,Deaths,1.0,3.0
11452,Congo (Brazzaville),2020-07-21,50,Deaths,0.0,3.0
11453,Congo (Brazzaville),2020-07-22,50,Deaths,0.0,3.0
11454,Congo (Brazzaville),2020-07-23,50,Deaths,0.0,2.0
11455,Congo (Brazzaville),2020-07-24,51,Deaths,1.0,2.0
11456,Congo (Brazzaville),2020-07-25,51,Deaths,0.0,2.0
11457,Congo (Brazzaville),2020-07-26,51,Deaths,0.0,2.0
11458,Congo (Brazzaville),2020-07-27,54,Deaths,3.0,4.0
11459,Congo (Brazzaville),2020-07-28,54,Deaths,0.0,4.0
11460,Congo (Brazzaville),2020-07-29,54,Deaths,0.0,4.0
11461,Congo (Brazzaville),2020-07-30,54,Deaths,0.0,4.0
11462,Congo (Brazzaville),2020-07-31,54,Deaths,0.0,3.0
11463,Congo (Brazzaville),2020-08-01,54,Deaths,0.0,3.0
11464,Congo (Brazzaville),2020-08-02,54,Deaths,0.0,3.0
11465,Congo (Brazzaville),2020-08-03,58,Deaths,4.0,4.0
11466,Congo (Brazzaville),2020-08-04,58,Deaths,0.0,4.0
11467,Congo (Brazzaville),2020-08-05,58,Deaths,0.0,4.0
11468,Congo (Brazzaville),2020-08-06,58,Deaths,0.0,4.0
11469,Congo (Brazzaville),2020-08-07,58,Deaths,0.0,4.0
11470,Congo (Brazzaville),2020-08-08,58,Deaths,0.0,4.0
11471,Congo (Brazzaville),2020-08-09,58,Deaths,0.0,4.0
11472,Congo (Brazzaville),2020-08-10,58,Deaths,0.0,0.0
11473,Congo (Brazzaville),2020-08-11,60,Deaths,2.0,2.0
11474,Congo (Brazzaville),2020-08-12,60,Deaths,0.0,2.0
11475,Congo (Brazzaville),2020-08-13,60,Deaths,0.0,2.0
11476,Congo (Brazzaville),2020-08-14,60,Deaths,0.0,2.0
11477,Congo (Brazzaville),2020-08-15,60,Deaths,0.0,2.0
11478,Congo (Brazzaville),2020-08-16,76,Deaths,16.0,18.0
11479,Congo (Brazzaville),2020-08-17,76,Deaths,0.0,18.0
11480,Congo (Brazzaville),2020-08-18,76,Deaths,0.0,16.0
11481,Congo (Brazzaville),2020-08-19,77,Deaths,1.0,17.0
11482,Congo (Brazzaville),2020-08-20,77,Deaths,0.0,17.0
11483,Congo (Brazzaville),2020-08-21,77,Deaths,0.0,17.0
11484,Congo (Brazzaville),2020-08-22,77,Deaths,0.0,17.0
11485,Congo (Brazzaville),2020-08-23,77,Deaths,0.0,1.0
11486,Congo (Brazzaville),2020-08-24,78,Deaths,1.0,2.0
11487,Congo (Brazzaville),2020-08-25,78,Deaths,0.0,2.0
11488,Congo (Brazzaville),2020-08-26,78,Deaths,0.0,1.0
11489,Congo (Brazzaville),2020-08-27,78,Deaths,0.0,1.0
11490,Congo (Brazzaville),2020-08-28,78,Deaths,0.0,1.0
11491,Congo (Brazzaville),2020-08-29,78,Deaths,0.0,1.0
11492,Congo (Brazzaville),2020-08-30,78,Deaths,0.0,1.0
11493,Congo (Brazzaville),2020-08-31,78,Deaths,0.0,0.0
11494,Congo (Brazzaville),2020-09-01,78,Deaths,0.0,0.0
11495,Congo (Brazzaville),2020-09-02,102,Deaths,24.0,24.0
11496,Congo (Brazzaville),2020-09-03,102,Deaths,0.0,24.0
11497,Congo (Brazzaville),2020-09-04,102,Deaths,0.0,24.0
11498,Congo (Brazzaville),2020-09-05,102,Deaths,0.0,24.0
11499,Congo (Brazzaville),2020-09-06,102,Deaths,0.0,24.0
11500,Congo (Brazzaville),2020-09-07,102,Deaths,0.0,24.0
11501,Congo (Brazzaville),2020-09-08,114,Deaths,12.0,36.0
11502,Congo (Brazzaville),2020-09-09,114,Deaths,0.0,12.0
11503,Congo (Brazzaville),2020-09-10,83,Deaths,-31.0,-19.0
11504,Congo (Brazzaville),2020-09-11,88,Deaths,5.0,-14.0
11505,Congo (Brazzaville),2020-09-12,88,Deaths,0.0,-14.0
11506,Congo (Brazzaville),2020-09-13,88,Deaths,0.0,-14.0
11507,Congo (Brazzaville),2020-09-14,88,Deaths,0.0,-14.0
11508,Congo (Brazzaville),2020-09-15,88,Deaths,0.0,-26.0
11509,Congo (Brazzaville),2020-09-16,88,Deaths,0.0,-26.0
11510,Congo (Brazzaville),2020-09-17,88,Deaths,0.0,5.0
11511,Congo (Brazzaville),2020-09-18,89,Deaths,1.0,1.0
11512,Congo (Brazzaville),2020-09-19,89,Deaths,0.0,1.0
11513,Congo (Brazzaville),2020-09-20,89,Deaths,0.0,1.0
11514,Congo (Brazzaville),2020-09-21,89,Deaths,0.0,1.0
11515,Congo (Brazzaville),2020-09-22,89,Deaths,0.0,1.0
11516,Congo (Brazzaville),2020-09-23,89,Deaths,0.0,1.0
11517,Congo (Brazzaville),2020-09-24,89,Deaths,0.0,1.0
11518,Congo (Brazzaville),2020-09-25,89,Deaths,0.0,0.0
11519,Congo (Brazzaville),2020-09-26,89,Deaths,0.0,0.0
11520,Congo (Brazzaville),2020-09-27,89,Deaths,0.0,0.0
11521,Congo (Brazzaville),2020-09-28,89,Deaths,0.0,0.0
11522,Congo (Brazzaville),2020-09-29,89,Deaths,0.0,0.0
11523,Congo (Brazzaville),2020-09-30,89,Deaths,0.0,0.0
11524,Congo (Brazzaville),2020-10-01,89,Deaths,0.0,0.0
11525,Congo (Brazzaville),2020-10-02,89,Deaths,0.0,0.0
11526,Congo (Brazzaville),2020-10-03,89,Deaths,0.0,0.0
11527,Congo (Brazzaville),2020-10-04,89,Deaths,0.0,0.0
11528,Congo (Brazzaville),2020-10-05,89,Deaths,0.0,0.0
11529,Congo (Brazzaville),2020-10-06,89,Deaths,0.0,0.0
11530,Congo (Brazzaville),2020-10-07,89,Deaths,0.0,0.0
11531,Congo (Brazzaville),2020-10-08,89,Deaths,0.0,0.0
11532,Congo (Brazzaville),2020-10-09,90,Deaths,1.0,1.0
11533,Congo (Brazzaville),2020-10-10,90,Deaths,0.0,1.0
11534,Congo (Brazzaville),2020-10-11,90,Deaths,0.0,1.0
11535,Congo (Brazzaville),2020-10-12,90,Deaths,0.0,1.0
11536,Congo (Brazzaville),2020-10-13,90,Deaths,0.0,1.0
11537,Congo (Brazzaville),2020-10-14,92,Deaths,2.0,3.0
11538,Congo (Brazzaville),2020-10-15,92,Deaths,0.0,3.0
11539,Congo (Brazzaville),2020-10-16,92,Deaths,0.0,2.0
11540,Congo (Brazzaville),2020-10-17,92,Deaths,0.0,2.0
11541,Congo (Brazzaville),2020-10-18,92,Deaths,0.0,2.0
11542,Congo (Brazzaville),2020-10-19,92,Deaths,0.0,2.0
11543,Congo (Brazzaville),2020-10-20,92,Deaths,0.0,2.0
11544,Congo (Brazzaville),2020-10-21,92,Deaths,0.0,0.0
11545,Congo (Brazzaville),2020-10-22,92,Deaths,0.0,0.0
11546,Congo (Brazzaville),2020-10-23,92,Deaths,0.0,0.0
11547,Congo (Brazzaville),2020-10-24,92,Deaths,0.0,0.0
11548,Congo (Brazzaville),2020-10-25,92,Deaths,0.0,0.0
11549,Congo (Brazzaville),2020-10-26,92,Deaths,0.0,0.0
11550,Congo (Brazzaville),2020-10-27,92,Deaths,0.0,0.0
11551,Congo (Brazzaville),2020-10-28,92,Deaths,0.0,0.0
11552,Congo (Brazzaville),2020-10-29,92,Deaths,0.0,0.0
11553,Congo (Brazzaville),2020-10-30,92,Deaths,0.0,0.0
11554,Congo (Brazzaville),2020-10-31,92,Deaths,0.0,0.0
11555,Congo (Brazzaville),2020-11-01,92,Deaths,0.0,0.0
11556,Congo (Brazzaville),2020-11-02,92,Deaths,0.0,0.0
11557,Congo (Brazzaville),2020-11-03,92,Deaths,0.0,0.0
11558,Congo (Brazzaville),2020-11-04,92,Deaths,0.0,0.0
11559,Congo (Brazzaville),2020-11-05,92,Deaths,0.0,0.0
11560,Congo (Kinshasa),2020-01-22,0,Deaths,,
11561,Congo (Kinshasa),2020-01-23,0,Deaths,0.0,
11562,Congo (Kinshasa),2020-01-24,0,Deaths,0.0,
11563,Congo (Kinshasa),2020-01-25,0,Deaths,0.0,
11564,Congo (Kinshasa),2020-01-26,0,Deaths,0.0,
11565,Congo (Kinshasa),2020-01-27,0,Deaths,0.0,
11566,Congo (Kinshasa),2020-01-28,0,Deaths,0.0,
11567,Congo (Kinshasa),2020-01-29,0,Deaths,0.0,0.0
11568,Congo (Kinshasa),2020-01-30,0,Deaths,0.0,0.0
11569,Congo (Kinshasa),2020-01-31,0,Deaths,0.0,0.0
11570,Congo (Kinshasa),2020-02-01,0,Deaths,0.0,0.0
11571,Congo (Kinshasa),2020-02-02,0,Deaths,0.0,0.0
11572,Congo (Kinshasa),2020-02-03,0,Deaths,0.0,0.0
11573,Congo (Kinshasa),2020-02-04,0,Deaths,0.0,0.0
11574,Congo (Kinshasa),2020-02-05,0,Deaths,0.0,0.0
11575,Congo (Kinshasa),2020-02-06,0,Deaths,0.0,0.0
11576,Congo (Kinshasa),2020-02-07,0,Deaths,0.0,0.0
11577,Congo (Kinshasa),2020-02-08,0,Deaths,0.0,0.0
11578,Congo (Kinshasa),2020-02-09,0,Deaths,0.0,0.0
11579,Congo (Kinshasa),2020-02-10,0,Deaths,0.0,0.0
11580,Congo (Kinshasa),2020-02-11,0,Deaths,0.0,0.0
11581,Congo (Kinshasa),2020-02-12,0,Deaths,0.0,0.0
11582,Congo (Kinshasa),2020-02-13,0,Deaths,0.0,0.0
11583,Congo (Kinshasa),2020-02-14,0,Deaths,0.0,0.0
11584,Congo (Kinshasa),2020-02-15,0,Deaths,0.0,0.0
11585,Congo (Kinshasa),2020-02-16,0,Deaths,0.0,0.0
11586,Congo (Kinshasa),2020-02-17,0,Deaths,0.0,0.0
11587,Congo (Kinshasa),2020-02-18,0,Deaths,0.0,0.0
11588,Congo (Kinshasa),2020-02-19,0,Deaths,0.0,0.0
11589,Congo (Kinshasa),2020-02-20,0,Deaths,0.0,0.0
11590,Congo (Kinshasa),2020-02-21,0,Deaths,0.0,0.0
11591,Congo (Kinshasa),2020-02-22,0,Deaths,0.0,0.0
11592,Congo (Kinshasa),2020-02-23,0,Deaths,0.0,0.0
11593,Congo (Kinshasa),2020-02-24,0,Deaths,0.0,0.0
11594,Congo (Kinshasa),2020-02-25,0,Deaths,0.0,0.0
11595,Congo (Kinshasa),2020-02-26,0,Deaths,0.0,0.0
11596,Congo (Kinshasa),2020-02-27,0,Deaths,0.0,0.0
11597,Congo (Kinshasa),2020-02-28,0,Deaths,0.0,0.0
11598,Congo (Kinshasa),2020-02-29,0,Deaths,0.0,0.0
11599,Congo (Kinshasa),2020-03-01,0,Deaths,0.0,0.0
11600,Congo (Kinshasa),2020-03-02,0,Deaths,0.0,0.0
11601,Congo (Kinshasa),2020-03-03,0,Deaths,0.0,0.0
11602,Congo (Kinshasa),2020-03-04,0,Deaths,0.0,0.0
11603,Congo (Kinshasa),2020-03-05,0,Deaths,0.0,0.0
11604,Congo (Kinshasa),2020-03-06,0,Deaths,0.0,0.0
11605,Congo (Kinshasa),2020-03-07,0,Deaths,0.0,0.0
11606,Congo (Kinshasa),2020-03-08,0,Deaths,0.0,0.0
11607,Congo (Kinshasa),2020-03-09,0,Deaths,0.0,0.0
11608,Congo (Kinshasa),2020-03-10,0,Deaths,0.0,0.0
11609,Congo (Kinshasa),2020-03-11,0,Deaths,0.0,0.0
11610,Congo (Kinshasa),2020-03-12,0,Deaths,0.0,0.0
11611,Congo (Kinshasa),2020-03-13,0,Deaths,0.0,0.0
11612,Congo (Kinshasa),2020-03-14,0,Deaths,0.0,0.0
11613,Congo (Kinshasa),2020-03-15,0,Deaths,0.0,0.0
11614,Congo (Kinshasa),2020-03-16,0,Deaths,0.0,0.0
11615,Congo (Kinshasa),2020-03-17,0,Deaths,0.0,0.0
11616,Congo (Kinshasa),2020-03-18,0,Deaths,0.0,0.0
11617,Congo (Kinshasa),2020-03-19,0,Deaths,0.0,0.0
11618,Congo (Kinshasa),2020-03-20,0,Deaths,0.0,0.0
11619,Congo (Kinshasa),2020-03-21,1,Deaths,1.0,1.0
11620,Congo (Kinshasa),2020-03-22,1,Deaths,0.0,1.0
11621,Congo (Kinshasa),2020-03-23,1,Deaths,0.0,1.0
11622,Congo (Kinshasa),2020-03-24,2,Deaths,1.0,2.0
11623,Congo (Kinshasa),2020-03-25,2,Deaths,0.0,2.0
11624,Congo (Kinshasa),2020-03-26,3,Deaths,1.0,3.0
11625,Congo (Kinshasa),2020-03-27,3,Deaths,0.0,3.0
11626,Congo (Kinshasa),2020-03-28,6,Deaths,3.0,5.0
11627,Congo (Kinshasa),2020-03-29,6,Deaths,0.0,5.0
11628,Congo (Kinshasa),2020-03-30,8,Deaths,2.0,7.0
11629,Congo (Kinshasa),2020-03-31,8,Deaths,0.0,6.0
11630,Congo (Kinshasa),2020-04-01,9,Deaths,1.0,7.0
11631,Congo (Kinshasa),2020-04-02,13,Deaths,4.0,10.0
11632,Congo (Kinshasa),2020-04-03,13,Deaths,0.0,10.0
11633,Congo (Kinshasa),2020-04-04,18,Deaths,5.0,12.0
11634,Congo (Kinshasa),2020-04-05,18,Deaths,0.0,12.0
11635,Congo (Kinshasa),2020-04-06,18,Deaths,0.0,10.0
11636,Congo (Kinshasa),2020-04-07,18,Deaths,0.0,10.0
11637,Congo (Kinshasa),2020-04-08,18,Deaths,0.0,9.0
11638,Congo (Kinshasa),2020-04-09,18,Deaths,0.0,5.0
11639,Congo (Kinshasa),2020-04-10,20,Deaths,2.0,7.0
11640,Congo (Kinshasa),2020-04-11,20,Deaths,0.0,2.0
11641,Congo (Kinshasa),2020-04-12,20,Deaths,0.0,2.0
11642,Congo (Kinshasa),2020-04-13,20,Deaths,0.0,2.0
11643,Congo (Kinshasa),2020-04-14,20,Deaths,0.0,2.0
11644,Congo (Kinshasa),2020-04-15,21,Deaths,1.0,3.0
11645,Congo (Kinshasa),2020-04-16,22,Deaths,1.0,4.0
11646,Congo (Kinshasa),2020-04-17,23,Deaths,1.0,3.0
11647,Congo (Kinshasa),2020-04-18,25,Deaths,2.0,5.0
11648,Congo (Kinshasa),2020-04-19,25,Deaths,0.0,5.0
11649,Congo (Kinshasa),2020-04-20,25,Deaths,0.0,5.0
11650,Congo (Kinshasa),2020-04-21,25,Deaths,0.0,5.0
11651,Congo (Kinshasa),2020-04-22,25,Deaths,0.0,4.0
11652,Congo (Kinshasa),2020-04-23,25,Deaths,0.0,3.0
11653,Congo (Kinshasa),2020-04-24,25,Deaths,0.0,2.0
11654,Congo (Kinshasa),2020-04-25,28,Deaths,3.0,3.0
11655,Congo (Kinshasa),2020-04-26,28,Deaths,0.0,3.0
11656,Congo (Kinshasa),2020-04-27,28,Deaths,0.0,3.0
11657,Congo (Kinshasa),2020-04-28,30,Deaths,2.0,5.0
11658,Congo (Kinshasa),2020-04-29,30,Deaths,0.0,5.0
11659,Congo (Kinshasa),2020-04-30,31,Deaths,1.0,6.0
11660,Congo (Kinshasa),2020-05-01,32,Deaths,1.0,7.0
11661,Congo (Kinshasa),2020-05-02,33,Deaths,1.0,5.0
11662,Congo (Kinshasa),2020-05-03,33,Deaths,0.0,5.0
11663,Congo (Kinshasa),2020-05-04,34,Deaths,1.0,6.0
11664,Congo (Kinshasa),2020-05-05,34,Deaths,0.0,4.0
11665,Congo (Kinshasa),2020-05-06,35,Deaths,1.0,5.0
11666,Congo (Kinshasa),2020-05-07,36,Deaths,1.0,5.0
11667,Congo (Kinshasa),2020-05-08,39,Deaths,3.0,7.0
11668,Congo (Kinshasa),2020-05-09,39,Deaths,0.0,6.0
11669,Congo (Kinshasa),2020-05-10,41,Deaths,2.0,8.0
11670,Congo (Kinshasa),2020-05-11,41,Deaths,0.0,7.0
11671,Congo (Kinshasa),2020-05-12,44,Deaths,3.0,10.0
11672,Congo (Kinshasa),2020-05-13,50,Deaths,6.0,15.0
11673,Congo (Kinshasa),2020-05-14,50,Deaths,0.0,14.0
11674,Congo (Kinshasa),2020-05-15,50,Deaths,0.0,11.0
11675,Congo (Kinshasa),2020-05-16,61,Deaths,11.0,22.0
11676,Congo (Kinshasa),2020-05-17,61,Deaths,0.0,20.0
11677,Congo (Kinshasa),2020-05-18,61,Deaths,0.0,20.0
11678,Congo (Kinshasa),2020-05-19,61,Deaths,0.0,17.0
11679,Congo (Kinshasa),2020-05-20,61,Deaths,0.0,11.0
11680,Congo (Kinshasa),2020-05-21,61,Deaths,0.0,11.0
11681,Congo (Kinshasa),2020-05-22,63,Deaths,2.0,13.0
11682,Congo (Kinshasa),2020-05-23,63,Deaths,0.0,2.0
11683,Congo (Kinshasa),2020-05-24,63,Deaths,0.0,2.0
11684,Congo (Kinshasa),2020-05-25,67,Deaths,4.0,6.0
11685,Congo (Kinshasa),2020-05-26,68,Deaths,1.0,7.0
11686,Congo (Kinshasa),2020-05-27,68,Deaths,0.0,7.0
11687,Congo (Kinshasa),2020-05-28,69,Deaths,1.0,8.0
11688,Congo (Kinshasa),2020-05-29,69,Deaths,0.0,6.0
11689,Congo (Kinshasa),2020-05-30,69,Deaths,0.0,6.0
11690,Congo (Kinshasa),2020-05-31,72,Deaths,3.0,9.0
11691,Congo (Kinshasa),2020-06-01,72,Deaths,0.0,5.0
11692,Congo (Kinshasa),2020-06-02,72,Deaths,0.0,4.0
11693,Congo (Kinshasa),2020-06-03,75,Deaths,3.0,7.0
11694,Congo (Kinshasa),2020-06-04,78,Deaths,3.0,9.0
11695,Congo (Kinshasa),2020-06-05,81,Deaths,3.0,12.0
11696,Congo (Kinshasa),2020-06-06,82,Deaths,1.0,13.0
11697,Congo (Kinshasa),2020-06-07,85,Deaths,3.0,13.0
11698,Congo (Kinshasa),2020-06-08,88,Deaths,3.0,16.0
11699,Congo (Kinshasa),2020-06-09,90,Deaths,2.0,18.0
11700,Congo (Kinshasa),2020-06-10,96,Deaths,6.0,21.0
11701,Congo (Kinshasa),2020-06-11,98,Deaths,2.0,20.0
11702,Congo (Kinshasa),2020-06-12,101,Deaths,3.0,20.0
11703,Congo (Kinshasa),2020-06-13,106,Deaths,5.0,24.0
11704,Congo (Kinshasa),2020-06-14,107,Deaths,1.0,22.0
11705,Congo (Kinshasa),2020-06-15,112,Deaths,5.0,24.0
11706,Congo (Kinshasa),2020-06-16,112,Deaths,0.0,22.0
11707,Congo (Kinshasa),2020-06-17,115,Deaths,3.0,19.0
11708,Congo (Kinshasa),2020-06-18,117,Deaths,2.0,19.0
11709,Congo (Kinshasa),2020-06-19,122,Deaths,5.0,21.0
11710,Congo (Kinshasa),2020-06-20,125,Deaths,3.0,19.0
11711,Congo (Kinshasa),2020-06-21,130,Deaths,5.0,23.0
11712,Congo (Kinshasa),2020-06-22,135,Deaths,5.0,23.0
11713,Congo (Kinshasa),2020-06-23,135,Deaths,0.0,23.0
11714,Congo (Kinshasa),2020-06-24,142,Deaths,7.0,27.0
11715,Congo (Kinshasa),2020-06-25,142,Deaths,0.0,25.0
11716,Congo (Kinshasa),2020-06-26,149,Deaths,7.0,27.0
11717,Congo (Kinshasa),2020-06-27,153,Deaths,4.0,28.0
11718,Congo (Kinshasa),2020-06-28,157,Deaths,4.0,27.0
11719,Congo (Kinshasa),2020-06-29,167,Deaths,10.0,32.0
11720,Congo (Kinshasa),2020-06-30,170,Deaths,3.0,35.0
11721,Congo (Kinshasa),2020-07-01,175,Deaths,5.0,33.0
11722,Congo (Kinshasa),2020-07-02,176,Deaths,1.0,34.0
11723,Congo (Kinshasa),2020-07-03,179,Deaths,3.0,30.0
11724,Congo (Kinshasa),2020-07-04,182,Deaths,3.0,29.0
11725,Congo (Kinshasa),2020-07-05,182,Deaths,0.0,25.0
11726,Congo (Kinshasa),2020-07-06,182,Deaths,0.0,15.0
11727,Congo (Kinshasa),2020-07-07,182,Deaths,0.0,12.0
11728,Congo (Kinshasa),2020-07-08,182,Deaths,0.0,7.0
11729,Congo (Kinshasa),2020-07-09,189,Deaths,7.0,13.0
11730,Congo (Kinshasa),2020-07-10,189,Deaths,0.0,10.0
11731,Congo (Kinshasa),2020-07-11,189,Deaths,0.0,7.0
11732,Congo (Kinshasa),2020-07-12,189,Deaths,0.0,7.0
11733,Congo (Kinshasa),2020-07-13,190,Deaths,1.0,8.0
11734,Congo (Kinshasa),2020-07-14,190,Deaths,0.0,8.0
11735,Congo (Kinshasa),2020-07-15,192,Deaths,2.0,10.0
11736,Congo (Kinshasa),2020-07-16,193,Deaths,1.0,4.0
11737,Congo (Kinshasa),2020-07-17,193,Deaths,0.0,4.0
11738,Congo (Kinshasa),2020-07-18,193,Deaths,0.0,4.0
11739,Congo (Kinshasa),2020-07-19,194,Deaths,1.0,5.0
11740,Congo (Kinshasa),2020-07-20,194,Deaths,0.0,4.0
11741,Congo (Kinshasa),2020-07-21,196,Deaths,2.0,6.0
11742,Congo (Kinshasa),2020-07-22,197,Deaths,1.0,5.0
11743,Congo (Kinshasa),2020-07-23,201,Deaths,4.0,8.0
11744,Congo (Kinshasa),2020-07-24,201,Deaths,0.0,8.0
11745,Congo (Kinshasa),2020-07-25,204,Deaths,3.0,11.0
11746,Congo (Kinshasa),2020-07-26,204,Deaths,0.0,10.0
11747,Congo (Kinshasa),2020-07-27,208,Deaths,4.0,14.0
11748,Congo (Kinshasa),2020-07-28,208,Deaths,0.0,12.0
11749,Congo (Kinshasa),2020-07-29,210,Deaths,2.0,13.0
11750,Congo (Kinshasa),2020-07-30,215,Deaths,5.0,14.0
11751,Congo (Kinshasa),2020-07-31,215,Deaths,0.0,14.0
11752,Congo (Kinshasa),2020-08-01,215,Deaths,0.0,11.0
11753,Congo (Kinshasa),2020-08-02,215,Deaths,0.0,11.0
11754,Congo (Kinshasa),2020-08-03,215,Deaths,0.0,7.0
11755,Congo (Kinshasa),2020-08-04,215,Deaths,0.0,7.0
11756,Congo (Kinshasa),2020-08-05,215,Deaths,0.0,5.0
11757,Congo (Kinshasa),2020-08-06,215,Deaths,0.0,0.0
11758,Congo (Kinshasa),2020-08-07,218,Deaths,3.0,3.0
11759,Congo (Kinshasa),2020-08-08,218,Deaths,0.0,3.0
11760,Congo (Kinshasa),2020-08-09,224,Deaths,6.0,9.0
11761,Congo (Kinshasa),2020-08-10,224,Deaths,0.0,9.0
11762,Congo (Kinshasa),2020-08-11,225,Deaths,1.0,10.0
11763,Congo (Kinshasa),2020-08-12,225,Deaths,0.0,10.0
11764,Congo (Kinshasa),2020-08-13,234,Deaths,9.0,19.0
11765,Congo (Kinshasa),2020-08-14,238,Deaths,4.0,20.0
11766,Congo (Kinshasa),2020-08-15,239,Deaths,1.0,21.0
11767,Congo (Kinshasa),2020-08-16,240,Deaths,1.0,16.0
11768,Congo (Kinshasa),2020-08-17,243,Deaths,3.0,19.0
11769,Congo (Kinshasa),2020-08-18,243,Deaths,0.0,18.0
11770,Congo (Kinshasa),2020-08-19,246,Deaths,3.0,21.0
11771,Congo (Kinshasa),2020-08-20,247,Deaths,1.0,13.0
11772,Congo (Kinshasa),2020-08-21,248,Deaths,1.0,10.0
11773,Congo (Kinshasa),2020-08-22,251,Deaths,3.0,12.0
11774,Congo (Kinshasa),2020-08-23,251,Deaths,0.0,11.0
11775,Congo (Kinshasa),2020-08-24,251,Deaths,0.0,8.0
11776,Congo (Kinshasa),2020-08-25,251,Deaths,0.0,8.0
11777,Congo (Kinshasa),2020-08-26,254,Deaths,3.0,8.0
11778,Congo (Kinshasa),2020-08-27,255,Deaths,1.0,8.0
11779,Congo (Kinshasa),2020-08-28,255,Deaths,0.0,7.0
11780,Congo (Kinshasa),2020-08-29,258,Deaths,3.0,7.0
11781,Congo (Kinshasa),2020-08-30,258,Deaths,0.0,7.0
11782,Congo (Kinshasa),2020-08-31,258,Deaths,0.0,7.0
11783,Congo (Kinshasa),2020-09-01,259,Deaths,1.0,8.0
11784,Congo (Kinshasa),2020-09-02,259,Deaths,0.0,5.0
11785,Congo (Kinshasa),2020-09-03,259,Deaths,0.0,4.0
11786,Congo (Kinshasa),2020-09-04,259,Deaths,0.0,4.0
11787,Congo (Kinshasa),2020-09-05,259,Deaths,0.0,1.0
11788,Congo (Kinshasa),2020-09-06,260,Deaths,1.0,2.0
11789,Congo (Kinshasa),2020-09-07,260,Deaths,0.0,2.0
11790,Congo (Kinshasa),2020-09-08,260,Deaths,0.0,1.0
11791,Congo (Kinshasa),2020-09-09,260,Deaths,0.0,1.0
11792,Congo (Kinshasa),2020-09-10,262,Deaths,2.0,3.0
11793,Congo (Kinshasa),2020-09-11,262,Deaths,0.0,3.0
11794,Congo (Kinshasa),2020-09-12,262,Deaths,0.0,3.0
11795,Congo (Kinshasa),2020-09-13,264,Deaths,2.0,4.0
11796,Congo (Kinshasa),2020-09-14,264,Deaths,0.0,4.0
11797,Congo (Kinshasa),2020-09-15,267,Deaths,3.0,7.0
11798,Congo (Kinshasa),2020-09-16,267,Deaths,0.0,7.0
11799,Congo (Kinshasa),2020-09-17,267,Deaths,0.0,5.0
11800,Congo (Kinshasa),2020-09-18,268,Deaths,1.0,6.0
11801,Congo (Kinshasa),2020-09-19,268,Deaths,0.0,6.0
11802,Congo (Kinshasa),2020-09-20,271,Deaths,3.0,7.0
11803,Congo (Kinshasa),2020-09-21,271,Deaths,0.0,7.0
11804,Congo (Kinshasa),2020-09-22,271,Deaths,0.0,4.0
11805,Congo (Kinshasa),2020-09-23,271,Deaths,0.0,4.0
11806,Congo (Kinshasa),2020-09-24,271,Deaths,0.0,4.0
11807,Congo (Kinshasa),2020-09-25,271,Deaths,0.0,3.0
11808,Congo (Kinshasa),2020-09-26,271,Deaths,0.0,3.0
11809,Congo (Kinshasa),2020-09-27,271,Deaths,0.0,0.0
11810,Congo (Kinshasa),2020-09-28,271,Deaths,0.0,0.0
11811,Congo (Kinshasa),2020-09-29,272,Deaths,1.0,1.0
11812,Congo (Kinshasa),2020-09-30,272,Deaths,0.0,1.0
11813,Congo (Kinshasa),2020-10-01,272,Deaths,0.0,1.0
11814,Congo (Kinshasa),2020-10-02,272,Deaths,0.0,1.0
11815,Congo (Kinshasa),2020-10-03,274,Deaths,2.0,3.0
11816,Congo (Kinshasa),2020-10-04,274,Deaths,0.0,3.0
11817,Congo (Kinshasa),2020-10-05,274,Deaths,0.0,3.0
11818,Congo (Kinshasa),2020-10-06,274,Deaths,0.0,2.0
11819,Congo (Kinshasa),2020-10-07,276,Deaths,2.0,4.0
11820,Congo (Kinshasa),2020-10-08,276,Deaths,0.0,4.0
11821,Congo (Kinshasa),2020-10-09,276,Deaths,0.0,4.0
11822,Congo (Kinshasa),2020-10-10,276,Deaths,0.0,2.0
11823,Congo (Kinshasa),2020-10-11,276,Deaths,0.0,2.0
11824,Congo (Kinshasa),2020-10-12,276,Deaths,0.0,2.0
11825,Congo (Kinshasa),2020-10-13,276,Deaths,0.0,2.0
11826,Congo (Kinshasa),2020-10-14,281,Deaths,5.0,5.0
11827,Congo (Kinshasa),2020-10-15,281,Deaths,0.0,5.0
11828,Congo (Kinshasa),2020-10-16,301,Deaths,20.0,25.0
11829,Congo (Kinshasa),2020-10-17,302,Deaths,1.0,26.0
11830,Congo (Kinshasa),2020-10-18,302,Deaths,0.0,26.0
11831,Congo (Kinshasa),2020-10-19,303,Deaths,1.0,27.0
11832,Congo (Kinshasa),2020-10-20,303,Deaths,0.0,27.0
11833,Congo (Kinshasa),2020-10-21,303,Deaths,0.0,22.0
11834,Congo (Kinshasa),2020-10-22,304,Deaths,1.0,23.0
11835,Congo (Kinshasa),2020-10-23,304,Deaths,0.0,3.0
11836,Congo (Kinshasa),2020-10-24,305,Deaths,1.0,3.0
11837,Congo (Kinshasa),2020-10-25,305,Deaths,0.0,3.0
11838,Congo (Kinshasa),2020-10-26,305,Deaths,0.0,2.0
11839,Congo (Kinshasa),2020-10-27,305,Deaths,0.0,2.0
11840,Congo (Kinshasa),2020-10-28,305,Deaths,0.0,2.0
11841,Congo (Kinshasa),2020-10-29,305,Deaths,0.0,1.0
11842,Congo (Kinshasa),2020-10-30,307,Deaths,2.0,3.0
11843,Congo (Kinshasa),2020-10-31,307,Deaths,0.0,2.0
11844,Congo (Kinshasa),2020-11-01,308,Deaths,1.0,3.0
11845,Congo (Kinshasa),2020-11-02,308,Deaths,0.0,3.0
11846,Congo (Kinshasa),2020-11-03,315,Deaths,7.0,10.0
11847,Congo (Kinshasa),2020-11-04,315,Deaths,0.0,10.0
11848,Congo (Kinshasa),2020-11-05,315,Deaths,0.0,10.0
11849,Costa Rica,2020-01-22,0,Deaths,,
11850,Costa Rica,2020-01-23,0,Deaths,0.0,
11851,Costa Rica,2020-01-24,0,Deaths,0.0,
11852,Costa Rica,2020-01-25,0,Deaths,0.0,
11853,Costa Rica,2020-01-26,0,Deaths,0.0,
11854,Costa Rica,2020-01-27,0,Deaths,0.0,
11855,Costa Rica,2020-01-28,0,Deaths,0.0,
11856,Costa Rica,2020-01-29,0,Deaths,0.0,0.0
11857,Costa Rica,2020-01-30,0,Deaths,0.0,0.0
11858,Costa Rica,2020-01-31,0,Deaths,0.0,0.0
11859,Costa Rica,2020-02-01,0,Deaths,0.0,0.0
11860,Costa Rica,2020-02-02,0,Deaths,0.0,0.0
11861,Costa Rica,2020-02-03,0,Deaths,0.0,0.0
11862,Costa Rica,2020-02-04,0,Deaths,0.0,0.0
11863,Costa Rica,2020-02-05,0,Deaths,0.0,0.0
11864,Costa Rica,2020-02-06,0,Deaths,0.0,0.0
11865,Costa Rica,2020-02-07,0,Deaths,0.0,0.0
11866,Costa Rica,2020-02-08,0,Deaths,0.0,0.0
11867,Costa Rica,2020-02-09,0,Deaths,0.0,0.0
11868,Costa Rica,2020-02-10,0,Deaths,0.0,0.0
11869,Costa Rica,2020-02-11,0,Deaths,0.0,0.0
11870,Costa Rica,2020-02-12,0,Deaths,0.0,0.0
11871,Costa Rica,2020-02-13,0,Deaths,0.0,0.0
11872,Costa Rica,2020-02-14,0,Deaths,0.0,0.0
11873,Costa Rica,2020-02-15,0,Deaths,0.0,0.0
11874,Costa Rica,2020-02-16,0,Deaths,0.0,0.0
11875,Costa Rica,2020-02-17,0,Deaths,0.0,0.0
11876,Costa Rica,2020-02-18,0,Deaths,0.0,0.0
11877,Costa Rica,2020-02-19,0,Deaths,0.0,0.0
11878,Costa Rica,2020-02-20,0,Deaths,0.0,0.0
11879,Costa Rica,2020-02-21,0,Deaths,0.0,0.0
11880,Costa Rica,2020-02-22,0,Deaths,0.0,0.0
11881,Costa Rica,2020-02-23,0,Deaths,0.0,0.0
11882,Costa Rica,2020-02-24,0,Deaths,0.0,0.0
11883,Costa Rica,2020-02-25,0,Deaths,0.0,0.0
11884,Costa Rica,2020-02-26,0,Deaths,0.0,0.0
11885,Costa Rica,2020-02-27,0,Deaths,0.0,0.0
11886,Costa Rica,2020-02-28,0,Deaths,0.0,0.0
11887,Costa Rica,2020-02-29,0,Deaths,0.0,0.0
11888,Costa Rica,2020-03-01,0,Deaths,0.0,0.0
11889,Costa Rica,2020-03-02,0,Deaths,0.0,0.0
11890,Costa Rica,2020-03-03,0,Deaths,0.0,0.0
11891,Costa Rica,2020-03-04,0,Deaths,0.0,0.0
11892,Costa Rica,2020-03-05,0,Deaths,0.0,0.0
11893,Costa Rica,2020-03-06,0,Deaths,0.0,0.0
11894,Costa Rica,2020-03-07,0,Deaths,0.0,0.0
11895,Costa Rica,2020-03-08,0,Deaths,0.0,0.0
11896,Costa Rica,2020-03-09,0,Deaths,0.0,0.0
11897,Costa Rica,2020-03-10,0,Deaths,0.0,0.0
11898,Costa Rica,2020-03-11,0,Deaths,0.0,0.0
11899,Costa Rica,2020-03-12,0,Deaths,0.0,0.0
11900,Costa Rica,2020-03-13,0,Deaths,0.0,0.0
11901,Costa Rica,2020-03-14,0,Deaths,0.0,0.0
11902,Costa Rica,2020-03-15,0,Deaths,0.0,0.0
11903,Costa Rica,2020-03-16,0,Deaths,0.0,0.0
11904,Costa Rica,2020-03-17,0,Deaths,0.0,0.0
11905,Costa Rica,2020-03-18,0,Deaths,0.0,0.0
11906,Costa Rica,2020-03-19,1,Deaths,1.0,1.0
11907,Costa Rica,2020-03-20,1,Deaths,0.0,1.0
11908,Costa Rica,2020-03-21,2,Deaths,1.0,2.0
11909,Costa Rica,2020-03-22,2,Deaths,0.0,2.0
11910,Costa Rica,2020-03-23,2,Deaths,0.0,2.0
11911,Costa Rica,2020-03-24,2,Deaths,0.0,2.0
11912,Costa Rica,2020-03-25,2,Deaths,0.0,2.0
11913,Costa Rica,2020-03-26,2,Deaths,0.0,1.0
11914,Costa Rica,2020-03-27,2,Deaths,0.0,1.0
11915,Costa Rica,2020-03-28,2,Deaths,0.0,0.0
11916,Costa Rica,2020-03-29,2,Deaths,0.0,0.0
11917,Costa Rica,2020-03-30,2,Deaths,0.0,0.0
11918,Costa Rica,2020-03-31,2,Deaths,0.0,0.0
11919,Costa Rica,2020-04-01,2,Deaths,0.0,0.0
11920,Costa Rica,2020-04-02,2,Deaths,0.0,0.0
11921,Costa Rica,2020-04-03,2,Deaths,0.0,0.0
11922,Costa Rica,2020-04-04,2,Deaths,0.0,0.0
11923,Costa Rica,2020-04-05,2,Deaths,0.0,0.0
11924,Costa Rica,2020-04-06,2,Deaths,0.0,0.0
11925,Costa Rica,2020-04-07,2,Deaths,0.0,0.0
11926,Costa Rica,2020-04-08,3,Deaths,1.0,1.0
11927,Costa Rica,2020-04-09,3,Deaths,0.0,1.0
11928,Costa Rica,2020-04-10,3,Deaths,0.0,1.0
11929,Costa Rica,2020-04-11,3,Deaths,0.0,1.0
11930,Costa Rica,2020-04-12,3,Deaths,0.0,1.0
11931,Costa Rica,2020-04-13,3,Deaths,0.0,1.0
11932,Costa Rica,2020-04-14,3,Deaths,0.0,1.0
11933,Costa Rica,2020-04-15,4,Deaths,1.0,1.0
11934,Costa Rica,2020-04-16,4,Deaths,0.0,1.0
11935,Costa Rica,2020-04-17,4,Deaths,0.0,1.0
11936,Costa Rica,2020-04-18,4,Deaths,0.0,1.0
11937,Costa Rica,2020-04-19,5,Deaths,1.0,2.0
11938,Costa Rica,2020-04-20,6,Deaths,1.0,3.0
11939,Costa Rica,2020-04-21,6,Deaths,0.0,3.0
11940,Costa Rica,2020-04-22,6,Deaths,0.0,2.0
11941,Costa Rica,2020-04-23,6,Deaths,0.0,2.0
11942,Costa Rica,2020-04-24,6,Deaths,0.0,2.0
11943,Costa Rica,2020-04-25,6,Deaths,0.0,2.0
11944,Costa Rica,2020-04-26,6,Deaths,0.0,1.0
11945,Costa Rica,2020-04-27,6,Deaths,0.0,0.0
11946,Costa Rica,2020-04-28,6,Deaths,0.0,0.0
11947,Costa Rica,2020-04-29,6,Deaths,0.0,0.0
11948,Costa Rica,2020-04-30,6,Deaths,0.0,0.0
11949,Costa Rica,2020-05-01,6,Deaths,0.0,0.0
11950,Costa Rica,2020-05-02,6,Deaths,0.0,0.0
11951,Costa Rica,2020-05-03,6,Deaths,0.0,0.0
11952,Costa Rica,2020-05-04,6,Deaths,0.0,0.0
11953,Costa Rica,2020-05-05,6,Deaths,0.0,0.0
11954,Costa Rica,2020-05-06,6,Deaths,0.0,0.0
11955,Costa Rica,2020-05-07,6,Deaths,0.0,0.0
11956,Costa Rica,2020-05-08,6,Deaths,0.0,0.0
11957,Costa Rica,2020-05-09,6,Deaths,0.0,0.0
11958,Costa Rica,2020-05-10,7,Deaths,1.0,1.0
11959,Costa Rica,2020-05-11,7,Deaths,0.0,1.0
11960,Costa Rica,2020-05-12,7,Deaths,0.0,1.0
11961,Costa Rica,2020-05-13,8,Deaths,1.0,2.0
11962,Costa Rica,2020-05-14,8,Deaths,0.0,2.0
11963,Costa Rica,2020-05-15,9,Deaths,1.0,3.0
11964,Costa Rica,2020-05-16,10,Deaths,1.0,4.0
11965,Costa Rica,2020-05-17,10,Deaths,0.0,3.0
11966,Costa Rica,2020-05-18,10,Deaths,0.0,3.0
11967,Costa Rica,2020-05-19,10,Deaths,0.0,3.0
11968,Costa Rica,2020-05-20,10,Deaths,0.0,2.0
11969,Costa Rica,2020-05-21,10,Deaths,0.0,2.0
11970,Costa Rica,2020-05-22,10,Deaths,0.0,1.0
11971,Costa Rica,2020-05-23,10,Deaths,0.0,0.0
11972,Costa Rica,2020-05-24,10,Deaths,0.0,0.0
11973,Costa Rica,2020-05-25,10,Deaths,0.0,0.0
11974,Costa Rica,2020-05-26,10,Deaths,0.0,0.0
11975,Costa Rica,2020-05-27,10,Deaths,0.0,0.0
11976,Costa Rica,2020-05-28,10,Deaths,0.0,0.0
11977,Costa Rica,2020-05-29,10,Deaths,0.0,0.0
11978,Costa Rica,2020-05-30,10,Deaths,0.0,0.0
11979,Costa Rica,2020-05-31,10,Deaths,0.0,0.0
11980,Costa Rica,2020-06-01,10,Deaths,0.0,0.0
11981,Costa Rica,2020-06-02,10,Deaths,0.0,0.0
11982,Costa Rica,2020-06-03,10,Deaths,0.0,0.0
11983,Costa Rica,2020-06-04,10,Deaths,0.0,0.0
11984,Costa Rica,2020-06-05,10,Deaths,0.0,0.0
11985,Costa Rica,2020-06-06,10,Deaths,0.0,0.0
11986,Costa Rica,2020-06-07,10,Deaths,0.0,0.0
11987,Costa Rica,2020-06-08,11,Deaths,1.0,1.0
11988,Costa Rica,2020-06-09,11,Deaths,0.0,1.0
11989,Costa Rica,2020-06-10,12,Deaths,1.0,2.0
11990,Costa Rica,2020-06-11,12,Deaths,0.0,2.0
11991,Costa Rica,2020-06-12,12,Deaths,0.0,2.0
11992,Costa Rica,2020-06-13,12,Deaths,0.0,2.0
11993,Costa Rica,2020-06-14,12,Deaths,0.0,2.0
11994,Costa Rica,2020-06-15,12,Deaths,0.0,1.0
11995,Costa Rica,2020-06-16,12,Deaths,0.0,1.0
11996,Costa Rica,2020-06-17,12,Deaths,0.0,0.0
11997,Costa Rica,2020-06-18,12,Deaths,0.0,0.0
11998,Costa Rica,2020-06-19,12,Deaths,0.0,0.0
11999,Costa Rica,2020-06-20,12,Deaths,0.0,0.0
12000,Costa Rica,2020-06-21,12,Deaths,0.0,0.0
12001,Costa Rica,2020-06-22,12,Deaths,0.0,0.0
12002,Costa Rica,2020-06-23,12,Deaths,0.0,0.0
12003,Costa Rica,2020-06-24,12,Deaths,0.0,0.0
12004,Costa Rica,2020-06-25,12,Deaths,0.0,0.0
12005,Costa Rica,2020-06-26,12,Deaths,0.0,0.0
12006,Costa Rica,2020-06-27,14,Deaths,2.0,2.0
12007,Costa Rica,2020-06-28,15,Deaths,1.0,3.0
12008,Costa Rica,2020-06-29,15,Deaths,0.0,3.0
12009,Costa Rica,2020-06-30,16,Deaths,1.0,4.0
12010,Costa Rica,2020-07-01,17,Deaths,1.0,5.0
12011,Costa Rica,2020-07-02,18,Deaths,1.0,6.0
12012,Costa Rica,2020-07-03,18,Deaths,0.0,6.0
12013,Costa Rica,2020-07-04,18,Deaths,0.0,4.0
12014,Costa Rica,2020-07-05,19,Deaths,1.0,4.0
12015,Costa Rica,2020-07-06,23,Deaths,4.0,8.0
12016,Costa Rica,2020-07-07,23,Deaths,0.0,7.0
12017,Costa Rica,2020-07-08,25,Deaths,2.0,8.0
12018,Costa Rica,2020-07-09,25,Deaths,0.0,7.0
12019,Costa Rica,2020-07-10,26,Deaths,1.0,8.0
12020,Costa Rica,2020-07-11,28,Deaths,2.0,10.0
12021,Costa Rica,2020-07-12,30,Deaths,2.0,11.0
12022,Costa Rica,2020-07-13,34,Deaths,4.0,11.0
12023,Costa Rica,2020-07-14,37,Deaths,3.0,14.0
12024,Costa Rica,2020-07-15,40,Deaths,3.0,15.0
12025,Costa Rica,2020-07-16,42,Deaths,2.0,17.0
12026,Costa Rica,2020-07-17,47,Deaths,5.0,21.0
12027,Costa Rica,2020-07-18,54,Deaths,7.0,26.0
12028,Costa Rica,2020-07-19,62,Deaths,8.0,32.0
12029,Costa Rica,2020-07-20,66,Deaths,4.0,32.0
12030,Costa Rica,2020-07-21,68,Deaths,2.0,31.0
12031,Costa Rica,2020-07-22,71,Deaths,3.0,31.0
12032,Costa Rica,2020-07-23,80,Deaths,9.0,38.0
12033,Costa Rica,2020-07-24,87,Deaths,7.0,40.0
12034,Costa Rica,2020-07-25,98,Deaths,11.0,44.0
12035,Costa Rica,2020-07-26,104,Deaths,6.0,42.0
12036,Costa Rica,2020-07-27,115,Deaths,11.0,49.0
12037,Costa Rica,2020-07-28,125,Deaths,10.0,57.0
12038,Costa Rica,2020-07-29,133,Deaths,8.0,62.0
12039,Costa Rica,2020-07-30,140,Deaths,7.0,60.0
12040,Costa Rica,2020-07-31,150,Deaths,10.0,63.0
12041,Costa Rica,2020-08-01,154,Deaths,4.0,56.0
12042,Costa Rica,2020-08-02,162,Deaths,8.0,58.0
12043,Costa Rica,2020-08-03,171,Deaths,9.0,56.0
12044,Costa Rica,2020-08-04,181,Deaths,10.0,56.0
12045,Costa Rica,2020-08-05,191,Deaths,10.0,58.0
12046,Costa Rica,2020-08-06,200,Deaths,9.0,60.0
12047,Costa Rica,2020-08-07,218,Deaths,18.0,68.0
12048,Costa Rica,2020-08-08,228,Deaths,10.0,74.0
12049,Costa Rica,2020-08-09,235,Deaths,7.0,73.0
12050,Costa Rica,2020-08-10,244,Deaths,9.0,73.0
12051,Costa Rica,2020-08-11,255,Deaths,11.0,74.0
12052,Costa Rica,2020-08-12,263,Deaths,8.0,72.0
12053,Costa Rica,2020-08-13,272,Deaths,9.0,72.0
12054,Costa Rica,2020-08-14,281,Deaths,9.0,63.0
12055,Costa Rica,2020-08-15,291,Deaths,10.0,63.0
12056,Costa Rica,2020-08-16,294,Deaths,3.0,59.0
12057,Costa Rica,2020-08-17,304,Deaths,10.0,60.0
12058,Costa Rica,2020-08-18,314,Deaths,10.0,59.0
12059,Costa Rica,2020-08-19,321,Deaths,7.0,58.0
12060,Costa Rica,2020-08-20,333,Deaths,12.0,61.0
12061,Costa Rica,2020-08-21,340,Deaths,7.0,59.0
12062,Costa Rica,2020-08-22,348,Deaths,8.0,57.0
12063,Costa Rica,2020-08-23,355,Deaths,7.0,61.0
12064,Costa Rica,2020-08-24,362,Deaths,7.0,58.0
12065,Costa Rica,2020-08-25,376,Deaths,14.0,62.0
12066,Costa Rica,2020-08-26,386,Deaths,10.0,65.0
12067,Costa Rica,2020-08-27,397,Deaths,11.0,64.0
12068,Costa Rica,2020-08-28,407,Deaths,10.0,67.0
12069,Costa Rica,2020-08-29,418,Deaths,11.0,70.0
12070,Costa Rica,2020-08-30,418,Deaths,0.0,63.0
12071,Costa Rica,2020-08-31,436,Deaths,18.0,74.0
12072,Costa Rica,2020-09-01,443,Deaths,7.0,67.0
12073,Costa Rica,2020-09-02,453,Deaths,10.0,67.0
12074,Costa Rica,2020-09-03,460,Deaths,7.0,63.0
12075,Costa Rica,2020-09-04,469,Deaths,9.0,62.0
12076,Costa Rica,2020-09-05,478,Deaths,9.0,60.0
12077,Costa Rica,2020-09-06,478,Deaths,0.0,60.0
12078,Costa Rica,2020-09-07,510,Deaths,32.0,74.0
12079,Costa Rica,2020-09-08,531,Deaths,21.0,88.0
12080,Costa Rica,2020-09-09,543,Deaths,12.0,90.0
12081,Costa Rica,2020-09-10,567,Deaths,24.0,107.0
12082,Costa Rica,2020-09-11,583,Deaths,16.0,114.0
12083,Costa Rica,2020-09-12,590,Deaths,7.0,112.0
12084,Costa Rica,2020-09-13,590,Deaths,0.0,112.0
12085,Costa Rica,2020-09-14,621,Deaths,31.0,111.0
12086,Costa Rica,2020-09-15,633,Deaths,12.0,102.0
12087,Costa Rica,2020-09-16,649,Deaths,16.0,106.0
12088,Costa Rica,2020-09-17,666,Deaths,17.0,99.0
12089,Costa Rica,2020-09-18,686,Deaths,20.0,103.0
12090,Costa Rica,2020-09-19,706,Deaths,20.0,116.0
12091,Costa Rica,2020-09-20,706,Deaths,0.0,116.0
12092,Costa Rica,2020-09-21,745,Deaths,39.0,124.0
12093,Costa Rica,2020-09-22,760,Deaths,15.0,127.0
12094,Costa Rica,2020-09-23,781,Deaths,21.0,132.0
12095,Costa Rica,2020-09-24,795,Deaths,14.0,129.0
12096,Costa Rica,2020-09-25,812,Deaths,17.0,126.0
12097,Costa Rica,2020-09-26,828,Deaths,16.0,122.0
12098,Costa Rica,2020-09-27,828,Deaths,0.0,122.0
12099,Costa Rica,2020-09-28,861,Deaths,33.0,116.0
12100,Costa Rica,2020-09-29,880,Deaths,19.0,120.0
12101,Costa Rica,2020-09-30,904,Deaths,24.0,123.0
12102,Costa Rica,2020-10-01,917,Deaths,13.0,122.0
12103,Costa Rica,2020-10-02,930,Deaths,13.0,118.0
12104,Costa Rica,2020-10-03,950,Deaths,20.0,122.0
12105,Costa Rica,2020-10-04,950,Deaths,0.0,122.0
12106,Costa Rica,2020-10-05,987,Deaths,37.0,126.0
12107,Costa Rica,2020-10-06,1004,Deaths,17.0,124.0
12108,Costa Rica,2020-10-07,1024,Deaths,20.0,120.0
12109,Costa Rica,2020-10-08,1040,Deaths,16.0,123.0
12110,Costa Rica,2020-10-09,1055,Deaths,15.0,125.0
12111,Costa Rica,2020-10-10,1076,Deaths,21.0,126.0
12112,Costa Rica,2020-10-11,1076,Deaths,0.0,126.0
12113,Costa Rica,2020-10-12,1108,Deaths,32.0,121.0
12114,Costa Rica,2020-10-13,1124,Deaths,16.0,120.0
12115,Costa Rica,2020-10-14,1134,Deaths,10.0,110.0
12116,Costa Rica,2020-10-15,1159,Deaths,25.0,119.0
12117,Costa Rica,2020-10-16,1168,Deaths,9.0,113.0
12118,Costa Rica,2020-10-17,1183,Deaths,15.0,107.0
12119,Costa Rica,2020-10-18,1183,Deaths,0.0,107.0
12120,Costa Rica,2020-10-19,1204,Deaths,21.0,96.0
12121,Costa Rica,2020-10-20,1222,Deaths,18.0,98.0
12122,Costa Rica,2020-10-21,1236,Deaths,14.0,102.0
12123,Costa Rica,2020-10-22,1251,Deaths,15.0,92.0
12124,Costa Rica,2020-10-23,1265,Deaths,14.0,97.0
12125,Costa Rica,2020-10-24,1282,Deaths,17.0,99.0
12126,Costa Rica,2020-10-25,1282,Deaths,0.0,99.0
12127,Costa Rica,2020-10-26,1312,Deaths,30.0,108.0
12128,Costa Rica,2020-10-27,1329,Deaths,17.0,107.0
12129,Costa Rica,2020-10-28,1340,Deaths,11.0,104.0
12130,Costa Rica,2020-10-29,1357,Deaths,17.0,106.0
12131,Costa Rica,2020-10-30,1371,Deaths,14.0,106.0
12132,Costa Rica,2020-10-31,1385,Deaths,14.0,103.0
12133,Costa Rica,2020-11-01,1385,Deaths,0.0,103.0
12134,Costa Rica,2020-11-02,1404,Deaths,19.0,92.0
12135,Costa Rica,2020-11-03,1419,Deaths,15.0,90.0
12136,Costa Rica,2020-11-04,1431,Deaths,12.0,91.0
12137,Costa Rica,2020-11-05,1444,Deaths,13.0,87.0
12138,Cote d'Ivoire,2020-01-22,0,Deaths,,
12139,Cote d'Ivoire,2020-01-23,0,Deaths,0.0,
12140,Cote d'Ivoire,2020-01-24,0,Deaths,0.0,
12141,Cote d'Ivoire,2020-01-25,0,Deaths,0.0,
12142,Cote d'Ivoire,2020-01-26,0,Deaths,0.0,
12143,Cote d'Ivoire,2020-01-27,0,Deaths,0.0,
12144,Cote d'Ivoire,2020-01-28,0,Deaths,0.0,
12145,Cote d'Ivoire,2020-01-29,0,Deaths,0.0,0.0
12146,Cote d'Ivoire,2020-01-30,0,Deaths,0.0,0.0
12147,Cote d'Ivoire,2020-01-31,0,Deaths,0.0,0.0
12148,Cote d'Ivoire,2020-02-01,0,Deaths,0.0,0.0
12149,Cote d'Ivoire,2020-02-02,0,Deaths,0.0,0.0
12150,Cote d'Ivoire,2020-02-03,0,Deaths,0.0,0.0
12151,Cote d'Ivoire,2020-02-04,0,Deaths,0.0,0.0
12152,Cote d'Ivoire,2020-02-05,0,Deaths,0.0,0.0
12153,Cote d'Ivoire,2020-02-06,0,Deaths,0.0,0.0
12154,Cote d'Ivoire,2020-02-07,0,Deaths,0.0,0.0
12155,Cote d'Ivoire,2020-02-08,0,Deaths,0.0,0.0
12156,Cote d'Ivoire,2020-02-09,0,Deaths,0.0,0.0
12157,Cote d'Ivoire,2020-02-10,0,Deaths,0.0,0.0
12158,Cote d'Ivoire,2020-02-11,0,Deaths,0.0,0.0
12159,Cote d'Ivoire,2020-02-12,0,Deaths,0.0,0.0
12160,Cote d'Ivoire,2020-02-13,0,Deaths,0.0,0.0
12161,Cote d'Ivoire,2020-02-14,0,Deaths,0.0,0.0
12162,Cote d'Ivoire,2020-02-15,0,Deaths,0.0,0.0
12163,Cote d'Ivoire,2020-02-16,0,Deaths,0.0,0.0
12164,Cote d'Ivoire,2020-02-17,0,Deaths,0.0,0.0
12165,Cote d'Ivoire,2020-02-18,0,Deaths,0.0,0.0
12166,Cote d'Ivoire,2020-02-19,0,Deaths,0.0,0.0
12167,Cote d'Ivoire,2020-02-20,0,Deaths,0.0,0.0
12168,Cote d'Ivoire,2020-02-21,0,Deaths,0.0,0.0
12169,Cote d'Ivoire,2020-02-22,0,Deaths,0.0,0.0
12170,Cote d'Ivoire,2020-02-23,0,Deaths,0.0,0.0
12171,Cote d'Ivoire,2020-02-24,0,Deaths,0.0,0.0
12172,Cote d'Ivoire,2020-02-25,0,Deaths,0.0,0.0
12173,Cote d'Ivoire,2020-02-26,0,Deaths,0.0,0.0
12174,Cote d'Ivoire,2020-02-27,0,Deaths,0.0,0.0
12175,Cote d'Ivoire,2020-02-28,0,Deaths,0.0,0.0
12176,Cote d'Ivoire,2020-02-29,0,Deaths,0.0,0.0
12177,Cote d'Ivoire,2020-03-01,0,Deaths,0.0,0.0
12178,Cote d'Ivoire,2020-03-02,0,Deaths,0.0,0.0
12179,Cote d'Ivoire,2020-03-03,0,Deaths,0.0,0.0
12180,Cote d'Ivoire,2020-03-04,0,Deaths,0.0,0.0
12181,Cote d'Ivoire,2020-03-05,0,Deaths,0.0,0.0
12182,Cote d'Ivoire,2020-03-06,0,Deaths,0.0,0.0
12183,Cote d'Ivoire,2020-03-07,0,Deaths,0.0,0.0
12184,Cote d'Ivoire,2020-03-08,0,Deaths,0.0,0.0
12185,Cote d'Ivoire,2020-03-09,0,Deaths,0.0,0.0
12186,Cote d'Ivoire,2020-03-10,0,Deaths,0.0,0.0
12187,Cote d'Ivoire,2020-03-11,0,Deaths,0.0,0.0
12188,Cote d'Ivoire,2020-03-12,0,Deaths,0.0,0.0
12189,Cote d'Ivoire,2020-03-13,0,Deaths,0.0,0.0
12190,Cote d'Ivoire,2020-03-14,0,Deaths,0.0,0.0
12191,Cote d'Ivoire,2020-03-15,0,Deaths,0.0,0.0
12192,Cote d'Ivoire,2020-03-16,0,Deaths,0.0,0.0
12193,Cote d'Ivoire,2020-03-17,0,Deaths,0.0,0.0
12194,Cote d'Ivoire,2020-03-18,0,Deaths,0.0,0.0
12195,Cote d'Ivoire,2020-03-19,0,Deaths,0.0,0.0
12196,Cote d'Ivoire,2020-03-20,0,Deaths,0.0,0.0
12197,Cote d'Ivoire,2020-03-21,0,Deaths,0.0,0.0
12198,Cote d'Ivoire,2020-03-22,0,Deaths,0.0,0.0
12199,Cote d'Ivoire,2020-03-23,0,Deaths,0.0,0.0
12200,Cote d'Ivoire,2020-03-24,0,Deaths,0.0,0.0
12201,Cote d'Ivoire,2020-03-25,0,Deaths,0.0,0.0
12202,Cote d'Ivoire,2020-03-26,0,Deaths,0.0,0.0
12203,Cote d'Ivoire,2020-03-27,0,Deaths,0.0,0.0
12204,Cote d'Ivoire,2020-03-28,0,Deaths,0.0,0.0
12205,Cote d'Ivoire,2020-03-29,1,Deaths,1.0,1.0
12206,Cote d'Ivoire,2020-03-30,1,Deaths,0.0,1.0
12207,Cote d'Ivoire,2020-03-31,1,Deaths,0.0,1.0
12208,Cote d'Ivoire,2020-04-01,1,Deaths,0.0,1.0
12209,Cote d'Ivoire,2020-04-02,1,Deaths,0.0,1.0
12210,Cote d'Ivoire,2020-04-03,1,Deaths,0.0,1.0
12211,Cote d'Ivoire,2020-04-04,1,Deaths,0.0,1.0
12212,Cote d'Ivoire,2020-04-05,3,Deaths,2.0,2.0
12213,Cote d'Ivoire,2020-04-06,3,Deaths,0.0,2.0
12214,Cote d'Ivoire,2020-04-07,3,Deaths,0.0,2.0
12215,Cote d'Ivoire,2020-04-08,3,Deaths,0.0,2.0
12216,Cote d'Ivoire,2020-04-09,3,Deaths,0.0,2.0
12217,Cote d'Ivoire,2020-04-10,3,Deaths,0.0,2.0
12218,Cote d'Ivoire,2020-04-11,4,Deaths,1.0,3.0
12219,Cote d'Ivoire,2020-04-12,5,Deaths,1.0,2.0
12220,Cote d'Ivoire,2020-04-13,6,Deaths,1.0,3.0
12221,Cote d'Ivoire,2020-04-14,6,Deaths,0.0,3.0
12222,Cote d'Ivoire,2020-04-15,6,Deaths,0.0,3.0
12223,Cote d'Ivoire,2020-04-16,6,Deaths,0.0,3.0
12224,Cote d'Ivoire,2020-04-17,6,Deaths,0.0,3.0
12225,Cote d'Ivoire,2020-04-18,8,Deaths,2.0,4.0
12226,Cote d'Ivoire,2020-04-19,9,Deaths,1.0,4.0
12227,Cote d'Ivoire,2020-04-20,9,Deaths,0.0,3.0
12228,Cote d'Ivoire,2020-04-21,13,Deaths,4.0,7.0
12229,Cote d'Ivoire,2020-04-22,14,Deaths,1.0,8.0
12230,Cote d'Ivoire,2020-04-23,14,Deaths,0.0,8.0
12231,Cote d'Ivoire,2020-04-24,14,Deaths,0.0,8.0
12232,Cote d'Ivoire,2020-04-25,14,Deaths,0.0,6.0
12233,Cote d'Ivoire,2020-04-26,14,Deaths,0.0,5.0
12234,Cote d'Ivoire,2020-04-27,14,Deaths,0.0,5.0
12235,Cote d'Ivoire,2020-04-28,14,Deaths,0.0,1.0
12236,Cote d'Ivoire,2020-04-29,14,Deaths,0.0,0.0
12237,Cote d'Ivoire,2020-04-30,14,Deaths,0.0,0.0
12238,Cote d'Ivoire,2020-05-01,15,Deaths,1.0,1.0
12239,Cote d'Ivoire,2020-05-02,15,Deaths,0.0,1.0
12240,Cote d'Ivoire,2020-05-03,17,Deaths,2.0,3.0
12241,Cote d'Ivoire,2020-05-04,17,Deaths,0.0,3.0
12242,Cote d'Ivoire,2020-05-05,18,Deaths,1.0,4.0
12243,Cote d'Ivoire,2020-05-06,18,Deaths,0.0,4.0
12244,Cote d'Ivoire,2020-05-07,20,Deaths,2.0,6.0
12245,Cote d'Ivoire,2020-05-08,20,Deaths,0.0,5.0
12246,Cote d'Ivoire,2020-05-09,21,Deaths,1.0,6.0
12247,Cote d'Ivoire,2020-05-10,21,Deaths,0.0,4.0
12248,Cote d'Ivoire,2020-05-11,21,Deaths,0.0,4.0
12249,Cote d'Ivoire,2020-05-12,21,Deaths,0.0,3.0
12250,Cote d'Ivoire,2020-05-13,24,Deaths,3.0,6.0
12251,Cote d'Ivoire,2020-05-14,24,Deaths,0.0,4.0
12252,Cote d'Ivoire,2020-05-15,24,Deaths,0.0,4.0
12253,Cote d'Ivoire,2020-05-16,25,Deaths,1.0,4.0
12254,Cote d'Ivoire,2020-05-17,27,Deaths,2.0,6.0
12255,Cote d'Ivoire,2020-05-18,28,Deaths,1.0,7.0
12256,Cote d'Ivoire,2020-05-19,28,Deaths,0.0,7.0
12257,Cote d'Ivoire,2020-05-20,29,Deaths,1.0,5.0
12258,Cote d'Ivoire,2020-05-21,29,Deaths,0.0,5.0
12259,Cote d'Ivoire,2020-05-22,29,Deaths,0.0,5.0
12260,Cote d'Ivoire,2020-05-23,30,Deaths,1.0,5.0
12261,Cote d'Ivoire,2020-05-24,30,Deaths,0.0,3.0
12262,Cote d'Ivoire,2020-05-25,30,Deaths,0.0,2.0
12263,Cote d'Ivoire,2020-05-26,30,Deaths,0.0,2.0
12264,Cote d'Ivoire,2020-05-27,31,Deaths,1.0,2.0
12265,Cote d'Ivoire,2020-05-28,32,Deaths,1.0,3.0
12266,Cote d'Ivoire,2020-05-29,32,Deaths,0.0,3.0
12267,Cote d'Ivoire,2020-05-30,33,Deaths,1.0,3.0
12268,Cote d'Ivoire,2020-05-31,33,Deaths,0.0,3.0
12269,Cote d'Ivoire,2020-06-01,33,Deaths,0.0,3.0
12270,Cote d'Ivoire,2020-06-02,33,Deaths,0.0,3.0
12271,Cote d'Ivoire,2020-06-03,35,Deaths,2.0,4.0
12272,Cote d'Ivoire,2020-06-04,35,Deaths,0.0,3.0
12273,Cote d'Ivoire,2020-06-05,36,Deaths,1.0,4.0
12274,Cote d'Ivoire,2020-06-06,36,Deaths,0.0,3.0
12275,Cote d'Ivoire,2020-06-07,36,Deaths,0.0,3.0
12276,Cote d'Ivoire,2020-06-08,38,Deaths,2.0,5.0
12277,Cote d'Ivoire,2020-06-09,38,Deaths,0.0,5.0
12278,Cote d'Ivoire,2020-06-10,41,Deaths,3.0,6.0
12279,Cote d'Ivoire,2020-06-11,41,Deaths,0.0,6.0
12280,Cote d'Ivoire,2020-06-12,45,Deaths,4.0,9.0
12281,Cote d'Ivoire,2020-06-13,45,Deaths,0.0,9.0
12282,Cote d'Ivoire,2020-06-14,45,Deaths,0.0,9.0
12283,Cote d'Ivoire,2020-06-15,46,Deaths,1.0,8.0
12284,Cote d'Ivoire,2020-06-16,46,Deaths,0.0,8.0
12285,Cote d'Ivoire,2020-06-17,48,Deaths,2.0,7.0
12286,Cote d'Ivoire,2020-06-18,49,Deaths,1.0,8.0
12287,Cote d'Ivoire,2020-06-19,49,Deaths,0.0,4.0
12288,Cote d'Ivoire,2020-06-20,52,Deaths,3.0,7.0
12289,Cote d'Ivoire,2020-06-21,54,Deaths,2.0,9.0
12290,Cote d'Ivoire,2020-06-22,56,Deaths,2.0,10.0
12291,Cote d'Ivoire,2020-06-23,58,Deaths,2.0,12.0
12292,Cote d'Ivoire,2020-06-24,58,Deaths,0.0,10.0
12293,Cote d'Ivoire,2020-06-25,60,Deaths,2.0,11.0
12294,Cote d'Ivoire,2020-06-26,64,Deaths,4.0,15.0
12295,Cote d'Ivoire,2020-06-27,66,Deaths,2.0,14.0
12296,Cote d'Ivoire,2020-06-28,66,Deaths,0.0,12.0
12297,Cote d'Ivoire,2020-06-29,66,Deaths,0.0,10.0
12298,Cote d'Ivoire,2020-06-30,68,Deaths,2.0,10.0
12299,Cote d'Ivoire,2020-07-01,68,Deaths,0.0,10.0
12300,Cote d'Ivoire,2020-07-02,68,Deaths,0.0,8.0
12301,Cote d'Ivoire,2020-07-03,70,Deaths,2.0,6.0
12302,Cote d'Ivoire,2020-07-04,72,Deaths,2.0,6.0
12303,Cote d'Ivoire,2020-07-05,74,Deaths,2.0,8.0
12304,Cote d'Ivoire,2020-07-06,75,Deaths,1.0,9.0
12305,Cote d'Ivoire,2020-07-07,76,Deaths,1.0,8.0
12306,Cote d'Ivoire,2020-07-08,78,Deaths,2.0,10.0
12307,Cote d'Ivoire,2020-07-09,79,Deaths,1.0,11.0
12308,Cote d'Ivoire,2020-07-10,81,Deaths,2.0,11.0
12309,Cote d'Ivoire,2020-07-11,82,Deaths,1.0,10.0
12310,Cote d'Ivoire,2020-07-12,84,Deaths,2.0,10.0
12311,Cote d'Ivoire,2020-07-13,84,Deaths,0.0,9.0
12312,Cote d'Ivoire,2020-07-14,87,Deaths,3.0,11.0
12313,Cote d'Ivoire,2020-07-15,87,Deaths,0.0,9.0
12314,Cote d'Ivoire,2020-07-16,87,Deaths,0.0,8.0
12315,Cote d'Ivoire,2020-07-17,87,Deaths,0.0,6.0
12316,Cote d'Ivoire,2020-07-18,91,Deaths,4.0,9.0
12317,Cote d'Ivoire,2020-07-19,92,Deaths,1.0,8.0
12318,Cote d'Ivoire,2020-07-20,92,Deaths,0.0,8.0
12319,Cote d'Ivoire,2020-07-21,93,Deaths,1.0,6.0
12320,Cote d'Ivoire,2020-07-22,93,Deaths,0.0,6.0
12321,Cote d'Ivoire,2020-07-23,93,Deaths,0.0,6.0
12322,Cote d'Ivoire,2020-07-24,94,Deaths,1.0,7.0
12323,Cote d'Ivoire,2020-07-25,94,Deaths,0.0,3.0
12324,Cote d'Ivoire,2020-07-26,96,Deaths,2.0,4.0
12325,Cote d'Ivoire,2020-07-27,96,Deaths,0.0,4.0
12326,Cote d'Ivoire,2020-07-28,98,Deaths,2.0,5.0
12327,Cote d'Ivoire,2020-07-29,99,Deaths,1.0,6.0
12328,Cote d'Ivoire,2020-07-30,100,Deaths,1.0,7.0
12329,Cote d'Ivoire,2020-07-31,102,Deaths,2.0,8.0
12330,Cote d'Ivoire,2020-08-01,102,Deaths,0.0,8.0
12331,Cote d'Ivoire,2020-08-02,102,Deaths,0.0,6.0
12332,Cote d'Ivoire,2020-08-03,102,Deaths,0.0,6.0
12333,Cote d'Ivoire,2020-08-04,103,Deaths,1.0,5.0
12334,Cote d'Ivoire,2020-08-05,103,Deaths,0.0,4.0
12335,Cote d'Ivoire,2020-08-06,103,Deaths,0.0,3.0
12336,Cote d'Ivoire,2020-08-07,104,Deaths,1.0,2.0
12337,Cote d'Ivoire,2020-08-08,104,Deaths,0.0,2.0
12338,Cote d'Ivoire,2020-08-09,105,Deaths,1.0,3.0
12339,Cote d'Ivoire,2020-08-10,105,Deaths,0.0,3.0
12340,Cote d'Ivoire,2020-08-11,105,Deaths,0.0,2.0
12341,Cote d'Ivoire,2020-08-12,105,Deaths,0.0,2.0
12342,Cote d'Ivoire,2020-08-13,107,Deaths,2.0,4.0
12343,Cote d'Ivoire,2020-08-14,108,Deaths,1.0,4.0
12344,Cote d'Ivoire,2020-08-15,108,Deaths,0.0,4.0
12345,Cote d'Ivoire,2020-08-16,110,Deaths,2.0,5.0
12346,Cote d'Ivoire,2020-08-17,110,Deaths,0.0,5.0
12347,Cote d'Ivoire,2020-08-18,110,Deaths,0.0,5.0
12348,Cote d'Ivoire,2020-08-19,111,Deaths,1.0,6.0
12349,Cote d'Ivoire,2020-08-20,112,Deaths,1.0,5.0
12350,Cote d'Ivoire,2020-08-21,112,Deaths,0.0,4.0
12351,Cote d'Ivoire,2020-08-22,113,Deaths,1.0,5.0
12352,Cote d'Ivoire,2020-08-23,113,Deaths,0.0,3.0
12353,Cote d'Ivoire,2020-08-24,114,Deaths,1.0,4.0
12354,Cote d'Ivoire,2020-08-25,114,Deaths,0.0,4.0
12355,Cote d'Ivoire,2020-08-26,114,Deaths,0.0,3.0
12356,Cote d'Ivoire,2020-08-27,115,Deaths,1.0,3.0
12357,Cote d'Ivoire,2020-08-28,115,Deaths,0.0,3.0
12358,Cote d'Ivoire,2020-08-29,115,Deaths,0.0,2.0
12359,Cote d'Ivoire,2020-08-30,115,Deaths,0.0,2.0
12360,Cote d'Ivoire,2020-08-31,117,Deaths,2.0,3.0
12361,Cote d'Ivoire,2020-09-01,117,Deaths,0.0,3.0
12362,Cote d'Ivoire,2020-09-02,117,Deaths,0.0,3.0
12363,Cote d'Ivoire,2020-09-03,119,Deaths,2.0,4.0
12364,Cote d'Ivoire,2020-09-04,119,Deaths,0.0,4.0
12365,Cote d'Ivoire,2020-09-05,119,Deaths,0.0,4.0
12366,Cote d'Ivoire,2020-09-06,119,Deaths,0.0,4.0
12367,Cote d'Ivoire,2020-09-07,119,Deaths,0.0,2.0
12368,Cote d'Ivoire,2020-09-08,119,Deaths,0.0,2.0
12369,Cote d'Ivoire,2020-09-09,119,Deaths,0.0,2.0
12370,Cote d'Ivoire,2020-09-10,119,Deaths,0.0,0.0
12371,Cote d'Ivoire,2020-09-11,119,Deaths,0.0,0.0
12372,Cote d'Ivoire,2020-09-12,119,Deaths,0.0,0.0
12373,Cote d'Ivoire,2020-09-13,120,Deaths,1.0,1.0
12374,Cote d'Ivoire,2020-09-14,120,Deaths,0.0,1.0
12375,Cote d'Ivoire,2020-09-15,120,Deaths,0.0,1.0
12376,Cote d'Ivoire,2020-09-16,120,Deaths,0.0,1.0
12377,Cote d'Ivoire,2020-09-17,120,Deaths,0.0,1.0
12378,Cote d'Ivoire,2020-09-18,120,Deaths,0.0,1.0
12379,Cote d'Ivoire,2020-09-19,120,Deaths,0.0,1.0
12380,Cote d'Ivoire,2020-09-20,120,Deaths,0.0,0.0
12381,Cote d'Ivoire,2020-09-21,120,Deaths,0.0,0.0
12382,Cote d'Ivoire,2020-09-22,120,Deaths,0.0,0.0
12383,Cote d'Ivoire,2020-09-23,120,Deaths,0.0,0.0
12384,Cote d'Ivoire,2020-09-24,120,Deaths,0.0,0.0
12385,Cote d'Ivoire,2020-09-25,120,Deaths,0.0,0.0
12386,Cote d'Ivoire,2020-09-26,120,Deaths,0.0,0.0
12387,Cote d'Ivoire,2020-09-27,120,Deaths,0.0,0.0
12388,Cote d'Ivoire,2020-09-28,120,Deaths,0.0,0.0
12389,Cote d'Ivoire,2020-09-29,120,Deaths,0.0,0.0
12390,Cote d'Ivoire,2020-09-30,120,Deaths,0.0,0.0
12391,Cote d'Ivoire,2020-10-01,120,Deaths,0.0,0.0
12392,Cote d'Ivoire,2020-10-02,120,Deaths,0.0,0.0
12393,Cote d'Ivoire,2020-10-03,120,Deaths,0.0,0.0
12394,Cote d'Ivoire,2020-10-04,120,Deaths,0.0,0.0
12395,Cote d'Ivoire,2020-10-05,120,Deaths,0.0,0.0
12396,Cote d'Ivoire,2020-10-06,120,Deaths,0.0,0.0
12397,Cote d'Ivoire,2020-10-07,120,Deaths,0.0,0.0
12398,Cote d'Ivoire,2020-10-08,120,Deaths,0.0,0.0
12399,Cote d'Ivoire,2020-10-09,120,Deaths,0.0,0.0
12400,Cote d'Ivoire,2020-10-10,120,Deaths,0.0,0.0
12401,Cote d'Ivoire,2020-10-11,120,Deaths,0.0,0.0
12402,Cote d'Ivoire,2020-10-12,120,Deaths,0.0,0.0
12403,Cote d'Ivoire,2020-10-13,120,Deaths,0.0,0.0
12404,Cote d'Ivoire,2020-10-14,120,Deaths,0.0,0.0
12405,Cote d'Ivoire,2020-10-15,120,Deaths,0.0,0.0
12406,Cote d'Ivoire,2020-10-16,121,Deaths,1.0,1.0
12407,Cote d'Ivoire,2020-10-17,121,Deaths,0.0,1.0
12408,Cote d'Ivoire,2020-10-18,121,Deaths,0.0,1.0
12409,Cote d'Ivoire,2020-10-19,121,Deaths,0.0,1.0
12410,Cote d'Ivoire,2020-10-20,121,Deaths,0.0,1.0
12411,Cote d'Ivoire,2020-10-21,121,Deaths,0.0,1.0
12412,Cote d'Ivoire,2020-10-22,121,Deaths,0.0,1.0
12413,Cote d'Ivoire,2020-10-23,121,Deaths,0.0,0.0
12414,Cote d'Ivoire,2020-10-24,121,Deaths,0.0,0.0
12415,Cote d'Ivoire,2020-10-25,122,Deaths,1.0,1.0
12416,Cote d'Ivoire,2020-10-26,122,Deaths,0.0,1.0
12417,Cote d'Ivoire,2020-10-27,122,Deaths,0.0,1.0
12418,Cote d'Ivoire,2020-10-28,124,Deaths,2.0,3.0
12419,Cote d'Ivoire,2020-10-29,124,Deaths,0.0,3.0
12420,Cote d'Ivoire,2020-10-30,124,Deaths,0.0,3.0
12421,Cote d'Ivoire,2020-10-31,126,Deaths,2.0,5.0
12422,Cote d'Ivoire,2020-11-01,126,Deaths,0.0,4.0
12423,Cote d'Ivoire,2020-11-02,126,Deaths,0.0,4.0
12424,Cote d'Ivoire,2020-11-03,126,Deaths,0.0,4.0
12425,Cote d'Ivoire,2020-11-04,126,Deaths,0.0,2.0
12426,Cote d'Ivoire,2020-11-05,126,Deaths,0.0,2.0
12427,Croatia,2020-01-22,0,Deaths,,
12428,Croatia,2020-01-23,0,Deaths,0.0,
12429,Croatia,2020-01-24,0,Deaths,0.0,
12430,Croatia,2020-01-25,0,Deaths,0.0,
12431,Croatia,2020-01-26,0,Deaths,0.0,
12432,Croatia,2020-01-27,0,Deaths,0.0,
12433,Croatia,2020-01-28,0,Deaths,0.0,
12434,Croatia,2020-01-29,0,Deaths,0.0,0.0
12435,Croatia,2020-01-30,0,Deaths,0.0,0.0
12436,Croatia,2020-01-31,0,Deaths,0.0,0.0
12437,Croatia,2020-02-01,0,Deaths,0.0,0.0
12438,Croatia,2020-02-02,0,Deaths,0.0,0.0
12439,Croatia,2020-02-03,0,Deaths,0.0,0.0
12440,Croatia,2020-02-04,0,Deaths,0.0,0.0
12441,Croatia,2020-02-05,0,Deaths,0.0,0.0
12442,Croatia,2020-02-06,0,Deaths,0.0,0.0
12443,Croatia,2020-02-07,0,Deaths,0.0,0.0
12444,Croatia,2020-02-08,0,Deaths,0.0,0.0
12445,Croatia,2020-02-09,0,Deaths,0.0,0.0
12446,Croatia,2020-02-10,0,Deaths,0.0,0.0
12447,Croatia,2020-02-11,0,Deaths,0.0,0.0
12448,Croatia,2020-02-12,0,Deaths,0.0,0.0
12449,Croatia,2020-02-13,0,Deaths,0.0,0.0
12450,Croatia,2020-02-14,0,Deaths,0.0,0.0
12451,Croatia,2020-02-15,0,Deaths,0.0,0.0
12452,Croatia,2020-02-16,0,Deaths,0.0,0.0
12453,Croatia,2020-02-17,0,Deaths,0.0,0.0
12454,Croatia,2020-02-18,0,Deaths,0.0,0.0
12455,Croatia,2020-02-19,0,Deaths,0.0,0.0
12456,Croatia,2020-02-20,0,Deaths,0.0,0.0
12457,Croatia,2020-02-21,0,Deaths,0.0,0.0
12458,Croatia,2020-02-22,0,Deaths,0.0,0.0
12459,Croatia,2020-02-23,0,Deaths,0.0,0.0
12460,Croatia,2020-02-24,0,Deaths,0.0,0.0
12461,Croatia,2020-02-25,0,Deaths,0.0,0.0
12462,Croatia,2020-02-26,0,Deaths,0.0,0.0
12463,Croatia,2020-02-27,0,Deaths,0.0,0.0
12464,Croatia,2020-02-28,0,Deaths,0.0,0.0
12465,Croatia,2020-02-29,0,Deaths,0.0,0.0
12466,Croatia,2020-03-01,0,Deaths,0.0,0.0
12467,Croatia,2020-03-02,0,Deaths,0.0,0.0
12468,Croatia,2020-03-03,0,Deaths,0.0,0.0
12469,Croatia,2020-03-04,0,Deaths,0.0,0.0
12470,Croatia,2020-03-05,0,Deaths,0.0,0.0
12471,Croatia,2020-03-06,0,Deaths,0.0,0.0
12472,Croatia,2020-03-07,0,Deaths,0.0,0.0
12473,Croatia,2020-03-08,0,Deaths,0.0,0.0
12474,Croatia,2020-03-09,0,Deaths,0.0,0.0
12475,Croatia,2020-03-10,0,Deaths,0.0,0.0
12476,Croatia,2020-03-11,0,Deaths,0.0,0.0
12477,Croatia,2020-03-12,0,Deaths,0.0,0.0
12478,Croatia,2020-03-13,0,Deaths,0.0,0.0
12479,Croatia,2020-03-14,0,Deaths,0.0,0.0
12480,Croatia,2020-03-15,0,Deaths,0.0,0.0
12481,Croatia,2020-03-16,0,Deaths,0.0,0.0
12482,Croatia,2020-03-17,0,Deaths,0.0,0.0
12483,Croatia,2020-03-18,0,Deaths,0.0,0.0
12484,Croatia,2020-03-19,1,Deaths,1.0,1.0
12485,Croatia,2020-03-20,1,Deaths,0.0,1.0
12486,Croatia,2020-03-21,1,Deaths,0.0,1.0
12487,Croatia,2020-03-22,1,Deaths,0.0,1.0
12488,Croatia,2020-03-23,1,Deaths,0.0,1.0
12489,Croatia,2020-03-24,1,Deaths,0.0,1.0
12490,Croatia,2020-03-25,1,Deaths,0.0,1.0
12491,Croatia,2020-03-26,3,Deaths,2.0,2.0
12492,Croatia,2020-03-27,3,Deaths,0.0,2.0
12493,Croatia,2020-03-28,5,Deaths,2.0,4.0
12494,Croatia,2020-03-29,6,Deaths,1.0,5.0
12495,Croatia,2020-03-30,6,Deaths,0.0,5.0
12496,Croatia,2020-03-31,6,Deaths,0.0,5.0
12497,Croatia,2020-04-01,6,Deaths,0.0,5.0
12498,Croatia,2020-04-02,7,Deaths,1.0,4.0
12499,Croatia,2020-04-03,8,Deaths,1.0,5.0
12500,Croatia,2020-04-04,12,Deaths,4.0,7.0
12501,Croatia,2020-04-05,15,Deaths,3.0,9.0
12502,Croatia,2020-04-06,16,Deaths,1.0,10.0
12503,Croatia,2020-04-07,18,Deaths,2.0,12.0
12504,Croatia,2020-04-08,19,Deaths,1.0,13.0
12505,Croatia,2020-04-09,20,Deaths,1.0,13.0
12506,Croatia,2020-04-10,21,Deaths,1.0,13.0
12507,Croatia,2020-04-11,21,Deaths,0.0,9.0
12508,Croatia,2020-04-12,23,Deaths,2.0,8.0
12509,Croatia,2020-04-13,25,Deaths,2.0,9.0
12510,Croatia,2020-04-14,31,Deaths,6.0,13.0
12511,Croatia,2020-04-15,33,Deaths,2.0,14.0
12512,Croatia,2020-04-16,35,Deaths,2.0,15.0
12513,Croatia,2020-04-17,36,Deaths,1.0,15.0
12514,Croatia,2020-04-18,39,Deaths,3.0,18.0
12515,Croatia,2020-04-19,47,Deaths,8.0,24.0
12516,Croatia,2020-04-20,47,Deaths,0.0,22.0
12517,Croatia,2020-04-21,48,Deaths,1.0,17.0
12518,Croatia,2020-04-22,48,Deaths,0.0,15.0
12519,Croatia,2020-04-23,50,Deaths,2.0,15.0
12520,Croatia,2020-04-24,51,Deaths,1.0,15.0
12521,Croatia,2020-04-25,54,Deaths,3.0,15.0
12522,Croatia,2020-04-26,55,Deaths,1.0,8.0
12523,Croatia,2020-04-27,59,Deaths,4.0,12.0
12524,Croatia,2020-04-28,63,Deaths,4.0,15.0
12525,Croatia,2020-04-29,67,Deaths,4.0,19.0
12526,Croatia,2020-04-30,69,Deaths,2.0,19.0
12527,Croatia,2020-05-01,75,Deaths,6.0,24.0
12528,Croatia,2020-05-02,77,Deaths,2.0,23.0
12529,Croatia,2020-05-03,79,Deaths,2.0,24.0
12530,Croatia,2020-05-04,80,Deaths,1.0,21.0
12531,Croatia,2020-05-05,83,Deaths,3.0,20.0
12532,Croatia,2020-05-06,85,Deaths,2.0,18.0
12533,Croatia,2020-05-07,86,Deaths,1.0,17.0
12534,Croatia,2020-05-08,86,Deaths,0.0,11.0
12535,Croatia,2020-05-09,87,Deaths,1.0,10.0
12536,Croatia,2020-05-10,90,Deaths,3.0,11.0
12537,Croatia,2020-05-11,91,Deaths,1.0,11.0
12538,Croatia,2020-05-12,91,Deaths,0.0,8.0
12539,Croatia,2020-05-13,94,Deaths,3.0,9.0
12540,Croatia,2020-05-14,94,Deaths,0.0,8.0
12541,Croatia,2020-05-15,95,Deaths,1.0,9.0
12542,Croatia,2020-05-16,95,Deaths,0.0,8.0
12543,Croatia,2020-05-17,95,Deaths,0.0,5.0
12544,Croatia,2020-05-18,95,Deaths,0.0,4.0
12545,Croatia,2020-05-19,96,Deaths,1.0,5.0
12546,Croatia,2020-05-20,96,Deaths,0.0,2.0
12547,Croatia,2020-05-21,97,Deaths,1.0,3.0
12548,Croatia,2020-05-22,99,Deaths,2.0,4.0
12549,Croatia,2020-05-23,99,Deaths,0.0,4.0
12550,Croatia,2020-05-24,99,Deaths,0.0,4.0
12551,Croatia,2020-05-25,100,Deaths,1.0,5.0
12552,Croatia,2020-05-26,101,Deaths,1.0,5.0
12553,Croatia,2020-05-27,101,Deaths,0.0,5.0
12554,Croatia,2020-05-28,102,Deaths,1.0,5.0
12555,Croatia,2020-05-29,103,Deaths,1.0,4.0
12556,Croatia,2020-05-30,103,Deaths,0.0,4.0
12557,Croatia,2020-05-31,103,Deaths,0.0,4.0
12558,Croatia,2020-06-01,103,Deaths,0.0,3.0
12559,Croatia,2020-06-02,103,Deaths,0.0,2.0
12560,Croatia,2020-06-03,103,Deaths,0.0,2.0
12561,Croatia,2020-06-04,103,Deaths,0.0,1.0
12562,Croatia,2020-06-05,103,Deaths,0.0,0.0
12563,Croatia,2020-06-06,104,Deaths,1.0,1.0
12564,Croatia,2020-06-07,104,Deaths,0.0,1.0
12565,Croatia,2020-06-08,104,Deaths,0.0,1.0
12566,Croatia,2020-06-09,106,Deaths,2.0,3.0
12567,Croatia,2020-06-10,106,Deaths,0.0,3.0
12568,Croatia,2020-06-11,106,Deaths,0.0,3.0
12569,Croatia,2020-06-12,107,Deaths,1.0,4.0
12570,Croatia,2020-06-13,107,Deaths,0.0,3.0
12571,Croatia,2020-06-14,107,Deaths,0.0,3.0
12572,Croatia,2020-06-15,107,Deaths,0.0,3.0
12573,Croatia,2020-06-16,107,Deaths,0.0,1.0
12574,Croatia,2020-06-17,107,Deaths,0.0,1.0
12575,Croatia,2020-06-18,107,Deaths,0.0,1.0
12576,Croatia,2020-06-19,107,Deaths,0.0,0.0
12577,Croatia,2020-06-20,107,Deaths,0.0,0.0
12578,Croatia,2020-06-21,107,Deaths,0.0,0.0
12579,Croatia,2020-06-22,107,Deaths,0.0,0.0
12580,Croatia,2020-06-23,107,Deaths,0.0,0.0
12581,Croatia,2020-06-24,107,Deaths,0.0,0.0
12582,Croatia,2020-06-25,107,Deaths,0.0,0.0
12583,Croatia,2020-06-26,107,Deaths,0.0,0.0
12584,Croatia,2020-06-27,107,Deaths,0.0,0.0
12585,Croatia,2020-06-28,107,Deaths,0.0,0.0
12586,Croatia,2020-06-29,107,Deaths,0.0,0.0
12587,Croatia,2020-06-30,107,Deaths,0.0,0.0
12588,Croatia,2020-07-01,108,Deaths,1.0,1.0
12589,Croatia,2020-07-02,110,Deaths,2.0,3.0
12590,Croatia,2020-07-03,112,Deaths,2.0,5.0
12591,Croatia,2020-07-04,113,Deaths,1.0,6.0
12592,Croatia,2020-07-05,113,Deaths,0.0,6.0
12593,Croatia,2020-07-06,113,Deaths,0.0,6.0
12594,Croatia,2020-07-07,113,Deaths,0.0,6.0
12595,Croatia,2020-07-08,114,Deaths,1.0,6.0
12596,Croatia,2020-07-09,115,Deaths,1.0,5.0
12597,Croatia,2020-07-10,117,Deaths,2.0,5.0
12598,Croatia,2020-07-11,118,Deaths,1.0,5.0
12599,Croatia,2020-07-12,119,Deaths,1.0,6.0
12600,Croatia,2020-07-13,119,Deaths,0.0,6.0
12601,Croatia,2020-07-14,120,Deaths,1.0,7.0
12602,Croatia,2020-07-15,120,Deaths,0.0,6.0
12603,Croatia,2020-07-16,120,Deaths,0.0,5.0
12604,Croatia,2020-07-17,120,Deaths,0.0,3.0
12605,Croatia,2020-07-18,120,Deaths,0.0,2.0
12606,Croatia,2020-07-19,120,Deaths,0.0,1.0
12607,Croatia,2020-07-20,122,Deaths,2.0,3.0
12608,Croatia,2020-07-21,123,Deaths,1.0,3.0
12609,Croatia,2020-07-22,125,Deaths,2.0,5.0
12610,Croatia,2020-07-23,128,Deaths,3.0,8.0
12611,Croatia,2020-07-24,128,Deaths,0.0,8.0
12612,Croatia,2020-07-25,133,Deaths,5.0,13.0
12613,Croatia,2020-07-26,136,Deaths,3.0,16.0
12614,Croatia,2020-07-27,139,Deaths,3.0,17.0
12615,Croatia,2020-07-28,140,Deaths,1.0,17.0
12616,Croatia,2020-07-29,141,Deaths,1.0,16.0
12617,Croatia,2020-07-30,144,Deaths,3.0,16.0
12618,Croatia,2020-07-31,145,Deaths,1.0,17.0
12619,Croatia,2020-08-01,145,Deaths,0.0,12.0
12620,Croatia,2020-08-02,149,Deaths,4.0,13.0
12621,Croatia,2020-08-03,153,Deaths,4.0,14.0
12622,Croatia,2020-08-04,154,Deaths,1.0,14.0
12623,Croatia,2020-08-05,154,Deaths,0.0,13.0
12624,Croatia,2020-08-06,155,Deaths,1.0,11.0
12625,Croatia,2020-08-07,155,Deaths,0.0,10.0
12626,Croatia,2020-08-08,157,Deaths,2.0,12.0
12627,Croatia,2020-08-09,157,Deaths,0.0,8.0
12628,Croatia,2020-08-10,158,Deaths,1.0,5.0
12629,Croatia,2020-08-11,160,Deaths,2.0,6.0
12630,Croatia,2020-08-12,160,Deaths,0.0,6.0
12631,Croatia,2020-08-13,161,Deaths,1.0,6.0
12632,Croatia,2020-08-14,163,Deaths,2.0,8.0
12633,Croatia,2020-08-15,165,Deaths,2.0,8.0
12634,Croatia,2020-08-16,166,Deaths,1.0,9.0
12635,Croatia,2020-08-17,166,Deaths,0.0,8.0
12636,Croatia,2020-08-18,166,Deaths,0.0,6.0
12637,Croatia,2020-08-19,168,Deaths,2.0,8.0
12638,Croatia,2020-08-20,168,Deaths,0.0,7.0
12639,Croatia,2020-08-21,169,Deaths,1.0,6.0
12640,Croatia,2020-08-22,170,Deaths,1.0,5.0
12641,Croatia,2020-08-23,171,Deaths,1.0,5.0
12642,Croatia,2020-08-24,173,Deaths,2.0,7.0
12643,Croatia,2020-08-25,175,Deaths,2.0,9.0
12644,Croatia,2020-08-26,175,Deaths,0.0,7.0
12645,Croatia,2020-08-27,177,Deaths,2.0,9.0
12646,Croatia,2020-08-28,180,Deaths,3.0,11.0
12647,Croatia,2020-08-29,183,Deaths,3.0,13.0
12648,Croatia,2020-08-30,184,Deaths,1.0,13.0
12649,Croatia,2020-08-31,186,Deaths,2.0,13.0
12650,Croatia,2020-09-01,187,Deaths,1.0,12.0
12651,Croatia,2020-09-02,191,Deaths,4.0,16.0
12652,Croatia,2020-09-03,194,Deaths,3.0,17.0
12653,Croatia,2020-09-04,195,Deaths,1.0,15.0
12654,Croatia,2020-09-05,197,Deaths,2.0,14.0
12655,Croatia,2020-09-06,198,Deaths,1.0,14.0
12656,Croatia,2020-09-07,201,Deaths,3.0,15.0
12657,Croatia,2020-09-08,203,Deaths,2.0,16.0
12658,Croatia,2020-09-09,206,Deaths,3.0,15.0
12659,Croatia,2020-09-10,208,Deaths,2.0,14.0
12660,Croatia,2020-09-11,211,Deaths,3.0,16.0
12661,Croatia,2020-09-12,218,Deaths,7.0,21.0
12662,Croatia,2020-09-13,224,Deaths,6.0,26.0
12663,Croatia,2020-09-14,227,Deaths,3.0,26.0
12664,Croatia,2020-09-15,230,Deaths,3.0,27.0
12665,Croatia,2020-09-16,236,Deaths,6.0,30.0
12666,Croatia,2020-09-17,238,Deaths,2.0,30.0
12667,Croatia,2020-09-18,244,Deaths,6.0,33.0
12668,Croatia,2020-09-19,244,Deaths,0.0,26.0
12669,Croatia,2020-09-20,248,Deaths,4.0,24.0
12670,Croatia,2020-09-21,253,Deaths,5.0,26.0
12671,Croatia,2020-09-22,255,Deaths,2.0,25.0
12672,Croatia,2020-09-23,257,Deaths,2.0,21.0
12673,Croatia,2020-09-24,261,Deaths,4.0,23.0
12674,Croatia,2020-09-25,266,Deaths,5.0,22.0
12675,Croatia,2020-09-26,269,Deaths,3.0,25.0
12676,Croatia,2020-09-27,272,Deaths,3.0,24.0
12677,Croatia,2020-09-28,272,Deaths,0.0,19.0
12678,Croatia,2020-09-29,275,Deaths,3.0,20.0
12679,Croatia,2020-09-30,280,Deaths,5.0,23.0
12680,Croatia,2020-10-01,284,Deaths,4.0,23.0
12681,Croatia,2020-10-02,291,Deaths,7.0,25.0
12682,Croatia,2020-10-03,293,Deaths,2.0,24.0
12683,Croatia,2020-10-04,298,Deaths,5.0,26.0
12684,Croatia,2020-10-05,300,Deaths,2.0,28.0
12685,Croatia,2020-10-06,304,Deaths,4.0,29.0
12686,Croatia,2020-10-07,309,Deaths,5.0,29.0
12687,Croatia,2020-10-08,310,Deaths,1.0,26.0
12688,Croatia,2020-10-09,313,Deaths,3.0,22.0
12689,Croatia,2020-10-10,317,Deaths,4.0,24.0
12690,Croatia,2020-10-11,324,Deaths,7.0,26.0
12691,Croatia,2020-10-12,327,Deaths,3.0,27.0
12692,Croatia,2020-10-13,330,Deaths,3.0,26.0
12693,Croatia,2020-10-14,334,Deaths,4.0,25.0
12694,Croatia,2020-10-15,344,Deaths,10.0,34.0
12695,Croatia,2020-10-16,345,Deaths,1.0,32.0
12696,Croatia,2020-10-17,355,Deaths,10.0,38.0
12697,Croatia,2020-10-18,363,Deaths,8.0,39.0
12698,Croatia,2020-10-19,374,Deaths,11.0,47.0
12699,Croatia,2020-10-20,382,Deaths,8.0,52.0
12700,Croatia,2020-10-21,393,Deaths,11.0,59.0
12701,Croatia,2020-10-22,406,Deaths,13.0,62.0
12702,Croatia,2020-10-23,413,Deaths,7.0,68.0
12703,Croatia,2020-10-24,429,Deaths,16.0,74.0
12704,Croatia,2020-10-25,437,Deaths,8.0,74.0
12705,Croatia,2020-10-26,452,Deaths,15.0,78.0
12706,Croatia,2020-10-27,470,Deaths,18.0,88.0
12707,Croatia,2020-10-28,493,Deaths,23.0,100.0
12708,Croatia,2020-10-29,511,Deaths,18.0,105.0
12709,Croatia,2020-10-30,531,Deaths,20.0,118.0
12710,Croatia,2020-10-31,546,Deaths,15.0,117.0
12711,Croatia,2020-11-01,562,Deaths,16.0,125.0
12712,Croatia,2020-11-02,594,Deaths,32.0,142.0
12713,Croatia,2020-11-03,628,Deaths,34.0,158.0
12714,Croatia,2020-11-04,654,Deaths,26.0,161.0
12715,Croatia,2020-11-05,683,Deaths,29.0,172.0
12716,Cuba,2020-01-22,0,Deaths,,
12717,Cuba,2020-01-23,0,Deaths,0.0,
12718,Cuba,2020-01-24,0,Deaths,0.0,
12719,Cuba,2020-01-25,0,Deaths,0.0,
12720,Cuba,2020-01-26,0,Deaths,0.0,
12721,Cuba,2020-01-27,0,Deaths,0.0,
12722,Cuba,2020-01-28,0,Deaths,0.0,
12723,Cuba,2020-01-29,0,Deaths,0.0,0.0
12724,Cuba,2020-01-30,0,Deaths,0.0,0.0
12725,Cuba,2020-01-31,0,Deaths,0.0,0.0
12726,Cuba,2020-02-01,0,Deaths,0.0,0.0
12727,Cuba,2020-02-02,0,Deaths,0.0,0.0
12728,Cuba,2020-02-03,0,Deaths,0.0,0.0
12729,Cuba,2020-02-04,0,Deaths,0.0,0.0
12730,Cuba,2020-02-05,0,Deaths,0.0,0.0
12731,Cuba,2020-02-06,0,Deaths,0.0,0.0
12732,Cuba,2020-02-07,0,Deaths,0.0,0.0
12733,Cuba,2020-02-08,0,Deaths,0.0,0.0
12734,Cuba,2020-02-09,0,Deaths,0.0,0.0
12735,Cuba,2020-02-10,0,Deaths,0.0,0.0
12736,Cuba,2020-02-11,0,Deaths,0.0,0.0
12737,Cuba,2020-02-12,0,Deaths,0.0,0.0
12738,Cuba,2020-02-13,0,Deaths,0.0,0.0
12739,Cuba,2020-02-14,0,Deaths,0.0,0.0
12740,Cuba,2020-02-15,0,Deaths,0.0,0.0
12741,Cuba,2020-02-16,0,Deaths,0.0,0.0
12742,Cuba,2020-02-17,0,Deaths,0.0,0.0
12743,Cuba,2020-02-18,0,Deaths,0.0,0.0
12744,Cuba,2020-02-19,0,Deaths,0.0,0.0
12745,Cuba,2020-02-20,0,Deaths,0.0,0.0
12746,Cuba,2020-02-21,0,Deaths,0.0,0.0
12747,Cuba,2020-02-22,0,Deaths,0.0,0.0
12748,Cuba,2020-02-23,0,Deaths,0.0,0.0
12749,Cuba,2020-02-24,0,Deaths,0.0,0.0
12750,Cuba,2020-02-25,0,Deaths,0.0,0.0
12751,Cuba,2020-02-26,0,Deaths,0.0,0.0
12752,Cuba,2020-02-27,0,Deaths,0.0,0.0
12753,Cuba,2020-02-28,0,Deaths,0.0,0.0
12754,Cuba,2020-02-29,0,Deaths,0.0,0.0
12755,Cuba,2020-03-01,0,Deaths,0.0,0.0
12756,Cuba,2020-03-02,0,Deaths,0.0,0.0
12757,Cuba,2020-03-03,0,Deaths,0.0,0.0
12758,Cuba,2020-03-04,0,Deaths,0.0,0.0
12759,Cuba,2020-03-05,0,Deaths,0.0,0.0
12760,Cuba,2020-03-06,0,Deaths,0.0,0.0
12761,Cuba,2020-03-07,0,Deaths,0.0,0.0
12762,Cuba,2020-03-08,0,Deaths,0.0,0.0
12763,Cuba,2020-03-09,0,Deaths,0.0,0.0
12764,Cuba,2020-03-10,0,Deaths,0.0,0.0
12765,Cuba,2020-03-11,0,Deaths,0.0,0.0
12766,Cuba,2020-03-12,0,Deaths,0.0,0.0
12767,Cuba,2020-03-13,0,Deaths,0.0,0.0
12768,Cuba,2020-03-14,0,Deaths,0.0,0.0
12769,Cuba,2020-03-15,0,Deaths,0.0,0.0
12770,Cuba,2020-03-16,0,Deaths,0.0,0.0
12771,Cuba,2020-03-17,0,Deaths,0.0,0.0
12772,Cuba,2020-03-18,1,Deaths,1.0,1.0
12773,Cuba,2020-03-19,1,Deaths,0.0,1.0
12774,Cuba,2020-03-20,1,Deaths,0.0,1.0
12775,Cuba,2020-03-21,1,Deaths,0.0,1.0
12776,Cuba,2020-03-22,1,Deaths,0.0,1.0
12777,Cuba,2020-03-23,1,Deaths,0.0,1.0
12778,Cuba,2020-03-24,1,Deaths,0.0,1.0
12779,Cuba,2020-03-25,1,Deaths,0.0,0.0
12780,Cuba,2020-03-26,2,Deaths,1.0,1.0
12781,Cuba,2020-03-27,2,Deaths,0.0,1.0
12782,Cuba,2020-03-28,3,Deaths,1.0,2.0
12783,Cuba,2020-03-29,3,Deaths,0.0,2.0
12784,Cuba,2020-03-30,4,Deaths,1.0,3.0
12785,Cuba,2020-03-31,6,Deaths,2.0,5.0
12786,Cuba,2020-04-01,6,Deaths,0.0,5.0
12787,Cuba,2020-04-02,6,Deaths,0.0,4.0
12788,Cuba,2020-04-03,6,Deaths,0.0,4.0
12789,Cuba,2020-04-04,6,Deaths,0.0,3.0
12790,Cuba,2020-04-05,8,Deaths,2.0,5.0
12791,Cuba,2020-04-06,9,Deaths,1.0,5.0
12792,Cuba,2020-04-07,11,Deaths,2.0,5.0
12793,Cuba,2020-04-08,12,Deaths,1.0,6.0
12794,Cuba,2020-04-09,15,Deaths,3.0,9.0
12795,Cuba,2020-04-10,15,Deaths,0.0,9.0
12796,Cuba,2020-04-11,16,Deaths,1.0,10.0
12797,Cuba,2020-04-12,18,Deaths,2.0,10.0
12798,Cuba,2020-04-13,21,Deaths,3.0,12.0
12799,Cuba,2020-04-14,21,Deaths,0.0,10.0
12800,Cuba,2020-04-15,24,Deaths,3.0,12.0
12801,Cuba,2020-04-16,27,Deaths,3.0,12.0
12802,Cuba,2020-04-17,31,Deaths,4.0,16.0
12803,Cuba,2020-04-18,32,Deaths,1.0,16.0
12804,Cuba,2020-04-19,34,Deaths,2.0,16.0
12805,Cuba,2020-04-20,36,Deaths,2.0,15.0
12806,Cuba,2020-04-21,38,Deaths,2.0,17.0
12807,Cuba,2020-04-22,40,Deaths,2.0,16.0
12808,Cuba,2020-04-23,43,Deaths,3.0,16.0
12809,Cuba,2020-04-24,49,Deaths,6.0,18.0
12810,Cuba,2020-04-25,51,Deaths,2.0,19.0
12811,Cuba,2020-04-26,54,Deaths,3.0,20.0
12812,Cuba,2020-04-27,56,Deaths,2.0,20.0
12813,Cuba,2020-04-28,58,Deaths,2.0,20.0
12814,Cuba,2020-04-29,58,Deaths,0.0,18.0
12815,Cuba,2020-04-30,61,Deaths,3.0,18.0
12816,Cuba,2020-05-01,64,Deaths,3.0,15.0
12817,Cuba,2020-05-02,66,Deaths,2.0,15.0
12818,Cuba,2020-05-03,67,Deaths,1.0,13.0
12819,Cuba,2020-05-04,69,Deaths,2.0,13.0
12820,Cuba,2020-05-05,69,Deaths,0.0,11.0
12821,Cuba,2020-05-06,69,Deaths,0.0,11.0
12822,Cuba,2020-05-07,73,Deaths,4.0,12.0
12823,Cuba,2020-05-08,74,Deaths,1.0,10.0
12824,Cuba,2020-05-09,74,Deaths,0.0,8.0
12825,Cuba,2020-05-10,77,Deaths,3.0,10.0
12826,Cuba,2020-05-11,77,Deaths,0.0,8.0
12827,Cuba,2020-05-12,78,Deaths,1.0,9.0
12828,Cuba,2020-05-13,79,Deaths,1.0,10.0
12829,Cuba,2020-05-14,79,Deaths,0.0,6.0
12830,Cuba,2020-05-15,79,Deaths,0.0,5.0
12831,Cuba,2020-05-16,79,Deaths,0.0,5.0
12832,Cuba,2020-05-17,79,Deaths,0.0,2.0
12833,Cuba,2020-05-18,79,Deaths,0.0,2.0
12834,Cuba,2020-05-19,79,Deaths,0.0,1.0
12835,Cuba,2020-05-20,79,Deaths,0.0,0.0
12836,Cuba,2020-05-21,80,Deaths,1.0,1.0
12837,Cuba,2020-05-22,81,Deaths,1.0,2.0
12838,Cuba,2020-05-23,81,Deaths,0.0,2.0
12839,Cuba,2020-05-24,82,Deaths,1.0,3.0
12840,Cuba,2020-05-25,82,Deaths,0.0,3.0
12841,Cuba,2020-05-26,82,Deaths,0.0,3.0
12842,Cuba,2020-05-27,82,Deaths,0.0,3.0
12843,Cuba,2020-05-28,82,Deaths,0.0,2.0
12844,Cuba,2020-05-29,82,Deaths,0.0,1.0
12845,Cuba,2020-05-30,83,Deaths,1.0,2.0
12846,Cuba,2020-05-31,83,Deaths,0.0,1.0
12847,Cuba,2020-06-01,83,Deaths,0.0,1.0
12848,Cuba,2020-06-02,83,Deaths,0.0,1.0
12849,Cuba,2020-06-03,83,Deaths,0.0,1.0
12850,Cuba,2020-06-04,83,Deaths,0.0,1.0
12851,Cuba,2020-06-05,83,Deaths,0.0,1.0
12852,Cuba,2020-06-06,83,Deaths,0.0,0.0
12853,Cuba,2020-06-07,83,Deaths,0.0,0.0
12854,Cuba,2020-06-08,83,Deaths,0.0,0.0
12855,Cuba,2020-06-09,83,Deaths,0.0,0.0
12856,Cuba,2020-06-10,83,Deaths,0.0,0.0
12857,Cuba,2020-06-11,84,Deaths,1.0,1.0
12858,Cuba,2020-06-12,84,Deaths,0.0,1.0
12859,Cuba,2020-06-13,84,Deaths,0.0,1.0
12860,Cuba,2020-06-14,84,Deaths,0.0,1.0
12861,Cuba,2020-06-15,84,Deaths,0.0,1.0
12862,Cuba,2020-06-16,84,Deaths,0.0,1.0
12863,Cuba,2020-06-17,84,Deaths,0.0,1.0
12864,Cuba,2020-06-18,85,Deaths,1.0,1.0
12865,Cuba,2020-06-19,85,Deaths,0.0,1.0
12866,Cuba,2020-06-20,85,Deaths,0.0,1.0
12867,Cuba,2020-06-21,85,Deaths,0.0,1.0
12868,Cuba,2020-06-22,85,Deaths,0.0,1.0
12869,Cuba,2020-06-23,85,Deaths,0.0,1.0
12870,Cuba,2020-06-24,85,Deaths,0.0,1.0
12871,Cuba,2020-06-25,85,Deaths,0.0,0.0
12872,Cuba,2020-06-26,85,Deaths,0.0,0.0
12873,Cuba,2020-06-27,86,Deaths,1.0,1.0
12874,Cuba,2020-06-28,86,Deaths,0.0,1.0
12875,Cuba,2020-06-29,86,Deaths,0.0,1.0
12876,Cuba,2020-06-30,86,Deaths,0.0,1.0
12877,Cuba,2020-07-01,86,Deaths,0.0,1.0
12878,Cuba,2020-07-02,86,Deaths,0.0,1.0
12879,Cuba,2020-07-03,86,Deaths,0.0,1.0
12880,Cuba,2020-07-04,86,Deaths,0.0,0.0
12881,Cuba,2020-07-05,86,Deaths,0.0,0.0
12882,Cuba,2020-07-06,86,Deaths,0.0,0.0
12883,Cuba,2020-07-07,86,Deaths,0.0,0.0
12884,Cuba,2020-07-08,86,Deaths,0.0,0.0
12885,Cuba,2020-07-09,86,Deaths,0.0,0.0
12886,Cuba,2020-07-10,86,Deaths,0.0,0.0
12887,Cuba,2020-07-11,87,Deaths,1.0,1.0
12888,Cuba,2020-07-12,87,Deaths,0.0,1.0
12889,Cuba,2020-07-13,87,Deaths,0.0,1.0
12890,Cuba,2020-07-14,87,Deaths,0.0,1.0
12891,Cuba,2020-07-15,87,Deaths,0.0,1.0
12892,Cuba,2020-07-16,87,Deaths,0.0,1.0
12893,Cuba,2020-07-17,87,Deaths,0.0,1.0
12894,Cuba,2020-07-18,87,Deaths,0.0,0.0
12895,Cuba,2020-07-19,87,Deaths,0.0,0.0
12896,Cuba,2020-07-20,87,Deaths,0.0,0.0
12897,Cuba,2020-07-21,87,Deaths,0.0,0.0
12898,Cuba,2020-07-22,87,Deaths,0.0,0.0
12899,Cuba,2020-07-23,87,Deaths,0.0,0.0
12900,Cuba,2020-07-24,87,Deaths,0.0,0.0
12901,Cuba,2020-07-25,87,Deaths,0.0,0.0
12902,Cuba,2020-07-26,87,Deaths,0.0,0.0
12903,Cuba,2020-07-27,87,Deaths,0.0,0.0
12904,Cuba,2020-07-28,87,Deaths,0.0,0.0
12905,Cuba,2020-07-29,87,Deaths,0.0,0.0
12906,Cuba,2020-07-30,87,Deaths,0.0,0.0
12907,Cuba,2020-07-31,87,Deaths,0.0,0.0
12908,Cuba,2020-08-01,87,Deaths,0.0,0.0
12909,Cuba,2020-08-02,87,Deaths,0.0,0.0
12910,Cuba,2020-08-03,87,Deaths,0.0,0.0
12911,Cuba,2020-08-04,88,Deaths,1.0,1.0
12912,Cuba,2020-08-05,88,Deaths,0.0,1.0
12913,Cuba,2020-08-06,88,Deaths,0.0,1.0
12914,Cuba,2020-08-07,88,Deaths,0.0,1.0
12915,Cuba,2020-08-08,88,Deaths,0.0,1.0
12916,Cuba,2020-08-09,88,Deaths,0.0,1.0
12917,Cuba,2020-08-10,88,Deaths,0.0,1.0
12918,Cuba,2020-08-11,88,Deaths,0.0,0.0
12919,Cuba,2020-08-12,88,Deaths,0.0,0.0
12920,Cuba,2020-08-13,89,Deaths,1.0,1.0
12921,Cuba,2020-08-14,88,Deaths,-1.0,0.0
12922,Cuba,2020-08-15,88,Deaths,0.0,0.0
12923,Cuba,2020-08-16,88,Deaths,0.0,0.0
12924,Cuba,2020-08-17,88,Deaths,0.0,0.0
12925,Cuba,2020-08-18,88,Deaths,0.0,0.0
12926,Cuba,2020-08-19,88,Deaths,0.0,0.0
12927,Cuba,2020-08-20,88,Deaths,0.0,-1.0
12928,Cuba,2020-08-21,89,Deaths,1.0,1.0
12929,Cuba,2020-08-22,89,Deaths,0.0,1.0
12930,Cuba,2020-08-23,91,Deaths,2.0,3.0
12931,Cuba,2020-08-24,91,Deaths,0.0,3.0
12932,Cuba,2020-08-25,91,Deaths,0.0,3.0
12933,Cuba,2020-08-26,92,Deaths,1.0,4.0
12934,Cuba,2020-08-27,92,Deaths,0.0,4.0
12935,Cuba,2020-08-28,92,Deaths,0.0,3.0
12936,Cuba,2020-08-29,94,Deaths,2.0,5.0
12937,Cuba,2020-08-30,94,Deaths,0.0,3.0
12938,Cuba,2020-08-31,94,Deaths,0.0,3.0
12939,Cuba,2020-09-01,95,Deaths,1.0,4.0
12940,Cuba,2020-09-02,98,Deaths,3.0,6.0
12941,Cuba,2020-09-03,100,Deaths,2.0,8.0
12942,Cuba,2020-09-04,100,Deaths,0.0,8.0
12943,Cuba,2020-09-05,100,Deaths,0.0,6.0
12944,Cuba,2020-09-06,101,Deaths,1.0,7.0
12945,Cuba,2020-09-07,102,Deaths,1.0,8.0
12946,Cuba,2020-09-08,104,Deaths,2.0,9.0
12947,Cuba,2020-09-09,104,Deaths,0.0,6.0
12948,Cuba,2020-09-10,106,Deaths,2.0,6.0
12949,Cuba,2020-09-11,106,Deaths,0.0,6.0
12950,Cuba,2020-09-12,108,Deaths,2.0,8.0
12951,Cuba,2020-09-13,108,Deaths,0.0,7.0
12952,Cuba,2020-09-14,108,Deaths,0.0,6.0
12953,Cuba,2020-09-15,108,Deaths,0.0,4.0
12954,Cuba,2020-09-16,109,Deaths,1.0,5.0
12955,Cuba,2020-09-17,109,Deaths,0.0,3.0
12956,Cuba,2020-09-18,111,Deaths,2.0,5.0
12957,Cuba,2020-09-19,113,Deaths,2.0,5.0
12958,Cuba,2020-09-20,115,Deaths,2.0,7.0
12959,Cuba,2020-09-21,116,Deaths,1.0,8.0
12960,Cuba,2020-09-22,117,Deaths,1.0,9.0
12961,Cuba,2020-09-23,118,Deaths,1.0,9.0
12962,Cuba,2020-09-24,118,Deaths,0.0,9.0
12963,Cuba,2020-09-25,118,Deaths,0.0,7.0
12964,Cuba,2020-09-26,120,Deaths,2.0,7.0
12965,Cuba,2020-09-27,122,Deaths,2.0,7.0
12966,Cuba,2020-09-28,122,Deaths,0.0,6.0
12967,Cuba,2020-09-29,122,Deaths,0.0,5.0
12968,Cuba,2020-09-30,122,Deaths,0.0,4.0
12969,Cuba,2020-10-01,122,Deaths,0.0,4.0
12970,Cuba,2020-10-02,122,Deaths,0.0,4.0
12971,Cuba,2020-10-03,122,Deaths,0.0,2.0
12972,Cuba,2020-10-04,122,Deaths,0.0,0.0
12973,Cuba,2020-10-05,123,Deaths,1.0,1.0
12974,Cuba,2020-10-06,123,Deaths,0.0,1.0
12975,Cuba,2020-10-07,123,Deaths,0.0,1.0
12976,Cuba,2020-10-08,123,Deaths,0.0,1.0
12977,Cuba,2020-10-09,123,Deaths,0.0,1.0
12978,Cuba,2020-10-10,123,Deaths,0.0,1.0
12979,Cuba,2020-10-11,123,Deaths,0.0,1.0
12980,Cuba,2020-10-12,123,Deaths,0.0,0.0
12981,Cuba,2020-10-13,123,Deaths,0.0,0.0
12982,Cuba,2020-10-14,123,Deaths,0.0,0.0
12983,Cuba,2020-10-15,123,Deaths,0.0,0.0
12984,Cuba,2020-10-16,124,Deaths,1.0,1.0
12985,Cuba,2020-10-17,125,Deaths,1.0,2.0
12986,Cuba,2020-10-18,125,Deaths,0.0,2.0
12987,Cuba,2020-10-19,127,Deaths,2.0,4.0
12988,Cuba,2020-10-20,127,Deaths,0.0,4.0
12989,Cuba,2020-10-21,127,Deaths,0.0,4.0
12990,Cuba,2020-10-22,128,Deaths,1.0,5.0
12991,Cuba,2020-10-23,128,Deaths,0.0,4.0
12992,Cuba,2020-10-24,128,Deaths,0.0,3.0
12993,Cuba,2020-10-25,128,Deaths,0.0,3.0
12994,Cuba,2020-10-26,128,Deaths,0.0,1.0
12995,Cuba,2020-10-27,128,Deaths,0.0,1.0
12996,Cuba,2020-10-28,128,Deaths,0.0,1.0
12997,Cuba,2020-10-29,128,Deaths,0.0,0.0
12998,Cuba,2020-10-30,128,Deaths,0.0,0.0
12999,Cuba,2020-10-31,128,Deaths,0.0,0.0
13000,Cuba,2020-11-01,128,Deaths,0.0,0.0
13001,Cuba,2020-11-02,129,Deaths,1.0,1.0
13002,Cuba,2020-11-03,129,Deaths,0.0,1.0
13003,Cuba,2020-11-04,129,Deaths,0.0,1.0
13004,Cuba,2020-11-05,129,Deaths,0.0,1.0
13005,Cyprus,2020-01-22,0,Deaths,,
13006,Cyprus,2020-01-23,0,Deaths,0.0,
13007,Cyprus,2020-01-24,0,Deaths,0.0,
13008,Cyprus,2020-01-25,0,Deaths,0.0,
13009,Cyprus,2020-01-26,0,Deaths,0.0,
13010,Cyprus,2020-01-27,0,Deaths,0.0,
13011,Cyprus,2020-01-28,0,Deaths,0.0,
13012,Cyprus,2020-01-29,0,Deaths,0.0,0.0
13013,Cyprus,2020-01-30,0,Deaths,0.0,0.0
13014,Cyprus,2020-01-31,0,Deaths,0.0,0.0
13015,Cyprus,2020-02-01,0,Deaths,0.0,0.0
13016,Cyprus,2020-02-02,0,Deaths,0.0,0.0
13017,Cyprus,2020-02-03,0,Deaths,0.0,0.0
13018,Cyprus,2020-02-04,0,Deaths,0.0,0.0
13019,Cyprus,2020-02-05,0,Deaths,0.0,0.0
13020,Cyprus,2020-02-06,0,Deaths,0.0,0.0
13021,Cyprus,2020-02-07,0,Deaths,0.0,0.0
13022,Cyprus,2020-02-08,0,Deaths,0.0,0.0
13023,Cyprus,2020-02-09,0,Deaths,0.0,0.0
13024,Cyprus,2020-02-10,0,Deaths,0.0,0.0
13025,Cyprus,2020-02-11,0,Deaths,0.0,0.0
13026,Cyprus,2020-02-12,0,Deaths,0.0,0.0
13027,Cyprus,2020-02-13,0,Deaths,0.0,0.0
13028,Cyprus,2020-02-14,0,Deaths,0.0,0.0
13029,Cyprus,2020-02-15,0,Deaths,0.0,0.0
13030,Cyprus,2020-02-16,0,Deaths,0.0,0.0
13031,Cyprus,2020-02-17,0,Deaths,0.0,0.0
13032,Cyprus,2020-02-18,0,Deaths,0.0,0.0
13033,Cyprus,2020-02-19,0,Deaths,0.0,0.0
13034,Cyprus,2020-02-20,0,Deaths,0.0,0.0
13035,Cyprus,2020-02-21,0,Deaths,0.0,0.0
13036,Cyprus,2020-02-22,0,Deaths,0.0,0.0
13037,Cyprus,2020-02-23,0,Deaths,0.0,0.0
13038,Cyprus,2020-02-24,0,Deaths,0.0,0.0
13039,Cyprus,2020-02-25,0,Deaths,0.0,0.0
13040,Cyprus,2020-02-26,0,Deaths,0.0,0.0
13041,Cyprus,2020-02-27,0,Deaths,0.0,0.0
13042,Cyprus,2020-02-28,0,Deaths,0.0,0.0
13043,Cyprus,2020-02-29,0,Deaths,0.0,0.0
13044,Cyprus,2020-03-01,0,Deaths,0.0,0.0
13045,Cyprus,2020-03-02,0,Deaths,0.0,0.0
13046,Cyprus,2020-03-03,0,Deaths,0.0,0.0
13047,Cyprus,2020-03-04,0,Deaths,0.0,0.0
13048,Cyprus,2020-03-05,0,Deaths,0.0,0.0
13049,Cyprus,2020-03-06,0,Deaths,0.0,0.0
13050,Cyprus,2020-03-07,0,Deaths,0.0,0.0
13051,Cyprus,2020-03-08,0,Deaths,0.0,0.0
13052,Cyprus,2020-03-09,0,Deaths,0.0,0.0
13053,Cyprus,2020-03-10,0,Deaths,0.0,0.0
13054,Cyprus,2020-03-11,0,Deaths,0.0,0.0
13055,Cyprus,2020-03-12,0,Deaths,0.0,0.0
13056,Cyprus,2020-03-13,0,Deaths,0.0,0.0
13057,Cyprus,2020-03-14,0,Deaths,0.0,0.0
13058,Cyprus,2020-03-15,0,Deaths,0.0,0.0
13059,Cyprus,2020-03-16,0,Deaths,0.0,0.0
13060,Cyprus,2020-03-17,0,Deaths,0.0,0.0
13061,Cyprus,2020-03-18,0,Deaths,0.0,0.0
13062,Cyprus,2020-03-19,0,Deaths,0.0,0.0
13063,Cyprus,2020-03-20,0,Deaths,0.0,0.0
13064,Cyprus,2020-03-21,0,Deaths,0.0,0.0
13065,Cyprus,2020-03-22,1,Deaths,1.0,1.0
13066,Cyprus,2020-03-23,1,Deaths,0.0,1.0
13067,Cyprus,2020-03-24,3,Deaths,2.0,3.0
13068,Cyprus,2020-03-25,3,Deaths,0.0,3.0
13069,Cyprus,2020-03-26,3,Deaths,0.0,3.0
13070,Cyprus,2020-03-27,5,Deaths,2.0,5.0
13071,Cyprus,2020-03-28,5,Deaths,0.0,5.0
13072,Cyprus,2020-03-29,5,Deaths,0.0,4.0
13073,Cyprus,2020-03-30,7,Deaths,2.0,6.0
13074,Cyprus,2020-03-31,8,Deaths,1.0,5.0
13075,Cyprus,2020-04-01,9,Deaths,1.0,6.0
13076,Cyprus,2020-04-02,10,Deaths,1.0,7.0
13077,Cyprus,2020-04-03,11,Deaths,1.0,6.0
13078,Cyprus,2020-04-04,11,Deaths,0.0,6.0
13079,Cyprus,2020-04-05,9,Deaths,-2.0,4.0
13080,Cyprus,2020-04-06,9,Deaths,0.0,2.0
13081,Cyprus,2020-04-07,9,Deaths,0.0,1.0
13082,Cyprus,2020-04-08,9,Deaths,0.0,0.0
13083,Cyprus,2020-04-09,10,Deaths,1.0,0.0
13084,Cyprus,2020-04-10,10,Deaths,0.0,-1.0
13085,Cyprus,2020-04-11,10,Deaths,0.0,-1.0
13086,Cyprus,2020-04-12,11,Deaths,1.0,2.0
13087,Cyprus,2020-04-13,12,Deaths,1.0,3.0
13088,Cyprus,2020-04-14,12,Deaths,0.0,3.0
13089,Cyprus,2020-04-15,12,Deaths,0.0,3.0
13090,Cyprus,2020-04-16,12,Deaths,0.0,2.0
13091,Cyprus,2020-04-17,12,Deaths,0.0,2.0
13092,Cyprus,2020-04-18,12,Deaths,0.0,2.0
13093,Cyprus,2020-04-19,12,Deaths,0.0,1.0
13094,Cyprus,2020-04-20,12,Deaths,0.0,0.0
13095,Cyprus,2020-04-21,12,Deaths,0.0,0.0
13096,Cyprus,2020-04-22,13,Deaths,1.0,1.0
13097,Cyprus,2020-04-23,13,Deaths,0.0,1.0
13098,Cyprus,2020-04-24,14,Deaths,1.0,2.0
13099,Cyprus,2020-04-25,14,Deaths,0.0,2.0
13100,Cyprus,2020-04-26,14,Deaths,0.0,2.0
13101,Cyprus,2020-04-27,15,Deaths,1.0,3.0
13102,Cyprus,2020-04-28,15,Deaths,0.0,3.0
13103,Cyprus,2020-04-29,15,Deaths,0.0,2.0
13104,Cyprus,2020-04-30,15,Deaths,0.0,2.0
13105,Cyprus,2020-05-01,15,Deaths,0.0,1.0
13106,Cyprus,2020-05-02,15,Deaths,0.0,1.0
13107,Cyprus,2020-05-03,15,Deaths,0.0,1.0
13108,Cyprus,2020-05-04,15,Deaths,0.0,0.0
13109,Cyprus,2020-05-05,15,Deaths,0.0,0.0
13110,Cyprus,2020-05-06,15,Deaths,0.0,0.0
13111,Cyprus,2020-05-07,15,Deaths,0.0,0.0
13112,Cyprus,2020-05-08,15,Deaths,0.0,0.0
13113,Cyprus,2020-05-09,15,Deaths,0.0,0.0
13114,Cyprus,2020-05-10,16,Deaths,1.0,1.0
13115,Cyprus,2020-05-11,16,Deaths,0.0,1.0
13116,Cyprus,2020-05-12,16,Deaths,0.0,1.0
13117,Cyprus,2020-05-13,17,Deaths,1.0,2.0
13118,Cyprus,2020-05-14,17,Deaths,0.0,2.0
13119,Cyprus,2020-05-15,17,Deaths,0.0,2.0
13120,Cyprus,2020-05-16,17,Deaths,0.0,2.0
13121,Cyprus,2020-05-17,17,Deaths,0.0,1.0
13122,Cyprus,2020-05-18,17,Deaths,0.0,1.0
13123,Cyprus,2020-05-19,17,Deaths,0.0,1.0
13124,Cyprus,2020-05-20,17,Deaths,0.0,0.0
13125,Cyprus,2020-05-21,17,Deaths,0.0,0.0
13126,Cyprus,2020-05-22,17,Deaths,0.0,0.0
13127,Cyprus,2020-05-23,17,Deaths,0.0,0.0
13128,Cyprus,2020-05-24,17,Deaths,0.0,0.0
13129,Cyprus,2020-05-25,17,Deaths,0.0,0.0
13130,Cyprus,2020-05-26,17,Deaths,0.0,0.0
13131,Cyprus,2020-05-27,17,Deaths,0.0,0.0
13132,Cyprus,2020-05-28,17,Deaths,0.0,0.0
13133,Cyprus,2020-05-29,17,Deaths,0.0,0.0
13134,Cyprus,2020-05-30,17,Deaths,0.0,0.0
13135,Cyprus,2020-05-31,17,Deaths,0.0,0.0
13136,Cyprus,2020-06-01,17,Deaths,0.0,0.0
13137,Cyprus,2020-06-02,17,Deaths,0.0,0.0
13138,Cyprus,2020-06-03,17,Deaths,0.0,0.0
13139,Cyprus,2020-06-04,17,Deaths,0.0,0.0
13140,Cyprus,2020-06-05,17,Deaths,0.0,0.0
13141,Cyprus,2020-06-06,18,Deaths,1.0,1.0
13142,Cyprus,2020-06-07,18,Deaths,0.0,1.0
13143,Cyprus,2020-06-08,18,Deaths,0.0,1.0
13144,Cyprus,2020-06-09,18,Deaths,0.0,1.0
13145,Cyprus,2020-06-10,18,Deaths,0.0,1.0
13146,Cyprus,2020-06-11,18,Deaths,0.0,1.0
13147,Cyprus,2020-06-12,18,Deaths,0.0,1.0
13148,Cyprus,2020-06-13,18,Deaths,0.0,0.0
13149,Cyprus,2020-06-14,18,Deaths,0.0,0.0
13150,Cyprus,2020-06-15,18,Deaths,0.0,0.0
13151,Cyprus,2020-06-16,18,Deaths,0.0,0.0
13152,Cyprus,2020-06-17,18,Deaths,0.0,0.0
13153,Cyprus,2020-06-18,19,Deaths,1.0,1.0
13154,Cyprus,2020-06-19,19,Deaths,0.0,1.0
13155,Cyprus,2020-06-20,19,Deaths,0.0,1.0
13156,Cyprus,2020-06-21,19,Deaths,0.0,1.0
13157,Cyprus,2020-06-22,19,Deaths,0.0,1.0
13158,Cyprus,2020-06-23,19,Deaths,0.0,1.0
13159,Cyprus,2020-06-24,19,Deaths,0.0,1.0
13160,Cyprus,2020-06-25,19,Deaths,0.0,0.0
13161,Cyprus,2020-06-26,19,Deaths,0.0,0.0
13162,Cyprus,2020-06-27,19,Deaths,0.0,0.0
13163,Cyprus,2020-06-28,19,Deaths,0.0,0.0
13164,Cyprus,2020-06-29,19,Deaths,0.0,0.0
13165,Cyprus,2020-06-30,19,Deaths,0.0,0.0
13166,Cyprus,2020-07-01,19,Deaths,0.0,0.0
13167,Cyprus,2020-07-02,19,Deaths,0.0,0.0
13168,Cyprus,2020-07-03,19,Deaths,0.0,0.0
13169,Cyprus,2020-07-04,19,Deaths,0.0,0.0
13170,Cyprus,2020-07-05,19,Deaths,0.0,0.0
13171,Cyprus,2020-07-06,19,Deaths,0.0,0.0
13172,Cyprus,2020-07-07,19,Deaths,0.0,0.0
13173,Cyprus,2020-07-08,19,Deaths,0.0,0.0
13174,Cyprus,2020-07-09,19,Deaths,0.0,0.0
13175,Cyprus,2020-07-10,19,Deaths,0.0,0.0
13176,Cyprus,2020-07-11,19,Deaths,0.0,0.0
13177,Cyprus,2020-07-12,19,Deaths,0.0,0.0
13178,Cyprus,2020-07-13,19,Deaths,0.0,0.0
13179,Cyprus,2020-07-14,19,Deaths,0.0,0.0
13180,Cyprus,2020-07-15,19,Deaths,0.0,0.0
13181,Cyprus,2020-07-16,19,Deaths,0.0,0.0
13182,Cyprus,2020-07-17,19,Deaths,0.0,0.0
13183,Cyprus,2020-07-18,19,Deaths,0.0,0.0
13184,Cyprus,2020-07-19,19,Deaths,0.0,0.0
13185,Cyprus,2020-07-20,19,Deaths,0.0,0.0
13186,Cyprus,2020-07-21,19,Deaths,0.0,0.0
13187,Cyprus,2020-07-22,19,Deaths,0.0,0.0
13188,Cyprus,2020-07-23,19,Deaths,0.0,0.0
13189,Cyprus,2020-07-24,19,Deaths,0.0,0.0
13190,Cyprus,2020-07-25,19,Deaths,0.0,0.0
13191,Cyprus,2020-07-26,19,Deaths,0.0,0.0
13192,Cyprus,2020-07-27,19,Deaths,0.0,0.0
13193,Cyprus,2020-07-28,19,Deaths,0.0,0.0
13194,Cyprus,2020-07-29,19,Deaths,0.0,0.0
13195,Cyprus,2020-07-30,19,Deaths,0.0,0.0
13196,Cyprus,2020-07-31,19,Deaths,0.0,0.0
13197,Cyprus,2020-08-01,19,Deaths,0.0,0.0
13198,Cyprus,2020-08-02,19,Deaths,0.0,0.0
13199,Cyprus,2020-08-03,19,Deaths,0.0,0.0
13200,Cyprus,2020-08-04,19,Deaths,0.0,0.0
13201,Cyprus,2020-08-05,19,Deaths,0.0,0.0
13202,Cyprus,2020-08-06,19,Deaths,0.0,0.0
13203,Cyprus,2020-08-07,19,Deaths,0.0,0.0
13204,Cyprus,2020-08-08,19,Deaths,0.0,0.0
13205,Cyprus,2020-08-09,19,Deaths,0.0,0.0
13206,Cyprus,2020-08-10,19,Deaths,0.0,0.0
13207,Cyprus,2020-08-11,20,Deaths,1.0,1.0
13208,Cyprus,2020-08-12,20,Deaths,0.0,1.0
13209,Cyprus,2020-08-13,20,Deaths,0.0,1.0
13210,Cyprus,2020-08-14,20,Deaths,0.0,1.0
13211,Cyprus,2020-08-15,20,Deaths,0.0,1.0
13212,Cyprus,2020-08-16,20,Deaths,0.0,1.0
13213,Cyprus,2020-08-17,20,Deaths,0.0,1.0
13214,Cyprus,2020-08-18,20,Deaths,0.0,0.0
13215,Cyprus,2020-08-19,20,Deaths,0.0,0.0
13216,Cyprus,2020-08-20,20,Deaths,0.0,0.0
13217,Cyprus,2020-08-21,20,Deaths,0.0,0.0
13218,Cyprus,2020-08-22,20,Deaths,0.0,0.0
13219,Cyprus,2020-08-23,20,Deaths,0.0,0.0
13220,Cyprus,2020-08-24,20,Deaths,0.0,0.0
13221,Cyprus,2020-08-25,20,Deaths,0.0,0.0
13222,Cyprus,2020-08-26,20,Deaths,0.0,0.0
13223,Cyprus,2020-08-27,20,Deaths,0.0,0.0
13224,Cyprus,2020-08-28,20,Deaths,0.0,0.0
13225,Cyprus,2020-08-29,20,Deaths,0.0,0.0
13226,Cyprus,2020-08-30,20,Deaths,0.0,0.0
13227,Cyprus,2020-08-31,20,Deaths,0.0,0.0
13228,Cyprus,2020-09-01,21,Deaths,1.0,1.0
13229,Cyprus,2020-09-02,21,Deaths,0.0,1.0
13230,Cyprus,2020-09-03,21,Deaths,0.0,1.0
13231,Cyprus,2020-09-04,21,Deaths,0.0,1.0
13232,Cyprus,2020-09-05,21,Deaths,0.0,1.0
13233,Cyprus,2020-09-06,21,Deaths,0.0,1.0
13234,Cyprus,2020-09-07,22,Deaths,1.0,2.0
13235,Cyprus,2020-09-08,22,Deaths,0.0,1.0
13236,Cyprus,2020-09-09,22,Deaths,0.0,1.0
13237,Cyprus,2020-09-10,22,Deaths,0.0,1.0
13238,Cyprus,2020-09-11,22,Deaths,0.0,1.0
13239,Cyprus,2020-09-12,22,Deaths,0.0,1.0
13240,Cyprus,2020-09-13,22,Deaths,0.0,1.0
13241,Cyprus,2020-09-14,22,Deaths,0.0,0.0
13242,Cyprus,2020-09-15,22,Deaths,0.0,0.0
13243,Cyprus,2020-09-16,22,Deaths,0.0,0.0
13244,Cyprus,2020-09-17,22,Deaths,0.0,0.0
13245,Cyprus,2020-09-18,22,Deaths,0.0,0.0
13246,Cyprus,2020-09-19,22,Deaths,0.0,0.0
13247,Cyprus,2020-09-20,22,Deaths,0.0,0.0
13248,Cyprus,2020-09-21,22,Deaths,0.0,0.0
13249,Cyprus,2020-09-22,22,Deaths,0.0,0.0
13250,Cyprus,2020-09-23,22,Deaths,0.0,0.0
13251,Cyprus,2020-09-24,22,Deaths,0.0,0.0
13252,Cyprus,2020-09-25,22,Deaths,0.0,0.0
13253,Cyprus,2020-09-26,22,Deaths,0.0,0.0
13254,Cyprus,2020-09-27,22,Deaths,0.0,0.0
13255,Cyprus,2020-09-28,22,Deaths,0.0,0.0
13256,Cyprus,2020-09-29,22,Deaths,0.0,0.0
13257,Cyprus,2020-09-30,22,Deaths,0.0,0.0
13258,Cyprus,2020-10-01,22,Deaths,0.0,0.0
13259,Cyprus,2020-10-02,22,Deaths,0.0,0.0
13260,Cyprus,2020-10-03,22,Deaths,0.0,0.0
13261,Cyprus,2020-10-04,22,Deaths,0.0,0.0
13262,Cyprus,2020-10-05,22,Deaths,0.0,0.0
13263,Cyprus,2020-10-06,23,Deaths,1.0,1.0
13264,Cyprus,2020-10-07,24,Deaths,1.0,2.0
13265,Cyprus,2020-10-08,24,Deaths,0.0,2.0
13266,Cyprus,2020-10-09,25,Deaths,1.0,3.0
13267,Cyprus,2020-10-10,25,Deaths,0.0,3.0
13268,Cyprus,2020-10-11,25,Deaths,0.0,3.0
13269,Cyprus,2020-10-12,25,Deaths,0.0,3.0
13270,Cyprus,2020-10-13,25,Deaths,0.0,2.0
13271,Cyprus,2020-10-14,25,Deaths,0.0,1.0
13272,Cyprus,2020-10-15,25,Deaths,0.0,1.0
13273,Cyprus,2020-10-16,25,Deaths,0.0,0.0
13274,Cyprus,2020-10-17,25,Deaths,0.0,0.0
13275,Cyprus,2020-10-18,25,Deaths,0.0,0.0
13276,Cyprus,2020-10-19,25,Deaths,0.0,0.0
13277,Cyprus,2020-10-20,25,Deaths,0.0,0.0
13278,Cyprus,2020-10-21,25,Deaths,0.0,0.0
13279,Cyprus,2020-10-22,25,Deaths,0.0,0.0
13280,Cyprus,2020-10-23,25,Deaths,0.0,0.0
13281,Cyprus,2020-10-24,25,Deaths,0.0,0.0
13282,Cyprus,2020-10-25,25,Deaths,0.0,0.0
13283,Cyprus,2020-10-26,25,Deaths,0.0,0.0
13284,Cyprus,2020-10-27,25,Deaths,0.0,0.0
13285,Cyprus,2020-10-28,25,Deaths,0.0,0.0
13286,Cyprus,2020-10-29,25,Deaths,0.0,0.0
13287,Cyprus,2020-10-30,25,Deaths,0.0,0.0
13288,Cyprus,2020-10-31,26,Deaths,1.0,1.0
13289,Cyprus,2020-11-01,26,Deaths,0.0,1.0
13290,Cyprus,2020-11-02,27,Deaths,1.0,2.0
13291,Cyprus,2020-11-03,27,Deaths,0.0,2.0
13292,Cyprus,2020-11-04,27,Deaths,0.0,2.0
13293,Cyprus,2020-11-05,27,Deaths,0.0,2.0
13294,Czechia,2020-01-22,0,Deaths,,
13295,Czechia,2020-01-23,0,Deaths,0.0,
13296,Czechia,2020-01-24,0,Deaths,0.0,
13297,Czechia,2020-01-25,0,Deaths,0.0,
13298,Czechia,2020-01-26,0,Deaths,0.0,
13299,Czechia,2020-01-27,0,Deaths,0.0,
13300,Czechia,2020-01-28,0,Deaths,0.0,
13301,Czechia,2020-01-29,0,Deaths,0.0,0.0
13302,Czechia,2020-01-30,0,Deaths,0.0,0.0
13303,Czechia,2020-01-31,0,Deaths,0.0,0.0
13304,Czechia,2020-02-01,0,Deaths,0.0,0.0
13305,Czechia,2020-02-02,0,Deaths,0.0,0.0
13306,Czechia,2020-02-03,0,Deaths,0.0,0.0
13307,Czechia,2020-02-04,0,Deaths,0.0,0.0
13308,Czechia,2020-02-05,0,Deaths,0.0,0.0
13309,Czechia,2020-02-06,0,Deaths,0.0,0.0
13310,Czechia,2020-02-07,0,Deaths,0.0,0.0
13311,Czechia,2020-02-08,0,Deaths,0.0,0.0
13312,Czechia,2020-02-09,0,Deaths,0.0,0.0
13313,Czechia,2020-02-10,0,Deaths,0.0,0.0
13314,Czechia,2020-02-11,0,Deaths,0.0,0.0
13315,Czechia,2020-02-12,0,Deaths,0.0,0.0
13316,Czechia,2020-02-13,0,Deaths,0.0,0.0
13317,Czechia,2020-02-14,0,Deaths,0.0,0.0
13318,Czechia,2020-02-15,0,Deaths,0.0,0.0
13319,Czechia,2020-02-16,0,Deaths,0.0,0.0
13320,Czechia,2020-02-17,0,Deaths,0.0,0.0
13321,Czechia,2020-02-18,0,Deaths,0.0,0.0
13322,Czechia,2020-02-19,0,Deaths,0.0,0.0
13323,Czechia,2020-02-20,0,Deaths,0.0,0.0
13324,Czechia,2020-02-21,0,Deaths,0.0,0.0
13325,Czechia,2020-02-22,0,Deaths,0.0,0.0
13326,Czechia,2020-02-23,0,Deaths,0.0,0.0
13327,Czechia,2020-02-24,0,Deaths,0.0,0.0
13328,Czechia,2020-02-25,0,Deaths,0.0,0.0
13329,Czechia,2020-02-26,0,Deaths,0.0,0.0
13330,Czechia,2020-02-27,0,Deaths,0.0,0.0
13331,Czechia,2020-02-28,0,Deaths,0.0,0.0
13332,Czechia,2020-02-29,0,Deaths,0.0,0.0
13333,Czechia,2020-03-01,0,Deaths,0.0,0.0
13334,Czechia,2020-03-02,0,Deaths,0.0,0.0
13335,Czechia,2020-03-03,0,Deaths,0.0,0.0
13336,Czechia,2020-03-04,0,Deaths,0.0,0.0
13337,Czechia,2020-03-05,0,Deaths,0.0,0.0
13338,Czechia,2020-03-06,0,Deaths,0.0,0.0
13339,Czechia,2020-03-07,0,Deaths,0.0,0.0
13340,Czechia,2020-03-08,0,Deaths,0.0,0.0
13341,Czechia,2020-03-09,0,Deaths,0.0,0.0
13342,Czechia,2020-03-10,0,Deaths,0.0,0.0
13343,Czechia,2020-03-11,0,Deaths,0.0,0.0
13344,Czechia,2020-03-12,0,Deaths,0.0,0.0
13345,Czechia,2020-03-13,0,Deaths,0.0,0.0
13346,Czechia,2020-03-14,0,Deaths,0.0,0.0
13347,Czechia,2020-03-15,0,Deaths,0.0,0.0
13348,Czechia,2020-03-16,0,Deaths,0.0,0.0
13349,Czechia,2020-03-17,0,Deaths,0.0,0.0
13350,Czechia,2020-03-18,0,Deaths,0.0,0.0
13351,Czechia,2020-03-19,0,Deaths,0.0,0.0
13352,Czechia,2020-03-20,0,Deaths,0.0,0.0
13353,Czechia,2020-03-21,0,Deaths,0.0,0.0
13354,Czechia,2020-03-22,1,Deaths,1.0,1.0
13355,Czechia,2020-03-23,1,Deaths,0.0,1.0
13356,Czechia,2020-03-24,3,Deaths,2.0,3.0
13357,Czechia,2020-03-25,6,Deaths,3.0,6.0
13358,Czechia,2020-03-26,9,Deaths,3.0,9.0
13359,Czechia,2020-03-27,9,Deaths,0.0,9.0
13360,Czechia,2020-03-28,11,Deaths,2.0,11.0
13361,Czechia,2020-03-29,16,Deaths,5.0,15.0
13362,Czechia,2020-03-30,23,Deaths,7.0,22.0
13363,Czechia,2020-03-31,31,Deaths,8.0,28.0
13364,Czechia,2020-04-01,39,Deaths,8.0,33.0
13365,Czechia,2020-04-02,44,Deaths,5.0,35.0
13366,Czechia,2020-04-03,53,Deaths,9.0,44.0
13367,Czechia,2020-04-04,59,Deaths,6.0,48.0
13368,Czechia,2020-04-05,67,Deaths,8.0,51.0
13369,Czechia,2020-04-06,78,Deaths,11.0,55.0
13370,Czechia,2020-04-07,88,Deaths,10.0,57.0
13371,Czechia,2020-04-08,99,Deaths,11.0,60.0
13372,Czechia,2020-04-09,112,Deaths,13.0,68.0
13373,Czechia,2020-04-10,119,Deaths,7.0,66.0
13374,Czechia,2020-04-11,129,Deaths,10.0,70.0
13375,Czechia,2020-04-12,138,Deaths,9.0,71.0
13376,Czechia,2020-04-13,143,Deaths,5.0,65.0
13377,Czechia,2020-04-14,161,Deaths,18.0,73.0
13378,Czechia,2020-04-15,166,Deaths,5.0,67.0
13379,Czechia,2020-04-16,169,Deaths,3.0,57.0
13380,Czechia,2020-04-17,173,Deaths,4.0,54.0
13381,Czechia,2020-04-18,181,Deaths,8.0,52.0
13382,Czechia,2020-04-19,186,Deaths,5.0,48.0
13383,Czechia,2020-04-20,194,Deaths,8.0,51.0
13384,Czechia,2020-04-21,201,Deaths,7.0,40.0
13385,Czechia,2020-04-22,208,Deaths,7.0,42.0
13386,Czechia,2020-04-23,210,Deaths,2.0,41.0
13387,Czechia,2020-04-24,214,Deaths,4.0,41.0
13388,Czechia,2020-04-25,218,Deaths,4.0,37.0
13389,Czechia,2020-04-26,220,Deaths,2.0,34.0
13390,Czechia,2020-04-27,223,Deaths,3.0,29.0
13391,Czechia,2020-04-28,227,Deaths,4.0,26.0
13392,Czechia,2020-04-29,227,Deaths,0.0,19.0
13393,Czechia,2020-04-30,236,Deaths,9.0,26.0
13394,Czechia,2020-05-01,240,Deaths,4.0,26.0
13395,Czechia,2020-05-02,245,Deaths,5.0,27.0
13396,Czechia,2020-05-03,248,Deaths,3.0,28.0
13397,Czechia,2020-05-04,252,Deaths,4.0,29.0
13398,Czechia,2020-05-05,257,Deaths,5.0,30.0
13399,Czechia,2020-05-06,262,Deaths,5.0,35.0
13400,Czechia,2020-05-07,270,Deaths,8.0,34.0
13401,Czechia,2020-05-08,273,Deaths,3.0,33.0
13402,Czechia,2020-05-09,276,Deaths,3.0,31.0
13403,Czechia,2020-05-10,280,Deaths,4.0,32.0
13404,Czechia,2020-05-11,282,Deaths,2.0,30.0
13405,Czechia,2020-05-12,283,Deaths,1.0,26.0
13406,Czechia,2020-05-13,290,Deaths,7.0,28.0
13407,Czechia,2020-05-14,293,Deaths,3.0,23.0
13408,Czechia,2020-05-15,295,Deaths,2.0,22.0
13409,Czechia,2020-05-16,296,Deaths,1.0,20.0
13410,Czechia,2020-05-17,298,Deaths,2.0,18.0
13411,Czechia,2020-05-18,297,Deaths,-1.0,15.0
13412,Czechia,2020-05-19,302,Deaths,5.0,19.0
13413,Czechia,2020-05-20,304,Deaths,2.0,14.0
13414,Czechia,2020-05-21,306,Deaths,2.0,13.0
13415,Czechia,2020-05-22,312,Deaths,6.0,17.0
13416,Czechia,2020-05-23,314,Deaths,2.0,18.0
13417,Czechia,2020-05-24,315,Deaths,1.0,17.0
13418,Czechia,2020-05-25,317,Deaths,2.0,20.0
13419,Czechia,2020-05-26,317,Deaths,0.0,15.0
13420,Czechia,2020-05-27,317,Deaths,0.0,13.0
13421,Czechia,2020-05-28,319,Deaths,2.0,13.0
13422,Czechia,2020-05-29,319,Deaths,0.0,7.0
13423,Czechia,2020-05-30,319,Deaths,0.0,5.0
13424,Czechia,2020-05-31,320,Deaths,1.0,5.0
13425,Czechia,2020-06-01,321,Deaths,1.0,4.0
13426,Czechia,2020-06-02,323,Deaths,2.0,6.0
13427,Czechia,2020-06-03,325,Deaths,2.0,8.0
13428,Czechia,2020-06-04,326,Deaths,1.0,7.0
13429,Czechia,2020-06-05,327,Deaths,1.0,8.0
13430,Czechia,2020-06-06,327,Deaths,0.0,8.0
13431,Czechia,2020-06-07,327,Deaths,0.0,7.0
13432,Czechia,2020-06-08,328,Deaths,1.0,7.0
13433,Czechia,2020-06-09,328,Deaths,0.0,5.0
13434,Czechia,2020-06-10,330,Deaths,2.0,5.0
13435,Czechia,2020-06-11,328,Deaths,-2.0,2.0
13436,Czechia,2020-06-12,329,Deaths,1.0,2.0
13437,Czechia,2020-06-13,328,Deaths,-1.0,1.0
13438,Czechia,2020-06-14,329,Deaths,1.0,2.0
13439,Czechia,2020-06-15,330,Deaths,1.0,2.0
13440,Czechia,2020-06-16,331,Deaths,1.0,3.0
13441,Czechia,2020-06-17,333,Deaths,2.0,3.0
13442,Czechia,2020-06-18,334,Deaths,1.0,6.0
13443,Czechia,2020-06-19,335,Deaths,1.0,6.0
13444,Czechia,2020-06-20,336,Deaths,1.0,8.0
13445,Czechia,2020-06-21,336,Deaths,0.0,7.0
13446,Czechia,2020-06-22,336,Deaths,0.0,6.0
13447,Czechia,2020-06-23,339,Deaths,3.0,8.0
13448,Czechia,2020-06-24,343,Deaths,4.0,10.0
13449,Czechia,2020-06-25,345,Deaths,2.0,11.0
13450,Czechia,2020-06-26,349,Deaths,4.0,14.0
13451,Czechia,2020-06-27,349,Deaths,0.0,13.0
13452,Czechia,2020-06-28,348,Deaths,-1.0,12.0
13453,Czechia,2020-06-29,348,Deaths,0.0,12.0
13454,Czechia,2020-06-30,349,Deaths,1.0,10.0
13455,Czechia,2020-07-01,349,Deaths,0.0,6.0
13456,Czechia,2020-07-02,353,Deaths,4.0,8.0
13457,Czechia,2020-07-03,353,Deaths,0.0,4.0
13458,Czechia,2020-07-04,351,Deaths,-2.0,2.0
13459,Czechia,2020-07-05,348,Deaths,-3.0,0.0
13460,Czechia,2020-07-06,350,Deaths,2.0,2.0
13461,Czechia,2020-07-07,351,Deaths,1.0,2.0
13462,Czechia,2020-07-08,351,Deaths,0.0,2.0
13463,Czechia,2020-07-09,352,Deaths,1.0,-1.0
13464,Czechia,2020-07-10,352,Deaths,0.0,-1.0
13465,Czechia,2020-07-11,352,Deaths,0.0,1.0
13466,Czechia,2020-07-12,352,Deaths,0.0,4.0
13467,Czechia,2020-07-13,353,Deaths,1.0,3.0
13468,Czechia,2020-07-14,355,Deaths,2.0,4.0
13469,Czechia,2020-07-15,355,Deaths,0.0,4.0
13470,Czechia,2020-07-16,355,Deaths,0.0,3.0
13471,Czechia,2020-07-17,358,Deaths,3.0,6.0
13472,Czechia,2020-07-18,358,Deaths,0.0,6.0
13473,Czechia,2020-07-19,359,Deaths,1.0,7.0
13474,Czechia,2020-07-20,359,Deaths,0.0,6.0
13475,Czechia,2020-07-21,360,Deaths,1.0,5.0
13476,Czechia,2020-07-22,364,Deaths,4.0,9.0
13477,Czechia,2020-07-23,365,Deaths,1.0,10.0
13478,Czechia,2020-07-24,369,Deaths,4.0,11.0
13479,Czechia,2020-07-25,369,Deaths,0.0,11.0
13480,Czechia,2020-07-26,371,Deaths,2.0,12.0
13481,Czechia,2020-07-27,373,Deaths,2.0,14.0
13482,Czechia,2020-07-28,374,Deaths,1.0,14.0
13483,Czechia,2020-07-29,374,Deaths,0.0,10.0
13484,Czechia,2020-07-30,379,Deaths,5.0,14.0
13485,Czechia,2020-07-31,382,Deaths,3.0,13.0
13486,Czechia,2020-08-01,383,Deaths,1.0,14.0
13487,Czechia,2020-08-02,384,Deaths,1.0,13.0
13488,Czechia,2020-08-03,386,Deaths,2.0,13.0
13489,Czechia,2020-08-04,383,Deaths,-3.0,9.0
13490,Czechia,2020-08-05,388,Deaths,5.0,14.0
13491,Czechia,2020-08-06,390,Deaths,2.0,11.0
13492,Czechia,2020-08-07,389,Deaths,-1.0,7.0
13493,Czechia,2020-08-08,389,Deaths,0.0,6.0
13494,Czechia,2020-08-09,390,Deaths,1.0,6.0
13495,Czechia,2020-08-10,390,Deaths,0.0,4.0
13496,Czechia,2020-08-11,391,Deaths,1.0,8.0
13497,Czechia,2020-08-12,391,Deaths,0.0,3.0
13498,Czechia,2020-08-13,391,Deaths,0.0,1.0
13499,Czechia,2020-08-14,394,Deaths,3.0,5.0
13500,Czechia,2020-08-15,395,Deaths,1.0,6.0
13501,Czechia,2020-08-16,397,Deaths,2.0,7.0
13502,Czechia,2020-08-17,399,Deaths,2.0,9.0
13503,Czechia,2020-08-18,401,Deaths,2.0,10.0
13504,Czechia,2020-08-19,404,Deaths,3.0,13.0
13505,Czechia,2020-08-20,406,Deaths,2.0,15.0
13506,Czechia,2020-08-21,411,Deaths,5.0,17.0
13507,Czechia,2020-08-22,411,Deaths,0.0,16.0
13508,Czechia,2020-08-23,412,Deaths,1.0,15.0
13509,Czechia,2020-08-24,415,Deaths,3.0,16.0
13510,Czechia,2020-08-25,416,Deaths,1.0,15.0
13511,Czechia,2020-08-26,418,Deaths,2.0,14.0
13512,Czechia,2020-08-27,418,Deaths,0.0,12.0
13513,Czechia,2020-08-28,419,Deaths,1.0,8.0
13514,Czechia,2020-08-29,421,Deaths,2.0,10.0
13515,Czechia,2020-08-30,423,Deaths,2.0,11.0
13516,Czechia,2020-08-31,424,Deaths,1.0,9.0
13517,Czechia,2020-09-01,425,Deaths,1.0,9.0
13518,Czechia,2020-09-02,425,Deaths,0.0,7.0
13519,Czechia,2020-09-03,426,Deaths,1.0,8.0
13520,Czechia,2020-09-04,429,Deaths,3.0,10.0
13521,Czechia,2020-09-05,431,Deaths,2.0,10.0
13522,Czechia,2020-09-06,436,Deaths,5.0,13.0
13523,Czechia,2020-09-07,437,Deaths,1.0,13.0
13524,Czechia,2020-09-08,441,Deaths,4.0,16.0
13525,Czechia,2020-09-09,444,Deaths,3.0,19.0
13526,Czechia,2020-09-10,448,Deaths,4.0,22.0
13527,Czechia,2020-09-11,450,Deaths,2.0,21.0
13528,Czechia,2020-09-12,453,Deaths,3.0,22.0
13529,Czechia,2020-09-13,456,Deaths,3.0,20.0
13530,Czechia,2020-09-14,465,Deaths,9.0,28.0
13531,Czechia,2020-09-15,476,Deaths,11.0,35.0
13532,Czechia,2020-09-16,482,Deaths,6.0,38.0
13533,Czechia,2020-09-17,489,Deaths,7.0,41.0
13534,Czechia,2020-09-18,495,Deaths,6.0,45.0
13535,Czechia,2020-09-19,499,Deaths,4.0,46.0
13536,Czechia,2020-09-20,503,Deaths,4.0,47.0
13537,Czechia,2020-09-21,522,Deaths,19.0,57.0
13538,Czechia,2020-09-22,531,Deaths,9.0,55.0
13539,Czechia,2020-09-23,555,Deaths,24.0,73.0
13540,Czechia,2020-09-24,567,Deaths,12.0,78.0
13541,Czechia,2020-09-25,581,Deaths,14.0,86.0
13542,Czechia,2020-09-26,591,Deaths,10.0,92.0
13543,Czechia,2020-09-27,606,Deaths,15.0,103.0
13544,Czechia,2020-09-28,618,Deaths,12.0,96.0
13545,Czechia,2020-09-29,636,Deaths,18.0,105.0
13546,Czechia,2020-09-30,655,Deaths,19.0,100.0
13547,Czechia,2020-10-01,678,Deaths,23.0,111.0
13548,Czechia,2020-10-02,699,Deaths,21.0,118.0
13549,Czechia,2020-10-03,711,Deaths,12.0,120.0
13550,Czechia,2020-10-04,727,Deaths,16.0,121.0
13551,Czechia,2020-10-05,758,Deaths,31.0,140.0
13552,Czechia,2020-10-06,794,Deaths,36.0,158.0
13553,Czechia,2020-10-07,829,Deaths,35.0,174.0
13554,Czechia,2020-10-08,869,Deaths,40.0,191.0
13555,Czechia,2020-10-09,905,Deaths,36.0,206.0
13556,Czechia,2020-10-10,948,Deaths,43.0,237.0
13557,Czechia,2020-10-11,987,Deaths,39.0,260.0
13558,Czechia,2020-10-12,1051,Deaths,64.0,293.0
13559,Czechia,2020-10-13,1106,Deaths,55.0,312.0
13560,Czechia,2020-10-14,1172,Deaths,66.0,343.0
13561,Czechia,2020-10-15,1230,Deaths,58.0,361.0
13562,Czechia,2020-10-16,1283,Deaths,53.0,378.0
13563,Czechia,2020-10-17,1352,Deaths,69.0,404.0
13564,Czechia,2020-10-18,1422,Deaths,70.0,435.0
13565,Czechia,2020-10-19,1513,Deaths,91.0,462.0
13566,Czechia,2020-10-20,1619,Deaths,106.0,513.0
13567,Czechia,2020-10-21,1739,Deaths,120.0,567.0
13568,Czechia,2020-10-22,1845,Deaths,106.0,615.0
13569,Czechia,2020-10-23,1971,Deaths,126.0,688.0
13570,Czechia,2020-10-24,2077,Deaths,106.0,725.0
13571,Czechia,2020-10-25,2201,Deaths,124.0,779.0
13572,Czechia,2020-10-26,2365,Deaths,164.0,852.0
13573,Czechia,2020-10-27,2547,Deaths,182.0,928.0
13574,Czechia,2020-10-28,2675,Deaths,128.0,936.0
13575,Czechia,2020-10-29,2862,Deaths,187.0,1017.0
13576,Czechia,2020-10-30,3078,Deaths,216.0,1107.0
13577,Czechia,2020-10-31,3251,Deaths,173.0,1174.0
13578,Czechia,2020-11-01,3429,Deaths,178.0,1228.0
13579,Czechia,2020-11-02,3654,Deaths,225.0,1289.0
13580,Czechia,2020-11-03,3913,Deaths,259.0,1366.0
13581,Czechia,2020-11-04,4133,Deaths,220.0,1458.0
13582,Czechia,2020-11-05,4330,Deaths,197.0,1468.0
13583,Denmark,2020-01-22,0,Deaths,,
13584,Denmark,2020-01-23,0,Deaths,0.0,
13585,Denmark,2020-01-24,0,Deaths,0.0,
13586,Denmark,2020-01-25,0,Deaths,0.0,
13587,Denmark,2020-01-26,0,Deaths,0.0,
13588,Denmark,2020-01-27,0,Deaths,0.0,
13589,Denmark,2020-01-28,0,Deaths,0.0,
13590,Denmark,2020-01-29,0,Deaths,0.0,0.0
13591,Denmark,2020-01-30,0,Deaths,0.0,0.0
13592,Denmark,2020-01-31,0,Deaths,0.0,0.0
13593,Denmark,2020-02-01,0,Deaths,0.0,0.0
13594,Denmark,2020-02-02,0,Deaths,0.0,0.0
13595,Denmark,2020-02-03,0,Deaths,0.0,0.0
13596,Denmark,2020-02-04,0,Deaths,0.0,0.0
13597,Denmark,2020-02-05,0,Deaths,0.0,0.0
13598,Denmark,2020-02-06,0,Deaths,0.0,0.0
13599,Denmark,2020-02-07,0,Deaths,0.0,0.0
13600,Denmark,2020-02-08,0,Deaths,0.0,0.0
13601,Denmark,2020-02-09,0,Deaths,0.0,0.0
13602,Denmark,2020-02-10,0,Deaths,0.0,0.0
13603,Denmark,2020-02-11,0,Deaths,0.0,0.0
13604,Denmark,2020-02-12,0,Deaths,0.0,0.0
13605,Denmark,2020-02-13,0,Deaths,0.0,0.0
13606,Denmark,2020-02-14,0,Deaths,0.0,0.0
13607,Denmark,2020-02-15,0,Deaths,0.0,0.0
13608,Denmark,2020-02-16,0,Deaths,0.0,0.0
13609,Denmark,2020-02-17,0,Deaths,0.0,0.0
13610,Denmark,2020-02-18,0,Deaths,0.0,0.0
13611,Denmark,2020-02-19,0,Deaths,0.0,0.0
13612,Denmark,2020-02-20,0,Deaths,0.0,0.0
13613,Denmark,2020-02-21,0,Deaths,0.0,0.0
13614,Denmark,2020-02-22,0,Deaths,0.0,0.0
13615,Denmark,2020-02-23,0,Deaths,0.0,0.0
13616,Denmark,2020-02-24,0,Deaths,0.0,0.0
13617,Denmark,2020-02-25,0,Deaths,0.0,0.0
13618,Denmark,2020-02-26,0,Deaths,0.0,0.0
13619,Denmark,2020-02-27,0,Deaths,0.0,0.0
13620,Denmark,2020-02-28,0,Deaths,0.0,0.0
13621,Denmark,2020-02-29,0,Deaths,0.0,0.0
13622,Denmark,2020-03-01,0,Deaths,0.0,0.0
13623,Denmark,2020-03-02,0,Deaths,0.0,0.0
13624,Denmark,2020-03-03,0,Deaths,0.0,0.0
13625,Denmark,2020-03-04,0,Deaths,0.0,0.0
13626,Denmark,2020-03-05,0,Deaths,0.0,0.0
13627,Denmark,2020-03-06,0,Deaths,0.0,0.0
13628,Denmark,2020-03-07,0,Deaths,0.0,0.0
13629,Denmark,2020-03-08,0,Deaths,0.0,0.0
13630,Denmark,2020-03-09,0,Deaths,0.0,0.0
13631,Denmark,2020-03-10,0,Deaths,0.0,0.0
13632,Denmark,2020-03-11,0,Deaths,0.0,0.0
13633,Denmark,2020-03-12,0,Deaths,0.0,0.0
13634,Denmark,2020-03-13,0,Deaths,0.0,0.0
13635,Denmark,2020-03-14,1,Deaths,1.0,1.0
13636,Denmark,2020-03-15,2,Deaths,1.0,2.0
13637,Denmark,2020-03-16,3,Deaths,1.0,3.0
13638,Denmark,2020-03-17,4,Deaths,1.0,4.0
13639,Denmark,2020-03-18,4,Deaths,0.0,4.0
13640,Denmark,2020-03-19,6,Deaths,2.0,6.0
13641,Denmark,2020-03-20,9,Deaths,3.0,9.0
13642,Denmark,2020-03-21,13,Deaths,4.0,12.0
13643,Denmark,2020-03-22,13,Deaths,0.0,11.0
13644,Denmark,2020-03-23,24,Deaths,11.0,21.0
13645,Denmark,2020-03-24,32,Deaths,8.0,28.0
13646,Denmark,2020-03-25,34,Deaths,2.0,30.0
13647,Denmark,2020-03-26,41,Deaths,7.0,35.0
13648,Denmark,2020-03-27,52,Deaths,11.0,43.0
13649,Denmark,2020-03-28,65,Deaths,13.0,52.0
13650,Denmark,2020-03-29,72,Deaths,7.0,59.0
13651,Denmark,2020-03-30,77,Deaths,5.0,53.0
13652,Denmark,2020-03-31,90,Deaths,13.0,58.0
13653,Denmark,2020-04-01,104,Deaths,14.0,70.0
13654,Denmark,2020-04-02,123,Deaths,19.0,82.0
13655,Denmark,2020-04-03,139,Deaths,16.0,87.0
13656,Denmark,2020-04-04,161,Deaths,22.0,96.0
13657,Denmark,2020-04-05,179,Deaths,18.0,107.0
13658,Denmark,2020-04-06,187,Deaths,8.0,110.0
13659,Denmark,2020-04-07,203,Deaths,16.0,113.0
13660,Denmark,2020-04-08,218,Deaths,15.0,114.0
13661,Denmark,2020-04-09,237,Deaths,19.0,114.0
13662,Denmark,2020-04-10,247,Deaths,10.0,108.0
13663,Denmark,2020-04-11,260,Deaths,13.0,99.0
13664,Denmark,2020-04-12,273,Deaths,13.0,94.0
13665,Denmark,2020-04-13,285,Deaths,12.0,98.0
13666,Denmark,2020-04-14,299,Deaths,14.0,96.0
13667,Denmark,2020-04-15,309,Deaths,10.0,91.0
13668,Denmark,2020-04-16,321,Deaths,12.0,84.0
13669,Denmark,2020-04-17,336,Deaths,15.0,89.0
13670,Denmark,2020-04-18,346,Deaths,10.0,86.0
13671,Denmark,2020-04-19,355,Deaths,9.0,82.0
13672,Denmark,2020-04-20,364,Deaths,9.0,79.0
13673,Denmark,2020-04-21,370,Deaths,6.0,71.0
13674,Denmark,2020-04-22,384,Deaths,14.0,75.0
13675,Denmark,2020-04-23,394,Deaths,10.0,73.0
13676,Denmark,2020-04-24,403,Deaths,9.0,67.0
13677,Denmark,2020-04-25,418,Deaths,15.0,72.0
13678,Denmark,2020-04-26,422,Deaths,4.0,67.0
13679,Denmark,2020-04-27,427,Deaths,5.0,63.0
13680,Denmark,2020-04-28,434,Deaths,7.0,64.0
13681,Denmark,2020-04-29,443,Deaths,9.0,59.0
13682,Denmark,2020-04-30,452,Deaths,9.0,58.0
13683,Denmark,2020-05-01,460,Deaths,8.0,57.0
13684,Denmark,2020-05-02,475,Deaths,15.0,57.0
13685,Denmark,2020-05-03,484,Deaths,9.0,62.0
13686,Denmark,2020-05-04,493,Deaths,9.0,66.0
13687,Denmark,2020-05-05,503,Deaths,10.0,69.0
13688,Denmark,2020-05-06,506,Deaths,3.0,63.0
13689,Denmark,2020-05-07,514,Deaths,8.0,62.0
13690,Denmark,2020-05-08,522,Deaths,8.0,62.0
13691,Denmark,2020-05-09,526,Deaths,4.0,51.0
13692,Denmark,2020-05-10,529,Deaths,3.0,45.0
13693,Denmark,2020-05-11,533,Deaths,4.0,40.0
13694,Denmark,2020-05-12,527,Deaths,-6.0,24.0
13695,Denmark,2020-05-13,533,Deaths,6.0,27.0
13696,Denmark,2020-05-14,537,Deaths,4.0,23.0
13697,Denmark,2020-05-15,537,Deaths,0.0,15.0
13698,Denmark,2020-05-16,543,Deaths,6.0,17.0
13699,Denmark,2020-05-17,547,Deaths,4.0,18.0
13700,Denmark,2020-05-18,548,Deaths,1.0,15.0
13701,Denmark,2020-05-19,551,Deaths,3.0,24.0
13702,Denmark,2020-05-20,554,Deaths,3.0,21.0
13703,Denmark,2020-05-21,561,Deaths,7.0,24.0
13704,Denmark,2020-05-22,561,Deaths,0.0,24.0
13705,Denmark,2020-05-23,561,Deaths,0.0,18.0
13706,Denmark,2020-05-24,562,Deaths,1.0,15.0
13707,Denmark,2020-05-25,563,Deaths,1.0,15.0
13708,Denmark,2020-05-26,563,Deaths,0.0,12.0
13709,Denmark,2020-05-27,565,Deaths,2.0,11.0
13710,Denmark,2020-05-28,568,Deaths,3.0,7.0
13711,Denmark,2020-05-29,568,Deaths,0.0,7.0
13712,Denmark,2020-05-30,571,Deaths,3.0,10.0
13713,Denmark,2020-05-31,574,Deaths,3.0,12.0
13714,Denmark,2020-06-01,576,Deaths,2.0,13.0
13715,Denmark,2020-06-02,580,Deaths,4.0,17.0
13716,Denmark,2020-06-03,580,Deaths,0.0,15.0
13717,Denmark,2020-06-04,582,Deaths,2.0,14.0
13718,Denmark,2020-06-05,586,Deaths,4.0,18.0
13719,Denmark,2020-06-06,587,Deaths,1.0,16.0
13720,Denmark,2020-06-07,589,Deaths,2.0,15.0
13721,Denmark,2020-06-08,593,Deaths,4.0,17.0
13722,Denmark,2020-06-09,593,Deaths,0.0,13.0
13723,Denmark,2020-06-10,593,Deaths,0.0,13.0
13724,Denmark,2020-06-11,593,Deaths,0.0,11.0
13725,Denmark,2020-06-12,594,Deaths,1.0,8.0
13726,Denmark,2020-06-13,597,Deaths,3.0,10.0
13727,Denmark,2020-06-14,597,Deaths,0.0,8.0
13728,Denmark,2020-06-15,598,Deaths,1.0,5.0
13729,Denmark,2020-06-16,598,Deaths,0.0,5.0
13730,Denmark,2020-06-17,598,Deaths,0.0,5.0
13731,Denmark,2020-06-18,600,Deaths,2.0,7.0
13732,Denmark,2020-06-19,600,Deaths,0.0,6.0
13733,Denmark,2020-06-20,600,Deaths,0.0,3.0
13734,Denmark,2020-06-21,600,Deaths,0.0,3.0
13735,Denmark,2020-06-22,602,Deaths,2.0,4.0
13736,Denmark,2020-06-23,603,Deaths,1.0,5.0
13737,Denmark,2020-06-24,603,Deaths,0.0,5.0
13738,Denmark,2020-06-25,603,Deaths,0.0,3.0
13739,Denmark,2020-06-26,604,Deaths,1.0,4.0
13740,Denmark,2020-06-27,604,Deaths,0.0,4.0
13741,Denmark,2020-06-28,604,Deaths,0.0,4.0
13742,Denmark,2020-06-29,605,Deaths,1.0,3.0
13743,Denmark,2020-06-30,605,Deaths,0.0,2.0
13744,Denmark,2020-07-01,606,Deaths,1.0,3.0
13745,Denmark,2020-07-02,606,Deaths,0.0,3.0
13746,Denmark,2020-07-03,606,Deaths,0.0,2.0
13747,Denmark,2020-07-04,606,Deaths,0.0,2.0
13748,Denmark,2020-07-05,606,Deaths,0.0,2.0
13749,Denmark,2020-07-06,607,Deaths,1.0,2.0
13750,Denmark,2020-07-07,609,Deaths,2.0,4.0
13751,Denmark,2020-07-08,609,Deaths,0.0,3.0
13752,Denmark,2020-07-09,609,Deaths,0.0,3.0
13753,Denmark,2020-07-10,609,Deaths,0.0,3.0
13754,Denmark,2020-07-11,609,Deaths,0.0,3.0
13755,Denmark,2020-07-12,609,Deaths,0.0,3.0
13756,Denmark,2020-07-13,610,Deaths,1.0,3.0
13757,Denmark,2020-07-14,610,Deaths,0.0,1.0
13758,Denmark,2020-07-15,610,Deaths,0.0,1.0
13759,Denmark,2020-07-16,610,Deaths,0.0,1.0
13760,Denmark,2020-07-17,611,Deaths,1.0,2.0
13761,Denmark,2020-07-18,611,Deaths,0.0,2.0
13762,Denmark,2020-07-19,611,Deaths,0.0,2.0
13763,Denmark,2020-07-20,611,Deaths,0.0,1.0
13764,Denmark,2020-07-21,611,Deaths,0.0,1.0
13765,Denmark,2020-07-22,611,Deaths,0.0,1.0
13766,Denmark,2020-07-23,612,Deaths,1.0,2.0
13767,Denmark,2020-07-24,613,Deaths,1.0,2.0
13768,Denmark,2020-07-25,613,Deaths,0.0,2.0
13769,Denmark,2020-07-26,613,Deaths,0.0,2.0
13770,Denmark,2020-07-27,613,Deaths,0.0,2.0
13771,Denmark,2020-07-28,613,Deaths,0.0,2.0
13772,Denmark,2020-07-29,614,Deaths,1.0,3.0
13773,Denmark,2020-07-30,615,Deaths,1.0,3.0
13774,Denmark,2020-07-31,615,Deaths,0.0,2.0
13775,Denmark,2020-08-01,615,Deaths,0.0,2.0
13776,Denmark,2020-08-02,615,Deaths,0.0,2.0
13777,Denmark,2020-08-03,616,Deaths,1.0,3.0
13778,Denmark,2020-08-04,616,Deaths,0.0,3.0
13779,Denmark,2020-08-05,616,Deaths,0.0,2.0
13780,Denmark,2020-08-06,617,Deaths,1.0,2.0
13781,Denmark,2020-08-07,617,Deaths,0.0,2.0
13782,Denmark,2020-08-08,617,Deaths,0.0,2.0
13783,Denmark,2020-08-09,617,Deaths,0.0,2.0
13784,Denmark,2020-08-10,620,Deaths,3.0,4.0
13785,Denmark,2020-08-11,621,Deaths,1.0,5.0
13786,Denmark,2020-08-12,621,Deaths,0.0,5.0
13787,Denmark,2020-08-13,621,Deaths,0.0,4.0
13788,Denmark,2020-08-14,621,Deaths,0.0,4.0
13789,Denmark,2020-08-15,621,Deaths,0.0,4.0
13790,Denmark,2020-08-16,621,Deaths,0.0,4.0
13791,Denmark,2020-08-17,621,Deaths,0.0,1.0
13792,Denmark,2020-08-18,621,Deaths,0.0,0.0
13793,Denmark,2020-08-19,621,Deaths,0.0,0.0
13794,Denmark,2020-08-20,621,Deaths,0.0,0.0
13795,Denmark,2020-08-21,621,Deaths,0.0,0.0
13796,Denmark,2020-08-22,622,Deaths,1.0,1.0
13797,Denmark,2020-08-23,622,Deaths,0.0,1.0
13798,Denmark,2020-08-24,623,Deaths,1.0,2.0
13799,Denmark,2020-08-25,623,Deaths,0.0,2.0
13800,Denmark,2020-08-26,623,Deaths,0.0,2.0
13801,Denmark,2020-08-27,624,Deaths,1.0,3.0
13802,Denmark,2020-08-28,624,Deaths,0.0,3.0
13803,Denmark,2020-08-29,624,Deaths,0.0,2.0
13804,Denmark,2020-08-30,624,Deaths,0.0,2.0
13805,Denmark,2020-08-31,624,Deaths,0.0,1.0
13806,Denmark,2020-09-01,625,Deaths,1.0,2.0
13807,Denmark,2020-09-02,626,Deaths,1.0,3.0
13808,Denmark,2020-09-03,626,Deaths,0.0,2.0
13809,Denmark,2020-09-04,627,Deaths,1.0,3.0
13810,Denmark,2020-09-05,627,Deaths,0.0,3.0
13811,Denmark,2020-09-06,627,Deaths,0.0,3.0
13812,Denmark,2020-09-07,628,Deaths,1.0,4.0
13813,Denmark,2020-09-08,628,Deaths,0.0,3.0
13814,Denmark,2020-09-09,628,Deaths,0.0,2.0
13815,Denmark,2020-09-10,629,Deaths,1.0,3.0
13816,Denmark,2020-09-11,629,Deaths,0.0,2.0
13817,Denmark,2020-09-12,630,Deaths,1.0,3.0
13818,Denmark,2020-09-13,631,Deaths,1.0,4.0
13819,Denmark,2020-09-14,633,Deaths,2.0,5.0
13820,Denmark,2020-09-15,633,Deaths,0.0,5.0
13821,Denmark,2020-09-16,633,Deaths,0.0,5.0
13822,Denmark,2020-09-17,635,Deaths,2.0,6.0
13823,Denmark,2020-09-18,635,Deaths,0.0,6.0
13824,Denmark,2020-09-19,635,Deaths,0.0,5.0
13825,Denmark,2020-09-20,638,Deaths,3.0,7.0
13826,Denmark,2020-09-21,640,Deaths,2.0,7.0
13827,Denmark,2020-09-22,641,Deaths,1.0,8.0
13828,Denmark,2020-09-23,643,Deaths,2.0,10.0
13829,Denmark,2020-09-24,645,Deaths,2.0,10.0
13830,Denmark,2020-09-25,647,Deaths,2.0,12.0
13831,Denmark,2020-09-26,648,Deaths,1.0,13.0
13832,Denmark,2020-09-27,649,Deaths,1.0,11.0
13833,Denmark,2020-09-28,649,Deaths,0.0,9.0
13834,Denmark,2020-09-29,650,Deaths,1.0,9.0
13835,Denmark,2020-09-30,650,Deaths,0.0,7.0
13836,Denmark,2020-10-01,651,Deaths,1.0,6.0
13837,Denmark,2020-10-02,652,Deaths,1.0,5.0
13838,Denmark,2020-10-03,654,Deaths,2.0,6.0
13839,Denmark,2020-10-04,658,Deaths,4.0,9.0
13840,Denmark,2020-10-05,659,Deaths,1.0,10.0
13841,Denmark,2020-10-06,663,Deaths,4.0,13.0
13842,Denmark,2020-10-07,663,Deaths,0.0,13.0
13843,Denmark,2020-10-08,665,Deaths,2.0,14.0
13844,Denmark,2020-10-09,665,Deaths,0.0,13.0
13845,Denmark,2020-10-10,667,Deaths,2.0,13.0
13846,Denmark,2020-10-11,669,Deaths,2.0,11.0
13847,Denmark,2020-10-12,671,Deaths,2.0,12.0
13848,Denmark,2020-10-13,674,Deaths,3.0,11.0
13849,Denmark,2020-10-14,675,Deaths,1.0,12.0
13850,Denmark,2020-10-15,677,Deaths,2.0,12.0
13851,Denmark,2020-10-16,677,Deaths,0.0,12.0
13852,Denmark,2020-10-17,679,Deaths,2.0,12.0
13853,Denmark,2020-10-18,680,Deaths,1.0,11.0
13854,Denmark,2020-10-19,686,Deaths,6.0,15.0
13855,Denmark,2020-10-20,688,Deaths,2.0,14.0
13856,Denmark,2020-10-21,690,Deaths,2.0,15.0
13857,Denmark,2020-10-22,694,Deaths,4.0,17.0
13858,Denmark,2020-10-23,697,Deaths,3.0,20.0
13859,Denmark,2020-10-24,700,Deaths,3.0,21.0
13860,Denmark,2020-10-25,702,Deaths,2.0,22.0
13861,Denmark,2020-10-26,708,Deaths,6.0,22.0
13862,Denmark,2020-10-27,709,Deaths,1.0,21.0
13863,Denmark,2020-10-28,715,Deaths,6.0,25.0
13864,Denmark,2020-10-29,716,Deaths,1.0,22.0
13865,Denmark,2020-10-30,719,Deaths,3.0,22.0
13866,Denmark,2020-10-31,721,Deaths,2.0,21.0
13867,Denmark,2020-11-01,723,Deaths,2.0,21.0
13868,Denmark,2020-11-02,724,Deaths,1.0,16.0
13869,Denmark,2020-11-03,728,Deaths,4.0,19.0
13870,Denmark,2020-11-04,729,Deaths,1.0,14.0
13871,Denmark,2020-11-05,733,Deaths,4.0,17.0
13872,Diamond Princess,2020-01-22,0,Deaths,,
13873,Diamond Princess,2020-01-23,0,Deaths,0.0,
13874,Diamond Princess,2020-01-24,0,Deaths,0.0,
13875,Diamond Princess,2020-01-25,0,Deaths,0.0,
13876,Diamond Princess,2020-01-26,0,Deaths,0.0,
13877,Diamond Princess,2020-01-27,0,Deaths,0.0,
13878,Diamond Princess,2020-01-28,0,Deaths,0.0,
13879,Diamond Princess,2020-01-29,0,Deaths,0.0,0.0
13880,Diamond Princess,2020-01-30,0,Deaths,0.0,0.0
13881,Diamond Princess,2020-01-31,0,Deaths,0.0,0.0
13882,Diamond Princess,2020-02-01,0,Deaths,0.0,0.0
13883,Diamond Princess,2020-02-02,0,Deaths,0.0,0.0
13884,Diamond Princess,2020-02-03,0,Deaths,0.0,0.0
13885,Diamond Princess,2020-02-04,0,Deaths,0.0,0.0
13886,Diamond Princess,2020-02-05,0,Deaths,0.0,0.0
13887,Diamond Princess,2020-02-06,0,Deaths,0.0,0.0
13888,Diamond Princess,2020-02-07,0,Deaths,0.0,0.0
13889,Diamond Princess,2020-02-08,0,Deaths,0.0,0.0
13890,Diamond Princess,2020-02-09,0,Deaths,0.0,0.0
13891,Diamond Princess,2020-02-10,0,Deaths,0.0,0.0
13892,Diamond Princess,2020-02-11,0,Deaths,0.0,0.0
13893,Diamond Princess,2020-02-12,0,Deaths,0.0,0.0
13894,Diamond Princess,2020-02-13,0,Deaths,0.0,0.0
13895,Diamond Princess,2020-02-14,0,Deaths,0.0,0.0
13896,Diamond Princess,2020-02-15,0,Deaths,0.0,0.0
13897,Diamond Princess,2020-02-16,0,Deaths,0.0,0.0
13898,Diamond Princess,2020-02-17,0,Deaths,0.0,0.0
13899,Diamond Princess,2020-02-18,0,Deaths,0.0,0.0
13900,Diamond Princess,2020-02-19,0,Deaths,0.0,0.0
13901,Diamond Princess,2020-02-20,2,Deaths,2.0,2.0
13902,Diamond Princess,2020-02-21,2,Deaths,0.0,2.0
13903,Diamond Princess,2020-02-22,2,Deaths,0.0,2.0
13904,Diamond Princess,2020-02-23,3,Deaths,1.0,3.0
13905,Diamond Princess,2020-02-24,3,Deaths,0.0,3.0
13906,Diamond Princess,2020-02-25,3,Deaths,0.0,3.0
13907,Diamond Princess,2020-02-26,4,Deaths,1.0,4.0
13908,Diamond Princess,2020-02-27,4,Deaths,0.0,2.0
13909,Diamond Princess,2020-02-28,6,Deaths,2.0,4.0
13910,Diamond Princess,2020-02-29,6,Deaths,0.0,4.0
13911,Diamond Princess,2020-03-01,6,Deaths,0.0,3.0
13912,Diamond Princess,2020-03-02,6,Deaths,0.0,3.0
13913,Diamond Princess,2020-03-03,6,Deaths,0.0,3.0
13914,Diamond Princess,2020-03-04,6,Deaths,0.0,2.0
13915,Diamond Princess,2020-03-05,6,Deaths,0.0,2.0
13916,Diamond Princess,2020-03-06,6,Deaths,0.0,0.0
13917,Diamond Princess,2020-03-07,6,Deaths,0.0,0.0
13918,Diamond Princess,2020-03-08,6,Deaths,0.0,0.0
13919,Diamond Princess,2020-03-09,6,Deaths,0.0,0.0
13920,Diamond Princess,2020-03-10,6,Deaths,0.0,0.0
13921,Diamond Princess,2020-03-11,7,Deaths,1.0,1.0
13922,Diamond Princess,2020-03-12,7,Deaths,0.0,1.0
13923,Diamond Princess,2020-03-13,7,Deaths,0.0,1.0
13924,Diamond Princess,2020-03-14,7,Deaths,0.0,1.0
13925,Diamond Princess,2020-03-15,7,Deaths,0.0,1.0
13926,Diamond Princess,2020-03-16,7,Deaths,0.0,1.0
13927,Diamond Princess,2020-03-17,7,Deaths,0.0,1.0
13928,Diamond Princess,2020-03-18,7,Deaths,0.0,0.0
13929,Diamond Princess,2020-03-19,7,Deaths,0.0,0.0
13930,Diamond Princess,2020-03-20,7,Deaths,0.0,0.0
13931,Diamond Princess,2020-03-21,8,Deaths,1.0,1.0
13932,Diamond Princess,2020-03-22,8,Deaths,0.0,1.0
13933,Diamond Princess,2020-03-23,8,Deaths,0.0,1.0
13934,Diamond Princess,2020-03-24,10,Deaths,2.0,3.0
13935,Diamond Princess,2020-03-25,10,Deaths,0.0,3.0
13936,Diamond Princess,2020-03-26,10,Deaths,0.0,3.0
13937,Diamond Princess,2020-03-27,10,Deaths,0.0,3.0
13938,Diamond Princess,2020-03-28,10,Deaths,0.0,2.0
13939,Diamond Princess,2020-03-29,10,Deaths,0.0,2.0
13940,Diamond Princess,2020-03-30,10,Deaths,0.0,2.0
13941,Diamond Princess,2020-03-31,10,Deaths,0.0,0.0
13942,Diamond Princess,2020-04-01,11,Deaths,1.0,1.0
13943,Diamond Princess,2020-04-02,11,Deaths,0.0,1.0
13944,Diamond Princess,2020-04-03,11,Deaths,0.0,1.0
13945,Diamond Princess,2020-04-04,11,Deaths,0.0,1.0
13946,Diamond Princess,2020-04-05,11,Deaths,0.0,1.0
13947,Diamond Princess,2020-04-06,11,Deaths,0.0,1.0
13948,Diamond Princess,2020-04-07,11,Deaths,0.0,1.0
13949,Diamond Princess,2020-04-08,11,Deaths,0.0,0.0
13950,Diamond Princess,2020-04-09,11,Deaths,0.0,0.0
13951,Diamond Princess,2020-04-10,11,Deaths,0.0,0.0
13952,Diamond Princess,2020-04-11,11,Deaths,0.0,0.0
13953,Diamond Princess,2020-04-12,11,Deaths,0.0,0.0
13954,Diamond Princess,2020-04-13,11,Deaths,0.0,0.0
13955,Diamond Princess,2020-04-14,12,Deaths,1.0,1.0
13956,Diamond Princess,2020-04-15,12,Deaths,0.0,1.0
13957,Diamond Princess,2020-04-16,12,Deaths,0.0,1.0
13958,Diamond Princess,2020-04-17,13,Deaths,1.0,2.0
13959,Diamond Princess,2020-04-18,13,Deaths,0.0,2.0
13960,Diamond Princess,2020-04-19,13,Deaths,0.0,2.0
13961,Diamond Princess,2020-04-20,13,Deaths,0.0,2.0
13962,Diamond Princess,2020-04-21,13,Deaths,0.0,1.0
13963,Diamond Princess,2020-04-22,13,Deaths,0.0,1.0
13964,Diamond Princess,2020-04-23,13,Deaths,0.0,1.0
13965,Diamond Princess,2020-04-24,13,Deaths,0.0,0.0
13966,Diamond Princess,2020-04-25,13,Deaths,0.0,0.0
13967,Diamond Princess,2020-04-26,13,Deaths,0.0,0.0
13968,Diamond Princess,2020-04-27,13,Deaths,0.0,0.0
13969,Diamond Princess,2020-04-28,13,Deaths,0.0,0.0
13970,Diamond Princess,2020-04-29,13,Deaths,0.0,0.0
13971,Diamond Princess,2020-04-30,13,Deaths,0.0,0.0
13972,Diamond Princess,2020-05-01,13,Deaths,0.0,0.0
13973,Diamond Princess,2020-05-02,13,Deaths,0.0,0.0
13974,Diamond Princess,2020-05-03,13,Deaths,0.0,0.0
13975,Diamond Princess,2020-05-04,13,Deaths,0.0,0.0
13976,Diamond Princess,2020-05-05,13,Deaths,0.0,0.0
13977,Diamond Princess,2020-05-06,13,Deaths,0.0,0.0
13978,Diamond Princess,2020-05-07,13,Deaths,0.0,0.0
13979,Diamond Princess,2020-05-08,13,Deaths,0.0,0.0
13980,Diamond Princess,2020-05-09,13,Deaths,0.0,0.0
13981,Diamond Princess,2020-05-10,13,Deaths,0.0,0.0
13982,Diamond Princess,2020-05-11,13,Deaths,0.0,0.0
13983,Diamond Princess,2020-05-12,13,Deaths,0.0,0.0
13984,Diamond Princess,2020-05-13,13,Deaths,0.0,0.0
13985,Diamond Princess,2020-05-14,13,Deaths,0.0,0.0
13986,Diamond Princess,2020-05-15,13,Deaths,0.0,0.0
13987,Diamond Princess,2020-05-16,13,Deaths,0.0,0.0
13988,Diamond Princess,2020-05-17,13,Deaths,0.0,0.0
13989,Diamond Princess,2020-05-18,13,Deaths,0.0,0.0
13990,Diamond Princess,2020-05-19,13,Deaths,0.0,0.0
13991,Diamond Princess,2020-05-20,13,Deaths,0.0,0.0
13992,Diamond Princess,2020-05-21,13,Deaths,0.0,0.0
13993,Diamond Princess,2020-05-22,13,Deaths,0.0,0.0
13994,Diamond Princess,2020-05-23,13,Deaths,0.0,0.0
13995,Diamond Princess,2020-05-24,13,Deaths,0.0,0.0
13996,Diamond Princess,2020-05-25,13,Deaths,0.0,0.0
13997,Diamond Princess,2020-05-26,13,Deaths,0.0,0.0
13998,Diamond Princess,2020-05-27,13,Deaths,0.0,0.0
13999,Diamond Princess,2020-05-28,13,Deaths,0.0,0.0
14000,Diamond Princess,2020-05-29,13,Deaths,0.0,0.0
14001,Diamond Princess,2020-05-30,13,Deaths,0.0,0.0
14002,Diamond Princess,2020-05-31,13,Deaths,0.0,0.0
14003,Diamond Princess,2020-06-01,13,Deaths,0.0,0.0
14004,Diamond Princess,2020-06-02,13,Deaths,0.0,0.0
14005,Diamond Princess,2020-06-03,13,Deaths,0.0,0.0
14006,Diamond Princess,2020-06-04,13,Deaths,0.0,0.0
14007,Diamond Princess,2020-06-05,13,Deaths,0.0,0.0
14008,Diamond Princess,2020-06-06,13,Deaths,0.0,0.0
14009,Diamond Princess,2020-06-07,13,Deaths,0.0,0.0
14010,Diamond Princess,2020-06-08,13,Deaths,0.0,0.0
14011,Diamond Princess,2020-06-09,13,Deaths,0.0,0.0
14012,Diamond Princess,2020-06-10,13,Deaths,0.0,0.0
14013,Diamond Princess,2020-06-11,13,Deaths,0.0,0.0
14014,Diamond Princess,2020-06-12,13,Deaths,0.0,0.0
14015,Diamond Princess,2020-06-13,13,Deaths,0.0,0.0
14016,Diamond Princess,2020-06-14,13,Deaths,0.0,0.0
14017,Diamond Princess,2020-06-15,13,Deaths,0.0,0.0
14018,Diamond Princess,2020-06-16,13,Deaths,0.0,0.0
14019,Diamond Princess,2020-06-17,13,Deaths,0.0,0.0
14020,Diamond Princess,2020-06-18,13,Deaths,0.0,0.0
14021,Diamond Princess,2020-06-19,13,Deaths,0.0,0.0
14022,Diamond Princess,2020-06-20,13,Deaths,0.0,0.0
14023,Diamond Princess,2020-06-21,13,Deaths,0.0,0.0
14024,Diamond Princess,2020-06-22,13,Deaths,0.0,0.0
14025,Diamond Princess,2020-06-23,13,Deaths,0.0,0.0
14026,Diamond Princess,2020-06-24,13,Deaths,0.0,0.0
14027,Diamond Princess,2020-06-25,13,Deaths,0.0,0.0
14028,Diamond Princess,2020-06-26,13,Deaths,0.0,0.0
14029,Diamond Princess,2020-06-27,13,Deaths,0.0,0.0
14030,Diamond Princess,2020-06-28,13,Deaths,0.0,0.0
14031,Diamond Princess,2020-06-29,13,Deaths,0.0,0.0
14032,Diamond Princess,2020-06-30,13,Deaths,0.0,0.0
14033,Diamond Princess,2020-07-01,13,Deaths,0.0,0.0
14034,Diamond Princess,2020-07-02,13,Deaths,0.0,0.0
14035,Diamond Princess,2020-07-03,13,Deaths,0.0,0.0
14036,Diamond Princess,2020-07-04,13,Deaths,0.0,0.0
14037,Diamond Princess,2020-07-05,13,Deaths,0.0,0.0
14038,Diamond Princess,2020-07-06,13,Deaths,0.0,0.0
14039,Diamond Princess,2020-07-07,13,Deaths,0.0,0.0
14040,Diamond Princess,2020-07-08,13,Deaths,0.0,0.0
14041,Diamond Princess,2020-07-09,13,Deaths,0.0,0.0
14042,Diamond Princess,2020-07-10,13,Deaths,0.0,0.0
14043,Diamond Princess,2020-07-11,13,Deaths,0.0,0.0
14044,Diamond Princess,2020-07-12,13,Deaths,0.0,0.0
14045,Diamond Princess,2020-07-13,13,Deaths,0.0,0.0
14046,Diamond Princess,2020-07-14,13,Deaths,0.0,0.0
14047,Diamond Princess,2020-07-15,13,Deaths,0.0,0.0
14048,Diamond Princess,2020-07-16,13,Deaths,0.0,0.0
14049,Diamond Princess,2020-07-17,13,Deaths,0.0,0.0
14050,Diamond Princess,2020-07-18,13,Deaths,0.0,0.0
14051,Diamond Princess,2020-07-19,13,Deaths,0.0,0.0
14052,Diamond Princess,2020-07-20,13,Deaths,0.0,0.0
14053,Diamond Princess,2020-07-21,13,Deaths,0.0,0.0
14054,Diamond Princess,2020-07-22,13,Deaths,0.0,0.0
14055,Diamond Princess,2020-07-23,13,Deaths,0.0,0.0
14056,Diamond Princess,2020-07-24,13,Deaths,0.0,0.0
14057,Diamond Princess,2020-07-25,13,Deaths,0.0,0.0
14058,Diamond Princess,2020-07-26,13,Deaths,0.0,0.0
14059,Diamond Princess,2020-07-27,13,Deaths,0.0,0.0
14060,Diamond Princess,2020-07-28,13,Deaths,0.0,0.0
14061,Diamond Princess,2020-07-29,13,Deaths,0.0,0.0
14062,Diamond Princess,2020-07-30,13,Deaths,0.0,0.0
14063,Diamond Princess,2020-07-31,13,Deaths,0.0,0.0
14064,Diamond Princess,2020-08-01,13,Deaths,0.0,0.0
14065,Diamond Princess,2020-08-02,13,Deaths,0.0,0.0
14066,Diamond Princess,2020-08-03,13,Deaths,0.0,0.0
14067,Diamond Princess,2020-08-04,13,Deaths,0.0,0.0
14068,Diamond Princess,2020-08-05,13,Deaths,0.0,0.0
14069,Diamond Princess,2020-08-06,13,Deaths,0.0,0.0
14070,Diamond Princess,2020-08-07,13,Deaths,0.0,0.0
14071,Diamond Princess,2020-08-08,13,Deaths,0.0,0.0
14072,Diamond Princess,2020-08-09,13,Deaths,0.0,0.0
14073,Diamond Princess,2020-08-10,13,Deaths,0.0,0.0
14074,Diamond Princess,2020-08-11,13,Deaths,0.0,0.0
14075,Diamond Princess,2020-08-12,13,Deaths,0.0,0.0
14076,Diamond Princess,2020-08-13,13,Deaths,0.0,0.0
14077,Diamond Princess,2020-08-14,13,Deaths,0.0,0.0
14078,Diamond Princess,2020-08-15,13,Deaths,0.0,0.0
14079,Diamond Princess,2020-08-16,13,Deaths,0.0,0.0
14080,Diamond Princess,2020-08-17,13,Deaths,0.0,0.0
14081,Diamond Princess,2020-08-18,13,Deaths,0.0,0.0
14082,Diamond Princess,2020-08-19,13,Deaths,0.0,0.0
14083,Diamond Princess,2020-08-20,13,Deaths,0.0,0.0
14084,Diamond Princess,2020-08-21,13,Deaths,0.0,0.0
14085,Diamond Princess,2020-08-22,13,Deaths,0.0,0.0
14086,Diamond Princess,2020-08-23,13,Deaths,0.0,0.0
14087,Diamond Princess,2020-08-24,13,Deaths,0.0,0.0
14088,Diamond Princess,2020-08-25,13,Deaths,0.0,0.0
14089,Diamond Princess,2020-08-26,13,Deaths,0.0,0.0
14090,Diamond Princess,2020-08-27,13,Deaths,0.0,0.0
14091,Diamond Princess,2020-08-28,13,Deaths,0.0,0.0
14092,Diamond Princess,2020-08-29,13,Deaths,0.0,0.0
14093,Diamond Princess,2020-08-30,13,Deaths,0.0,0.0
14094,Diamond Princess,2020-08-31,13,Deaths,0.0,0.0
14095,Diamond Princess,2020-09-01,13,Deaths,0.0,0.0
14096,Diamond Princess,2020-09-02,13,Deaths,0.0,0.0
14097,Diamond Princess,2020-09-03,13,Deaths,0.0,0.0
14098,Diamond Princess,2020-09-04,13,Deaths,0.0,0.0
14099,Diamond Princess,2020-09-05,13,Deaths,0.0,0.0
14100,Diamond Princess,2020-09-06,13,Deaths,0.0,0.0
14101,Diamond Princess,2020-09-07,13,Deaths,0.0,0.0
14102,Diamond Princess,2020-09-08,13,Deaths,0.0,0.0
14103,Diamond Princess,2020-09-09,13,Deaths,0.0,0.0
14104,Diamond Princess,2020-09-10,13,Deaths,0.0,0.0
14105,Diamond Princess,2020-09-11,13,Deaths,0.0,0.0
14106,Diamond Princess,2020-09-12,13,Deaths,0.0,0.0
14107,Diamond Princess,2020-09-13,13,Deaths,0.0,0.0
14108,Diamond Princess,2020-09-14,13,Deaths,0.0,0.0
14109,Diamond Princess,2020-09-15,13,Deaths,0.0,0.0
14110,Diamond Princess,2020-09-16,13,Deaths,0.0,0.0
14111,Diamond Princess,2020-09-17,13,Deaths,0.0,0.0
14112,Diamond Princess,2020-09-18,13,Deaths,0.0,0.0
14113,Diamond Princess,2020-09-19,13,Deaths,0.0,0.0
14114,Diamond Princess,2020-09-20,13,Deaths,0.0,0.0
14115,Diamond Princess,2020-09-21,13,Deaths,0.0,0.0
14116,Diamond Princess,2020-09-22,13,Deaths,0.0,0.0
14117,Diamond Princess,2020-09-23,13,Deaths,0.0,0.0
14118,Diamond Princess,2020-09-24,13,Deaths,0.0,0.0
14119,Diamond Princess,2020-09-25,13,Deaths,0.0,0.0
14120,Diamond Princess,2020-09-26,13,Deaths,0.0,0.0
14121,Diamond Princess,2020-09-27,13,Deaths,0.0,0.0
14122,Diamond Princess,2020-09-28,13,Deaths,0.0,0.0
14123,Diamond Princess,2020-09-29,13,Deaths,0.0,0.0
14124,Diamond Princess,2020-09-30,13,Deaths,0.0,0.0
14125,Diamond Princess,2020-10-01,13,Deaths,0.0,0.0
14126,Diamond Princess,2020-10-02,13,Deaths,0.0,0.0
14127,Diamond Princess,2020-10-03,13,Deaths,0.0,0.0
14128,Diamond Princess,2020-10-04,13,Deaths,0.0,0.0
14129,Diamond Princess,2020-10-05,13,Deaths,0.0,0.0
14130,Diamond Princess,2020-10-06,13,Deaths,0.0,0.0
14131,Diamond Princess,2020-10-07,13,Deaths,0.0,0.0
14132,Diamond Princess,2020-10-08,13,Deaths,0.0,0.0
14133,Diamond Princess,2020-10-09,13,Deaths,0.0,0.0
14134,Diamond Princess,2020-10-10,13,Deaths,0.0,0.0
14135,Diamond Princess,2020-10-11,13,Deaths,0.0,0.0
14136,Diamond Princess,2020-10-12,13,Deaths,0.0,0.0
14137,Diamond Princess,2020-10-13,13,Deaths,0.0,0.0
14138,Diamond Princess,2020-10-14,13,Deaths,0.0,0.0
14139,Diamond Princess,2020-10-15,13,Deaths,0.0,0.0
14140,Diamond Princess,2020-10-16,13,Deaths,0.0,0.0
14141,Diamond Princess,2020-10-17,13,Deaths,0.0,0.0
14142,Diamond Princess,2020-10-18,13,Deaths,0.0,0.0
14143,Diamond Princess,2020-10-19,13,Deaths,0.0,0.0
14144,Diamond Princess,2020-10-20,13,Deaths,0.0,0.0
14145,Diamond Princess,2020-10-21,13,Deaths,0.0,0.0
14146,Diamond Princess,2020-10-22,13,Deaths,0.0,0.0
14147,Diamond Princess,2020-10-23,13,Deaths,0.0,0.0
14148,Diamond Princess,2020-10-24,13,Deaths,0.0,0.0
14149,Diamond Princess,2020-10-25,13,Deaths,0.0,0.0
14150,Diamond Princess,2020-10-26,13,Deaths,0.0,0.0
14151,Diamond Princess,2020-10-27,13,Deaths,0.0,0.0
14152,Diamond Princess,2020-10-28,13,Deaths,0.0,0.0
14153,Diamond Princess,2020-10-29,13,Deaths,0.0,0.0
14154,Diamond Princess,2020-10-30,13,Deaths,0.0,0.0
14155,Diamond Princess,2020-10-31,13,Deaths,0.0,0.0
14156,Diamond Princess,2020-11-01,13,Deaths,0.0,0.0
14157,Diamond Princess,2020-11-02,13,Deaths,0.0,0.0
14158,Diamond Princess,2020-11-03,13,Deaths,0.0,0.0
14159,Diamond Princess,2020-11-04,13,Deaths,0.0,0.0
14160,Diamond Princess,2020-11-05,13,Deaths,0.0,0.0
14161,Djibouti,2020-01-22,0,Deaths,,
14162,Djibouti,2020-01-23,0,Deaths,0.0,
14163,Djibouti,2020-01-24,0,Deaths,0.0,
14164,Djibouti,2020-01-25,0,Deaths,0.0,
14165,Djibouti,2020-01-26,0,Deaths,0.0,
14166,Djibouti,2020-01-27,0,Deaths,0.0,
14167,Djibouti,2020-01-28,0,Deaths,0.0,
14168,Djibouti,2020-01-29,0,Deaths,0.0,0.0
14169,Djibouti,2020-01-30,0,Deaths,0.0,0.0
14170,Djibouti,2020-01-31,0,Deaths,0.0,0.0
14171,Djibouti,2020-02-01,0,Deaths,0.0,0.0
14172,Djibouti,2020-02-02,0,Deaths,0.0,0.0
14173,Djibouti,2020-02-03,0,Deaths,0.0,0.0
14174,Djibouti,2020-02-04,0,Deaths,0.0,0.0
14175,Djibouti,2020-02-05,0,Deaths,0.0,0.0
14176,Djibouti,2020-02-06,0,Deaths,0.0,0.0
14177,Djibouti,2020-02-07,0,Deaths,0.0,0.0
14178,Djibouti,2020-02-08,0,Deaths,0.0,0.0
14179,Djibouti,2020-02-09,0,Deaths,0.0,0.0
14180,Djibouti,2020-02-10,0,Deaths,0.0,0.0
14181,Djibouti,2020-02-11,0,Deaths,0.0,0.0
14182,Djibouti,2020-02-12,0,Deaths,0.0,0.0
14183,Djibouti,2020-02-13,0,Deaths,0.0,0.0
14184,Djibouti,2020-02-14,0,Deaths,0.0,0.0
14185,Djibouti,2020-02-15,0,Deaths,0.0,0.0
14186,Djibouti,2020-02-16,0,Deaths,0.0,0.0
14187,Djibouti,2020-02-17,0,Deaths,0.0,0.0
14188,Djibouti,2020-02-18,0,Deaths,0.0,0.0
14189,Djibouti,2020-02-19,0,Deaths,0.0,0.0
14190,Djibouti,2020-02-20,0,Deaths,0.0,0.0
14191,Djibouti,2020-02-21,0,Deaths,0.0,0.0
14192,Djibouti,2020-02-22,0,Deaths,0.0,0.0
14193,Djibouti,2020-02-23,0,Deaths,0.0,0.0
14194,Djibouti,2020-02-24,0,Deaths,0.0,0.0
14195,Djibouti,2020-02-25,0,Deaths,0.0,0.0
14196,Djibouti,2020-02-26,0,Deaths,0.0,0.0
14197,Djibouti,2020-02-27,0,Deaths,0.0,0.0
14198,Djibouti,2020-02-28,0,Deaths,0.0,0.0
14199,Djibouti,2020-02-29,0,Deaths,0.0,0.0
14200,Djibouti,2020-03-01,0,Deaths,0.0,0.0
14201,Djibouti,2020-03-02,0,Deaths,0.0,0.0
14202,Djibouti,2020-03-03,0,Deaths,0.0,0.0
14203,Djibouti,2020-03-04,0,Deaths,0.0,0.0
14204,Djibouti,2020-03-05,0,Deaths,0.0,0.0
14205,Djibouti,2020-03-06,0,Deaths,0.0,0.0
14206,Djibouti,2020-03-07,0,Deaths,0.0,0.0
14207,Djibouti,2020-03-08,0,Deaths,0.0,0.0
14208,Djibouti,2020-03-09,0,Deaths,0.0,0.0
14209,Djibouti,2020-03-10,0,Deaths,0.0,0.0
14210,Djibouti,2020-03-11,0,Deaths,0.0,0.0
14211,Djibouti,2020-03-12,0,Deaths,0.0,0.0
14212,Djibouti,2020-03-13,0,Deaths,0.0,0.0
14213,Djibouti,2020-03-14,0,Deaths,0.0,0.0
14214,Djibouti,2020-03-15,0,Deaths,0.0,0.0
14215,Djibouti,2020-03-16,0,Deaths,0.0,0.0
14216,Djibouti,2020-03-17,0,Deaths,0.0,0.0
14217,Djibouti,2020-03-18,0,Deaths,0.0,0.0
14218,Djibouti,2020-03-19,0,Deaths,0.0,0.0
14219,Djibouti,2020-03-20,0,Deaths,0.0,0.0
14220,Djibouti,2020-03-21,0,Deaths,0.0,0.0
14221,Djibouti,2020-03-22,0,Deaths,0.0,0.0
14222,Djibouti,2020-03-23,0,Deaths,0.0,0.0
14223,Djibouti,2020-03-24,0,Deaths,0.0,0.0
14224,Djibouti,2020-03-25,0,Deaths,0.0,0.0
14225,Djibouti,2020-03-26,0,Deaths,0.0,0.0
14226,Djibouti,2020-03-27,0,Deaths,0.0,0.0
14227,Djibouti,2020-03-28,0,Deaths,0.0,0.0
14228,Djibouti,2020-03-29,0,Deaths,0.0,0.0
14229,Djibouti,2020-03-30,0,Deaths,0.0,0.0
14230,Djibouti,2020-03-31,0,Deaths,0.0,0.0
14231,Djibouti,2020-04-01,0,Deaths,0.0,0.0
14232,Djibouti,2020-04-02,0,Deaths,0.0,0.0
14233,Djibouti,2020-04-03,0,Deaths,0.0,0.0
14234,Djibouti,2020-04-04,0,Deaths,0.0,0.0
14235,Djibouti,2020-04-05,0,Deaths,0.0,0.0
14236,Djibouti,2020-04-06,0,Deaths,0.0,0.0
14237,Djibouti,2020-04-07,0,Deaths,0.0,0.0
14238,Djibouti,2020-04-08,0,Deaths,0.0,0.0
14239,Djibouti,2020-04-09,0,Deaths,0.0,0.0
14240,Djibouti,2020-04-10,1,Deaths,1.0,1.0
14241,Djibouti,2020-04-11,2,Deaths,1.0,2.0
14242,Djibouti,2020-04-12,2,Deaths,0.0,2.0
14243,Djibouti,2020-04-13,2,Deaths,0.0,2.0
14244,Djibouti,2020-04-14,2,Deaths,0.0,2.0
14245,Djibouti,2020-04-15,2,Deaths,0.0,2.0
14246,Djibouti,2020-04-16,2,Deaths,0.0,2.0
14247,Djibouti,2020-04-17,2,Deaths,0.0,1.0
14248,Djibouti,2020-04-18,2,Deaths,0.0,0.0
14249,Djibouti,2020-04-19,2,Deaths,0.0,0.0
14250,Djibouti,2020-04-20,2,Deaths,0.0,0.0
14251,Djibouti,2020-04-21,2,Deaths,0.0,0.0
14252,Djibouti,2020-04-22,2,Deaths,0.0,0.0
14253,Djibouti,2020-04-23,2,Deaths,0.0,0.0
14254,Djibouti,2020-04-24,2,Deaths,0.0,0.0
14255,Djibouti,2020-04-25,2,Deaths,0.0,0.0
14256,Djibouti,2020-04-26,2,Deaths,0.0,0.0
14257,Djibouti,2020-04-27,2,Deaths,0.0,0.0
14258,Djibouti,2020-04-28,2,Deaths,0.0,0.0
14259,Djibouti,2020-04-29,2,Deaths,0.0,0.0
14260,Djibouti,2020-04-30,2,Deaths,0.0,0.0
14261,Djibouti,2020-05-01,2,Deaths,0.0,0.0
14262,Djibouti,2020-05-02,2,Deaths,0.0,0.0
14263,Djibouti,2020-05-03,2,Deaths,0.0,0.0
14264,Djibouti,2020-05-04,2,Deaths,0.0,0.0
14265,Djibouti,2020-05-05,2,Deaths,0.0,0.0
14266,Djibouti,2020-05-06,3,Deaths,1.0,1.0
14267,Djibouti,2020-05-07,3,Deaths,0.0,1.0
14268,Djibouti,2020-05-08,3,Deaths,0.0,1.0
14269,Djibouti,2020-05-09,3,Deaths,0.0,1.0
14270,Djibouti,2020-05-10,3,Deaths,0.0,1.0
14271,Djibouti,2020-05-11,3,Deaths,0.0,1.0
14272,Djibouti,2020-05-12,3,Deaths,0.0,1.0
14273,Djibouti,2020-05-13,3,Deaths,0.0,0.0
14274,Djibouti,2020-05-14,3,Deaths,0.0,0.0
14275,Djibouti,2020-05-15,4,Deaths,1.0,1.0
14276,Djibouti,2020-05-16,4,Deaths,0.0,1.0
14277,Djibouti,2020-05-17,4,Deaths,0.0,1.0
14278,Djibouti,2020-05-18,7,Deaths,3.0,4.0
14279,Djibouti,2020-05-19,7,Deaths,0.0,4.0
14280,Djibouti,2020-05-20,9,Deaths,2.0,6.0
14281,Djibouti,2020-05-21,10,Deaths,1.0,7.0
14282,Djibouti,2020-05-22,10,Deaths,0.0,6.0
14283,Djibouti,2020-05-23,10,Deaths,0.0,6.0
14284,Djibouti,2020-05-24,10,Deaths,0.0,6.0
14285,Djibouti,2020-05-25,14,Deaths,4.0,7.0
14286,Djibouti,2020-05-26,14,Deaths,0.0,7.0
14287,Djibouti,2020-05-27,18,Deaths,4.0,9.0
14288,Djibouti,2020-05-28,20,Deaths,2.0,10.0
14289,Djibouti,2020-05-29,20,Deaths,0.0,10.0
14290,Djibouti,2020-05-30,22,Deaths,2.0,12.0
14291,Djibouti,2020-05-31,24,Deaths,2.0,14.0
14292,Djibouti,2020-06-01,24,Deaths,0.0,10.0
14293,Djibouti,2020-06-02,25,Deaths,1.0,11.0
14294,Djibouti,2020-06-03,26,Deaths,1.0,8.0
14295,Djibouti,2020-06-04,26,Deaths,0.0,6.0
14296,Djibouti,2020-06-05,26,Deaths,0.0,6.0
14297,Djibouti,2020-06-06,26,Deaths,0.0,4.0
14298,Djibouti,2020-06-07,28,Deaths,2.0,4.0
14299,Djibouti,2020-06-08,31,Deaths,3.0,7.0
14300,Djibouti,2020-06-09,34,Deaths,3.0,9.0
14301,Djibouti,2020-06-10,34,Deaths,0.0,8.0
14302,Djibouti,2020-06-11,37,Deaths,3.0,11.0
14303,Djibouti,2020-06-12,38,Deaths,1.0,12.0
14304,Djibouti,2020-06-13,41,Deaths,3.0,15.0
14305,Djibouti,2020-06-14,43,Deaths,2.0,15.0
14306,Djibouti,2020-06-15,43,Deaths,0.0,12.0
14307,Djibouti,2020-06-16,43,Deaths,0.0,9.0
14308,Djibouti,2020-06-17,43,Deaths,0.0,9.0
14309,Djibouti,2020-06-18,43,Deaths,0.0,6.0
14310,Djibouti,2020-06-19,45,Deaths,2.0,7.0
14311,Djibouti,2020-06-20,45,Deaths,0.0,4.0
14312,Djibouti,2020-06-21,45,Deaths,0.0,2.0
14313,Djibouti,2020-06-22,48,Deaths,3.0,5.0
14314,Djibouti,2020-06-23,49,Deaths,1.0,6.0
14315,Djibouti,2020-06-24,52,Deaths,3.0,9.0
14316,Djibouti,2020-06-25,52,Deaths,0.0,9.0
14317,Djibouti,2020-06-26,52,Deaths,0.0,7.0
14318,Djibouti,2020-06-27,52,Deaths,0.0,7.0
14319,Djibouti,2020-06-28,52,Deaths,0.0,7.0
14320,Djibouti,2020-06-29,53,Deaths,1.0,5.0
14321,Djibouti,2020-06-30,54,Deaths,1.0,5.0
14322,Djibouti,2020-07-01,55,Deaths,1.0,3.0
14323,Djibouti,2020-07-02,55,Deaths,0.0,3.0
14324,Djibouti,2020-07-03,55,Deaths,0.0,3.0
14325,Djibouti,2020-07-04,55,Deaths,0.0,3.0
14326,Djibouti,2020-07-05,55,Deaths,0.0,3.0
14327,Djibouti,2020-07-06,55,Deaths,0.0,2.0
14328,Djibouti,2020-07-07,55,Deaths,0.0,1.0
14329,Djibouti,2020-07-08,55,Deaths,0.0,0.0
14330,Djibouti,2020-07-09,56,Deaths,1.0,1.0
14331,Djibouti,2020-07-10,56,Deaths,0.0,1.0
14332,Djibouti,2020-07-11,56,Deaths,0.0,1.0
14333,Djibouti,2020-07-12,56,Deaths,0.0,1.0
14334,Djibouti,2020-07-13,56,Deaths,0.0,1.0
14335,Djibouti,2020-07-14,56,Deaths,0.0,1.0
14336,Djibouti,2020-07-15,56,Deaths,0.0,1.0
14337,Djibouti,2020-07-16,56,Deaths,0.0,0.0
14338,Djibouti,2020-07-17,56,Deaths,0.0,0.0
14339,Djibouti,2020-07-18,56,Deaths,0.0,0.0
14340,Djibouti,2020-07-19,56,Deaths,0.0,0.0
14341,Djibouti,2020-07-20,56,Deaths,0.0,0.0
14342,Djibouti,2020-07-21,56,Deaths,0.0,0.0
14343,Djibouti,2020-07-22,58,Deaths,2.0,2.0
14344,Djibouti,2020-07-23,58,Deaths,0.0,2.0
14345,Djibouti,2020-07-24,58,Deaths,0.0,2.0
14346,Djibouti,2020-07-25,58,Deaths,0.0,2.0
14347,Djibouti,2020-07-26,58,Deaths,0.0,2.0
14348,Djibouti,2020-07-27,58,Deaths,0.0,2.0
14349,Djibouti,2020-07-28,58,Deaths,0.0,2.0
14350,Djibouti,2020-07-29,58,Deaths,0.0,0.0
14351,Djibouti,2020-07-30,58,Deaths,0.0,0.0
14352,Djibouti,2020-07-31,58,Deaths,0.0,0.0
14353,Djibouti,2020-08-01,58,Deaths,0.0,0.0
14354,Djibouti,2020-08-02,59,Deaths,1.0,1.0
14355,Djibouti,2020-08-03,59,Deaths,0.0,1.0
14356,Djibouti,2020-08-04,59,Deaths,0.0,1.0
14357,Djibouti,2020-08-05,59,Deaths,0.0,1.0
14358,Djibouti,2020-08-06,59,Deaths,0.0,1.0
14359,Djibouti,2020-08-07,59,Deaths,0.0,1.0
14360,Djibouti,2020-08-08,59,Deaths,0.0,1.0
14361,Djibouti,2020-08-09,59,Deaths,0.0,0.0
14362,Djibouti,2020-08-10,59,Deaths,0.0,0.0
14363,Djibouti,2020-08-11,59,Deaths,0.0,0.0
14364,Djibouti,2020-08-12,59,Deaths,0.0,0.0
14365,Djibouti,2020-08-13,59,Deaths,0.0,0.0
14366,Djibouti,2020-08-14,59,Deaths,0.0,0.0
14367,Djibouti,2020-08-15,59,Deaths,0.0,0.0
14368,Djibouti,2020-08-16,59,Deaths,0.0,0.0
14369,Djibouti,2020-08-17,59,Deaths,0.0,0.0
14370,Djibouti,2020-08-18,59,Deaths,0.0,0.0
14371,Djibouti,2020-08-19,59,Deaths,0.0,0.0
14372,Djibouti,2020-08-20,59,Deaths,0.0,0.0
14373,Djibouti,2020-08-21,60,Deaths,1.0,1.0
14374,Djibouti,2020-08-22,60,Deaths,0.0,1.0
14375,Djibouti,2020-08-23,60,Deaths,0.0,1.0
14376,Djibouti,2020-08-24,60,Deaths,0.0,1.0
14377,Djibouti,2020-08-25,60,Deaths,0.0,1.0
14378,Djibouti,2020-08-26,60,Deaths,0.0,1.0
14379,Djibouti,2020-08-27,60,Deaths,0.0,1.0
14380,Djibouti,2020-08-28,60,Deaths,0.0,0.0
14381,Djibouti,2020-08-29,60,Deaths,0.0,0.0
14382,Djibouti,2020-08-30,60,Deaths,0.0,0.0
14383,Djibouti,2020-08-31,60,Deaths,0.0,0.0
14384,Djibouti,2020-09-01,60,Deaths,0.0,0.0
14385,Djibouti,2020-09-02,60,Deaths,0.0,0.0
14386,Djibouti,2020-09-03,60,Deaths,0.0,0.0
14387,Djibouti,2020-09-04,60,Deaths,0.0,0.0
14388,Djibouti,2020-09-05,60,Deaths,0.0,0.0
14389,Djibouti,2020-09-06,61,Deaths,1.0,1.0
14390,Djibouti,2020-09-07,61,Deaths,0.0,1.0
14391,Djibouti,2020-09-08,61,Deaths,0.0,1.0
14392,Djibouti,2020-09-09,61,Deaths,0.0,1.0
14393,Djibouti,2020-09-10,61,Deaths,0.0,1.0
14394,Djibouti,2020-09-11,61,Deaths,0.0,1.0
14395,Djibouti,2020-09-12,61,Deaths,0.0,1.0
14396,Djibouti,2020-09-13,61,Deaths,0.0,0.0
14397,Djibouti,2020-09-14,61,Deaths,0.0,0.0
14398,Djibouti,2020-09-15,61,Deaths,0.0,0.0
14399,Djibouti,2020-09-16,61,Deaths,0.0,0.0
14400,Djibouti,2020-09-17,61,Deaths,0.0,0.0
14401,Djibouti,2020-09-18,61,Deaths,0.0,0.0
14402,Djibouti,2020-09-19,61,Deaths,0.0,0.0
14403,Djibouti,2020-09-20,61,Deaths,0.0,0.0
14404,Djibouti,2020-09-21,61,Deaths,0.0,0.0
14405,Djibouti,2020-09-22,61,Deaths,0.0,0.0
14406,Djibouti,2020-09-23,61,Deaths,0.0,0.0
14407,Djibouti,2020-09-24,61,Deaths,0.0,0.0
14408,Djibouti,2020-09-25,61,Deaths,0.0,0.0
14409,Djibouti,2020-09-26,61,Deaths,0.0,0.0
14410,Djibouti,2020-09-27,61,Deaths,0.0,0.0
14411,Djibouti,2020-09-28,61,Deaths,0.0,0.0
14412,Djibouti,2020-09-29,61,Deaths,0.0,0.0
14413,Djibouti,2020-09-30,61,Deaths,0.0,0.0
14414,Djibouti,2020-10-01,61,Deaths,0.0,0.0
14415,Djibouti,2020-10-02,61,Deaths,0.0,0.0
14416,Djibouti,2020-10-03,61,Deaths,0.0,0.0
14417,Djibouti,2020-10-04,61,Deaths,0.0,0.0
14418,Djibouti,2020-10-05,61,Deaths,0.0,0.0
14419,Djibouti,2020-10-06,61,Deaths,0.0,0.0
14420,Djibouti,2020-10-07,61,Deaths,0.0,0.0
14421,Djibouti,2020-10-08,61,Deaths,0.0,0.0
14422,Djibouti,2020-10-09,61,Deaths,0.0,0.0
14423,Djibouti,2020-10-10,61,Deaths,0.0,0.0
14424,Djibouti,2020-10-11,61,Deaths,0.0,0.0
14425,Djibouti,2020-10-12,61,Deaths,0.0,0.0
14426,Djibouti,2020-10-13,61,Deaths,0.0,0.0
14427,Djibouti,2020-10-14,61,Deaths,0.0,0.0
14428,Djibouti,2020-10-15,61,Deaths,0.0,0.0
14429,Djibouti,2020-10-16,61,Deaths,0.0,0.0
14430,Djibouti,2020-10-17,61,Deaths,0.0,0.0
14431,Djibouti,2020-10-18,61,Deaths,0.0,0.0
14432,Djibouti,2020-10-19,61,Deaths,0.0,0.0
14433,Djibouti,2020-10-20,61,Deaths,0.0,0.0
14434,Djibouti,2020-10-21,61,Deaths,0.0,0.0
14435,Djibouti,2020-10-22,61,Deaths,0.0,0.0
14436,Djibouti,2020-10-23,61,Deaths,0.0,0.0
14437,Djibouti,2020-10-24,61,Deaths,0.0,0.0
14438,Djibouti,2020-10-25,61,Deaths,0.0,0.0
14439,Djibouti,2020-10-26,61,Deaths,0.0,0.0
14440,Djibouti,2020-10-27,61,Deaths,0.0,0.0
14441,Djibouti,2020-10-28,61,Deaths,0.0,0.0
14442,Djibouti,2020-10-29,61,Deaths,0.0,0.0
14443,Djibouti,2020-10-30,61,Deaths,0.0,0.0
14444,Djibouti,2020-10-31,61,Deaths,0.0,0.0
14445,Djibouti,2020-11-01,61,Deaths,0.0,0.0
14446,Djibouti,2020-11-02,61,Deaths,0.0,0.0
14447,Djibouti,2020-11-03,61,Deaths,0.0,0.0
14448,Djibouti,2020-11-04,61,Deaths,0.0,0.0
14449,Djibouti,2020-11-05,61,Deaths,0.0,0.0
14450,Dominica,2020-01-22,0,Deaths,,
14451,Dominica,2020-01-23,0,Deaths,0.0,
14452,Dominica,2020-01-24,0,Deaths,0.0,
14453,Dominica,2020-01-25,0,Deaths,0.0,
14454,Dominica,2020-01-26,0,Deaths,0.0,
14455,Dominica,2020-01-27,0,Deaths,0.0,
14456,Dominica,2020-01-28,0,Deaths,0.0,
14457,Dominica,2020-01-29,0,Deaths,0.0,0.0
14458,Dominica,2020-01-30,0,Deaths,0.0,0.0
14459,Dominica,2020-01-31,0,Deaths,0.0,0.0
14460,Dominica,2020-02-01,0,Deaths,0.0,0.0
14461,Dominica,2020-02-02,0,Deaths,0.0,0.0
14462,Dominica,2020-02-03,0,Deaths,0.0,0.0
14463,Dominica,2020-02-04,0,Deaths,0.0,0.0
14464,Dominica,2020-02-05,0,Deaths,0.0,0.0
14465,Dominica,2020-02-06,0,Deaths,0.0,0.0
14466,Dominica,2020-02-07,0,Deaths,0.0,0.0
14467,Dominica,2020-02-08,0,Deaths,0.0,0.0
14468,Dominica,2020-02-09,0,Deaths,0.0,0.0
14469,Dominica,2020-02-10,0,Deaths,0.0,0.0
14470,Dominica,2020-02-11,0,Deaths,0.0,0.0
14471,Dominica,2020-02-12,0,Deaths,0.0,0.0
14472,Dominica,2020-02-13,0,Deaths,0.0,0.0
14473,Dominica,2020-02-14,0,Deaths,0.0,0.0
14474,Dominica,2020-02-15,0,Deaths,0.0,0.0
14475,Dominica,2020-02-16,0,Deaths,0.0,0.0
14476,Dominica,2020-02-17,0,Deaths,0.0,0.0
14477,Dominica,2020-02-18,0,Deaths,0.0,0.0
14478,Dominica,2020-02-19,0,Deaths,0.0,0.0
14479,Dominica,2020-02-20,0,Deaths,0.0,0.0
14480,Dominica,2020-02-21,0,Deaths,0.0,0.0
14481,Dominica,2020-02-22,0,Deaths,0.0,0.0
14482,Dominica,2020-02-23,0,Deaths,0.0,0.0
14483,Dominica,2020-02-24,0,Deaths,0.0,0.0
14484,Dominica,2020-02-25,0,Deaths,0.0,0.0
14485,Dominica,2020-02-26,0,Deaths,0.0,0.0
14486,Dominica,2020-02-27,0,Deaths,0.0,0.0
14487,Dominica,2020-02-28,0,Deaths,0.0,0.0
14488,Dominica,2020-02-29,0,Deaths,0.0,0.0
14489,Dominica,2020-03-01,0,Deaths,0.0,0.0
14490,Dominica,2020-03-02,0,Deaths,0.0,0.0
14491,Dominica,2020-03-03,0,Deaths,0.0,0.0
14492,Dominica,2020-03-04,0,Deaths,0.0,0.0
14493,Dominica,2020-03-05,0,Deaths,0.0,0.0
14494,Dominica,2020-03-06,0,Deaths,0.0,0.0
14495,Dominica,2020-03-07,0,Deaths,0.0,0.0
14496,Dominica,2020-03-08,0,Deaths,0.0,0.0
14497,Dominica,2020-03-09,0,Deaths,0.0,0.0
14498,Dominica,2020-03-10,0,Deaths,0.0,0.0
14499,Dominica,2020-03-11,0,Deaths,0.0,0.0
14500,Dominica,2020-03-12,0,Deaths,0.0,0.0
14501,Dominica,2020-03-13,0,Deaths,0.0,0.0
14502,Dominica,2020-03-14,0,Deaths,0.0,0.0
14503,Dominica,2020-03-15,0,Deaths,0.0,0.0
14504,Dominica,2020-03-16,0,Deaths,0.0,0.0
14505,Dominica,2020-03-17,0,Deaths,0.0,0.0
14506,Dominica,2020-03-18,0,Deaths,0.0,0.0
14507,Dominica,2020-03-19,0,Deaths,0.0,0.0
14508,Dominica,2020-03-20,0,Deaths,0.0,0.0
14509,Dominica,2020-03-21,0,Deaths,0.0,0.0
14510,Dominica,2020-03-22,0,Deaths,0.0,0.0
14511,Dominica,2020-03-23,0,Deaths,0.0,0.0
14512,Dominica,2020-03-24,0,Deaths,0.0,0.0
14513,Dominica,2020-03-25,0,Deaths,0.0,0.0
14514,Dominica,2020-03-26,0,Deaths,0.0,0.0
14515,Dominica,2020-03-27,0,Deaths,0.0,0.0
14516,Dominica,2020-03-28,0,Deaths,0.0,0.0
14517,Dominica,2020-03-29,0,Deaths,0.0,0.0
14518,Dominica,2020-03-30,0,Deaths,0.0,0.0
14519,Dominica,2020-03-31,0,Deaths,0.0,0.0
14520,Dominica,2020-04-01,0,Deaths,0.0,0.0
14521,Dominica,2020-04-02,0,Deaths,0.0,0.0
14522,Dominica,2020-04-03,0,Deaths,0.0,0.0
14523,Dominica,2020-04-04,0,Deaths,0.0,0.0
14524,Dominica,2020-04-05,0,Deaths,0.0,0.0
14525,Dominica,2020-04-06,0,Deaths,0.0,0.0
14526,Dominica,2020-04-07,0,Deaths,0.0,0.0
14527,Dominica,2020-04-08,0,Deaths,0.0,0.0
14528,Dominica,2020-04-09,0,Deaths,0.0,0.0
14529,Dominica,2020-04-10,0,Deaths,0.0,0.0
14530,Dominica,2020-04-11,0,Deaths,0.0,0.0
14531,Dominica,2020-04-12,0,Deaths,0.0,0.0
14532,Dominica,2020-04-13,0,Deaths,0.0,0.0
14533,Dominica,2020-04-14,0,Deaths,0.0,0.0
14534,Dominica,2020-04-15,0,Deaths,0.0,0.0
14535,Dominica,2020-04-16,0,Deaths,0.0,0.0
14536,Dominica,2020-04-17,0,Deaths,0.0,0.0
14537,Dominica,2020-04-18,0,Deaths,0.0,0.0
14538,Dominica,2020-04-19,0,Deaths,0.0,0.0
14539,Dominica,2020-04-20,0,Deaths,0.0,0.0
14540,Dominica,2020-04-21,0,Deaths,0.0,0.0
14541,Dominica,2020-04-22,0,Deaths,0.0,0.0
14542,Dominica,2020-04-23,0,Deaths,0.0,0.0
14543,Dominica,2020-04-24,0,Deaths,0.0,0.0
14544,Dominica,2020-04-25,0,Deaths,0.0,0.0
14545,Dominica,2020-04-26,0,Deaths,0.0,0.0
14546,Dominica,2020-04-27,0,Deaths,0.0,0.0
14547,Dominica,2020-04-28,0,Deaths,0.0,0.0
14548,Dominica,2020-04-29,0,Deaths,0.0,0.0
14549,Dominica,2020-04-30,0,Deaths,0.0,0.0
14550,Dominica,2020-05-01,0,Deaths,0.0,0.0
14551,Dominica,2020-05-02,0,Deaths,0.0,0.0
14552,Dominica,2020-05-03,0,Deaths,0.0,0.0
14553,Dominica,2020-05-04,0,Deaths,0.0,0.0
14554,Dominica,2020-05-05,0,Deaths,0.0,0.0
14555,Dominica,2020-05-06,0,Deaths,0.0,0.0
14556,Dominica,2020-05-07,0,Deaths,0.0,0.0
14557,Dominica,2020-05-08,0,Deaths,0.0,0.0
14558,Dominica,2020-05-09,0,Deaths,0.0,0.0
14559,Dominica,2020-05-10,0,Deaths,0.0,0.0
14560,Dominica,2020-05-11,0,Deaths,0.0,0.0
14561,Dominica,2020-05-12,0,Deaths,0.0,0.0
14562,Dominica,2020-05-13,0,Deaths,0.0,0.0
14563,Dominica,2020-05-14,0,Deaths,0.0,0.0
14564,Dominica,2020-05-15,0,Deaths,0.0,0.0
14565,Dominica,2020-05-16,0,Deaths,0.0,0.0
14566,Dominica,2020-05-17,0,Deaths,0.0,0.0
14567,Dominica,2020-05-18,0,Deaths,0.0,0.0
14568,Dominica,2020-05-19,0,Deaths,0.0,0.0
14569,Dominica,2020-05-20,0,Deaths,0.0,0.0
14570,Dominica,2020-05-21,0,Deaths,0.0,0.0
14571,Dominica,2020-05-22,0,Deaths,0.0,0.0
14572,Dominica,2020-05-23,0,Deaths,0.0,0.0
14573,Dominica,2020-05-24,0,Deaths,0.0,0.0
14574,Dominica,2020-05-25,0,Deaths,0.0,0.0
14575,Dominica,2020-05-26,0,Deaths,0.0,0.0
14576,Dominica,2020-05-27,0,Deaths,0.0,0.0
14577,Dominica,2020-05-28,0,Deaths,0.0,0.0
14578,Dominica,2020-05-29,0,Deaths,0.0,0.0
14579,Dominica,2020-05-30,0,Deaths,0.0,0.0
14580,Dominica,2020-05-31,0,Deaths,0.0,0.0
14581,Dominica,2020-06-01,0,Deaths,0.0,0.0
14582,Dominica,2020-06-02,0,Deaths,0.0,0.0
14583,Dominica,2020-06-03,0,Deaths,0.0,0.0
14584,Dominica,2020-06-04,0,Deaths,0.0,0.0
14585,Dominica,2020-06-05,0,Deaths,0.0,0.0
14586,Dominica,2020-06-06,0,Deaths,0.0,0.0
14587,Dominica,2020-06-07,0,Deaths,0.0,0.0
14588,Dominica,2020-06-08,0,Deaths,0.0,0.0
14589,Dominica,2020-06-09,0,Deaths,0.0,0.0
14590,Dominica,2020-06-10,0,Deaths,0.0,0.0
14591,Dominica,2020-06-11,0,Deaths,0.0,0.0
14592,Dominica,2020-06-12,0,Deaths,0.0,0.0
14593,Dominica,2020-06-13,0,Deaths,0.0,0.0
14594,Dominica,2020-06-14,0,Deaths,0.0,0.0
14595,Dominica,2020-06-15,0,Deaths,0.0,0.0
14596,Dominica,2020-06-16,0,Deaths,0.0,0.0
14597,Dominica,2020-06-17,0,Deaths,0.0,0.0
14598,Dominica,2020-06-18,0,Deaths,0.0,0.0
14599,Dominica,2020-06-19,0,Deaths,0.0,0.0
14600,Dominica,2020-06-20,0,Deaths,0.0,0.0
14601,Dominica,2020-06-21,0,Deaths,0.0,0.0
14602,Dominica,2020-06-22,0,Deaths,0.0,0.0
14603,Dominica,2020-06-23,0,Deaths,0.0,0.0
14604,Dominica,2020-06-24,0,Deaths,0.0,0.0
14605,Dominica,2020-06-25,0,Deaths,0.0,0.0
14606,Dominica,2020-06-26,0,Deaths,0.0,0.0
14607,Dominica,2020-06-27,0,Deaths,0.0,0.0
14608,Dominica,2020-06-28,0,Deaths,0.0,0.0
14609,Dominica,2020-06-29,0,Deaths,0.0,0.0
14610,Dominica,2020-06-30,0,Deaths,0.0,0.0
14611,Dominica,2020-07-01,0,Deaths,0.0,0.0
14612,Dominica,2020-07-02,0,Deaths,0.0,0.0
14613,Dominica,2020-07-03,0,Deaths,0.0,0.0
14614,Dominica,2020-07-04,0,Deaths,0.0,0.0
14615,Dominica,2020-07-05,0,Deaths,0.0,0.0
14616,Dominica,2020-07-06,0,Deaths,0.0,0.0
14617,Dominica,2020-07-07,0,Deaths,0.0,0.0
14618,Dominica,2020-07-08,0,Deaths,0.0,0.0
14619,Dominica,2020-07-09,0,Deaths,0.0,0.0
14620,Dominica,2020-07-10,0,Deaths,0.0,0.0
14621,Dominica,2020-07-11,0,Deaths,0.0,0.0
14622,Dominica,2020-07-12,0,Deaths,0.0,0.0
14623,Dominica,2020-07-13,0,Deaths,0.0,0.0
14624,Dominica,2020-07-14,0,Deaths,0.0,0.0
14625,Dominica,2020-07-15,0,Deaths,0.0,0.0
14626,Dominica,2020-07-16,0,Deaths,0.0,0.0
14627,Dominica,2020-07-17,0,Deaths,0.0,0.0
14628,Dominica,2020-07-18,0,Deaths,0.0,0.0
14629,Dominica,2020-07-19,0,Deaths,0.0,0.0
14630,Dominica,2020-07-20,0,Deaths,0.0,0.0
14631,Dominica,2020-07-21,0,Deaths,0.0,0.0
14632,Dominica,2020-07-22,0,Deaths,0.0,0.0
14633,Dominica,2020-07-23,0,Deaths,0.0,0.0
14634,Dominica,2020-07-24,0,Deaths,0.0,0.0
14635,Dominica,2020-07-25,0,Deaths,0.0,0.0
14636,Dominica,2020-07-26,0,Deaths,0.0,0.0
14637,Dominica,2020-07-27,0,Deaths,0.0,0.0
14638,Dominica,2020-07-28,0,Deaths,0.0,0.0
14639,Dominica,2020-07-29,0,Deaths,0.0,0.0
14640,Dominica,2020-07-30,0,Deaths,0.0,0.0
14641,Dominica,2020-07-31,0,Deaths,0.0,0.0
14642,Dominica,2020-08-01,0,Deaths,0.0,0.0
14643,Dominica,2020-08-02,0,Deaths,0.0,0.0
14644,Dominica,2020-08-03,0,Deaths,0.0,0.0
14645,Dominica,2020-08-04,0,Deaths,0.0,0.0
14646,Dominica,2020-08-05,0,Deaths,0.0,0.0
14647,Dominica,2020-08-06,0,Deaths,0.0,0.0
14648,Dominica,2020-08-07,0,Deaths,0.0,0.0
14649,Dominica,2020-08-08,0,Deaths,0.0,0.0
14650,Dominica,2020-08-09,0,Deaths,0.0,0.0
14651,Dominica,2020-08-10,0,Deaths,0.0,0.0
14652,Dominica,2020-08-11,0,Deaths,0.0,0.0
14653,Dominica,2020-08-12,0,Deaths,0.0,0.0
14654,Dominica,2020-08-13,0,Deaths,0.0,0.0
14655,Dominica,2020-08-14,0,Deaths,0.0,0.0
14656,Dominica,2020-08-15,0,Deaths,0.0,0.0
14657,Dominica,2020-08-16,0,Deaths,0.0,0.0
14658,Dominica,2020-08-17,0,Deaths,0.0,0.0
14659,Dominica,2020-08-18,0,Deaths,0.0,0.0
14660,Dominica,2020-08-19,0,Deaths,0.0,0.0
14661,Dominica,2020-08-20,0,Deaths,0.0,0.0
14662,Dominica,2020-08-21,0,Deaths,0.0,0.0
14663,Dominica,2020-08-22,0,Deaths,0.0,0.0
14664,Dominica,2020-08-23,0,Deaths,0.0,0.0
14665,Dominica,2020-08-24,0,Deaths,0.0,0.0
14666,Dominica,2020-08-25,0,Deaths,0.0,0.0
14667,Dominica,2020-08-26,0,Deaths,0.0,0.0
14668,Dominica,2020-08-27,0,Deaths,0.0,0.0
14669,Dominica,2020-08-28,0,Deaths,0.0,0.0
14670,Dominica,2020-08-29,0,Deaths,0.0,0.0
14671,Dominica,2020-08-30,0,Deaths,0.0,0.0
14672,Dominica,2020-08-31,0,Deaths,0.0,0.0
14673,Dominica,2020-09-01,0,Deaths,0.0,0.0
14674,Dominica,2020-09-02,0,Deaths,0.0,0.0
14675,Dominica,2020-09-03,0,Deaths,0.0,0.0
14676,Dominica,2020-09-04,0,Deaths,0.0,0.0
14677,Dominica,2020-09-05,0,Deaths,0.0,0.0
14678,Dominica,2020-09-06,0,Deaths,0.0,0.0
14679,Dominica,2020-09-07,0,Deaths,0.0,0.0
14680,Dominica,2020-09-08,0,Deaths,0.0,0.0
14681,Dominica,2020-09-09,0,Deaths,0.0,0.0
14682,Dominica,2020-09-10,0,Deaths,0.0,0.0
14683,Dominica,2020-09-11,0,Deaths,0.0,0.0
14684,Dominica,2020-09-12,0,Deaths,0.0,0.0
14685,Dominica,2020-09-13,0,Deaths,0.0,0.0
14686,Dominica,2020-09-14,0,Deaths,0.0,0.0
14687,Dominica,2020-09-15,0,Deaths,0.0,0.0
14688,Dominica,2020-09-16,0,Deaths,0.0,0.0
14689,Dominica,2020-09-17,0,Deaths,0.0,0.0
14690,Dominica,2020-09-18,0,Deaths,0.0,0.0
14691,Dominica,2020-09-19,0,Deaths,0.0,0.0
14692,Dominica,2020-09-20,0,Deaths,0.0,0.0
14693,Dominica,2020-09-21,0,Deaths,0.0,0.0
14694,Dominica,2020-09-22,0,Deaths,0.0,0.0
14695,Dominica,2020-09-23,0,Deaths,0.0,0.0
14696,Dominica,2020-09-24,0,Deaths,0.0,0.0
14697,Dominica,2020-09-25,0,Deaths,0.0,0.0
14698,Dominica,2020-09-26,0,Deaths,0.0,0.0
14699,Dominica,2020-09-27,0,Deaths,0.0,0.0
14700,Dominica,2020-09-28,0,Deaths,0.0,0.0
14701,Dominica,2020-09-29,0,Deaths,0.0,0.0
14702,Dominica,2020-09-30,0,Deaths,0.0,0.0
14703,Dominica,2020-10-01,0,Deaths,0.0,0.0
14704,Dominica,2020-10-02,0,Deaths,0.0,0.0
14705,Dominica,2020-10-03,0,Deaths,0.0,0.0
14706,Dominica,2020-10-04,0,Deaths,0.0,0.0
14707,Dominica,2020-10-05,0,Deaths,0.0,0.0
14708,Dominica,2020-10-06,0,Deaths,0.0,0.0
14709,Dominica,2020-10-07,0,Deaths,0.0,0.0
14710,Dominica,2020-10-08,0,Deaths,0.0,0.0
14711,Dominica,2020-10-09,0,Deaths,0.0,0.0
14712,Dominica,2020-10-10,0,Deaths,0.0,0.0
14713,Dominica,2020-10-11,0,Deaths,0.0,0.0
14714,Dominica,2020-10-12,0,Deaths,0.0,0.0
14715,Dominica,2020-10-13,0,Deaths,0.0,0.0
14716,Dominica,2020-10-14,0,Deaths,0.0,0.0
14717,Dominica,2020-10-15,0,Deaths,0.0,0.0
14718,Dominica,2020-10-16,0,Deaths,0.0,0.0
14719,Dominica,2020-10-17,0,Deaths,0.0,0.0
14720,Dominica,2020-10-18,0,Deaths,0.0,0.0
14721,Dominica,2020-10-19,0,Deaths,0.0,0.0
14722,Dominica,2020-10-20,0,Deaths,0.0,0.0
14723,Dominica,2020-10-21,0,Deaths,0.0,0.0
14724,Dominica,2020-10-22,0,Deaths,0.0,0.0
14725,Dominica,2020-10-23,0,Deaths,0.0,0.0
14726,Dominica,2020-10-24,0,Deaths,0.0,0.0
14727,Dominica,2020-10-25,0,Deaths,0.0,0.0
14728,Dominica,2020-10-26,0,Deaths,0.0,0.0
14729,Dominica,2020-10-27,0,Deaths,0.0,0.0
14730,Dominica,2020-10-28,0,Deaths,0.0,0.0
14731,Dominica,2020-10-29,0,Deaths,0.0,0.0
14732,Dominica,2020-10-30,0,Deaths,0.0,0.0
14733,Dominica,2020-10-31,0,Deaths,0.0,0.0
14734,Dominica,2020-11-01,0,Deaths,0.0,0.0
14735,Dominica,2020-11-02,0,Deaths,0.0,0.0
14736,Dominica,2020-11-03,0,Deaths,0.0,0.0
14737,Dominica,2020-11-04,0,Deaths,0.0,0.0
14738,Dominica,2020-11-05,0,Deaths,0.0,0.0
14739,Dominican Republic,2020-01-22,0,Deaths,,
14740,Dominican Republic,2020-01-23,0,Deaths,0.0,
14741,Dominican Republic,2020-01-24,0,Deaths,0.0,
14742,Dominican Republic,2020-01-25,0,Deaths,0.0,
14743,Dominican Republic,2020-01-26,0,Deaths,0.0,
14744,Dominican Republic,2020-01-27,0,Deaths,0.0,
14745,Dominican Republic,2020-01-28,0,Deaths,0.0,
14746,Dominican Republic,2020-01-29,0,Deaths,0.0,0.0
14747,Dominican Republic,2020-01-30,0,Deaths,0.0,0.0
14748,Dominican Republic,2020-01-31,0,Deaths,0.0,0.0
14749,Dominican Republic,2020-02-01,0,Deaths,0.0,0.0
14750,Dominican Republic,2020-02-02,0,Deaths,0.0,0.0
14751,Dominican Republic,2020-02-03,0,Deaths,0.0,0.0
14752,Dominican Republic,2020-02-04,0,Deaths,0.0,0.0
14753,Dominican Republic,2020-02-05,0,Deaths,0.0,0.0
14754,Dominican Republic,2020-02-06,0,Deaths,0.0,0.0
14755,Dominican Republic,2020-02-07,0,Deaths,0.0,0.0
14756,Dominican Republic,2020-02-08,0,Deaths,0.0,0.0
14757,Dominican Republic,2020-02-09,0,Deaths,0.0,0.0
14758,Dominican Republic,2020-02-10,0,Deaths,0.0,0.0
14759,Dominican Republic,2020-02-11,0,Deaths,0.0,0.0
14760,Dominican Republic,2020-02-12,0,Deaths,0.0,0.0
14761,Dominican Republic,2020-02-13,0,Deaths,0.0,0.0
14762,Dominican Republic,2020-02-14,0,Deaths,0.0,0.0
14763,Dominican Republic,2020-02-15,0,Deaths,0.0,0.0
14764,Dominican Republic,2020-02-16,0,Deaths,0.0,0.0
14765,Dominican Republic,2020-02-17,0,Deaths,0.0,0.0
14766,Dominican Republic,2020-02-18,0,Deaths,0.0,0.0
14767,Dominican Republic,2020-02-19,0,Deaths,0.0,0.0
14768,Dominican Republic,2020-02-20,0,Deaths,0.0,0.0
14769,Dominican Republic,2020-02-21,0,Deaths,0.0,0.0
14770,Dominican Republic,2020-02-22,0,Deaths,0.0,0.0
14771,Dominican Republic,2020-02-23,0,Deaths,0.0,0.0
14772,Dominican Republic,2020-02-24,0,Deaths,0.0,0.0
14773,Dominican Republic,2020-02-25,0,Deaths,0.0,0.0
14774,Dominican Republic,2020-02-26,0,Deaths,0.0,0.0
14775,Dominican Republic,2020-02-27,0,Deaths,0.0,0.0
14776,Dominican Republic,2020-02-28,0,Deaths,0.0,0.0
14777,Dominican Republic,2020-02-29,0,Deaths,0.0,0.0
14778,Dominican Republic,2020-03-01,0,Deaths,0.0,0.0
14779,Dominican Republic,2020-03-02,0,Deaths,0.0,0.0
14780,Dominican Republic,2020-03-03,0,Deaths,0.0,0.0
14781,Dominican Republic,2020-03-04,0,Deaths,0.0,0.0
14782,Dominican Republic,2020-03-05,0,Deaths,0.0,0.0
14783,Dominican Republic,2020-03-06,0,Deaths,0.0,0.0
14784,Dominican Republic,2020-03-07,0,Deaths,0.0,0.0
14785,Dominican Republic,2020-03-08,0,Deaths,0.0,0.0
14786,Dominican Republic,2020-03-09,0,Deaths,0.0,0.0
14787,Dominican Republic,2020-03-10,0,Deaths,0.0,0.0
14788,Dominican Republic,2020-03-11,0,Deaths,0.0,0.0
14789,Dominican Republic,2020-03-12,0,Deaths,0.0,0.0
14790,Dominican Republic,2020-03-13,0,Deaths,0.0,0.0
14791,Dominican Republic,2020-03-14,0,Deaths,0.0,0.0
14792,Dominican Republic,2020-03-15,0,Deaths,0.0,0.0
14793,Dominican Republic,2020-03-16,0,Deaths,0.0,0.0
14794,Dominican Republic,2020-03-17,1,Deaths,1.0,1.0
14795,Dominican Republic,2020-03-18,1,Deaths,0.0,1.0
14796,Dominican Republic,2020-03-19,2,Deaths,1.0,2.0
14797,Dominican Republic,2020-03-20,2,Deaths,0.0,2.0
14798,Dominican Republic,2020-03-21,2,Deaths,0.0,2.0
14799,Dominican Republic,2020-03-22,3,Deaths,1.0,3.0
14800,Dominican Republic,2020-03-23,3,Deaths,0.0,3.0
14801,Dominican Republic,2020-03-24,6,Deaths,3.0,5.0
14802,Dominican Republic,2020-03-25,10,Deaths,4.0,9.0
14803,Dominican Republic,2020-03-26,10,Deaths,0.0,8.0
14804,Dominican Republic,2020-03-27,20,Deaths,10.0,18.0
14805,Dominican Republic,2020-03-28,28,Deaths,8.0,26.0
14806,Dominican Republic,2020-03-29,39,Deaths,11.0,36.0
14807,Dominican Republic,2020-03-30,42,Deaths,3.0,39.0
14808,Dominican Republic,2020-03-31,51,Deaths,9.0,45.0
14809,Dominican Republic,2020-04-01,57,Deaths,6.0,47.0
14810,Dominican Republic,2020-04-02,60,Deaths,3.0,50.0
14811,Dominican Republic,2020-04-03,68,Deaths,8.0,48.0
14812,Dominican Republic,2020-04-04,68,Deaths,0.0,40.0
14813,Dominican Republic,2020-04-05,82,Deaths,14.0,43.0
14814,Dominican Republic,2020-04-06,86,Deaths,4.0,44.0
14815,Dominican Republic,2020-04-07,98,Deaths,12.0,47.0
14816,Dominican Republic,2020-04-08,108,Deaths,10.0,51.0
14817,Dominican Republic,2020-04-09,118,Deaths,10.0,58.0
14818,Dominican Republic,2020-04-10,126,Deaths,8.0,58.0
14819,Dominican Republic,2020-04-11,135,Deaths,9.0,67.0
14820,Dominican Republic,2020-04-12,173,Deaths,38.0,91.0
14821,Dominican Republic,2020-04-13,177,Deaths,4.0,91.0
14822,Dominican Republic,2020-04-14,183,Deaths,6.0,85.0
14823,Dominican Republic,2020-04-15,189,Deaths,6.0,81.0
14824,Dominican Republic,2020-04-16,196,Deaths,7.0,78.0
14825,Dominican Republic,2020-04-17,200,Deaths,4.0,74.0
14826,Dominican Republic,2020-04-18,217,Deaths,17.0,82.0
14827,Dominican Republic,2020-04-19,226,Deaths,9.0,53.0
14828,Dominican Republic,2020-04-20,235,Deaths,9.0,58.0
14829,Dominican Republic,2020-04-21,245,Deaths,10.0,62.0
14830,Dominican Republic,2020-04-22,260,Deaths,15.0,71.0
14831,Dominican Republic,2020-04-23,265,Deaths,5.0,69.0
14832,Dominican Republic,2020-04-24,267,Deaths,2.0,67.0
14833,Dominican Republic,2020-04-25,273,Deaths,6.0,56.0
14834,Dominican Republic,2020-04-26,278,Deaths,5.0,52.0
14835,Dominican Republic,2020-04-27,282,Deaths,4.0,47.0
14836,Dominican Republic,2020-04-28,286,Deaths,4.0,41.0
14837,Dominican Republic,2020-04-29,293,Deaths,7.0,33.0
14838,Dominican Republic,2020-04-30,301,Deaths,8.0,36.0
14839,Dominican Republic,2020-05-01,313,Deaths,12.0,46.0
14840,Dominican Republic,2020-05-02,326,Deaths,13.0,53.0
14841,Dominican Republic,2020-05-03,333,Deaths,7.0,55.0
14842,Dominican Republic,2020-05-04,346,Deaths,13.0,64.0
14843,Dominican Republic,2020-05-05,354,Deaths,8.0,68.0
14844,Dominican Republic,2020-05-06,362,Deaths,8.0,69.0
14845,Dominican Republic,2020-05-07,373,Deaths,11.0,72.0
14846,Dominican Republic,2020-05-08,380,Deaths,7.0,67.0
14847,Dominican Republic,2020-05-09,385,Deaths,5.0,59.0
14848,Dominican Republic,2020-05-10,388,Deaths,3.0,55.0
14849,Dominican Republic,2020-05-11,393,Deaths,5.0,47.0
14850,Dominican Republic,2020-05-12,402,Deaths,9.0,48.0
14851,Dominican Republic,2020-05-13,409,Deaths,7.0,47.0
14852,Dominican Republic,2020-05-14,422,Deaths,13.0,49.0
14853,Dominican Republic,2020-05-15,424,Deaths,2.0,44.0
14854,Dominican Republic,2020-05-16,428,Deaths,4.0,43.0
14855,Dominican Republic,2020-05-17,428,Deaths,0.0,40.0
14856,Dominican Republic,2020-05-18,434,Deaths,6.0,41.0
14857,Dominican Republic,2020-05-19,441,Deaths,7.0,39.0
14858,Dominican Republic,2020-05-20,446,Deaths,5.0,37.0
14859,Dominican Republic,2020-05-21,448,Deaths,2.0,26.0
14860,Dominican Republic,2020-05-22,456,Deaths,8.0,32.0
14861,Dominican Republic,2020-05-23,458,Deaths,2.0,30.0
14862,Dominican Republic,2020-05-24,458,Deaths,0.0,30.0
14863,Dominican Republic,2020-05-25,460,Deaths,2.0,26.0
14864,Dominican Republic,2020-05-26,468,Deaths,8.0,27.0
14865,Dominican Republic,2020-05-27,474,Deaths,6.0,28.0
14866,Dominican Republic,2020-05-28,485,Deaths,11.0,37.0
14867,Dominican Republic,2020-05-29,488,Deaths,3.0,32.0
14868,Dominican Republic,2020-05-30,498,Deaths,10.0,40.0
14869,Dominican Republic,2020-05-31,502,Deaths,4.0,44.0
14870,Dominican Republic,2020-06-01,502,Deaths,0.0,42.0
14871,Dominican Republic,2020-06-02,515,Deaths,13.0,47.0
14872,Dominican Republic,2020-06-03,516,Deaths,1.0,42.0
14873,Dominican Republic,2020-06-04,520,Deaths,4.0,35.0
14874,Dominican Republic,2020-06-05,525,Deaths,5.0,37.0
14875,Dominican Republic,2020-06-06,536,Deaths,11.0,38.0
14876,Dominican Republic,2020-06-07,538,Deaths,2.0,36.0
14877,Dominican Republic,2020-06-08,539,Deaths,1.0,37.0
14878,Dominican Republic,2020-06-09,544,Deaths,5.0,29.0
14879,Dominican Republic,2020-06-10,550,Deaths,6.0,34.0
14880,Dominican Republic,2020-06-11,561,Deaths,11.0,41.0
14881,Dominican Republic,2020-06-12,568,Deaths,7.0,43.0
14882,Dominican Republic,2020-06-13,577,Deaths,9.0,41.0
14883,Dominican Republic,2020-06-14,592,Deaths,15.0,54.0
14884,Dominican Republic,2020-06-15,605,Deaths,13.0,66.0
14885,Dominican Republic,2020-06-16,615,Deaths,10.0,71.0
14886,Dominican Republic,2020-06-17,633,Deaths,18.0,83.0
14887,Dominican Republic,2020-06-18,635,Deaths,2.0,74.0
14888,Dominican Republic,2020-06-19,647,Deaths,12.0,79.0
14889,Dominican Republic,2020-06-20,655,Deaths,8.0,78.0
14890,Dominican Republic,2020-06-21,662,Deaths,7.0,70.0
14891,Dominican Republic,2020-06-22,669,Deaths,7.0,64.0
14892,Dominican Republic,2020-06-23,675,Deaths,6.0,60.0
14893,Dominican Republic,2020-06-24,691,Deaths,16.0,58.0
14894,Dominican Republic,2020-06-25,698,Deaths,7.0,63.0
14895,Dominican Republic,2020-06-26,712,Deaths,14.0,65.0
14896,Dominican Republic,2020-06-27,718,Deaths,6.0,63.0
14897,Dominican Republic,2020-06-28,726,Deaths,8.0,64.0
14898,Dominican Republic,2020-06-29,733,Deaths,7.0,64.0
14899,Dominican Republic,2020-06-30,747,Deaths,14.0,72.0
14900,Dominican Republic,2020-07-01,754,Deaths,7.0,63.0
14901,Dominican Republic,2020-07-02,765,Deaths,11.0,67.0
14902,Dominican Republic,2020-07-03,775,Deaths,10.0,63.0
14903,Dominican Republic,2020-07-04,786,Deaths,11.0,68.0
14904,Dominican Republic,2020-07-05,794,Deaths,8.0,68.0
14905,Dominican Republic,2020-07-06,804,Deaths,10.0,71.0
14906,Dominican Republic,2020-07-07,821,Deaths,17.0,74.0
14907,Dominican Republic,2020-07-08,829,Deaths,8.0,75.0
14908,Dominican Republic,2020-07-09,842,Deaths,13.0,77.0
14909,Dominican Republic,2020-07-10,864,Deaths,22.0,89.0
14910,Dominican Republic,2020-07-11,880,Deaths,16.0,94.0
14911,Dominican Republic,2020-07-12,897,Deaths,17.0,103.0
14912,Dominican Republic,2020-07-13,903,Deaths,6.0,99.0
14913,Dominican Republic,2020-07-14,910,Deaths,7.0,89.0
14914,Dominican Republic,2020-07-15,929,Deaths,19.0,100.0
14915,Dominican Republic,2020-07-16,941,Deaths,12.0,99.0
14916,Dominican Republic,2020-07-17,942,Deaths,1.0,78.0
14917,Dominican Republic,2020-07-18,971,Deaths,29.0,91.0
14918,Dominican Republic,2020-07-19,981,Deaths,10.0,84.0
14919,Dominican Republic,2020-07-20,993,Deaths,12.0,90.0
14920,Dominican Republic,2020-07-21,999,Deaths,6.0,89.0
14921,Dominican Republic,2020-07-22,1005,Deaths,6.0,76.0
14922,Dominican Republic,2020-07-23,1006,Deaths,1.0,65.0
14923,Dominican Republic,2020-07-24,1036,Deaths,30.0,94.0
14924,Dominican Republic,2020-07-25,1055,Deaths,19.0,84.0
14925,Dominican Republic,2020-07-26,1063,Deaths,8.0,82.0
14926,Dominican Republic,2020-07-27,1083,Deaths,20.0,90.0
14927,Dominican Republic,2020-07-28,1101,Deaths,18.0,102.0
14928,Dominican Republic,2020-07-29,1123,Deaths,22.0,118.0
14929,Dominican Republic,2020-07-30,1146,Deaths,23.0,140.0
14930,Dominican Republic,2020-07-31,1160,Deaths,14.0,124.0
14931,Dominican Republic,2020-08-01,1170,Deaths,10.0,115.0
14932,Dominican Republic,2020-08-02,1178,Deaths,8.0,115.0
14933,Dominican Republic,2020-08-03,1183,Deaths,5.0,100.0
14934,Dominican Republic,2020-08-04,1213,Deaths,30.0,112.0
14935,Dominican Republic,2020-08-05,1222,Deaths,9.0,99.0
14936,Dominican Republic,2020-08-06,1246,Deaths,24.0,100.0
14937,Dominican Republic,2020-08-07,1259,Deaths,13.0,99.0
14938,Dominican Republic,2020-08-08,1289,Deaths,30.0,119.0
14939,Dominican Republic,2020-08-09,1309,Deaths,20.0,131.0
14940,Dominican Republic,2020-08-10,1328,Deaths,19.0,145.0
14941,Dominican Republic,2020-08-11,1346,Deaths,18.0,133.0
14942,Dominican Republic,2020-08-12,1371,Deaths,25.0,149.0
14943,Dominican Republic,2020-08-13,1393,Deaths,22.0,147.0
14944,Dominican Republic,2020-08-14,1409,Deaths,16.0,150.0
14945,Dominican Republic,2020-08-15,1438,Deaths,29.0,149.0
14946,Dominican Republic,2020-08-16,1453,Deaths,15.0,144.0
14947,Dominican Republic,2020-08-17,1481,Deaths,28.0,153.0
14948,Dominican Republic,2020-08-18,1489,Deaths,8.0,143.0
14949,Dominican Republic,2020-08-19,1501,Deaths,12.0,130.0
14950,Dominican Republic,2020-08-20,1505,Deaths,4.0,112.0
14951,Dominican Republic,2020-08-21,1533,Deaths,28.0,124.0
14952,Dominican Republic,2020-08-22,1554,Deaths,21.0,116.0
14953,Dominican Republic,2020-08-23,1567,Deaths,13.0,114.0
14954,Dominican Republic,2020-08-24,1573,Deaths,6.0,92.0
14955,Dominican Republic,2020-08-25,1585,Deaths,12.0,96.0
14956,Dominican Republic,2020-08-26,1613,Deaths,28.0,112.0
14957,Dominican Republic,2020-08-27,1630,Deaths,17.0,125.0
14958,Dominican Republic,2020-08-28,1648,Deaths,18.0,115.0
14959,Dominican Republic,2020-08-29,1673,Deaths,25.0,119.0
14960,Dominican Republic,2020-08-30,1681,Deaths,8.0,114.0
14961,Dominican Republic,2020-08-31,1710,Deaths,29.0,137.0
14962,Dominican Republic,2020-09-01,1738,Deaths,28.0,153.0
14963,Dominican Republic,2020-09-02,1765,Deaths,27.0,152.0
14964,Dominican Republic,2020-09-03,1801,Deaths,36.0,171.0
14965,Dominican Republic,2020-09-04,1801,Deaths,0.0,153.0
14966,Dominican Republic,2020-09-05,1840,Deaths,39.0,167.0
14967,Dominican Republic,2020-09-06,1845,Deaths,5.0,164.0
14968,Dominican Republic,2020-09-07,1864,Deaths,19.0,154.0
14969,Dominican Republic,2020-09-08,1889,Deaths,25.0,151.0
14970,Dominican Republic,2020-09-09,1914,Deaths,25.0,149.0
14971,Dominican Republic,2020-09-10,1926,Deaths,12.0,125.0
14972,Dominican Republic,2020-09-11,1941,Deaths,15.0,140.0
14973,Dominican Republic,2020-09-12,1953,Deaths,12.0,113.0
14974,Dominican Republic,2020-09-13,1968,Deaths,15.0,123.0
14975,Dominican Republic,2020-09-14,1984,Deaths,16.0,120.0
14976,Dominican Republic,2020-09-15,1998,Deaths,14.0,109.0
14977,Dominican Republic,2020-09-16,2009,Deaths,11.0,95.0
14978,Dominican Republic,2020-09-17,2022,Deaths,13.0,96.0
14979,Dominican Republic,2020-09-18,2034,Deaths,12.0,93.0
14980,Dominican Republic,2020-09-19,2044,Deaths,10.0,91.0
14981,Dominican Republic,2020-09-20,2047,Deaths,3.0,79.0
14982,Dominican Republic,2020-09-21,2054,Deaths,7.0,70.0
14983,Dominican Republic,2020-09-22,2064,Deaths,10.0,66.0
14984,Dominican Republic,2020-09-23,2074,Deaths,10.0,65.0
14985,Dominican Republic,2020-09-24,2076,Deaths,2.0,54.0
14986,Dominican Republic,2020-09-25,2087,Deaths,11.0,53.0
14987,Dominican Republic,2020-09-26,2093,Deaths,6.0,49.0
14988,Dominican Republic,2020-09-27,2095,Deaths,2.0,48.0
14989,Dominican Republic,2020-09-28,2098,Deaths,3.0,44.0
14990,Dominican Republic,2020-09-29,2101,Deaths,3.0,37.0
14991,Dominican Republic,2020-09-30,2105,Deaths,4.0,31.0
14992,Dominican Republic,2020-10-01,2108,Deaths,3.0,32.0
14993,Dominican Republic,2020-10-02,2117,Deaths,9.0,30.0
14994,Dominican Republic,2020-10-03,2128,Deaths,11.0,35.0
14995,Dominican Republic,2020-10-04,2134,Deaths,6.0,39.0
14996,Dominican Republic,2020-10-05,2144,Deaths,10.0,46.0
14997,Dominican Republic,2020-10-06,2149,Deaths,5.0,48.0
14998,Dominican Republic,2020-10-07,2159,Deaths,10.0,54.0
14999,Dominican Republic,2020-10-08,2163,Deaths,4.0,55.0
15000,Dominican Republic,2020-10-09,2165,Deaths,2.0,48.0
15001,Dominican Republic,2020-10-10,2167,Deaths,2.0,39.0
15002,Dominican Republic,2020-10-11,2173,Deaths,6.0,39.0
15003,Dominican Republic,2020-10-12,2179,Deaths,6.0,35.0
15004,Dominican Republic,2020-10-13,2183,Deaths,4.0,34.0
15005,Dominican Republic,2020-10-14,2186,Deaths,3.0,27.0
15006,Dominican Republic,2020-10-15,2189,Deaths,3.0,26.0
15007,Dominican Republic,2020-10-16,2192,Deaths,3.0,27.0
15008,Dominican Republic,2020-10-17,2195,Deaths,3.0,28.0
15009,Dominican Republic,2020-10-18,2199,Deaths,4.0,26.0
15010,Dominican Republic,2020-10-19,2203,Deaths,4.0,24.0
15011,Dominican Republic,2020-10-20,2204,Deaths,1.0,21.0
15012,Dominican Republic,2020-10-21,2206,Deaths,2.0,20.0
15013,Dominican Republic,2020-10-22,2212,Deaths,6.0,23.0
15014,Dominican Republic,2020-10-23,2212,Deaths,0.0,20.0
15015,Dominican Republic,2020-10-24,2220,Deaths,8.0,25.0
15016,Dominican Republic,2020-10-25,2223,Deaths,3.0,24.0
15017,Dominican Republic,2020-10-26,2225,Deaths,2.0,22.0
15018,Dominican Republic,2020-10-27,2226,Deaths,1.0,22.0
15019,Dominican Republic,2020-10-28,2232,Deaths,6.0,26.0
15020,Dominican Republic,2020-10-29,2234,Deaths,2.0,22.0
15021,Dominican Republic,2020-10-30,2236,Deaths,2.0,24.0
15022,Dominican Republic,2020-10-31,2245,Deaths,9.0,25.0
15023,Dominican Republic,2020-11-01,2249,Deaths,4.0,26.0
15024,Dominican Republic,2020-11-02,2250,Deaths,1.0,25.0
15025,Dominican Republic,2020-11-03,2252,Deaths,2.0,26.0
15026,Dominican Republic,2020-11-04,2257,Deaths,5.0,25.0
15027,Dominican Republic,2020-11-05,2260,Deaths,3.0,26.0
15028,Ecuador,2020-01-22,0,Deaths,,
15029,Ecuador,2020-01-23,0,Deaths,0.0,
15030,Ecuador,2020-01-24,0,Deaths,0.0,
15031,Ecuador,2020-01-25,0,Deaths,0.0,
15032,Ecuador,2020-01-26,0,Deaths,0.0,
15033,Ecuador,2020-01-27,0,Deaths,0.0,
15034,Ecuador,2020-01-28,0,Deaths,0.0,
15035,Ecuador,2020-01-29,0,Deaths,0.0,0.0
15036,Ecuador,2020-01-30,0,Deaths,0.0,0.0
15037,Ecuador,2020-01-31,0,Deaths,0.0,0.0
15038,Ecuador,2020-02-01,0,Deaths,0.0,0.0
15039,Ecuador,2020-02-02,0,Deaths,0.0,0.0
15040,Ecuador,2020-02-03,0,Deaths,0.0,0.0
15041,Ecuador,2020-02-04,0,Deaths,0.0,0.0
15042,Ecuador,2020-02-05,0,Deaths,0.0,0.0
15043,Ecuador,2020-02-06,0,Deaths,0.0,0.0
15044,Ecuador,2020-02-07,0,Deaths,0.0,0.0
15045,Ecuador,2020-02-08,0,Deaths,0.0,0.0
15046,Ecuador,2020-02-09,0,Deaths,0.0,0.0
15047,Ecuador,2020-02-10,0,Deaths,0.0,0.0
15048,Ecuador,2020-02-11,0,Deaths,0.0,0.0
15049,Ecuador,2020-02-12,0,Deaths,0.0,0.0
15050,Ecuador,2020-02-13,0,Deaths,0.0,0.0
15051,Ecuador,2020-02-14,0,Deaths,0.0,0.0
15052,Ecuador,2020-02-15,0,Deaths,0.0,0.0
15053,Ecuador,2020-02-16,0,Deaths,0.0,0.0
15054,Ecuador,2020-02-17,0,Deaths,0.0,0.0
15055,Ecuador,2020-02-18,0,Deaths,0.0,0.0
15056,Ecuador,2020-02-19,0,Deaths,0.0,0.0
15057,Ecuador,2020-02-20,0,Deaths,0.0,0.0
15058,Ecuador,2020-02-21,0,Deaths,0.0,0.0
15059,Ecuador,2020-02-22,0,Deaths,0.0,0.0
15060,Ecuador,2020-02-23,0,Deaths,0.0,0.0
15061,Ecuador,2020-02-24,0,Deaths,0.0,0.0
15062,Ecuador,2020-02-25,0,Deaths,0.0,0.0
15063,Ecuador,2020-02-26,0,Deaths,0.0,0.0
15064,Ecuador,2020-02-27,0,Deaths,0.0,0.0
15065,Ecuador,2020-02-28,0,Deaths,0.0,0.0
15066,Ecuador,2020-02-29,0,Deaths,0.0,0.0
15067,Ecuador,2020-03-01,0,Deaths,0.0,0.0
15068,Ecuador,2020-03-02,0,Deaths,0.0,0.0
15069,Ecuador,2020-03-03,0,Deaths,0.0,0.0
15070,Ecuador,2020-03-04,0,Deaths,0.0,0.0
15071,Ecuador,2020-03-05,0,Deaths,0.0,0.0
15072,Ecuador,2020-03-06,0,Deaths,0.0,0.0
15073,Ecuador,2020-03-07,0,Deaths,0.0,0.0
15074,Ecuador,2020-03-08,0,Deaths,0.0,0.0
15075,Ecuador,2020-03-09,0,Deaths,0.0,0.0
15076,Ecuador,2020-03-10,0,Deaths,0.0,0.0
15077,Ecuador,2020-03-11,0,Deaths,0.0,0.0
15078,Ecuador,2020-03-12,0,Deaths,0.0,0.0
15079,Ecuador,2020-03-13,0,Deaths,0.0,0.0
15080,Ecuador,2020-03-14,2,Deaths,2.0,2.0
15081,Ecuador,2020-03-15,2,Deaths,0.0,2.0
15082,Ecuador,2020-03-16,2,Deaths,0.0,2.0
15083,Ecuador,2020-03-17,2,Deaths,0.0,2.0
15084,Ecuador,2020-03-18,2,Deaths,0.0,2.0
15085,Ecuador,2020-03-19,3,Deaths,1.0,3.0
15086,Ecuador,2020-03-20,5,Deaths,2.0,5.0
15087,Ecuador,2020-03-21,7,Deaths,2.0,5.0
15088,Ecuador,2020-03-22,14,Deaths,7.0,12.0
15089,Ecuador,2020-03-23,18,Deaths,4.0,16.0
15090,Ecuador,2020-03-24,27,Deaths,9.0,25.0
15091,Ecuador,2020-03-25,28,Deaths,1.0,26.0
15092,Ecuador,2020-03-26,34,Deaths,6.0,31.0
15093,Ecuador,2020-03-27,36,Deaths,2.0,31.0
15094,Ecuador,2020-03-28,48,Deaths,12.0,41.0
15095,Ecuador,2020-03-29,58,Deaths,10.0,44.0
15096,Ecuador,2020-03-30,60,Deaths,2.0,42.0
15097,Ecuador,2020-03-31,75,Deaths,15.0,48.0
15098,Ecuador,2020-04-01,93,Deaths,18.0,65.0
15099,Ecuador,2020-04-02,120,Deaths,27.0,86.0
15100,Ecuador,2020-04-03,145,Deaths,25.0,109.0
15101,Ecuador,2020-04-04,172,Deaths,27.0,124.0
15102,Ecuador,2020-04-05,180,Deaths,8.0,122.0
15103,Ecuador,2020-04-06,191,Deaths,11.0,131.0
15104,Ecuador,2020-04-07,191,Deaths,0.0,116.0
15105,Ecuador,2020-04-08,242,Deaths,51.0,149.0
15106,Ecuador,2020-04-09,272,Deaths,30.0,152.0
15107,Ecuador,2020-04-10,297,Deaths,25.0,152.0
15108,Ecuador,2020-04-11,315,Deaths,18.0,143.0
15109,Ecuador,2020-04-12,333,Deaths,18.0,153.0
15110,Ecuador,2020-04-13,355,Deaths,22.0,164.0
15111,Ecuador,2020-04-14,369,Deaths,14.0,178.0
15112,Ecuador,2020-04-15,388,Deaths,19.0,146.0
15113,Ecuador,2020-04-16,403,Deaths,15.0,131.0
15114,Ecuador,2020-04-17,421,Deaths,18.0,124.0
15115,Ecuador,2020-04-18,456,Deaths,35.0,141.0
15116,Ecuador,2020-04-19,474,Deaths,18.0,141.0
15117,Ecuador,2020-04-20,507,Deaths,33.0,152.0
15118,Ecuador,2020-04-21,520,Deaths,13.0,151.0
15119,Ecuador,2020-04-22,537,Deaths,17.0,149.0
15120,Ecuador,2020-04-23,560,Deaths,23.0,157.0
15121,Ecuador,2020-04-24,576,Deaths,16.0,155.0
15122,Ecuador,2020-04-25,576,Deaths,0.0,120.0
15123,Ecuador,2020-04-26,576,Deaths,0.0,102.0
15124,Ecuador,2020-04-27,663,Deaths,87.0,156.0
15125,Ecuador,2020-04-28,871,Deaths,208.0,351.0
15126,Ecuador,2020-04-29,883,Deaths,12.0,346.0
15127,Ecuador,2020-04-30,900,Deaths,17.0,340.0
15128,Ecuador,2020-05-01,1063,Deaths,163.0,487.0
15129,Ecuador,2020-05-02,1371,Deaths,308.0,795.0
15130,Ecuador,2020-05-03,1564,Deaths,193.0,988.0
15131,Ecuador,2020-05-04,1569,Deaths,5.0,906.0
15132,Ecuador,2020-05-05,1569,Deaths,0.0,698.0
15133,Ecuador,2020-05-06,1618,Deaths,49.0,735.0
15134,Ecuador,2020-05-07,1654,Deaths,36.0,754.0
15135,Ecuador,2020-05-08,1704,Deaths,50.0,641.0
15136,Ecuador,2020-05-09,1717,Deaths,13.0,346.0
15137,Ecuador,2020-05-10,2127,Deaths,410.0,563.0
15138,Ecuador,2020-05-11,2145,Deaths,18.0,576.0
15139,Ecuador,2020-05-12,2327,Deaths,182.0,758.0
15140,Ecuador,2020-05-13,2334,Deaths,7.0,716.0
15141,Ecuador,2020-05-14,2338,Deaths,4.0,684.0
15142,Ecuador,2020-05-15,2594,Deaths,256.0,890.0
15143,Ecuador,2020-05-16,2688,Deaths,94.0,971.0
15144,Ecuador,2020-05-17,2736,Deaths,48.0,609.0
15145,Ecuador,2020-05-18,2799,Deaths,63.0,654.0
15146,Ecuador,2020-05-19,2839,Deaths,40.0,512.0
15147,Ecuador,2020-05-20,2888,Deaths,49.0,554.0
15148,Ecuador,2020-05-21,2939,Deaths,51.0,601.0
15149,Ecuador,2020-05-22,3056,Deaths,117.0,462.0
15150,Ecuador,2020-05-23,3096,Deaths,40.0,408.0
15151,Ecuador,2020-05-24,3108,Deaths,12.0,372.0
15152,Ecuador,2020-05-25,3203,Deaths,95.0,404.0
15153,Ecuador,2020-05-26,3203,Deaths,0.0,364.0
15154,Ecuador,2020-05-27,3275,Deaths,72.0,387.0
15155,Ecuador,2020-05-28,3313,Deaths,38.0,374.0
15156,Ecuador,2020-05-29,3334,Deaths,21.0,278.0
15157,Ecuador,2020-05-30,3334,Deaths,0.0,238.0
15158,Ecuador,2020-05-31,3358,Deaths,24.0,250.0
15159,Ecuador,2020-06-01,3358,Deaths,0.0,155.0
15160,Ecuador,2020-06-02,3438,Deaths,80.0,235.0
15161,Ecuador,2020-06-03,3486,Deaths,48.0,211.0
15162,Ecuador,2020-06-04,3486,Deaths,0.0,173.0
15163,Ecuador,2020-06-05,3534,Deaths,48.0,200.0
15164,Ecuador,2020-06-06,3608,Deaths,74.0,274.0
15165,Ecuador,2020-06-07,3621,Deaths,13.0,263.0
15166,Ecuador,2020-06-08,3642,Deaths,21.0,284.0
15167,Ecuador,2020-06-09,3690,Deaths,48.0,252.0
15168,Ecuador,2020-06-10,3720,Deaths,30.0,234.0
15169,Ecuador,2020-06-11,3720,Deaths,0.0,234.0
15170,Ecuador,2020-06-12,3828,Deaths,108.0,294.0
15171,Ecuador,2020-06-13,3874,Deaths,46.0,266.0
15172,Ecuador,2020-06-14,3896,Deaths,22.0,275.0
15173,Ecuador,2020-06-15,3929,Deaths,33.0,287.0
15174,Ecuador,2020-06-16,3970,Deaths,41.0,280.0
15175,Ecuador,2020-06-17,4007,Deaths,37.0,287.0
15176,Ecuador,2020-06-18,4087,Deaths,80.0,367.0
15177,Ecuador,2020-06-19,4156,Deaths,69.0,328.0
15178,Ecuador,2020-06-20,4156,Deaths,0.0,282.0
15179,Ecuador,2020-06-21,4223,Deaths,67.0,327.0
15180,Ecuador,2020-06-22,4223,Deaths,0.0,294.0
15181,Ecuador,2020-06-23,4274,Deaths,51.0,304.0
15182,Ecuador,2020-06-24,4274,Deaths,0.0,267.0
15183,Ecuador,2020-06-25,4343,Deaths,69.0,256.0
15184,Ecuador,2020-06-26,4406,Deaths,63.0,250.0
15185,Ecuador,2020-06-27,4424,Deaths,18.0,268.0
15186,Ecuador,2020-06-28,4429,Deaths,5.0,206.0
15187,Ecuador,2020-06-29,4502,Deaths,73.0,279.0
15188,Ecuador,2020-06-30,4527,Deaths,25.0,253.0
15189,Ecuador,2020-07-01,4576,Deaths,49.0,302.0
15190,Ecuador,2020-07-02,4639,Deaths,63.0,296.0
15191,Ecuador,2020-07-03,4700,Deaths,61.0,294.0
15192,Ecuador,2020-07-04,4769,Deaths,69.0,345.0
15193,Ecuador,2020-07-05,4781,Deaths,12.0,352.0
15194,Ecuador,2020-07-06,4821,Deaths,40.0,319.0
15195,Ecuador,2020-07-07,4873,Deaths,52.0,346.0
15196,Ecuador,2020-07-08,4873,Deaths,0.0,297.0
15197,Ecuador,2020-07-09,4900,Deaths,27.0,261.0
15198,Ecuador,2020-07-10,4939,Deaths,39.0,239.0
15199,Ecuador,2020-07-11,5031,Deaths,92.0,262.0
15200,Ecuador,2020-07-12,5047,Deaths,16.0,266.0
15201,Ecuador,2020-07-13,5063,Deaths,16.0,242.0
15202,Ecuador,2020-07-14,5130,Deaths,67.0,257.0
15203,Ecuador,2020-07-15,5158,Deaths,28.0,285.0
15204,Ecuador,2020-07-16,5207,Deaths,49.0,307.0
15205,Ecuador,2020-07-17,5250,Deaths,43.0,311.0
15206,Ecuador,2020-07-18,5282,Deaths,32.0,251.0
15207,Ecuador,2020-07-19,5313,Deaths,31.0,266.0
15208,Ecuador,2020-07-20,5318,Deaths,5.0,255.0
15209,Ecuador,2020-07-21,5366,Deaths,48.0,236.0
15210,Ecuador,2020-07-22,5418,Deaths,52.0,260.0
15211,Ecuador,2020-07-23,5439,Deaths,21.0,232.0
15212,Ecuador,2020-07-24,5468,Deaths,29.0,218.0
15213,Ecuador,2020-07-25,5507,Deaths,39.0,225.0
15214,Ecuador,2020-07-26,5515,Deaths,8.0,202.0
15215,Ecuador,2020-07-27,5532,Deaths,17.0,214.0
15216,Ecuador,2020-07-28,5584,Deaths,52.0,218.0
15217,Ecuador,2020-07-29,5623,Deaths,39.0,205.0
15218,Ecuador,2020-07-30,5657,Deaths,34.0,218.0
15219,Ecuador,2020-07-31,5702,Deaths,45.0,234.0
15220,Ecuador,2020-08-01,5736,Deaths,34.0,229.0
15221,Ecuador,2020-08-02,5736,Deaths,0.0,221.0
15222,Ecuador,2020-08-03,5767,Deaths,31.0,235.0
15223,Ecuador,2020-08-04,5808,Deaths,41.0,224.0
15224,Ecuador,2020-08-05,5847,Deaths,39.0,224.0
15225,Ecuador,2020-08-06,5877,Deaths,30.0,220.0
15226,Ecuador,2020-08-07,5897,Deaths,20.0,195.0
15227,Ecuador,2020-08-08,5916,Deaths,19.0,180.0
15228,Ecuador,2020-08-09,5922,Deaths,6.0,186.0
15229,Ecuador,2020-08-10,5932,Deaths,10.0,165.0
15230,Ecuador,2020-08-11,5951,Deaths,19.0,143.0
15231,Ecuador,2020-08-12,5984,Deaths,33.0,137.0
15232,Ecuador,2020-08-13,6010,Deaths,26.0,133.0
15233,Ecuador,2020-08-14,6030,Deaths,20.0,133.0
15234,Ecuador,2020-08-15,6065,Deaths,35.0,149.0
15235,Ecuador,2020-08-16,6070,Deaths,5.0,148.0
15236,Ecuador,2020-08-17,6083,Deaths,13.0,151.0
15237,Ecuador,2020-08-18,6105,Deaths,22.0,154.0
15238,Ecuador,2020-08-19,6146,Deaths,41.0,162.0
15239,Ecuador,2020-08-20,6200,Deaths,54.0,190.0
15240,Ecuador,2020-08-21,6248,Deaths,48.0,218.0
15241,Ecuador,2020-08-22,6277,Deaths,29.0,212.0
15242,Ecuador,2020-08-23,6310,Deaths,33.0,240.0
15243,Ecuador,2020-08-24,6322,Deaths,12.0,239.0
15244,Ecuador,2020-08-25,6368,Deaths,46.0,263.0
15245,Ecuador,2020-08-26,6410,Deaths,42.0,264.0
15246,Ecuador,2020-08-27,6471,Deaths,61.0,271.0
15247,Ecuador,2020-08-28,6504,Deaths,33.0,256.0
15248,Ecuador,2020-08-29,6537,Deaths,33.0,260.0
15249,Ecuador,2020-08-30,6555,Deaths,18.0,245.0
15250,Ecuador,2020-08-31,6556,Deaths,1.0,234.0
15251,Ecuador,2020-09-01,6571,Deaths,15.0,203.0
15252,Ecuador,2020-09-02,6619,Deaths,48.0,209.0
15253,Ecuador,2020-09-03,6648,Deaths,29.0,177.0
15254,Ecuador,2020-09-04,6674,Deaths,26.0,170.0
15255,Ecuador,2020-09-05,6724,Deaths,50.0,187.0
15256,Ecuador,2020-09-06,6724,Deaths,0.0,169.0
15257,Ecuador,2020-09-07,10576,Deaths,3852.0,4020.0
15258,Ecuador,2020-09-08,10627,Deaths,51.0,4056.0
15259,Ecuador,2020-09-09,10701,Deaths,74.0,4082.0
15260,Ecuador,2020-09-10,10749,Deaths,48.0,4101.0
15261,Ecuador,2020-09-11,10836,Deaths,87.0,4162.0
15262,Ecuador,2020-09-12,10864,Deaths,28.0,4140.0
15263,Ecuador,2020-09-13,10903,Deaths,39.0,4179.0
15264,Ecuador,2020-09-14,10922,Deaths,19.0,346.0
15265,Ecuador,2020-09-15,10963,Deaths,41.0,336.0
15266,Ecuador,2020-09-16,10996,Deaths,33.0,295.0
15267,Ecuador,2020-09-17,11029,Deaths,33.0,280.0
15268,Ecuador,2020-09-18,11044,Deaths,15.0,208.0
15269,Ecuador,2020-09-19,11084,Deaths,40.0,220.0
15270,Ecuador,2020-09-20,11090,Deaths,6.0,187.0
15271,Ecuador,2020-09-21,11095,Deaths,5.0,173.0
15272,Ecuador,2020-09-22,11126,Deaths,31.0,163.0
15273,Ecuador,2020-09-23,11171,Deaths,45.0,175.0
15274,Ecuador,2020-09-24,11213,Deaths,42.0,184.0
15275,Ecuador,2020-09-25,11236,Deaths,23.0,192.0
15276,Ecuador,2020-09-26,11273,Deaths,37.0,189.0
15277,Ecuador,2020-09-27,11279,Deaths,6.0,189.0
15278,Ecuador,2020-09-28,11280,Deaths,1.0,185.0
15279,Ecuador,2020-09-29,11312,Deaths,32.0,186.0
15280,Ecuador,2020-09-30,11355,Deaths,43.0,184.0
15281,Ecuador,2020-10-01,11433,Deaths,78.0,220.0
15282,Ecuador,2020-10-02,11495,Deaths,62.0,259.0
15283,Ecuador,2020-10-03,11597,Deaths,102.0,324.0
15284,Ecuador,2020-10-04,11647,Deaths,50.0,368.0
15285,Ecuador,2020-10-05,11681,Deaths,34.0,401.0
15286,Ecuador,2020-10-06,11702,Deaths,21.0,390.0
15287,Ecuador,2020-10-07,11743,Deaths,41.0,388.0
15288,Ecuador,2020-10-08,12141,Deaths,398.0,708.0
15289,Ecuador,2020-10-09,12175,Deaths,34.0,680.0
15290,Ecuador,2020-10-10,12188,Deaths,13.0,591.0
15291,Ecuador,2020-10-11,12191,Deaths,3.0,544.0
15292,Ecuador,2020-10-12,12218,Deaths,27.0,537.0
15293,Ecuador,2020-10-13,12235,Deaths,17.0,533.0
15294,Ecuador,2020-10-14,12264,Deaths,29.0,521.0
15295,Ecuador,2020-10-15,12306,Deaths,42.0,165.0
15296,Ecuador,2020-10-16,12357,Deaths,51.0,182.0
15297,Ecuador,2020-10-17,12375,Deaths,18.0,187.0
15298,Ecuador,2020-10-18,12387,Deaths,12.0,196.0
15299,Ecuador,2020-10-19,12395,Deaths,8.0,177.0
15300,Ecuador,2020-10-20,12404,Deaths,9.0,169.0
15301,Ecuador,2020-10-21,12453,Deaths,49.0,189.0
15302,Ecuador,2020-10-22,12500,Deaths,47.0,194.0
15303,Ecuador,2020-10-23,12528,Deaths,28.0,171.0
15304,Ecuador,2020-10-24,12542,Deaths,14.0,167.0
15305,Ecuador,2020-10-25,12553,Deaths,11.0,166.0
15306,Ecuador,2020-10-26,12573,Deaths,20.0,178.0
15307,Ecuador,2020-10-27,12588,Deaths,15.0,184.0
15308,Ecuador,2020-10-28,12608,Deaths,20.0,155.0
15309,Ecuador,2020-10-29,12622,Deaths,14.0,122.0
15310,Ecuador,2020-10-30,12632,Deaths,10.0,104.0
15311,Ecuador,2020-10-31,12670,Deaths,38.0,128.0
15312,Ecuador,2020-11-01,12684,Deaths,14.0,131.0
15313,Ecuador,2020-11-02,12692,Deaths,8.0,119.0
15314,Ecuador,2020-11-03,12698,Deaths,6.0,110.0
15315,Ecuador,2020-11-04,12704,Deaths,6.0,96.0
15316,Ecuador,2020-11-05,12730,Deaths,26.0,108.0
15317,Egypt,2020-01-22,0,Deaths,,
15318,Egypt,2020-01-23,0,Deaths,0.0,
15319,Egypt,2020-01-24,0,Deaths,0.0,
15320,Egypt,2020-01-25,0,Deaths,0.0,
15321,Egypt,2020-01-26,0,Deaths,0.0,
15322,Egypt,2020-01-27,0,Deaths,0.0,
15323,Egypt,2020-01-28,0,Deaths,0.0,
15324,Egypt,2020-01-29,0,Deaths,0.0,0.0
15325,Egypt,2020-01-30,0,Deaths,0.0,0.0
15326,Egypt,2020-01-31,0,Deaths,0.0,0.0
15327,Egypt,2020-02-01,0,Deaths,0.0,0.0
15328,Egypt,2020-02-02,0,Deaths,0.0,0.0
15329,Egypt,2020-02-03,0,Deaths,0.0,0.0
15330,Egypt,2020-02-04,0,Deaths,0.0,0.0
15331,Egypt,2020-02-05,0,Deaths,0.0,0.0
15332,Egypt,2020-02-06,0,Deaths,0.0,0.0
15333,Egypt,2020-02-07,0,Deaths,0.0,0.0
15334,Egypt,2020-02-08,0,Deaths,0.0,0.0
15335,Egypt,2020-02-09,0,Deaths,0.0,0.0
15336,Egypt,2020-02-10,0,Deaths,0.0,0.0
15337,Egypt,2020-02-11,0,Deaths,0.0,0.0
15338,Egypt,2020-02-12,0,Deaths,0.0,0.0
15339,Egypt,2020-02-13,0,Deaths,0.0,0.0
15340,Egypt,2020-02-14,0,Deaths,0.0,0.0
15341,Egypt,2020-02-15,0,Deaths,0.0,0.0
15342,Egypt,2020-02-16,0,Deaths,0.0,0.0
15343,Egypt,2020-02-17,0,Deaths,0.0,0.0
15344,Egypt,2020-02-18,0,Deaths,0.0,0.0
15345,Egypt,2020-02-19,0,Deaths,0.0,0.0
15346,Egypt,2020-02-20,0,Deaths,0.0,0.0
15347,Egypt,2020-02-21,0,Deaths,0.0,0.0
15348,Egypt,2020-02-22,0,Deaths,0.0,0.0
15349,Egypt,2020-02-23,0,Deaths,0.0,0.0
15350,Egypt,2020-02-24,0,Deaths,0.0,0.0
15351,Egypt,2020-02-25,0,Deaths,0.0,0.0
15352,Egypt,2020-02-26,0,Deaths,0.0,0.0
15353,Egypt,2020-02-27,0,Deaths,0.0,0.0
15354,Egypt,2020-02-28,0,Deaths,0.0,0.0
15355,Egypt,2020-02-29,0,Deaths,0.0,0.0
15356,Egypt,2020-03-01,0,Deaths,0.0,0.0
15357,Egypt,2020-03-02,0,Deaths,0.0,0.0
15358,Egypt,2020-03-03,0,Deaths,0.0,0.0
15359,Egypt,2020-03-04,0,Deaths,0.0,0.0
15360,Egypt,2020-03-05,0,Deaths,0.0,0.0
15361,Egypt,2020-03-06,0,Deaths,0.0,0.0
15362,Egypt,2020-03-07,0,Deaths,0.0,0.0
15363,Egypt,2020-03-08,1,Deaths,1.0,1.0
15364,Egypt,2020-03-09,1,Deaths,0.0,1.0
15365,Egypt,2020-03-10,1,Deaths,0.0,1.0
15366,Egypt,2020-03-11,1,Deaths,0.0,1.0
15367,Egypt,2020-03-12,1,Deaths,0.0,1.0
15368,Egypt,2020-03-13,2,Deaths,1.0,2.0
15369,Egypt,2020-03-14,2,Deaths,0.0,2.0
15370,Egypt,2020-03-15,2,Deaths,0.0,1.0
15371,Egypt,2020-03-16,2,Deaths,0.0,1.0
15372,Egypt,2020-03-17,4,Deaths,2.0,3.0
15373,Egypt,2020-03-18,6,Deaths,2.0,5.0
15374,Egypt,2020-03-19,6,Deaths,0.0,5.0
15375,Egypt,2020-03-20,8,Deaths,2.0,6.0
15376,Egypt,2020-03-21,10,Deaths,2.0,8.0
15377,Egypt,2020-03-22,14,Deaths,4.0,12.0
15378,Egypt,2020-03-23,19,Deaths,5.0,17.0
15379,Egypt,2020-03-24,20,Deaths,1.0,16.0
15380,Egypt,2020-03-25,21,Deaths,1.0,15.0
15381,Egypt,2020-03-26,24,Deaths,3.0,18.0
15382,Egypt,2020-03-27,30,Deaths,6.0,22.0
15383,Egypt,2020-03-28,36,Deaths,6.0,26.0
15384,Egypt,2020-03-29,40,Deaths,4.0,26.0
15385,Egypt,2020-03-30,41,Deaths,1.0,22.0
15386,Egypt,2020-03-31,46,Deaths,5.0,26.0
15387,Egypt,2020-04-01,52,Deaths,6.0,31.0
15388,Egypt,2020-04-02,58,Deaths,6.0,34.0
15389,Egypt,2020-04-03,66,Deaths,8.0,36.0
15390,Egypt,2020-04-04,71,Deaths,5.0,35.0
15391,Egypt,2020-04-05,78,Deaths,7.0,38.0
15392,Egypt,2020-04-06,85,Deaths,7.0,44.0
15393,Egypt,2020-04-07,94,Deaths,9.0,48.0
15394,Egypt,2020-04-08,103,Deaths,9.0,51.0
15395,Egypt,2020-04-09,118,Deaths,15.0,60.0
15396,Egypt,2020-04-10,135,Deaths,17.0,69.0
15397,Egypt,2020-04-11,146,Deaths,11.0,75.0
15398,Egypt,2020-04-12,159,Deaths,13.0,81.0
15399,Egypt,2020-04-13,164,Deaths,5.0,79.0
15400,Egypt,2020-04-14,178,Deaths,14.0,84.0
15401,Egypt,2020-04-15,183,Deaths,5.0,80.0
15402,Egypt,2020-04-16,196,Deaths,13.0,78.0
15403,Egypt,2020-04-17,205,Deaths,9.0,70.0
15404,Egypt,2020-04-18,224,Deaths,19.0,78.0
15405,Egypt,2020-04-19,239,Deaths,15.0,80.0
15406,Egypt,2020-04-20,250,Deaths,11.0,86.0
15407,Egypt,2020-04-21,264,Deaths,14.0,86.0
15408,Egypt,2020-04-22,276,Deaths,12.0,93.0
15409,Egypt,2020-04-23,287,Deaths,11.0,91.0
15410,Egypt,2020-04-24,294,Deaths,7.0,89.0
15411,Egypt,2020-04-25,307,Deaths,13.0,83.0
15412,Egypt,2020-04-26,317,Deaths,10.0,78.0
15413,Egypt,2020-04-27,337,Deaths,20.0,87.0
15414,Egypt,2020-04-28,359,Deaths,22.0,95.0
15415,Egypt,2020-04-29,380,Deaths,21.0,104.0
15416,Egypt,2020-04-30,392,Deaths,12.0,105.0
15417,Egypt,2020-05-01,406,Deaths,14.0,112.0
15418,Egypt,2020-05-02,415,Deaths,9.0,108.0
15419,Egypt,2020-05-03,429,Deaths,14.0,112.0
15420,Egypt,2020-05-04,436,Deaths,7.0,99.0
15421,Egypt,2020-05-05,452,Deaths,16.0,93.0
15422,Egypt,2020-05-06,469,Deaths,17.0,89.0
15423,Egypt,2020-05-07,482,Deaths,13.0,90.0
15424,Egypt,2020-05-08,503,Deaths,21.0,97.0
15425,Egypt,2020-05-09,514,Deaths,11.0,99.0
15426,Egypt,2020-05-10,525,Deaths,11.0,96.0
15427,Egypt,2020-05-11,533,Deaths,8.0,97.0
15428,Egypt,2020-05-12,544,Deaths,11.0,92.0
15429,Egypt,2020-05-13,556,Deaths,12.0,87.0
15430,Egypt,2020-05-14,571,Deaths,15.0,89.0
15431,Egypt,2020-05-15,592,Deaths,21.0,89.0
15432,Egypt,2020-05-16,612,Deaths,20.0,98.0
15433,Egypt,2020-05-17,630,Deaths,18.0,105.0
15434,Egypt,2020-05-18,645,Deaths,15.0,112.0
15435,Egypt,2020-05-19,659,Deaths,14.0,115.0
15436,Egypt,2020-05-20,680,Deaths,21.0,124.0
15437,Egypt,2020-05-21,696,Deaths,16.0,125.0
15438,Egypt,2020-05-22,707,Deaths,11.0,115.0
15439,Egypt,2020-05-23,735,Deaths,28.0,123.0
15440,Egypt,2020-05-24,764,Deaths,29.0,134.0
15441,Egypt,2020-05-25,783,Deaths,19.0,138.0
15442,Egypt,2020-05-26,797,Deaths,14.0,138.0
15443,Egypt,2020-05-27,816,Deaths,19.0,136.0
15444,Egypt,2020-05-28,845,Deaths,29.0,149.0
15445,Egypt,2020-05-29,879,Deaths,34.0,172.0
15446,Egypt,2020-05-30,913,Deaths,34.0,178.0
15447,Egypt,2020-05-31,959,Deaths,46.0,195.0
15448,Egypt,2020-06-01,1005,Deaths,46.0,222.0
15449,Egypt,2020-06-02,1052,Deaths,47.0,255.0
15450,Egypt,2020-06-03,1088,Deaths,36.0,272.0
15451,Egypt,2020-06-04,1126,Deaths,38.0,281.0
15452,Egypt,2020-06-05,1166,Deaths,40.0,287.0
15453,Egypt,2020-06-06,1198,Deaths,32.0,285.0
15454,Egypt,2020-06-07,1237,Deaths,39.0,278.0
15455,Egypt,2020-06-08,1271,Deaths,34.0,266.0
15456,Egypt,2020-06-09,1306,Deaths,35.0,254.0
15457,Egypt,2020-06-10,1342,Deaths,36.0,254.0
15458,Egypt,2020-06-11,1377,Deaths,35.0,251.0
15459,Egypt,2020-06-12,1422,Deaths,45.0,256.0
15460,Egypt,2020-06-13,1484,Deaths,62.0,286.0
15461,Egypt,2020-06-14,1575,Deaths,91.0,338.0
15462,Egypt,2020-06-15,1672,Deaths,97.0,401.0
15463,Egypt,2020-06-16,1766,Deaths,94.0,460.0
15464,Egypt,2020-06-17,1850,Deaths,84.0,508.0
15465,Egypt,2020-06-18,1938,Deaths,88.0,561.0
15466,Egypt,2020-06-19,2017,Deaths,79.0,595.0
15467,Egypt,2020-06-20,2106,Deaths,89.0,622.0
15468,Egypt,2020-06-21,2193,Deaths,87.0,618.0
15469,Egypt,2020-06-22,2278,Deaths,85.0,606.0
15470,Egypt,2020-06-23,2365,Deaths,87.0,599.0
15471,Egypt,2020-06-24,2450,Deaths,85.0,600.0
15472,Egypt,2020-06-25,2533,Deaths,83.0,595.0
15473,Egypt,2020-06-26,2620,Deaths,87.0,603.0
15474,Egypt,2020-06-27,2708,Deaths,88.0,602.0
15475,Egypt,2020-06-28,2789,Deaths,81.0,596.0
15476,Egypt,2020-06-29,2872,Deaths,83.0,594.0
15477,Egypt,2020-06-30,2953,Deaths,81.0,588.0
15478,Egypt,2020-07-01,3034,Deaths,81.0,584.0
15479,Egypt,2020-07-02,3120,Deaths,86.0,587.0
15480,Egypt,2020-07-03,3201,Deaths,81.0,581.0
15481,Egypt,2020-07-04,3280,Deaths,79.0,572.0
15482,Egypt,2020-07-05,3343,Deaths,63.0,554.0
15483,Egypt,2020-07-06,3422,Deaths,79.0,550.0
15484,Egypt,2020-07-07,3489,Deaths,67.0,536.0
15485,Egypt,2020-07-08,3564,Deaths,75.0,530.0
15486,Egypt,2020-07-09,3617,Deaths,53.0,497.0
15487,Egypt,2020-07-10,3702,Deaths,85.0,501.0
15488,Egypt,2020-07-11,3769,Deaths,67.0,489.0
15489,Egypt,2020-07-12,3858,Deaths,89.0,515.0
15490,Egypt,2020-07-13,3935,Deaths,77.0,513.0
15491,Egypt,2020-07-14,4008,Deaths,73.0,519.0
15492,Egypt,2020-07-15,4067,Deaths,59.0,503.0
15493,Egypt,2020-07-16,4120,Deaths,53.0,503.0
15494,Egypt,2020-07-17,4188,Deaths,68.0,486.0
15495,Egypt,2020-07-18,4251,Deaths,63.0,482.0
15496,Egypt,2020-07-19,4302,Deaths,51.0,444.0
15497,Egypt,2020-07-20,4352,Deaths,50.0,417.0
15498,Egypt,2020-07-21,4399,Deaths,47.0,391.0
15499,Egypt,2020-07-22,4440,Deaths,41.0,373.0
15500,Egypt,2020-07-23,4480,Deaths,40.0,360.0
15501,Egypt,2020-07-24,4518,Deaths,38.0,330.0
15502,Egypt,2020-07-25,4558,Deaths,40.0,307.0
15503,Egypt,2020-07-26,4606,Deaths,48.0,304.0
15504,Egypt,2020-07-27,4652,Deaths,46.0,300.0
15505,Egypt,2020-07-28,4691,Deaths,39.0,292.0
15506,Egypt,2020-07-29,4728,Deaths,37.0,288.0
15507,Egypt,2020-07-30,4774,Deaths,46.0,294.0
15508,Egypt,2020-07-31,4805,Deaths,31.0,287.0
15509,Egypt,2020-08-01,4834,Deaths,29.0,276.0
15510,Egypt,2020-08-02,4865,Deaths,31.0,259.0
15511,Egypt,2020-08-03,4888,Deaths,23.0,236.0
15512,Egypt,2020-08-04,4912,Deaths,24.0,221.0
15513,Egypt,2020-08-05,4930,Deaths,18.0,202.0
15514,Egypt,2020-08-06,4951,Deaths,21.0,177.0
15515,Egypt,2020-08-07,4971,Deaths,20.0,166.0
15516,Egypt,2020-08-08,4992,Deaths,21.0,158.0
15517,Egypt,2020-08-09,5009,Deaths,17.0,144.0
15518,Egypt,2020-08-10,5035,Deaths,26.0,147.0
15519,Egypt,2020-08-11,5059,Deaths,24.0,147.0
15520,Egypt,2020-08-12,5085,Deaths,26.0,155.0
15521,Egypt,2020-08-13,5107,Deaths,22.0,156.0
15522,Egypt,2020-08-14,5124,Deaths,17.0,153.0
15523,Egypt,2020-08-15,5141,Deaths,17.0,149.0
15524,Egypt,2020-08-16,5160,Deaths,19.0,151.0
15525,Egypt,2020-08-17,5173,Deaths,13.0,138.0
15526,Egypt,2020-08-18,5184,Deaths,11.0,125.0
15527,Egypt,2020-08-19,5197,Deaths,13.0,112.0
15528,Egypt,2020-08-20,5212,Deaths,15.0,105.0
15529,Egypt,2020-08-21,5231,Deaths,19.0,107.0
15530,Egypt,2020-08-22,5243,Deaths,12.0,102.0
15531,Egypt,2020-08-23,5262,Deaths,19.0,102.0
15532,Egypt,2020-08-24,5280,Deaths,18.0,107.0
15533,Egypt,2020-08-25,5298,Deaths,18.0,114.0
15534,Egypt,2020-08-26,5317,Deaths,19.0,120.0
15535,Egypt,2020-08-27,5342,Deaths,25.0,130.0
15536,Egypt,2020-08-28,5362,Deaths,20.0,131.0
15537,Egypt,2020-08-29,5376,Deaths,14.0,133.0
15538,Egypt,2020-08-30,5399,Deaths,23.0,137.0
15539,Egypt,2020-08-31,5421,Deaths,22.0,141.0
15540,Egypt,2020-09-01,5440,Deaths,19.0,142.0
15541,Egypt,2020-09-02,5461,Deaths,21.0,144.0
15542,Egypt,2020-09-03,5479,Deaths,18.0,137.0
15543,Egypt,2020-09-04,5495,Deaths,16.0,133.0
15544,Egypt,2020-09-05,5511,Deaths,16.0,135.0
15545,Egypt,2020-09-06,5530,Deaths,19.0,131.0
15546,Egypt,2020-09-07,5541,Deaths,11.0,120.0
15547,Egypt,2020-09-08,5560,Deaths,19.0,120.0
15548,Egypt,2020-09-09,5577,Deaths,17.0,116.0
15549,Egypt,2020-09-10,5590,Deaths,13.0,111.0
15550,Egypt,2020-09-11,5607,Deaths,17.0,112.0
15551,Egypt,2020-09-12,5627,Deaths,20.0,116.0
15552,Egypt,2020-09-13,5648,Deaths,21.0,118.0
15553,Egypt,2020-09-14,5661,Deaths,13.0,120.0
15554,Egypt,2020-09-15,5679,Deaths,18.0,119.0
15555,Egypt,2020-09-16,5696,Deaths,17.0,119.0
15556,Egypt,2020-09-17,5715,Deaths,19.0,125.0
15557,Egypt,2020-09-18,5733,Deaths,18.0,126.0
15558,Egypt,2020-09-19,5750,Deaths,17.0,123.0
15559,Egypt,2020-09-20,5770,Deaths,20.0,122.0
15560,Egypt,2020-09-21,5787,Deaths,17.0,126.0
15561,Egypt,2020-09-22,5806,Deaths,19.0,127.0
15562,Egypt,2020-09-23,5822,Deaths,16.0,126.0
15563,Egypt,2020-09-24,5835,Deaths,13.0,120.0
15564,Egypt,2020-09-25,5853,Deaths,18.0,120.0
15565,Egypt,2020-09-26,5869,Deaths,16.0,119.0
15566,Egypt,2020-09-27,5883,Deaths,14.0,113.0
15567,Egypt,2020-09-28,5901,Deaths,18.0,114.0
15568,Egypt,2020-09-29,5914,Deaths,13.0,108.0
15569,Egypt,2020-09-30,5930,Deaths,16.0,108.0
15570,Egypt,2020-10-01,5946,Deaths,16.0,111.0
15571,Egypt,2020-10-02,5956,Deaths,10.0,103.0
15572,Egypt,2020-10-03,5970,Deaths,14.0,101.0
15573,Egypt,2020-10-04,5981,Deaths,11.0,98.0
15574,Egypt,2020-10-05,5990,Deaths,9.0,89.0
15575,Egypt,2020-10-06,6001,Deaths,11.0,87.0
15576,Egypt,2020-10-07,6010,Deaths,9.0,80.0
15577,Egypt,2020-10-08,6017,Deaths,7.0,71.0
15578,Egypt,2020-10-09,6029,Deaths,12.0,73.0
15579,Egypt,2020-10-10,6040,Deaths,11.0,70.0
15580,Egypt,2020-10-11,6052,Deaths,12.0,71.0
15581,Egypt,2020-10-12,6062,Deaths,10.0,72.0
15582,Egypt,2020-10-13,6071,Deaths,9.0,70.0
15583,Egypt,2020-10-14,6077,Deaths,6.0,67.0
15584,Egypt,2020-10-15,6088,Deaths,11.0,71.0
15585,Egypt,2020-10-16,6099,Deaths,11.0,70.0
15586,Egypt,2020-10-17,6109,Deaths,10.0,69.0
15587,Egypt,2020-10-18,6120,Deaths,11.0,68.0
15588,Egypt,2020-10-19,6130,Deaths,10.0,68.0
15589,Egypt,2020-10-20,6142,Deaths,12.0,71.0
15590,Egypt,2020-10-21,6155,Deaths,13.0,78.0
15591,Egypt,2020-10-22,6166,Deaths,11.0,78.0
15592,Egypt,2020-10-23,6176,Deaths,10.0,77.0
15593,Egypt,2020-10-24,6187,Deaths,11.0,78.0
15594,Egypt,2020-10-25,6199,Deaths,12.0,79.0
15595,Egypt,2020-10-26,6211,Deaths,12.0,81.0
15596,Egypt,2020-10-27,6222,Deaths,11.0,80.0
15597,Egypt,2020-10-28,6234,Deaths,12.0,79.0
15598,Egypt,2020-10-29,6247,Deaths,13.0,81.0
15599,Egypt,2020-10-30,6258,Deaths,11.0,82.0
15600,Egypt,2020-10-31,6266,Deaths,8.0,79.0
15601,Egypt,2020-11-01,6278,Deaths,12.0,79.0
15602,Egypt,2020-11-02,6291,Deaths,13.0,80.0
15603,Egypt,2020-11-03,6305,Deaths,14.0,83.0
15604,Egypt,2020-11-04,6318,Deaths,13.0,84.0
15605,Egypt,2020-11-05,6329,Deaths,11.0,82.0
15606,El Salvador,2020-01-22,0,Deaths,,
15607,El Salvador,2020-01-23,0,Deaths,0.0,
15608,El Salvador,2020-01-24,0,Deaths,0.0,
15609,El Salvador,2020-01-25,0,Deaths,0.0,
15610,El Salvador,2020-01-26,0,Deaths,0.0,
15611,El Salvador,2020-01-27,0,Deaths,0.0,
15612,El Salvador,2020-01-28,0,Deaths,0.0,
15613,El Salvador,2020-01-29,0,Deaths,0.0,0.0
15614,El Salvador,2020-01-30,0,Deaths,0.0,0.0
15615,El Salvador,2020-01-31,0,Deaths,0.0,0.0
15616,El Salvador,2020-02-01,0,Deaths,0.0,0.0
15617,El Salvador,2020-02-02,0,Deaths,0.0,0.0
15618,El Salvador,2020-02-03,0,Deaths,0.0,0.0
15619,El Salvador,2020-02-04,0,Deaths,0.0,0.0
15620,El Salvador,2020-02-05,0,Deaths,0.0,0.0
15621,El Salvador,2020-02-06,0,Deaths,0.0,0.0
15622,El Salvador,2020-02-07,0,Deaths,0.0,0.0
15623,El Salvador,2020-02-08,0,Deaths,0.0,0.0
15624,El Salvador,2020-02-09,0,Deaths,0.0,0.0
15625,El Salvador,2020-02-10,0,Deaths,0.0,0.0
15626,El Salvador,2020-02-11,0,Deaths,0.0,0.0
15627,El Salvador,2020-02-12,0,Deaths,0.0,0.0
15628,El Salvador,2020-02-13,0,Deaths,0.0,0.0
15629,El Salvador,2020-02-14,0,Deaths,0.0,0.0
15630,El Salvador,2020-02-15,0,Deaths,0.0,0.0
15631,El Salvador,2020-02-16,0,Deaths,0.0,0.0
15632,El Salvador,2020-02-17,0,Deaths,0.0,0.0
15633,El Salvador,2020-02-18,0,Deaths,0.0,0.0
15634,El Salvador,2020-02-19,0,Deaths,0.0,0.0
15635,El Salvador,2020-02-20,0,Deaths,0.0,0.0
15636,El Salvador,2020-02-21,0,Deaths,0.0,0.0
15637,El Salvador,2020-02-22,0,Deaths,0.0,0.0
15638,El Salvador,2020-02-23,0,Deaths,0.0,0.0
15639,El Salvador,2020-02-24,0,Deaths,0.0,0.0
15640,El Salvador,2020-02-25,0,Deaths,0.0,0.0
15641,El Salvador,2020-02-26,0,Deaths,0.0,0.0
15642,El Salvador,2020-02-27,0,Deaths,0.0,0.0
15643,El Salvador,2020-02-28,0,Deaths,0.0,0.0
15644,El Salvador,2020-02-29,0,Deaths,0.0,0.0
15645,El Salvador,2020-03-01,0,Deaths,0.0,0.0
15646,El Salvador,2020-03-02,0,Deaths,0.0,0.0
15647,El Salvador,2020-03-03,0,Deaths,0.0,0.0
15648,El Salvador,2020-03-04,0,Deaths,0.0,0.0
15649,El Salvador,2020-03-05,0,Deaths,0.0,0.0
15650,El Salvador,2020-03-06,0,Deaths,0.0,0.0
15651,El Salvador,2020-03-07,0,Deaths,0.0,0.0
15652,El Salvador,2020-03-08,0,Deaths,0.0,0.0
15653,El Salvador,2020-03-09,0,Deaths,0.0,0.0
15654,El Salvador,2020-03-10,0,Deaths,0.0,0.0
15655,El Salvador,2020-03-11,0,Deaths,0.0,0.0
15656,El Salvador,2020-03-12,0,Deaths,0.0,0.0
15657,El Salvador,2020-03-13,0,Deaths,0.0,0.0
15658,El Salvador,2020-03-14,0,Deaths,0.0,0.0
15659,El Salvador,2020-03-15,0,Deaths,0.0,0.0
15660,El Salvador,2020-03-16,0,Deaths,0.0,0.0
15661,El Salvador,2020-03-17,0,Deaths,0.0,0.0
15662,El Salvador,2020-03-18,0,Deaths,0.0,0.0
15663,El Salvador,2020-03-19,0,Deaths,0.0,0.0
15664,El Salvador,2020-03-20,0,Deaths,0.0,0.0
15665,El Salvador,2020-03-21,0,Deaths,0.0,0.0
15666,El Salvador,2020-03-22,0,Deaths,0.0,0.0
15667,El Salvador,2020-03-23,0,Deaths,0.0,0.0
15668,El Salvador,2020-03-24,0,Deaths,0.0,0.0
15669,El Salvador,2020-03-25,0,Deaths,0.0,0.0
15670,El Salvador,2020-03-26,0,Deaths,0.0,0.0
15671,El Salvador,2020-03-27,0,Deaths,0.0,0.0
15672,El Salvador,2020-03-28,0,Deaths,0.0,0.0
15673,El Salvador,2020-03-29,0,Deaths,0.0,0.0
15674,El Salvador,2020-03-30,0,Deaths,0.0,0.0
15675,El Salvador,2020-03-31,1,Deaths,1.0,1.0
15676,El Salvador,2020-04-01,1,Deaths,0.0,1.0
15677,El Salvador,2020-04-02,2,Deaths,1.0,2.0
15678,El Salvador,2020-04-03,2,Deaths,0.0,2.0
15679,El Salvador,2020-04-04,3,Deaths,1.0,3.0
15680,El Salvador,2020-04-05,3,Deaths,0.0,3.0
15681,El Salvador,2020-04-06,4,Deaths,1.0,4.0
15682,El Salvador,2020-04-07,4,Deaths,0.0,3.0
15683,El Salvador,2020-04-08,5,Deaths,1.0,4.0
15684,El Salvador,2020-04-09,6,Deaths,1.0,4.0
15685,El Salvador,2020-04-10,6,Deaths,0.0,4.0
15686,El Salvador,2020-04-11,6,Deaths,0.0,3.0
15687,El Salvador,2020-04-12,6,Deaths,0.0,3.0
15688,El Salvador,2020-04-13,6,Deaths,0.0,2.0
15689,El Salvador,2020-04-14,6,Deaths,0.0,2.0
15690,El Salvador,2020-04-15,6,Deaths,0.0,1.0
15691,El Salvador,2020-04-16,6,Deaths,0.0,0.0
15692,El Salvador,2020-04-17,7,Deaths,1.0,1.0
15693,El Salvador,2020-04-18,7,Deaths,0.0,1.0
15694,El Salvador,2020-04-19,7,Deaths,0.0,1.0
15695,El Salvador,2020-04-20,7,Deaths,0.0,1.0
15696,El Salvador,2020-04-21,7,Deaths,0.0,1.0
15697,El Salvador,2020-04-22,7,Deaths,0.0,1.0
15698,El Salvador,2020-04-23,8,Deaths,1.0,2.0
15699,El Salvador,2020-04-24,8,Deaths,0.0,1.0
15700,El Salvador,2020-04-25,8,Deaths,0.0,1.0
15701,El Salvador,2020-04-26,8,Deaths,0.0,1.0
15702,El Salvador,2020-04-27,8,Deaths,0.0,1.0
15703,El Salvador,2020-04-28,8,Deaths,0.0,1.0
15704,El Salvador,2020-04-29,9,Deaths,1.0,2.0
15705,El Salvador,2020-04-30,10,Deaths,1.0,2.0
15706,El Salvador,2020-05-01,10,Deaths,0.0,2.0
15707,El Salvador,2020-05-02,11,Deaths,1.0,3.0
15708,El Salvador,2020-05-03,11,Deaths,0.0,3.0
15709,El Salvador,2020-05-04,13,Deaths,2.0,5.0
15710,El Salvador,2020-05-05,14,Deaths,1.0,6.0
15711,El Salvador,2020-05-06,15,Deaths,1.0,6.0
15712,El Salvador,2020-05-07,15,Deaths,0.0,5.0
15713,El Salvador,2020-05-08,16,Deaths,1.0,6.0
15714,El Salvador,2020-05-09,17,Deaths,1.0,6.0
15715,El Salvador,2020-05-10,17,Deaths,0.0,6.0
15716,El Salvador,2020-05-11,18,Deaths,1.0,5.0
15717,El Salvador,2020-05-12,20,Deaths,2.0,6.0
15718,El Salvador,2020-05-13,20,Deaths,0.0,5.0
15719,El Salvador,2020-05-14,23,Deaths,3.0,8.0
15720,El Salvador,2020-05-15,25,Deaths,2.0,9.0
15721,El Salvador,2020-05-16,26,Deaths,1.0,9.0
15722,El Salvador,2020-05-17,30,Deaths,4.0,13.0
15723,El Salvador,2020-05-18,30,Deaths,0.0,12.0
15724,El Salvador,2020-05-19,30,Deaths,0.0,10.0
15725,El Salvador,2020-05-20,31,Deaths,1.0,11.0
15726,El Salvador,2020-05-21,33,Deaths,2.0,10.0
15727,El Salvador,2020-05-22,33,Deaths,0.0,8.0
15728,El Salvador,2020-05-23,33,Deaths,0.0,7.0
15729,El Salvador,2020-05-24,35,Deaths,2.0,5.0
15730,El Salvador,2020-05-25,35,Deaths,0.0,5.0
15731,El Salvador,2020-05-26,36,Deaths,1.0,6.0
15732,El Salvador,2020-05-27,39,Deaths,3.0,8.0
15733,El Salvador,2020-05-28,39,Deaths,0.0,6.0
15734,El Salvador,2020-05-29,42,Deaths,3.0,9.0
15735,El Salvador,2020-05-30,46,Deaths,4.0,13.0
15736,El Salvador,2020-05-31,46,Deaths,0.0,11.0
15737,El Salvador,2020-06-01,46,Deaths,0.0,11.0
15738,El Salvador,2020-06-02,49,Deaths,3.0,13.0
15739,El Salvador,2020-06-03,51,Deaths,2.0,12.0
15740,El Salvador,2020-06-04,52,Deaths,1.0,13.0
15741,El Salvador,2020-06-05,53,Deaths,1.0,11.0
15742,El Salvador,2020-06-06,53,Deaths,0.0,7.0
15743,El Salvador,2020-06-07,53,Deaths,0.0,7.0
15744,El Salvador,2020-06-08,56,Deaths,3.0,10.0
15745,El Salvador,2020-06-09,60,Deaths,4.0,11.0
15746,El Salvador,2020-06-10,64,Deaths,4.0,13.0
15747,El Salvador,2020-06-11,68,Deaths,4.0,16.0
15748,El Salvador,2020-06-12,68,Deaths,0.0,15.0
15749,El Salvador,2020-06-13,72,Deaths,4.0,19.0
15750,El Salvador,2020-06-14,74,Deaths,2.0,21.0
15751,El Salvador,2020-06-15,74,Deaths,0.0,18.0
15752,El Salvador,2020-06-16,76,Deaths,2.0,16.0
15753,El Salvador,2020-06-17,79,Deaths,3.0,15.0
15754,El Salvador,2020-06-18,82,Deaths,3.0,14.0
15755,El Salvador,2020-06-19,86,Deaths,4.0,18.0
15756,El Salvador,2020-06-20,93,Deaths,7.0,21.0
15757,El Salvador,2020-06-21,98,Deaths,5.0,24.0
15758,El Salvador,2020-06-22,107,Deaths,9.0,33.0
15759,El Salvador,2020-06-23,113,Deaths,6.0,37.0
15760,El Salvador,2020-06-24,119,Deaths,6.0,40.0
15761,El Salvador,2020-06-25,126,Deaths,7.0,44.0
15762,El Salvador,2020-06-26,133,Deaths,7.0,47.0
15763,El Salvador,2020-06-27,143,Deaths,10.0,50.0
15764,El Salvador,2020-06-28,152,Deaths,9.0,54.0
15765,El Salvador,2020-06-29,164,Deaths,12.0,57.0
15766,El Salvador,2020-06-30,174,Deaths,10.0,61.0
15767,El Salvador,2020-07-01,182,Deaths,8.0,63.0
15768,El Salvador,2020-07-02,191,Deaths,9.0,65.0
15769,El Salvador,2020-07-03,202,Deaths,11.0,69.0
15770,El Salvador,2020-07-04,210,Deaths,8.0,67.0
15771,El Salvador,2020-07-05,217,Deaths,7.0,65.0
15772,El Salvador,2020-07-06,223,Deaths,6.0,59.0
15773,El Salvador,2020-07-07,229,Deaths,6.0,55.0
15774,El Salvador,2020-07-08,235,Deaths,6.0,53.0
15775,El Salvador,2020-07-09,243,Deaths,8.0,52.0
15776,El Salvador,2020-07-10,249,Deaths,6.0,47.0
15777,El Salvador,2020-07-11,254,Deaths,5.0,44.0
15778,El Salvador,2020-07-12,260,Deaths,6.0,43.0
15779,El Salvador,2020-07-13,267,Deaths,7.0,44.0
15780,El Salvador,2020-07-14,278,Deaths,11.0,49.0
15781,El Salvador,2020-07-15,286,Deaths,8.0,51.0
15782,El Salvador,2020-07-16,298,Deaths,12.0,55.0
15783,El Salvador,2020-07-17,309,Deaths,11.0,60.0
15784,El Salvador,2020-07-18,324,Deaths,15.0,70.0
15785,El Salvador,2020-07-19,335,Deaths,11.0,75.0
15786,El Salvador,2020-07-20,344,Deaths,9.0,77.0
15787,El Salvador,2020-07-21,352,Deaths,8.0,74.0
15788,El Salvador,2020-07-22,363,Deaths,11.0,77.0
15789,El Salvador,2020-07-23,372,Deaths,9.0,74.0
15790,El Salvador,2020-07-24,379,Deaths,7.0,70.0
15791,El Salvador,2020-07-25,390,Deaths,11.0,66.0
15792,El Salvador,2020-07-26,400,Deaths,10.0,65.0
15793,El Salvador,2020-07-27,408,Deaths,8.0,64.0
15794,El Salvador,2020-07-28,417,Deaths,9.0,65.0
15795,El Salvador,2020-07-29,430,Deaths,13.0,67.0
15796,El Salvador,2020-07-30,439,Deaths,9.0,67.0
15797,El Salvador,2020-07-31,448,Deaths,9.0,69.0
15798,El Salvador,2020-08-01,459,Deaths,11.0,69.0
15799,El Salvador,2020-08-02,467,Deaths,8.0,67.0
15800,El Salvador,2020-08-03,477,Deaths,10.0,69.0
15801,El Salvador,2020-08-04,486,Deaths,9.0,69.0
15802,El Salvador,2020-08-05,498,Deaths,12.0,68.0
15803,El Salvador,2020-08-06,513,Deaths,15.0,74.0
15804,El Salvador,2020-08-07,520,Deaths,7.0,72.0
15805,El Salvador,2020-08-08,536,Deaths,16.0,77.0
15806,El Salvador,2020-08-09,549,Deaths,13.0,82.0
15807,El Salvador,2020-08-10,563,Deaths,14.0,86.0
15808,El Salvador,2020-08-11,570,Deaths,7.0,84.0
15809,El Salvador,2020-08-12,577,Deaths,7.0,79.0
15810,El Salvador,2020-08-13,584,Deaths,7.0,71.0
15811,El Salvador,2020-08-14,595,Deaths,11.0,75.0
15812,El Salvador,2020-08-15,603,Deaths,8.0,67.0
15813,El Salvador,2020-08-16,612,Deaths,9.0,63.0
15814,El Salvador,2020-08-17,618,Deaths,6.0,55.0
15815,El Salvador,2020-08-18,625,Deaths,7.0,55.0
15816,El Salvador,2020-08-19,633,Deaths,8.0,56.0
15817,El Salvador,2020-08-20,640,Deaths,7.0,56.0
15818,El Salvador,2020-08-21,646,Deaths,6.0,51.0
15819,El Salvador,2020-08-22,654,Deaths,8.0,51.0
15820,El Salvador,2020-08-23,661,Deaths,7.0,49.0
15821,El Salvador,2020-08-24,669,Deaths,8.0,51.0
15822,El Salvador,2020-08-25,678,Deaths,9.0,53.0
15823,El Salvador,2020-08-26,687,Deaths,9.0,54.0
15824,El Salvador,2020-08-27,694,Deaths,7.0,54.0
15825,El Salvador,2020-08-28,702,Deaths,8.0,56.0
15826,El Salvador,2020-08-29,708,Deaths,6.0,54.0
15827,El Salvador,2020-08-30,713,Deaths,5.0,52.0
15828,El Salvador,2020-08-31,717,Deaths,4.0,48.0
15829,El Salvador,2020-09-01,724,Deaths,7.0,46.0
15830,El Salvador,2020-09-02,731,Deaths,7.0,44.0
15831,El Salvador,2020-09-03,739,Deaths,8.0,45.0
15832,El Salvador,2020-09-04,744,Deaths,5.0,42.0
15833,El Salvador,2020-09-05,752,Deaths,8.0,44.0
15834,El Salvador,2020-09-06,759,Deaths,7.0,46.0
15835,El Salvador,2020-09-07,764,Deaths,5.0,47.0
15836,El Salvador,2020-09-08,765,Deaths,1.0,41.0
15837,El Salvador,2020-09-09,770,Deaths,5.0,39.0
15838,El Salvador,2020-09-10,774,Deaths,4.0,35.0
15839,El Salvador,2020-09-11,777,Deaths,3.0,33.0
15840,El Salvador,2020-09-12,782,Deaths,5.0,30.0
15841,El Salvador,2020-09-13,785,Deaths,3.0,26.0
15842,El Salvador,2020-09-14,788,Deaths,3.0,24.0
15843,El Salvador,2020-09-15,792,Deaths,4.0,27.0
15844,El Salvador,2020-09-16,796,Deaths,4.0,26.0
15845,El Salvador,2020-09-17,801,Deaths,5.0,27.0
15846,El Salvador,2020-09-18,804,Deaths,3.0,27.0
15847,El Salvador,2020-09-19,808,Deaths,4.0,26.0
15848,El Salvador,2020-09-20,811,Deaths,3.0,26.0
15849,El Salvador,2020-09-21,812,Deaths,1.0,24.0
15850,El Salvador,2020-09-22,814,Deaths,2.0,22.0
15851,El Salvador,2020-09-23,819,Deaths,5.0,23.0
15852,El Salvador,2020-09-24,823,Deaths,4.0,22.0
15853,El Salvador,2020-09-25,826,Deaths,3.0,22.0
15854,El Salvador,2020-09-26,826,Deaths,0.0,18.0
15855,El Salvador,2020-09-27,826,Deaths,0.0,15.0
15856,El Salvador,2020-09-28,831,Deaths,5.0,19.0
15857,El Salvador,2020-09-29,839,Deaths,8.0,25.0
15858,El Salvador,2020-09-30,843,Deaths,4.0,24.0
15859,El Salvador,2020-10-01,848,Deaths,5.0,25.0
15860,El Salvador,2020-10-02,853,Deaths,5.0,27.0
15861,El Salvador,2020-10-03,857,Deaths,4.0,31.0
15862,El Salvador,2020-10-04,863,Deaths,6.0,37.0
15863,El Salvador,2020-10-05,865,Deaths,2.0,34.0
15864,El Salvador,2020-10-06,869,Deaths,4.0,30.0
15865,El Salvador,2020-10-07,873,Deaths,4.0,30.0
15866,El Salvador,2020-10-08,877,Deaths,4.0,29.0
15867,El Salvador,2020-10-09,881,Deaths,4.0,28.0
15868,El Salvador,2020-10-10,887,Deaths,6.0,30.0
15869,El Salvador,2020-10-11,890,Deaths,3.0,27.0
15870,El Salvador,2020-10-12,894,Deaths,4.0,29.0
15871,El Salvador,2020-10-13,899,Deaths,5.0,30.0
15872,El Salvador,2020-10-14,904,Deaths,5.0,31.0
15873,El Salvador,2020-10-15,908,Deaths,4.0,31.0
15874,El Salvador,2020-10-16,912,Deaths,4.0,31.0
15875,El Salvador,2020-10-17,917,Deaths,5.0,30.0
15876,El Salvador,2020-10-18,922,Deaths,5.0,32.0
15877,El Salvador,2020-10-19,926,Deaths,4.0,32.0
15878,El Salvador,2020-10-20,929,Deaths,3.0,30.0
15879,El Salvador,2020-10-21,933,Deaths,4.0,29.0
15880,El Salvador,2020-10-22,936,Deaths,3.0,28.0
15881,El Salvador,2020-10-23,940,Deaths,4.0,28.0
15882,El Salvador,2020-10-24,944,Deaths,4.0,27.0
15883,El Salvador,2020-10-25,949,Deaths,5.0,27.0
15884,El Salvador,2020-10-26,953,Deaths,4.0,27.0
15885,El Salvador,2020-10-27,957,Deaths,4.0,28.0
15886,El Salvador,2020-10-28,962,Deaths,5.0,29.0
15887,El Salvador,2020-10-29,967,Deaths,5.0,31.0
15888,El Salvador,2020-10-30,971,Deaths,4.0,31.0
15889,El Salvador,2020-10-31,975,Deaths,4.0,31.0
15890,El Salvador,2020-11-01,979,Deaths,4.0,30.0
15891,El Salvador,2020-11-02,983,Deaths,4.0,30.0
15892,El Salvador,2020-11-03,987,Deaths,4.0,30.0
15893,El Salvador,2020-11-04,992,Deaths,5.0,30.0
15894,El Salvador,2020-11-05,997,Deaths,5.0,30.0
15895,Equatorial Guinea,2020-01-22,0,Deaths,,
15896,Equatorial Guinea,2020-01-23,0,Deaths,0.0,
15897,Equatorial Guinea,2020-01-24,0,Deaths,0.0,
15898,Equatorial Guinea,2020-01-25,0,Deaths,0.0,
15899,Equatorial Guinea,2020-01-26,0,Deaths,0.0,
15900,Equatorial Guinea,2020-01-27,0,Deaths,0.0,
15901,Equatorial Guinea,2020-01-28,0,Deaths,0.0,
15902,Equatorial Guinea,2020-01-29,0,Deaths,0.0,0.0
15903,Equatorial Guinea,2020-01-30,0,Deaths,0.0,0.0
15904,Equatorial Guinea,2020-01-31,0,Deaths,0.0,0.0
15905,Equatorial Guinea,2020-02-01,0,Deaths,0.0,0.0
15906,Equatorial Guinea,2020-02-02,0,Deaths,0.0,0.0
15907,Equatorial Guinea,2020-02-03,0,Deaths,0.0,0.0
15908,Equatorial Guinea,2020-02-04,0,Deaths,0.0,0.0
15909,Equatorial Guinea,2020-02-05,0,Deaths,0.0,0.0
15910,Equatorial Guinea,2020-02-06,0,Deaths,0.0,0.0
15911,Equatorial Guinea,2020-02-07,0,Deaths,0.0,0.0
15912,Equatorial Guinea,2020-02-08,0,Deaths,0.0,0.0
15913,Equatorial Guinea,2020-02-09,0,Deaths,0.0,0.0
15914,Equatorial Guinea,2020-02-10,0,Deaths,0.0,0.0
15915,Equatorial Guinea,2020-02-11,0,Deaths,0.0,0.0
15916,Equatorial Guinea,2020-02-12,0,Deaths,0.0,0.0
15917,Equatorial Guinea,2020-02-13,0,Deaths,0.0,0.0
15918,Equatorial Guinea,2020-02-14,0,Deaths,0.0,0.0
15919,Equatorial Guinea,2020-02-15,0,Deaths,0.0,0.0
15920,Equatorial Guinea,2020-02-16,0,Deaths,0.0,0.0
15921,Equatorial Guinea,2020-02-17,0,Deaths,0.0,0.0
15922,Equatorial Guinea,2020-02-18,0,Deaths,0.0,0.0
15923,Equatorial Guinea,2020-02-19,0,Deaths,0.0,0.0
15924,Equatorial Guinea,2020-02-20,0,Deaths,0.0,0.0
15925,Equatorial Guinea,2020-02-21,0,Deaths,0.0,0.0
15926,Equatorial Guinea,2020-02-22,0,Deaths,0.0,0.0
15927,Equatorial Guinea,2020-02-23,0,Deaths,0.0,0.0
15928,Equatorial Guinea,2020-02-24,0,Deaths,0.0,0.0
15929,Equatorial Guinea,2020-02-25,0,Deaths,0.0,0.0
15930,Equatorial Guinea,2020-02-26,0,Deaths,0.0,0.0
15931,Equatorial Guinea,2020-02-27,0,Deaths,0.0,0.0
15932,Equatorial Guinea,2020-02-28,0,Deaths,0.0,0.0
15933,Equatorial Guinea,2020-02-29,0,Deaths,0.0,0.0
15934,Equatorial Guinea,2020-03-01,0,Deaths,0.0,0.0
15935,Equatorial Guinea,2020-03-02,0,Deaths,0.0,0.0
15936,Equatorial Guinea,2020-03-03,0,Deaths,0.0,0.0
15937,Equatorial Guinea,2020-03-04,0,Deaths,0.0,0.0
15938,Equatorial Guinea,2020-03-05,0,Deaths,0.0,0.0
15939,Equatorial Guinea,2020-03-06,0,Deaths,0.0,0.0
15940,Equatorial Guinea,2020-03-07,0,Deaths,0.0,0.0
15941,Equatorial Guinea,2020-03-08,0,Deaths,0.0,0.0
15942,Equatorial Guinea,2020-03-09,0,Deaths,0.0,0.0
15943,Equatorial Guinea,2020-03-10,0,Deaths,0.0,0.0
15944,Equatorial Guinea,2020-03-11,0,Deaths,0.0,0.0
15945,Equatorial Guinea,2020-03-12,0,Deaths,0.0,0.0
15946,Equatorial Guinea,2020-03-13,0,Deaths,0.0,0.0
15947,Equatorial Guinea,2020-03-14,0,Deaths,0.0,0.0
15948,Equatorial Guinea,2020-03-15,0,Deaths,0.0,0.0
15949,Equatorial Guinea,2020-03-16,0,Deaths,0.0,0.0
15950,Equatorial Guinea,2020-03-17,0,Deaths,0.0,0.0
15951,Equatorial Guinea,2020-03-18,0,Deaths,0.0,0.0
15952,Equatorial Guinea,2020-03-19,0,Deaths,0.0,0.0
15953,Equatorial Guinea,2020-03-20,0,Deaths,0.0,0.0
15954,Equatorial Guinea,2020-03-21,0,Deaths,0.0,0.0
15955,Equatorial Guinea,2020-03-22,0,Deaths,0.0,0.0
15956,Equatorial Guinea,2020-03-23,0,Deaths,0.0,0.0
15957,Equatorial Guinea,2020-03-24,0,Deaths,0.0,0.0
15958,Equatorial Guinea,2020-03-25,0,Deaths,0.0,0.0
15959,Equatorial Guinea,2020-03-26,0,Deaths,0.0,0.0
15960,Equatorial Guinea,2020-03-27,0,Deaths,0.0,0.0
15961,Equatorial Guinea,2020-03-28,0,Deaths,0.0,0.0
15962,Equatorial Guinea,2020-03-29,0,Deaths,0.0,0.0
15963,Equatorial Guinea,2020-03-30,0,Deaths,0.0,0.0
15964,Equatorial Guinea,2020-03-31,0,Deaths,0.0,0.0
15965,Equatorial Guinea,2020-04-01,0,Deaths,0.0,0.0
15966,Equatorial Guinea,2020-04-02,0,Deaths,0.0,0.0
15967,Equatorial Guinea,2020-04-03,0,Deaths,0.0,0.0
15968,Equatorial Guinea,2020-04-04,0,Deaths,0.0,0.0
15969,Equatorial Guinea,2020-04-05,0,Deaths,0.0,0.0
15970,Equatorial Guinea,2020-04-06,0,Deaths,0.0,0.0
15971,Equatorial Guinea,2020-04-07,0,Deaths,0.0,0.0
15972,Equatorial Guinea,2020-04-08,0,Deaths,0.0,0.0
15973,Equatorial Guinea,2020-04-09,0,Deaths,0.0,0.0
15974,Equatorial Guinea,2020-04-10,0,Deaths,0.0,0.0
15975,Equatorial Guinea,2020-04-11,0,Deaths,0.0,0.0
15976,Equatorial Guinea,2020-04-12,0,Deaths,0.0,0.0
15977,Equatorial Guinea,2020-04-13,0,Deaths,0.0,0.0
15978,Equatorial Guinea,2020-04-14,0,Deaths,0.0,0.0
15979,Equatorial Guinea,2020-04-15,0,Deaths,0.0,0.0
15980,Equatorial Guinea,2020-04-16,0,Deaths,0.0,0.0
15981,Equatorial Guinea,2020-04-17,0,Deaths,0.0,0.0
15982,Equatorial Guinea,2020-04-18,0,Deaths,0.0,0.0
15983,Equatorial Guinea,2020-04-19,0,Deaths,0.0,0.0
15984,Equatorial Guinea,2020-04-20,0,Deaths,0.0,0.0
15985,Equatorial Guinea,2020-04-21,0,Deaths,0.0,0.0
15986,Equatorial Guinea,2020-04-22,1,Deaths,1.0,1.0
15987,Equatorial Guinea,2020-04-23,1,Deaths,0.0,1.0
15988,Equatorial Guinea,2020-04-24,1,Deaths,0.0,1.0
15989,Equatorial Guinea,2020-04-25,1,Deaths,0.0,1.0
15990,Equatorial Guinea,2020-04-26,1,Deaths,0.0,1.0
15991,Equatorial Guinea,2020-04-27,1,Deaths,0.0,1.0
15992,Equatorial Guinea,2020-04-28,1,Deaths,0.0,1.0
15993,Equatorial Guinea,2020-04-29,1,Deaths,0.0,0.0
15994,Equatorial Guinea,2020-04-30,1,Deaths,0.0,0.0
15995,Equatorial Guinea,2020-05-01,1,Deaths,0.0,0.0
15996,Equatorial Guinea,2020-05-02,1,Deaths,0.0,0.0
15997,Equatorial Guinea,2020-05-03,1,Deaths,0.0,0.0
15998,Equatorial Guinea,2020-05-04,3,Deaths,2.0,2.0
15999,Equatorial Guinea,2020-05-05,3,Deaths,0.0,2.0
16000,Equatorial Guinea,2020-05-06,4,Deaths,1.0,3.0
16001,Equatorial Guinea,2020-05-07,4,Deaths,0.0,3.0
16002,Equatorial Guinea,2020-05-08,4,Deaths,0.0,3.0
16003,Equatorial Guinea,2020-05-09,4,Deaths,0.0,3.0
16004,Equatorial Guinea,2020-05-10,4,Deaths,0.0,3.0
16005,Equatorial Guinea,2020-05-11,4,Deaths,0.0,1.0
16006,Equatorial Guinea,2020-05-12,4,Deaths,0.0,1.0
16007,Equatorial Guinea,2020-05-13,6,Deaths,2.0,2.0
16008,Equatorial Guinea,2020-05-14,7,Deaths,1.0,3.0
16009,Equatorial Guinea,2020-05-15,7,Deaths,0.0,3.0
16010,Equatorial Guinea,2020-05-16,7,Deaths,0.0,3.0
16011,Equatorial Guinea,2020-05-17,7,Deaths,0.0,3.0
16012,Equatorial Guinea,2020-05-18,7,Deaths,0.0,3.0
16013,Equatorial Guinea,2020-05-19,7,Deaths,0.0,3.0
16014,Equatorial Guinea,2020-05-20,7,Deaths,0.0,1.0
16015,Equatorial Guinea,2020-05-21,10,Deaths,3.0,3.0
16016,Equatorial Guinea,2020-05-22,11,Deaths,1.0,4.0
16017,Equatorial Guinea,2020-05-23,11,Deaths,0.0,4.0
16018,Equatorial Guinea,2020-05-24,11,Deaths,0.0,4.0
16019,Equatorial Guinea,2020-05-25,12,Deaths,1.0,5.0
16020,Equatorial Guinea,2020-05-26,12,Deaths,0.0,5.0
16021,Equatorial Guinea,2020-05-27,12,Deaths,0.0,5.0
16022,Equatorial Guinea,2020-05-28,12,Deaths,0.0,2.0
16023,Equatorial Guinea,2020-05-29,12,Deaths,0.0,1.0
16024,Equatorial Guinea,2020-05-30,12,Deaths,0.0,1.0
16025,Equatorial Guinea,2020-05-31,12,Deaths,0.0,1.0
16026,Equatorial Guinea,2020-06-01,12,Deaths,0.0,0.0
16027,Equatorial Guinea,2020-06-02,12,Deaths,0.0,0.0
16028,Equatorial Guinea,2020-06-03,12,Deaths,0.0,0.0
16029,Equatorial Guinea,2020-06-04,12,Deaths,0.0,0.0
16030,Equatorial Guinea,2020-06-05,12,Deaths,0.0,0.0
16031,Equatorial Guinea,2020-06-06,12,Deaths,0.0,0.0
16032,Equatorial Guinea,2020-06-07,12,Deaths,0.0,0.0
16033,Equatorial Guinea,2020-06-08,12,Deaths,0.0,0.0
16034,Equatorial Guinea,2020-06-09,12,Deaths,0.0,0.0
16035,Equatorial Guinea,2020-06-10,12,Deaths,0.0,0.0
16036,Equatorial Guinea,2020-06-11,12,Deaths,0.0,0.0
16037,Equatorial Guinea,2020-06-12,12,Deaths,0.0,0.0
16038,Equatorial Guinea,2020-06-13,12,Deaths,0.0,0.0
16039,Equatorial Guinea,2020-06-14,12,Deaths,0.0,0.0
16040,Equatorial Guinea,2020-06-15,12,Deaths,0.0,0.0
16041,Equatorial Guinea,2020-06-16,32,Deaths,20.0,20.0
16042,Equatorial Guinea,2020-06-17,32,Deaths,0.0,20.0
16043,Equatorial Guinea,2020-06-18,32,Deaths,0.0,20.0
16044,Equatorial Guinea,2020-06-19,32,Deaths,0.0,20.0
16045,Equatorial Guinea,2020-06-20,32,Deaths,0.0,20.0
16046,Equatorial Guinea,2020-06-21,32,Deaths,0.0,20.0
16047,Equatorial Guinea,2020-06-22,32,Deaths,0.0,20.0
16048,Equatorial Guinea,2020-06-23,32,Deaths,0.0,0.0
16049,Equatorial Guinea,2020-06-24,32,Deaths,0.0,0.0
16050,Equatorial Guinea,2020-06-25,32,Deaths,0.0,0.0
16051,Equatorial Guinea,2020-06-26,32,Deaths,0.0,0.0
16052,Equatorial Guinea,2020-06-27,32,Deaths,0.0,0.0
16053,Equatorial Guinea,2020-06-28,32,Deaths,0.0,0.0
16054,Equatorial Guinea,2020-06-29,32,Deaths,0.0,0.0
16055,Equatorial Guinea,2020-06-30,32,Deaths,0.0,0.0
16056,Equatorial Guinea,2020-07-01,32,Deaths,0.0,0.0
16057,Equatorial Guinea,2020-07-02,51,Deaths,19.0,19.0
16058,Equatorial Guinea,2020-07-03,51,Deaths,0.0,19.0
16059,Equatorial Guinea,2020-07-04,51,Deaths,0.0,19.0
16060,Equatorial Guinea,2020-07-05,51,Deaths,0.0,19.0
16061,Equatorial Guinea,2020-07-06,51,Deaths,0.0,19.0
16062,Equatorial Guinea,2020-07-07,51,Deaths,0.0,19.0
16063,Equatorial Guinea,2020-07-08,51,Deaths,0.0,19.0
16064,Equatorial Guinea,2020-07-09,51,Deaths,0.0,0.0
16065,Equatorial Guinea,2020-07-10,51,Deaths,0.0,0.0
16066,Equatorial Guinea,2020-07-11,51,Deaths,0.0,0.0
16067,Equatorial Guinea,2020-07-12,51,Deaths,0.0,0.0
16068,Equatorial Guinea,2020-07-13,51,Deaths,0.0,0.0
16069,Equatorial Guinea,2020-07-14,51,Deaths,0.0,0.0
16070,Equatorial Guinea,2020-07-15,51,Deaths,0.0,0.0
16071,Equatorial Guinea,2020-07-16,51,Deaths,0.0,0.0
16072,Equatorial Guinea,2020-07-17,51,Deaths,0.0,0.0
16073,Equatorial Guinea,2020-07-18,51,Deaths,0.0,0.0
16074,Equatorial Guinea,2020-07-19,51,Deaths,0.0,0.0
16075,Equatorial Guinea,2020-07-20,51,Deaths,0.0,0.0
16076,Equatorial Guinea,2020-07-21,51,Deaths,0.0,0.0
16077,Equatorial Guinea,2020-07-22,51,Deaths,0.0,0.0
16078,Equatorial Guinea,2020-07-23,51,Deaths,0.0,0.0
16079,Equatorial Guinea,2020-07-24,51,Deaths,0.0,0.0
16080,Equatorial Guinea,2020-07-25,51,Deaths,0.0,0.0
16081,Equatorial Guinea,2020-07-26,51,Deaths,0.0,0.0
16082,Equatorial Guinea,2020-07-27,51,Deaths,0.0,0.0
16083,Equatorial Guinea,2020-07-28,51,Deaths,0.0,0.0
16084,Equatorial Guinea,2020-07-29,51,Deaths,0.0,0.0
16085,Equatorial Guinea,2020-07-30,51,Deaths,0.0,0.0
16086,Equatorial Guinea,2020-07-31,83,Deaths,32.0,32.0
16087,Equatorial Guinea,2020-08-01,83,Deaths,0.0,32.0
16088,Equatorial Guinea,2020-08-02,83,Deaths,0.0,32.0
16089,Equatorial Guinea,2020-08-03,83,Deaths,0.0,32.0
16090,Equatorial Guinea,2020-08-04,83,Deaths,0.0,32.0
16091,Equatorial Guinea,2020-08-05,83,Deaths,0.0,32.0
16092,Equatorial Guinea,2020-08-06,83,Deaths,0.0,32.0
16093,Equatorial Guinea,2020-08-07,83,Deaths,0.0,0.0
16094,Equatorial Guinea,2020-08-08,83,Deaths,0.0,0.0
16095,Equatorial Guinea,2020-08-09,83,Deaths,0.0,0.0
16096,Equatorial Guinea,2020-08-10,83,Deaths,0.0,0.0
16097,Equatorial Guinea,2020-08-11,83,Deaths,0.0,0.0
16098,Equatorial Guinea,2020-08-12,83,Deaths,0.0,0.0
16099,Equatorial Guinea,2020-08-13,83,Deaths,0.0,0.0
16100,Equatorial Guinea,2020-08-14,83,Deaths,0.0,0.0
16101,Equatorial Guinea,2020-08-15,83,Deaths,0.0,0.0
16102,Equatorial Guinea,2020-08-16,83,Deaths,0.0,0.0
16103,Equatorial Guinea,2020-08-17,83,Deaths,0.0,0.0
16104,Equatorial Guinea,2020-08-18,83,Deaths,0.0,0.0
16105,Equatorial Guinea,2020-08-19,83,Deaths,0.0,0.0
16106,Equatorial Guinea,2020-08-20,83,Deaths,0.0,0.0
16107,Equatorial Guinea,2020-08-21,83,Deaths,0.0,0.0
16108,Equatorial Guinea,2020-08-22,83,Deaths,0.0,0.0
16109,Equatorial Guinea,2020-08-23,83,Deaths,0.0,0.0
16110,Equatorial Guinea,2020-08-24,83,Deaths,0.0,0.0
16111,Equatorial Guinea,2020-08-25,83,Deaths,0.0,0.0
16112,Equatorial Guinea,2020-08-26,83,Deaths,0.0,0.0
16113,Equatorial Guinea,2020-08-27,83,Deaths,0.0,0.0
16114,Equatorial Guinea,2020-08-28,83,Deaths,0.0,0.0
16115,Equatorial Guinea,2020-08-29,83,Deaths,0.0,0.0
16116,Equatorial Guinea,2020-08-30,83,Deaths,0.0,0.0
16117,Equatorial Guinea,2020-08-31,83,Deaths,0.0,0.0
16118,Equatorial Guinea,2020-09-01,83,Deaths,0.0,0.0
16119,Equatorial Guinea,2020-09-02,83,Deaths,0.0,0.0
16120,Equatorial Guinea,2020-09-03,83,Deaths,0.0,0.0
16121,Equatorial Guinea,2020-09-04,83,Deaths,0.0,0.0
16122,Equatorial Guinea,2020-09-05,83,Deaths,0.0,0.0
16123,Equatorial Guinea,2020-09-06,83,Deaths,0.0,0.0
16124,Equatorial Guinea,2020-09-07,83,Deaths,0.0,0.0
16125,Equatorial Guinea,2020-09-08,83,Deaths,0.0,0.0
16126,Equatorial Guinea,2020-09-09,83,Deaths,0.0,0.0
16127,Equatorial Guinea,2020-09-10,83,Deaths,0.0,0.0
16128,Equatorial Guinea,2020-09-11,83,Deaths,0.0,0.0
16129,Equatorial Guinea,2020-09-12,83,Deaths,0.0,0.0
16130,Equatorial Guinea,2020-09-13,83,Deaths,0.0,0.0
16131,Equatorial Guinea,2020-09-14,83,Deaths,0.0,0.0
16132,Equatorial Guinea,2020-09-15,83,Deaths,0.0,0.0
16133,Equatorial Guinea,2020-09-16,83,Deaths,0.0,0.0
16134,Equatorial Guinea,2020-09-17,83,Deaths,0.0,0.0
16135,Equatorial Guinea,2020-09-18,83,Deaths,0.0,0.0
16136,Equatorial Guinea,2020-09-19,83,Deaths,0.0,0.0
16137,Equatorial Guinea,2020-09-20,83,Deaths,0.0,0.0
16138,Equatorial Guinea,2020-09-21,83,Deaths,0.0,0.0
16139,Equatorial Guinea,2020-09-22,83,Deaths,0.0,0.0
16140,Equatorial Guinea,2020-09-23,83,Deaths,0.0,0.0
16141,Equatorial Guinea,2020-09-24,83,Deaths,0.0,0.0
16142,Equatorial Guinea,2020-09-25,83,Deaths,0.0,0.0
16143,Equatorial Guinea,2020-09-26,83,Deaths,0.0,0.0
16144,Equatorial Guinea,2020-09-27,83,Deaths,0.0,0.0
16145,Equatorial Guinea,2020-09-28,83,Deaths,0.0,0.0
16146,Equatorial Guinea,2020-09-29,83,Deaths,0.0,0.0
16147,Equatorial Guinea,2020-09-30,83,Deaths,0.0,0.0
16148,Equatorial Guinea,2020-10-01,83,Deaths,0.0,0.0
16149,Equatorial Guinea,2020-10-02,83,Deaths,0.0,0.0
16150,Equatorial Guinea,2020-10-03,83,Deaths,0.0,0.0
16151,Equatorial Guinea,2020-10-04,83,Deaths,0.0,0.0
16152,Equatorial Guinea,2020-10-05,83,Deaths,0.0,0.0
16153,Equatorial Guinea,2020-10-06,83,Deaths,0.0,0.0
16154,Equatorial Guinea,2020-10-07,83,Deaths,0.0,0.0
16155,Equatorial Guinea,2020-10-08,83,Deaths,0.0,0.0
16156,Equatorial Guinea,2020-10-09,83,Deaths,0.0,0.0
16157,Equatorial Guinea,2020-10-10,83,Deaths,0.0,0.0
16158,Equatorial Guinea,2020-10-11,83,Deaths,0.0,0.0
16159,Equatorial Guinea,2020-10-12,83,Deaths,0.0,0.0
16160,Equatorial Guinea,2020-10-13,83,Deaths,0.0,0.0
16161,Equatorial Guinea,2020-10-14,83,Deaths,0.0,0.0
16162,Equatorial Guinea,2020-10-15,83,Deaths,0.0,0.0
16163,Equatorial Guinea,2020-10-16,83,Deaths,0.0,0.0
16164,Equatorial Guinea,2020-10-17,83,Deaths,0.0,0.0
16165,Equatorial Guinea,2020-10-18,83,Deaths,0.0,0.0
16166,Equatorial Guinea,2020-10-19,83,Deaths,0.0,0.0
16167,Equatorial Guinea,2020-10-20,83,Deaths,0.0,0.0
16168,Equatorial Guinea,2020-10-21,83,Deaths,0.0,0.0
16169,Equatorial Guinea,2020-10-22,83,Deaths,0.0,0.0
16170,Equatorial Guinea,2020-10-23,83,Deaths,0.0,0.0
16171,Equatorial Guinea,2020-10-24,83,Deaths,0.0,0.0
16172,Equatorial Guinea,2020-10-25,83,Deaths,0.0,0.0
16173,Equatorial Guinea,2020-10-26,83,Deaths,0.0,0.0
16174,Equatorial Guinea,2020-10-27,83,Deaths,0.0,0.0
16175,Equatorial Guinea,2020-10-28,83,Deaths,0.0,0.0
16176,Equatorial Guinea,2020-10-29,83,Deaths,0.0,0.0
16177,Equatorial Guinea,2020-10-30,83,Deaths,0.0,0.0
16178,Equatorial Guinea,2020-10-31,83,Deaths,0.0,0.0
16179,Equatorial Guinea,2020-11-01,83,Deaths,0.0,0.0
16180,Equatorial Guinea,2020-11-02,83,Deaths,0.0,0.0
16181,Equatorial Guinea,2020-11-03,83,Deaths,0.0,0.0
16182,Equatorial Guinea,2020-11-04,83,Deaths,0.0,0.0
16183,Equatorial Guinea,2020-11-05,85,Deaths,2.0,2.0
16184,Eritrea,2020-01-22,0,Deaths,,
16185,Eritrea,2020-01-23,0,Deaths,0.0,
16186,Eritrea,2020-01-24,0,Deaths,0.0,
16187,Eritrea,2020-01-25,0,Deaths,0.0,
16188,Eritrea,2020-01-26,0,Deaths,0.0,
16189,Eritrea,2020-01-27,0,Deaths,0.0,
16190,Eritrea,2020-01-28,0,Deaths,0.0,
16191,Eritrea,2020-01-29,0,Deaths,0.0,0.0
16192,Eritrea,2020-01-30,0,Deaths,0.0,0.0
16193,Eritrea,2020-01-31,0,Deaths,0.0,0.0
16194,Eritrea,2020-02-01,0,Deaths,0.0,0.0
16195,Eritrea,2020-02-02,0,Deaths,0.0,0.0
16196,Eritrea,2020-02-03,0,Deaths,0.0,0.0
16197,Eritrea,2020-02-04,0,Deaths,0.0,0.0
16198,Eritrea,2020-02-05,0,Deaths,0.0,0.0
16199,Eritrea,2020-02-06,0,Deaths,0.0,0.0
16200,Eritrea,2020-02-07,0,Deaths,0.0,0.0
16201,Eritrea,2020-02-08,0,Deaths,0.0,0.0
16202,Eritrea,2020-02-09,0,Deaths,0.0,0.0
16203,Eritrea,2020-02-10,0,Deaths,0.0,0.0
16204,Eritrea,2020-02-11,0,Deaths,0.0,0.0
16205,Eritrea,2020-02-12,0,Deaths,0.0,0.0
16206,Eritrea,2020-02-13,0,Deaths,0.0,0.0
16207,Eritrea,2020-02-14,0,Deaths,0.0,0.0
16208,Eritrea,2020-02-15,0,Deaths,0.0,0.0
16209,Eritrea,2020-02-16,0,Deaths,0.0,0.0
16210,Eritrea,2020-02-17,0,Deaths,0.0,0.0
16211,Eritrea,2020-02-18,0,Deaths,0.0,0.0
16212,Eritrea,2020-02-19,0,Deaths,0.0,0.0
16213,Eritrea,2020-02-20,0,Deaths,0.0,0.0
16214,Eritrea,2020-02-21,0,Deaths,0.0,0.0
16215,Eritrea,2020-02-22,0,Deaths,0.0,0.0
16216,Eritrea,2020-02-23,0,Deaths,0.0,0.0
16217,Eritrea,2020-02-24,0,Deaths,0.0,0.0
16218,Eritrea,2020-02-25,0,Deaths,0.0,0.0
16219,Eritrea,2020-02-26,0,Deaths,0.0,0.0
16220,Eritrea,2020-02-27,0,Deaths,0.0,0.0
16221,Eritrea,2020-02-28,0,Deaths,0.0,0.0
16222,Eritrea,2020-02-29,0,Deaths,0.0,0.0
16223,Eritrea,2020-03-01,0,Deaths,0.0,0.0
16224,Eritrea,2020-03-02,0,Deaths,0.0,0.0
16225,Eritrea,2020-03-03,0,Deaths,0.0,0.0
16226,Eritrea,2020-03-04,0,Deaths,0.0,0.0
16227,Eritrea,2020-03-05,0,Deaths,0.0,0.0
16228,Eritrea,2020-03-06,0,Deaths,0.0,0.0
16229,Eritrea,2020-03-07,0,Deaths,0.0,0.0
16230,Eritrea,2020-03-08,0,Deaths,0.0,0.0
16231,Eritrea,2020-03-09,0,Deaths,0.0,0.0
16232,Eritrea,2020-03-10,0,Deaths,0.0,0.0
16233,Eritrea,2020-03-11,0,Deaths,0.0,0.0
16234,Eritrea,2020-03-12,0,Deaths,0.0,0.0
16235,Eritrea,2020-03-13,0,Deaths,0.0,0.0
16236,Eritrea,2020-03-14,0,Deaths,0.0,0.0
16237,Eritrea,2020-03-15,0,Deaths,0.0,0.0
16238,Eritrea,2020-03-16,0,Deaths,0.0,0.0
16239,Eritrea,2020-03-17,0,Deaths,0.0,0.0
16240,Eritrea,2020-03-18,0,Deaths,0.0,0.0
16241,Eritrea,2020-03-19,0,Deaths,0.0,0.0
16242,Eritrea,2020-03-20,0,Deaths,0.0,0.0
16243,Eritrea,2020-03-21,0,Deaths,0.0,0.0
16244,Eritrea,2020-03-22,0,Deaths,0.0,0.0
16245,Eritrea,2020-03-23,0,Deaths,0.0,0.0
16246,Eritrea,2020-03-24,0,Deaths,0.0,0.0
16247,Eritrea,2020-03-25,0,Deaths,0.0,0.0
16248,Eritrea,2020-03-26,0,Deaths,0.0,0.0
16249,Eritrea,2020-03-27,0,Deaths,0.0,0.0
16250,Eritrea,2020-03-28,0,Deaths,0.0,0.0
16251,Eritrea,2020-03-29,0,Deaths,0.0,0.0
16252,Eritrea,2020-03-30,0,Deaths,0.0,0.0
16253,Eritrea,2020-03-31,0,Deaths,0.0,0.0
16254,Eritrea,2020-04-01,0,Deaths,0.0,0.0
16255,Eritrea,2020-04-02,0,Deaths,0.0,0.0
16256,Eritrea,2020-04-03,0,Deaths,0.0,0.0
16257,Eritrea,2020-04-04,0,Deaths,0.0,0.0
16258,Eritrea,2020-04-05,0,Deaths,0.0,0.0
16259,Eritrea,2020-04-06,0,Deaths,0.0,0.0
16260,Eritrea,2020-04-07,0,Deaths,0.0,0.0
16261,Eritrea,2020-04-08,0,Deaths,0.0,0.0
16262,Eritrea,2020-04-09,0,Deaths,0.0,0.0
16263,Eritrea,2020-04-10,0,Deaths,0.0,0.0
16264,Eritrea,2020-04-11,0,Deaths,0.0,0.0
16265,Eritrea,2020-04-12,0,Deaths,0.0,0.0
16266,Eritrea,2020-04-13,0,Deaths,0.0,0.0
16267,Eritrea,2020-04-14,0,Deaths,0.0,0.0
16268,Eritrea,2020-04-15,0,Deaths,0.0,0.0
16269,Eritrea,2020-04-16,0,Deaths,0.0,0.0
16270,Eritrea,2020-04-17,0,Deaths,0.0,0.0
16271,Eritrea,2020-04-18,0,Deaths,0.0,0.0
16272,Eritrea,2020-04-19,0,Deaths,0.0,0.0
16273,Eritrea,2020-04-20,0,Deaths,0.0,0.0
16274,Eritrea,2020-04-21,0,Deaths,0.0,0.0
16275,Eritrea,2020-04-22,0,Deaths,0.0,0.0
16276,Eritrea,2020-04-23,0,Deaths,0.0,0.0
16277,Eritrea,2020-04-24,0,Deaths,0.0,0.0
16278,Eritrea,2020-04-25,0,Deaths,0.0,0.0
16279,Eritrea,2020-04-26,0,Deaths,0.0,0.0
16280,Eritrea,2020-04-27,0,Deaths,0.0,0.0
16281,Eritrea,2020-04-28,0,Deaths,0.0,0.0
16282,Eritrea,2020-04-29,0,Deaths,0.0,0.0
16283,Eritrea,2020-04-30,0,Deaths,0.0,0.0
16284,Eritrea,2020-05-01,0,Deaths,0.0,0.0
16285,Eritrea,2020-05-02,0,Deaths,0.0,0.0
16286,Eritrea,2020-05-03,0,Deaths,0.0,0.0
16287,Eritrea,2020-05-04,0,Deaths,0.0,0.0
16288,Eritrea,2020-05-05,0,Deaths,0.0,0.0
16289,Eritrea,2020-05-06,0,Deaths,0.0,0.0
16290,Eritrea,2020-05-07,0,Deaths,0.0,0.0
16291,Eritrea,2020-05-08,0,Deaths,0.0,0.0
16292,Eritrea,2020-05-09,0,Deaths,0.0,0.0
16293,Eritrea,2020-05-10,0,Deaths,0.0,0.0
16294,Eritrea,2020-05-11,0,Deaths,0.0,0.0
16295,Eritrea,2020-05-12,0,Deaths,0.0,0.0
16296,Eritrea,2020-05-13,0,Deaths,0.0,0.0
16297,Eritrea,2020-05-14,0,Deaths,0.0,0.0
16298,Eritrea,2020-05-15,0,Deaths,0.0,0.0
16299,Eritrea,2020-05-16,0,Deaths,0.0,0.0
16300,Eritrea,2020-05-17,0,Deaths,0.0,0.0
16301,Eritrea,2020-05-18,0,Deaths,0.0,0.0
16302,Eritrea,2020-05-19,0,Deaths,0.0,0.0
16303,Eritrea,2020-05-20,0,Deaths,0.0,0.0
16304,Eritrea,2020-05-21,0,Deaths,0.0,0.0
16305,Eritrea,2020-05-22,0,Deaths,0.0,0.0
16306,Eritrea,2020-05-23,0,Deaths,0.0,0.0
16307,Eritrea,2020-05-24,0,Deaths,0.0,0.0
16308,Eritrea,2020-05-25,0,Deaths,0.0,0.0
16309,Eritrea,2020-05-26,0,Deaths,0.0,0.0
16310,Eritrea,2020-05-27,0,Deaths,0.0,0.0
16311,Eritrea,2020-05-28,0,Deaths,0.0,0.0
16312,Eritrea,2020-05-29,0,Deaths,0.0,0.0
16313,Eritrea,2020-05-30,0,Deaths,0.0,0.0
16314,Eritrea,2020-05-31,0,Deaths,0.0,0.0
16315,Eritrea,2020-06-01,0,Deaths,0.0,0.0
16316,Eritrea,2020-06-02,0,Deaths,0.0,0.0
16317,Eritrea,2020-06-03,0,Deaths,0.0,0.0
16318,Eritrea,2020-06-04,0,Deaths,0.0,0.0
16319,Eritrea,2020-06-05,0,Deaths,0.0,0.0
16320,Eritrea,2020-06-06,0,Deaths,0.0,0.0
16321,Eritrea,2020-06-07,0,Deaths,0.0,0.0
16322,Eritrea,2020-06-08,0,Deaths,0.0,0.0
16323,Eritrea,2020-06-09,0,Deaths,0.0,0.0
16324,Eritrea,2020-06-10,0,Deaths,0.0,0.0
16325,Eritrea,2020-06-11,0,Deaths,0.0,0.0
16326,Eritrea,2020-06-12,0,Deaths,0.0,0.0
16327,Eritrea,2020-06-13,0,Deaths,0.0,0.0
16328,Eritrea,2020-06-14,0,Deaths,0.0,0.0
16329,Eritrea,2020-06-15,0,Deaths,0.0,0.0
16330,Eritrea,2020-06-16,0,Deaths,0.0,0.0
16331,Eritrea,2020-06-17,0,Deaths,0.0,0.0
16332,Eritrea,2020-06-18,0,Deaths,0.0,0.0
16333,Eritrea,2020-06-19,0,Deaths,0.0,0.0
16334,Eritrea,2020-06-20,0,Deaths,0.0,0.0
16335,Eritrea,2020-06-21,0,Deaths,0.0,0.0
16336,Eritrea,2020-06-22,0,Deaths,0.0,0.0
16337,Eritrea,2020-06-23,0,Deaths,0.0,0.0
16338,Eritrea,2020-06-24,0,Deaths,0.0,0.0
16339,Eritrea,2020-06-25,0,Deaths,0.0,0.0
16340,Eritrea,2020-06-26,0,Deaths,0.0,0.0
16341,Eritrea,2020-06-27,0,Deaths,0.0,0.0
16342,Eritrea,2020-06-28,0,Deaths,0.0,0.0
16343,Eritrea,2020-06-29,0,Deaths,0.0,0.0
16344,Eritrea,2020-06-30,0,Deaths,0.0,0.0
16345,Eritrea,2020-07-01,0,Deaths,0.0,0.0
16346,Eritrea,2020-07-02,0,Deaths,0.0,0.0
16347,Eritrea,2020-07-03,0,Deaths,0.0,0.0
16348,Eritrea,2020-07-04,0,Deaths,0.0,0.0
16349,Eritrea,2020-07-05,0,Deaths,0.0,0.0
16350,Eritrea,2020-07-06,0,Deaths,0.0,0.0
16351,Eritrea,2020-07-07,0,Deaths,0.0,0.0
16352,Eritrea,2020-07-08,0,Deaths,0.0,0.0
16353,Eritrea,2020-07-09,0,Deaths,0.0,0.0
16354,Eritrea,2020-07-10,0,Deaths,0.0,0.0
16355,Eritrea,2020-07-11,0,Deaths,0.0,0.0
16356,Eritrea,2020-07-12,0,Deaths,0.0,0.0
16357,Eritrea,2020-07-13,0,Deaths,0.0,0.0
16358,Eritrea,2020-07-14,0,Deaths,0.0,0.0
16359,Eritrea,2020-07-15,0,Deaths,0.0,0.0
16360,Eritrea,2020-07-16,0,Deaths,0.0,0.0
16361,Eritrea,2020-07-17,0,Deaths,0.0,0.0
16362,Eritrea,2020-07-18,0,Deaths,0.0,0.0
16363,Eritrea,2020-07-19,0,Deaths,0.0,0.0
16364,Eritrea,2020-07-20,0,Deaths,0.0,0.0
16365,Eritrea,2020-07-21,0,Deaths,0.0,0.0
16366,Eritrea,2020-07-22,0,Deaths,0.0,0.0
16367,Eritrea,2020-07-23,0,Deaths,0.0,0.0
16368,Eritrea,2020-07-24,0,Deaths,0.0,0.0
16369,Eritrea,2020-07-25,0,Deaths,0.0,0.0
16370,Eritrea,2020-07-26,0,Deaths,0.0,0.0
16371,Eritrea,2020-07-27,0,Deaths,0.0,0.0
16372,Eritrea,2020-07-28,0,Deaths,0.0,0.0
16373,Eritrea,2020-07-29,0,Deaths,0.0,0.0
16374,Eritrea,2020-07-30,0,Deaths,0.0,0.0
16375,Eritrea,2020-07-31,0,Deaths,0.0,0.0
16376,Eritrea,2020-08-01,0,Deaths,0.0,0.0
16377,Eritrea,2020-08-02,0,Deaths,0.0,0.0
16378,Eritrea,2020-08-03,0,Deaths,0.0,0.0
16379,Eritrea,2020-08-04,0,Deaths,0.0,0.0
16380,Eritrea,2020-08-05,0,Deaths,0.0,0.0
16381,Eritrea,2020-08-06,0,Deaths,0.0,0.0
16382,Eritrea,2020-08-07,0,Deaths,0.0,0.0
16383,Eritrea,2020-08-08,0,Deaths,0.0,0.0
16384,Eritrea,2020-08-09,0,Deaths,0.0,0.0
16385,Eritrea,2020-08-10,0,Deaths,0.0,0.0
16386,Eritrea,2020-08-11,0,Deaths,0.0,0.0
16387,Eritrea,2020-08-12,0,Deaths,0.0,0.0
16388,Eritrea,2020-08-13,0,Deaths,0.0,0.0
16389,Eritrea,2020-08-14,0,Deaths,0.0,0.0
16390,Eritrea,2020-08-15,0,Deaths,0.0,0.0
16391,Eritrea,2020-08-16,0,Deaths,0.0,0.0
16392,Eritrea,2020-08-17,0,Deaths,0.0,0.0
16393,Eritrea,2020-08-18,0,Deaths,0.0,0.0
16394,Eritrea,2020-08-19,0,Deaths,0.0,0.0
16395,Eritrea,2020-08-20,0,Deaths,0.0,0.0
16396,Eritrea,2020-08-21,0,Deaths,0.0,0.0
16397,Eritrea,2020-08-22,0,Deaths,0.0,0.0
16398,Eritrea,2020-08-23,0,Deaths,0.0,0.0
16399,Eritrea,2020-08-24,0,Deaths,0.0,0.0
16400,Eritrea,2020-08-25,0,Deaths,0.0,0.0
16401,Eritrea,2020-08-26,0,Deaths,0.0,0.0
16402,Eritrea,2020-08-27,0,Deaths,0.0,0.0
16403,Eritrea,2020-08-28,0,Deaths,0.0,0.0
16404,Eritrea,2020-08-29,0,Deaths,0.0,0.0
16405,Eritrea,2020-08-30,0,Deaths,0.0,0.0
16406,Eritrea,2020-08-31,0,Deaths,0.0,0.0
16407,Eritrea,2020-09-01,0,Deaths,0.0,0.0
16408,Eritrea,2020-09-02,0,Deaths,0.0,0.0
16409,Eritrea,2020-09-03,0,Deaths,0.0,0.0
16410,Eritrea,2020-09-04,0,Deaths,0.0,0.0
16411,Eritrea,2020-09-05,0,Deaths,0.0,0.0
16412,Eritrea,2020-09-06,0,Deaths,0.0,0.0
16413,Eritrea,2020-09-07,0,Deaths,0.0,0.0
16414,Eritrea,2020-09-08,0,Deaths,0.0,0.0
16415,Eritrea,2020-09-09,0,Deaths,0.0,0.0
16416,Eritrea,2020-09-10,0,Deaths,0.0,0.0
16417,Eritrea,2020-09-11,0,Deaths,0.0,0.0
16418,Eritrea,2020-09-12,0,Deaths,0.0,0.0
16419,Eritrea,2020-09-13,0,Deaths,0.0,0.0
16420,Eritrea,2020-09-14,0,Deaths,0.0,0.0
16421,Eritrea,2020-09-15,0,Deaths,0.0,0.0
16422,Eritrea,2020-09-16,0,Deaths,0.0,0.0
16423,Eritrea,2020-09-17,0,Deaths,0.0,0.0
16424,Eritrea,2020-09-18,0,Deaths,0.0,0.0
16425,Eritrea,2020-09-19,0,Deaths,0.0,0.0
16426,Eritrea,2020-09-20,0,Deaths,0.0,0.0
16427,Eritrea,2020-09-21,0,Deaths,0.0,0.0
16428,Eritrea,2020-09-22,0,Deaths,0.0,0.0
16429,Eritrea,2020-09-23,0,Deaths,0.0,0.0
16430,Eritrea,2020-09-24,0,Deaths,0.0,0.0
16431,Eritrea,2020-09-25,0,Deaths,0.0,0.0
16432,Eritrea,2020-09-26,0,Deaths,0.0,0.0
16433,Eritrea,2020-09-27,0,Deaths,0.0,0.0
16434,Eritrea,2020-09-28,0,Deaths,0.0,0.0
16435,Eritrea,2020-09-29,0,Deaths,0.0,0.0
16436,Eritrea,2020-09-30,0,Deaths,0.0,0.0
16437,Eritrea,2020-10-01,0,Deaths,0.0,0.0
16438,Eritrea,2020-10-02,0,Deaths,0.0,0.0
16439,Eritrea,2020-10-03,0,Deaths,0.0,0.0
16440,Eritrea,2020-10-04,0,Deaths,0.0,0.0
16441,Eritrea,2020-10-05,0,Deaths,0.0,0.0
16442,Eritrea,2020-10-06,0,Deaths,0.0,0.0
16443,Eritrea,2020-10-07,0,Deaths,0.0,0.0
16444,Eritrea,2020-10-08,0,Deaths,0.0,0.0
16445,Eritrea,2020-10-09,0,Deaths,0.0,0.0
16446,Eritrea,2020-10-10,0,Deaths,0.0,0.0
16447,Eritrea,2020-10-11,0,Deaths,0.0,0.0
16448,Eritrea,2020-10-12,0,Deaths,0.0,0.0
16449,Eritrea,2020-10-13,0,Deaths,0.0,0.0
16450,Eritrea,2020-10-14,0,Deaths,0.0,0.0
16451,Eritrea,2020-10-15,0,Deaths,0.0,0.0
16452,Eritrea,2020-10-16,0,Deaths,0.0,0.0
16453,Eritrea,2020-10-17,0,Deaths,0.0,0.0
16454,Eritrea,2020-10-18,0,Deaths,0.0,0.0
16455,Eritrea,2020-10-19,0,Deaths,0.0,0.0
16456,Eritrea,2020-10-20,0,Deaths,0.0,0.0
16457,Eritrea,2020-10-21,0,Deaths,0.0,0.0
16458,Eritrea,2020-10-22,0,Deaths,0.0,0.0
16459,Eritrea,2020-10-23,0,Deaths,0.0,0.0
16460,Eritrea,2020-10-24,0,Deaths,0.0,0.0
16461,Eritrea,2020-10-25,0,Deaths,0.0,0.0
16462,Eritrea,2020-10-26,0,Deaths,0.0,0.0
16463,Eritrea,2020-10-27,0,Deaths,0.0,0.0
16464,Eritrea,2020-10-28,0,Deaths,0.0,0.0
16465,Eritrea,2020-10-29,0,Deaths,0.0,0.0
16466,Eritrea,2020-10-30,0,Deaths,0.0,0.0
16467,Eritrea,2020-10-31,0,Deaths,0.0,0.0
16468,Eritrea,2020-11-01,0,Deaths,0.0,0.0
16469,Eritrea,2020-11-02,0,Deaths,0.0,0.0
16470,Eritrea,2020-11-03,0,Deaths,0.0,0.0
16471,Eritrea,2020-11-04,0,Deaths,0.0,0.0
16472,Eritrea,2020-11-05,0,Deaths,0.0,0.0
16473,Estonia,2020-01-22,0,Deaths,,
16474,Estonia,2020-01-23,0,Deaths,0.0,
16475,Estonia,2020-01-24,0,Deaths,0.0,
16476,Estonia,2020-01-25,0,Deaths,0.0,
16477,Estonia,2020-01-26,0,Deaths,0.0,
16478,Estonia,2020-01-27,0,Deaths,0.0,
16479,Estonia,2020-01-28,0,Deaths,0.0,
16480,Estonia,2020-01-29,0,Deaths,0.0,0.0
16481,Estonia,2020-01-30,0,Deaths,0.0,0.0
16482,Estonia,2020-01-31,0,Deaths,0.0,0.0
16483,Estonia,2020-02-01,0,Deaths,0.0,0.0
16484,Estonia,2020-02-02,0,Deaths,0.0,0.0
16485,Estonia,2020-02-03,0,Deaths,0.0,0.0
16486,Estonia,2020-02-04,0,Deaths,0.0,0.0
16487,Estonia,2020-02-05,0,Deaths,0.0,0.0
16488,Estonia,2020-02-06,0,Deaths,0.0,0.0
16489,Estonia,2020-02-07,0,Deaths,0.0,0.0
16490,Estonia,2020-02-08,0,Deaths,0.0,0.0
16491,Estonia,2020-02-09,0,Deaths,0.0,0.0
16492,Estonia,2020-02-10,0,Deaths,0.0,0.0
16493,Estonia,2020-02-11,0,Deaths,0.0,0.0
16494,Estonia,2020-02-12,0,Deaths,0.0,0.0
16495,Estonia,2020-02-13,0,Deaths,0.0,0.0
16496,Estonia,2020-02-14,0,Deaths,0.0,0.0
16497,Estonia,2020-02-15,0,Deaths,0.0,0.0
16498,Estonia,2020-02-16,0,Deaths,0.0,0.0
16499,Estonia,2020-02-17,0,Deaths,0.0,0.0
16500,Estonia,2020-02-18,0,Deaths,0.0,0.0
16501,Estonia,2020-02-19,0,Deaths,0.0,0.0
16502,Estonia,2020-02-20,0,Deaths,0.0,0.0
16503,Estonia,2020-02-21,0,Deaths,0.0,0.0
16504,Estonia,2020-02-22,0,Deaths,0.0,0.0
16505,Estonia,2020-02-23,0,Deaths,0.0,0.0
16506,Estonia,2020-02-24,0,Deaths,0.0,0.0
16507,Estonia,2020-02-25,0,Deaths,0.0,0.0
16508,Estonia,2020-02-26,0,Deaths,0.0,0.0
16509,Estonia,2020-02-27,0,Deaths,0.0,0.0
16510,Estonia,2020-02-28,0,Deaths,0.0,0.0
16511,Estonia,2020-02-29,0,Deaths,0.0,0.0
16512,Estonia,2020-03-01,0,Deaths,0.0,0.0
16513,Estonia,2020-03-02,0,Deaths,0.0,0.0
16514,Estonia,2020-03-03,0,Deaths,0.0,0.0
16515,Estonia,2020-03-04,0,Deaths,0.0,0.0
16516,Estonia,2020-03-05,0,Deaths,0.0,0.0
16517,Estonia,2020-03-06,0,Deaths,0.0,0.0
16518,Estonia,2020-03-07,0,Deaths,0.0,0.0
16519,Estonia,2020-03-08,0,Deaths,0.0,0.0
16520,Estonia,2020-03-09,0,Deaths,0.0,0.0
16521,Estonia,2020-03-10,0,Deaths,0.0,0.0
16522,Estonia,2020-03-11,0,Deaths,0.0,0.0
16523,Estonia,2020-03-12,0,Deaths,0.0,0.0
16524,Estonia,2020-03-13,0,Deaths,0.0,0.0
16525,Estonia,2020-03-14,0,Deaths,0.0,0.0
16526,Estonia,2020-03-15,0,Deaths,0.0,0.0
16527,Estonia,2020-03-16,0,Deaths,0.0,0.0
16528,Estonia,2020-03-17,0,Deaths,0.0,0.0
16529,Estonia,2020-03-18,0,Deaths,0.0,0.0
16530,Estonia,2020-03-19,0,Deaths,0.0,0.0
16531,Estonia,2020-03-20,0,Deaths,0.0,0.0
16532,Estonia,2020-03-21,0,Deaths,0.0,0.0
16533,Estonia,2020-03-22,0,Deaths,0.0,0.0
16534,Estonia,2020-03-23,0,Deaths,0.0,0.0
16535,Estonia,2020-03-24,0,Deaths,0.0,0.0
16536,Estonia,2020-03-25,1,Deaths,1.0,1.0
16537,Estonia,2020-03-26,1,Deaths,0.0,1.0
16538,Estonia,2020-03-27,1,Deaths,0.0,1.0
16539,Estonia,2020-03-28,1,Deaths,0.0,1.0
16540,Estonia,2020-03-29,3,Deaths,2.0,3.0
16541,Estonia,2020-03-30,3,Deaths,0.0,3.0
16542,Estonia,2020-03-31,4,Deaths,1.0,4.0
16543,Estonia,2020-04-01,5,Deaths,1.0,4.0
16544,Estonia,2020-04-02,11,Deaths,6.0,10.0
16545,Estonia,2020-04-03,12,Deaths,1.0,11.0
16546,Estonia,2020-04-04,13,Deaths,1.0,12.0
16547,Estonia,2020-04-05,15,Deaths,2.0,12.0
16548,Estonia,2020-04-06,19,Deaths,4.0,16.0
16549,Estonia,2020-04-07,21,Deaths,2.0,17.0
16550,Estonia,2020-04-08,24,Deaths,3.0,19.0
16551,Estonia,2020-04-09,24,Deaths,0.0,13.0
16552,Estonia,2020-04-10,24,Deaths,0.0,12.0
16553,Estonia,2020-04-11,24,Deaths,0.0,11.0
16554,Estonia,2020-04-12,25,Deaths,1.0,10.0
16555,Estonia,2020-04-13,28,Deaths,3.0,9.0
16556,Estonia,2020-04-14,31,Deaths,3.0,10.0
16557,Estonia,2020-04-15,35,Deaths,4.0,11.0
16558,Estonia,2020-04-16,36,Deaths,1.0,12.0
16559,Estonia,2020-04-17,38,Deaths,2.0,14.0
16560,Estonia,2020-04-18,38,Deaths,0.0,14.0
16561,Estonia,2020-04-19,40,Deaths,2.0,15.0
16562,Estonia,2020-04-20,40,Deaths,0.0,12.0
16563,Estonia,2020-04-21,43,Deaths,3.0,12.0
16564,Estonia,2020-04-22,44,Deaths,1.0,9.0
16565,Estonia,2020-04-23,45,Deaths,1.0,9.0
16566,Estonia,2020-04-24,46,Deaths,1.0,8.0
16567,Estonia,2020-04-25,46,Deaths,0.0,8.0
16568,Estonia,2020-04-26,49,Deaths,3.0,9.0
16569,Estonia,2020-04-27,50,Deaths,1.0,10.0
16570,Estonia,2020-04-28,50,Deaths,0.0,7.0
16571,Estonia,2020-04-29,50,Deaths,0.0,6.0
16572,Estonia,2020-04-30,52,Deaths,2.0,7.0
16573,Estonia,2020-05-01,52,Deaths,0.0,6.0
16574,Estonia,2020-05-02,53,Deaths,1.0,7.0
16575,Estonia,2020-05-03,55,Deaths,2.0,6.0
16576,Estonia,2020-05-04,55,Deaths,0.0,5.0
16577,Estonia,2020-05-05,55,Deaths,0.0,5.0
16578,Estonia,2020-05-06,55,Deaths,0.0,5.0
16579,Estonia,2020-05-07,56,Deaths,1.0,4.0
16580,Estonia,2020-05-08,56,Deaths,0.0,4.0
16581,Estonia,2020-05-09,60,Deaths,4.0,7.0
16582,Estonia,2020-05-10,60,Deaths,0.0,5.0
16583,Estonia,2020-05-11,61,Deaths,1.0,6.0
16584,Estonia,2020-05-12,61,Deaths,0.0,6.0
16585,Estonia,2020-05-13,61,Deaths,0.0,6.0
16586,Estonia,2020-05-14,62,Deaths,1.0,6.0
16587,Estonia,2020-05-15,63,Deaths,1.0,7.0
16588,Estonia,2020-05-16,63,Deaths,0.0,3.0
16589,Estonia,2020-05-17,63,Deaths,0.0,3.0
16590,Estonia,2020-05-18,64,Deaths,1.0,3.0
16591,Estonia,2020-05-19,64,Deaths,0.0,3.0
16592,Estonia,2020-05-20,64,Deaths,0.0,3.0
16593,Estonia,2020-05-21,64,Deaths,0.0,2.0
16594,Estonia,2020-05-22,64,Deaths,0.0,1.0
16595,Estonia,2020-05-23,64,Deaths,0.0,1.0
16596,Estonia,2020-05-24,64,Deaths,0.0,1.0
16597,Estonia,2020-05-25,65,Deaths,1.0,1.0
16598,Estonia,2020-05-26,65,Deaths,0.0,1.0
16599,Estonia,2020-05-27,66,Deaths,1.0,2.0
16600,Estonia,2020-05-28,66,Deaths,0.0,2.0
16601,Estonia,2020-05-29,67,Deaths,1.0,3.0
16602,Estonia,2020-05-30,67,Deaths,0.0,3.0
16603,Estonia,2020-05-31,68,Deaths,1.0,4.0
16604,Estonia,2020-06-01,68,Deaths,0.0,3.0
16605,Estonia,2020-06-02,68,Deaths,0.0,3.0
16606,Estonia,2020-06-03,69,Deaths,1.0,3.0
16607,Estonia,2020-06-04,69,Deaths,0.0,3.0
16608,Estonia,2020-06-05,69,Deaths,0.0,2.0
16609,Estonia,2020-06-06,69,Deaths,0.0,2.0
16610,Estonia,2020-06-07,69,Deaths,0.0,1.0
16611,Estonia,2020-06-08,69,Deaths,0.0,1.0
16612,Estonia,2020-06-09,69,Deaths,0.0,1.0
16613,Estonia,2020-06-10,69,Deaths,0.0,0.0
16614,Estonia,2020-06-11,69,Deaths,0.0,0.0
16615,Estonia,2020-06-12,69,Deaths,0.0,0.0
16616,Estonia,2020-06-13,69,Deaths,0.0,0.0
16617,Estonia,2020-06-14,69,Deaths,0.0,0.0
16618,Estonia,2020-06-15,69,Deaths,0.0,0.0
16619,Estonia,2020-06-16,69,Deaths,0.0,0.0
16620,Estonia,2020-06-17,69,Deaths,0.0,0.0
16621,Estonia,2020-06-18,69,Deaths,0.0,0.0
16622,Estonia,2020-06-19,69,Deaths,0.0,0.0
16623,Estonia,2020-06-20,69,Deaths,0.0,0.0
16624,Estonia,2020-06-21,69,Deaths,0.0,0.0
16625,Estonia,2020-06-22,69,Deaths,0.0,0.0
16626,Estonia,2020-06-23,69,Deaths,0.0,0.0
16627,Estonia,2020-06-24,69,Deaths,0.0,0.0
16628,Estonia,2020-06-25,69,Deaths,0.0,0.0
16629,Estonia,2020-06-26,69,Deaths,0.0,0.0
16630,Estonia,2020-06-27,69,Deaths,0.0,0.0
16631,Estonia,2020-06-28,69,Deaths,0.0,0.0
16632,Estonia,2020-06-29,69,Deaths,0.0,0.0
16633,Estonia,2020-06-30,69,Deaths,0.0,0.0
16634,Estonia,2020-07-01,69,Deaths,0.0,0.0
16635,Estonia,2020-07-02,69,Deaths,0.0,0.0
16636,Estonia,2020-07-03,69,Deaths,0.0,0.0
16637,Estonia,2020-07-04,69,Deaths,0.0,0.0
16638,Estonia,2020-07-05,69,Deaths,0.0,0.0
16639,Estonia,2020-07-06,69,Deaths,0.0,0.0
16640,Estonia,2020-07-07,69,Deaths,0.0,0.0
16641,Estonia,2020-07-08,69,Deaths,0.0,0.0
16642,Estonia,2020-07-09,69,Deaths,0.0,0.0
16643,Estonia,2020-07-10,69,Deaths,0.0,0.0
16644,Estonia,2020-07-11,69,Deaths,0.0,0.0
16645,Estonia,2020-07-12,69,Deaths,0.0,0.0
16646,Estonia,2020-07-13,69,Deaths,0.0,0.0
16647,Estonia,2020-07-14,69,Deaths,0.0,0.0
16648,Estonia,2020-07-15,69,Deaths,0.0,0.0
16649,Estonia,2020-07-16,69,Deaths,0.0,0.0
16650,Estonia,2020-07-17,69,Deaths,0.0,0.0
16651,Estonia,2020-07-18,69,Deaths,0.0,0.0
16652,Estonia,2020-07-19,69,Deaths,0.0,0.0
16653,Estonia,2020-07-20,69,Deaths,0.0,0.0
16654,Estonia,2020-07-21,69,Deaths,0.0,0.0
16655,Estonia,2020-07-22,69,Deaths,0.0,0.0
16656,Estonia,2020-07-23,69,Deaths,0.0,0.0
16657,Estonia,2020-07-24,69,Deaths,0.0,0.0
16658,Estonia,2020-07-25,69,Deaths,0.0,0.0
16659,Estonia,2020-07-26,69,Deaths,0.0,0.0
16660,Estonia,2020-07-27,69,Deaths,0.0,0.0
16661,Estonia,2020-07-28,69,Deaths,0.0,0.0
16662,Estonia,2020-07-29,69,Deaths,0.0,0.0
16663,Estonia,2020-07-30,69,Deaths,0.0,0.0
16664,Estonia,2020-07-31,69,Deaths,0.0,0.0
16665,Estonia,2020-08-01,69,Deaths,0.0,0.0
16666,Estonia,2020-08-02,63,Deaths,-6.0,-6.0
16667,Estonia,2020-08-03,63,Deaths,0.0,-6.0
16668,Estonia,2020-08-04,63,Deaths,0.0,-6.0
16669,Estonia,2020-08-05,63,Deaths,0.0,-6.0
16670,Estonia,2020-08-06,63,Deaths,0.0,-6.0
16671,Estonia,2020-08-07,63,Deaths,0.0,-6.0
16672,Estonia,2020-08-08,63,Deaths,0.0,-6.0
16673,Estonia,2020-08-09,63,Deaths,0.0,0.0
16674,Estonia,2020-08-10,63,Deaths,0.0,0.0
16675,Estonia,2020-08-11,63,Deaths,0.0,0.0
16676,Estonia,2020-08-12,63,Deaths,0.0,0.0
16677,Estonia,2020-08-13,63,Deaths,0.0,0.0
16678,Estonia,2020-08-14,63,Deaths,0.0,0.0
16679,Estonia,2020-08-15,63,Deaths,0.0,0.0
16680,Estonia,2020-08-16,63,Deaths,0.0,0.0
16681,Estonia,2020-08-17,63,Deaths,0.0,0.0
16682,Estonia,2020-08-18,63,Deaths,0.0,0.0
16683,Estonia,2020-08-19,63,Deaths,0.0,0.0
16684,Estonia,2020-08-20,63,Deaths,0.0,0.0
16685,Estonia,2020-08-21,63,Deaths,0.0,0.0
16686,Estonia,2020-08-22,63,Deaths,0.0,0.0
16687,Estonia,2020-08-23,63,Deaths,0.0,0.0
16688,Estonia,2020-08-24,64,Deaths,1.0,1.0
16689,Estonia,2020-08-25,64,Deaths,0.0,1.0
16690,Estonia,2020-08-26,64,Deaths,0.0,1.0
16691,Estonia,2020-08-27,64,Deaths,0.0,1.0
16692,Estonia,2020-08-28,64,Deaths,0.0,1.0
16693,Estonia,2020-08-29,64,Deaths,0.0,1.0
16694,Estonia,2020-08-30,64,Deaths,0.0,1.0
16695,Estonia,2020-08-31,64,Deaths,0.0,0.0
16696,Estonia,2020-09-01,64,Deaths,0.0,0.0
16697,Estonia,2020-09-02,64,Deaths,0.0,0.0
16698,Estonia,2020-09-03,64,Deaths,0.0,0.0
16699,Estonia,2020-09-04,64,Deaths,0.0,0.0
16700,Estonia,2020-09-05,64,Deaths,0.0,0.0
16701,Estonia,2020-09-06,64,Deaths,0.0,0.0
16702,Estonia,2020-09-07,64,Deaths,0.0,0.0
16703,Estonia,2020-09-08,64,Deaths,0.0,0.0
16704,Estonia,2020-09-09,64,Deaths,0.0,0.0
16705,Estonia,2020-09-10,64,Deaths,0.0,0.0
16706,Estonia,2020-09-11,64,Deaths,0.0,0.0
16707,Estonia,2020-09-12,64,Deaths,0.0,0.0
16708,Estonia,2020-09-13,64,Deaths,0.0,0.0
16709,Estonia,2020-09-14,64,Deaths,0.0,0.0
16710,Estonia,2020-09-15,64,Deaths,0.0,0.0
16711,Estonia,2020-09-16,64,Deaths,0.0,0.0
16712,Estonia,2020-09-17,64,Deaths,0.0,0.0
16713,Estonia,2020-09-18,64,Deaths,0.0,0.0
16714,Estonia,2020-09-19,64,Deaths,0.0,0.0
16715,Estonia,2020-09-20,64,Deaths,0.0,0.0
16716,Estonia,2020-09-21,64,Deaths,0.0,0.0
16717,Estonia,2020-09-22,64,Deaths,0.0,0.0
16718,Estonia,2020-09-23,64,Deaths,0.0,0.0
16719,Estonia,2020-09-24,64,Deaths,0.0,0.0
16720,Estonia,2020-09-25,64,Deaths,0.0,0.0
16721,Estonia,2020-09-26,64,Deaths,0.0,0.0
16722,Estonia,2020-09-27,64,Deaths,0.0,0.0
16723,Estonia,2020-09-28,64,Deaths,0.0,0.0
16724,Estonia,2020-09-29,64,Deaths,0.0,0.0
16725,Estonia,2020-09-30,64,Deaths,0.0,0.0
16726,Estonia,2020-10-01,65,Deaths,1.0,1.0
16727,Estonia,2020-10-02,66,Deaths,1.0,2.0
16728,Estonia,2020-10-03,67,Deaths,1.0,3.0
16729,Estonia,2020-10-04,67,Deaths,0.0,3.0
16730,Estonia,2020-10-05,67,Deaths,0.0,3.0
16731,Estonia,2020-10-06,67,Deaths,0.0,3.0
16732,Estonia,2020-10-07,67,Deaths,0.0,3.0
16733,Estonia,2020-10-08,67,Deaths,0.0,2.0
16734,Estonia,2020-10-09,68,Deaths,1.0,2.0
16735,Estonia,2020-10-10,68,Deaths,0.0,1.0
16736,Estonia,2020-10-11,68,Deaths,0.0,1.0
16737,Estonia,2020-10-12,68,Deaths,0.0,1.0
16738,Estonia,2020-10-13,68,Deaths,0.0,1.0
16739,Estonia,2020-10-14,68,Deaths,0.0,1.0
16740,Estonia,2020-10-15,68,Deaths,0.0,1.0
16741,Estonia,2020-10-16,68,Deaths,0.0,0.0
16742,Estonia,2020-10-17,68,Deaths,0.0,0.0
16743,Estonia,2020-10-18,68,Deaths,0.0,0.0
16744,Estonia,2020-10-19,68,Deaths,0.0,0.0
16745,Estonia,2020-10-20,71,Deaths,3.0,3.0
16746,Estonia,2020-10-21,71,Deaths,0.0,3.0
16747,Estonia,2020-10-22,71,Deaths,0.0,3.0
16748,Estonia,2020-10-23,73,Deaths,2.0,5.0
16749,Estonia,2020-10-24,73,Deaths,0.0,5.0
16750,Estonia,2020-10-25,73,Deaths,0.0,5.0
16751,Estonia,2020-10-26,73,Deaths,0.0,5.0
16752,Estonia,2020-10-27,73,Deaths,0.0,2.0
16753,Estonia,2020-10-28,73,Deaths,0.0,2.0
16754,Estonia,2020-10-29,73,Deaths,0.0,2.0
16755,Estonia,2020-10-30,73,Deaths,0.0,0.0
16756,Estonia,2020-10-31,73,Deaths,0.0,0.0
16757,Estonia,2020-11-01,73,Deaths,0.0,0.0
16758,Estonia,2020-11-02,73,Deaths,0.0,0.0
16759,Estonia,2020-11-03,73,Deaths,0.0,0.0
16760,Estonia,2020-11-04,73,Deaths,0.0,0.0
16761,Estonia,2020-11-05,73,Deaths,0.0,0.0
16762,Eswatini,2020-01-22,0,Deaths,,
16763,Eswatini,2020-01-23,0,Deaths,0.0,
16764,Eswatini,2020-01-24,0,Deaths,0.0,
16765,Eswatini,2020-01-25,0,Deaths,0.0,
16766,Eswatini,2020-01-26,0,Deaths,0.0,
16767,Eswatini,2020-01-27,0,Deaths,0.0,
16768,Eswatini,2020-01-28,0,Deaths,0.0,
16769,Eswatini,2020-01-29,0,Deaths,0.0,0.0
16770,Eswatini,2020-01-30,0,Deaths,0.0,0.0
16771,Eswatini,2020-01-31,0,Deaths,0.0,0.0
16772,Eswatini,2020-02-01,0,Deaths,0.0,0.0
16773,Eswatini,2020-02-02,0,Deaths,0.0,0.0
16774,Eswatini,2020-02-03,0,Deaths,0.0,0.0
16775,Eswatini,2020-02-04,0,Deaths,0.0,0.0
16776,Eswatini,2020-02-05,0,Deaths,0.0,0.0
16777,Eswatini,2020-02-06,0,Deaths,0.0,0.0
16778,Eswatini,2020-02-07,0,Deaths,0.0,0.0
16779,Eswatini,2020-02-08,0,Deaths,0.0,0.0
16780,Eswatini,2020-02-09,0,Deaths,0.0,0.0
16781,Eswatini,2020-02-10,0,Deaths,0.0,0.0
16782,Eswatini,2020-02-11,0,Deaths,0.0,0.0
16783,Eswatini,2020-02-12,0,Deaths,0.0,0.0
16784,Eswatini,2020-02-13,0,Deaths,0.0,0.0
16785,Eswatini,2020-02-14,0,Deaths,0.0,0.0
16786,Eswatini,2020-02-15,0,Deaths,0.0,0.0
16787,Eswatini,2020-02-16,0,Deaths,0.0,0.0
16788,Eswatini,2020-02-17,0,Deaths,0.0,0.0
16789,Eswatini,2020-02-18,0,Deaths,0.0,0.0
16790,Eswatini,2020-02-19,0,Deaths,0.0,0.0
16791,Eswatini,2020-02-20,0,Deaths,0.0,0.0
16792,Eswatini,2020-02-21,0,Deaths,0.0,0.0
16793,Eswatini,2020-02-22,0,Deaths,0.0,0.0
16794,Eswatini,2020-02-23,0,Deaths,0.0,0.0
16795,Eswatini,2020-02-24,0,Deaths,0.0,0.0
16796,Eswatini,2020-02-25,0,Deaths,0.0,0.0
16797,Eswatini,2020-02-26,0,Deaths,0.0,0.0
16798,Eswatini,2020-02-27,0,Deaths,0.0,0.0
16799,Eswatini,2020-02-28,0,Deaths,0.0,0.0
16800,Eswatini,2020-02-29,0,Deaths,0.0,0.0
16801,Eswatini,2020-03-01,0,Deaths,0.0,0.0
16802,Eswatini,2020-03-02,0,Deaths,0.0,0.0
16803,Eswatini,2020-03-03,0,Deaths,0.0,0.0
16804,Eswatini,2020-03-04,0,Deaths,0.0,0.0
16805,Eswatini,2020-03-05,0,Deaths,0.0,0.0
16806,Eswatini,2020-03-06,0,Deaths,0.0,0.0
16807,Eswatini,2020-03-07,0,Deaths,0.0,0.0
16808,Eswatini,2020-03-08,0,Deaths,0.0,0.0
16809,Eswatini,2020-03-09,0,Deaths,0.0,0.0
16810,Eswatini,2020-03-10,0,Deaths,0.0,0.0
16811,Eswatini,2020-03-11,0,Deaths,0.0,0.0
16812,Eswatini,2020-03-12,0,Deaths,0.0,0.0
16813,Eswatini,2020-03-13,0,Deaths,0.0,0.0
16814,Eswatini,2020-03-14,0,Deaths,0.0,0.0
16815,Eswatini,2020-03-15,0,Deaths,0.0,0.0
16816,Eswatini,2020-03-16,0,Deaths,0.0,0.0
16817,Eswatini,2020-03-17,0,Deaths,0.0,0.0
16818,Eswatini,2020-03-18,0,Deaths,0.0,0.0
16819,Eswatini,2020-03-19,0,Deaths,0.0,0.0
16820,Eswatini,2020-03-20,0,Deaths,0.0,0.0
16821,Eswatini,2020-03-21,0,Deaths,0.0,0.0
16822,Eswatini,2020-03-22,0,Deaths,0.0,0.0
16823,Eswatini,2020-03-23,0,Deaths,0.0,0.0
16824,Eswatini,2020-03-24,0,Deaths,0.0,0.0
16825,Eswatini,2020-03-25,0,Deaths,0.0,0.0
16826,Eswatini,2020-03-26,0,Deaths,0.0,0.0
16827,Eswatini,2020-03-27,0,Deaths,0.0,0.0
16828,Eswatini,2020-03-28,0,Deaths,0.0,0.0
16829,Eswatini,2020-03-29,0,Deaths,0.0,0.0
16830,Eswatini,2020-03-30,0,Deaths,0.0,0.0
16831,Eswatini,2020-03-31,0,Deaths,0.0,0.0
16832,Eswatini,2020-04-01,0,Deaths,0.0,0.0
16833,Eswatini,2020-04-02,0,Deaths,0.0,0.0
16834,Eswatini,2020-04-03,0,Deaths,0.0,0.0
16835,Eswatini,2020-04-04,0,Deaths,0.0,0.0
16836,Eswatini,2020-04-05,0,Deaths,0.0,0.0
16837,Eswatini,2020-04-06,0,Deaths,0.0,0.0
16838,Eswatini,2020-04-07,0,Deaths,0.0,0.0
16839,Eswatini,2020-04-08,0,Deaths,0.0,0.0
16840,Eswatini,2020-04-09,0,Deaths,0.0,0.0
16841,Eswatini,2020-04-10,0,Deaths,0.0,0.0
16842,Eswatini,2020-04-11,0,Deaths,0.0,0.0
16843,Eswatini,2020-04-12,0,Deaths,0.0,0.0
16844,Eswatini,2020-04-13,0,Deaths,0.0,0.0
16845,Eswatini,2020-04-14,0,Deaths,0.0,0.0
16846,Eswatini,2020-04-15,0,Deaths,0.0,0.0
16847,Eswatini,2020-04-16,1,Deaths,1.0,1.0
16848,Eswatini,2020-04-17,1,Deaths,0.0,1.0
16849,Eswatini,2020-04-18,1,Deaths,0.0,1.0
16850,Eswatini,2020-04-19,1,Deaths,0.0,1.0
16851,Eswatini,2020-04-20,1,Deaths,0.0,1.0
16852,Eswatini,2020-04-21,1,Deaths,0.0,1.0
16853,Eswatini,2020-04-22,1,Deaths,0.0,1.0
16854,Eswatini,2020-04-23,1,Deaths,0.0,0.0
16855,Eswatini,2020-04-24,1,Deaths,0.0,0.0
16856,Eswatini,2020-04-25,1,Deaths,0.0,0.0
16857,Eswatini,2020-04-26,1,Deaths,0.0,0.0
16858,Eswatini,2020-04-27,1,Deaths,0.0,0.0
16859,Eswatini,2020-04-28,1,Deaths,0.0,0.0
16860,Eswatini,2020-04-29,1,Deaths,0.0,0.0
16861,Eswatini,2020-04-30,1,Deaths,0.0,0.0
16862,Eswatini,2020-05-01,1,Deaths,0.0,0.0
16863,Eswatini,2020-05-02,1,Deaths,0.0,0.0
16864,Eswatini,2020-05-03,1,Deaths,0.0,0.0
16865,Eswatini,2020-05-04,1,Deaths,0.0,0.0
16866,Eswatini,2020-05-05,1,Deaths,0.0,0.0
16867,Eswatini,2020-05-06,2,Deaths,1.0,1.0
16868,Eswatini,2020-05-07,2,Deaths,0.0,1.0
16869,Eswatini,2020-05-08,2,Deaths,0.0,1.0
16870,Eswatini,2020-05-09,2,Deaths,0.0,1.0
16871,Eswatini,2020-05-10,2,Deaths,0.0,1.0
16872,Eswatini,2020-05-11,2,Deaths,0.0,1.0
16873,Eswatini,2020-05-12,2,Deaths,0.0,1.0
16874,Eswatini,2020-05-13,2,Deaths,0.0,0.0
16875,Eswatini,2020-05-14,2,Deaths,0.0,0.0
16876,Eswatini,2020-05-15,2,Deaths,0.0,0.0
16877,Eswatini,2020-05-16,2,Deaths,0.0,0.0
16878,Eswatini,2020-05-17,2,Deaths,0.0,0.0
16879,Eswatini,2020-05-18,2,Deaths,0.0,0.0
16880,Eswatini,2020-05-19,2,Deaths,0.0,0.0
16881,Eswatini,2020-05-20,2,Deaths,0.0,0.0
16882,Eswatini,2020-05-21,2,Deaths,0.0,0.0
16883,Eswatini,2020-05-22,2,Deaths,0.0,0.0
16884,Eswatini,2020-05-23,2,Deaths,0.0,0.0
16885,Eswatini,2020-05-24,2,Deaths,0.0,0.0
16886,Eswatini,2020-05-25,2,Deaths,0.0,0.0
16887,Eswatini,2020-05-26,2,Deaths,0.0,0.0
16888,Eswatini,2020-05-27,2,Deaths,0.0,0.0
16889,Eswatini,2020-05-28,2,Deaths,0.0,0.0
16890,Eswatini,2020-05-29,2,Deaths,0.0,0.0
16891,Eswatini,2020-05-30,2,Deaths,0.0,0.0
16892,Eswatini,2020-05-31,2,Deaths,0.0,0.0
16893,Eswatini,2020-06-01,3,Deaths,1.0,1.0
16894,Eswatini,2020-06-02,3,Deaths,0.0,1.0
16895,Eswatini,2020-06-03,3,Deaths,0.0,1.0
16896,Eswatini,2020-06-04,3,Deaths,0.0,1.0
16897,Eswatini,2020-06-05,3,Deaths,0.0,1.0
16898,Eswatini,2020-06-06,3,Deaths,0.0,1.0
16899,Eswatini,2020-06-07,3,Deaths,0.0,1.0
16900,Eswatini,2020-06-08,3,Deaths,0.0,0.0
16901,Eswatini,2020-06-09,3,Deaths,0.0,0.0
16902,Eswatini,2020-06-10,3,Deaths,0.0,0.0
16903,Eswatini,2020-06-11,3,Deaths,0.0,0.0
16904,Eswatini,2020-06-12,3,Deaths,0.0,0.0
16905,Eswatini,2020-06-13,3,Deaths,0.0,0.0
16906,Eswatini,2020-06-14,4,Deaths,1.0,1.0
16907,Eswatini,2020-06-15,4,Deaths,0.0,1.0
16908,Eswatini,2020-06-16,4,Deaths,0.0,1.0
16909,Eswatini,2020-06-17,4,Deaths,0.0,1.0
16910,Eswatini,2020-06-18,4,Deaths,0.0,1.0
16911,Eswatini,2020-06-19,4,Deaths,0.0,1.0
16912,Eswatini,2020-06-20,5,Deaths,1.0,2.0
16913,Eswatini,2020-06-21,5,Deaths,0.0,1.0
16914,Eswatini,2020-06-22,6,Deaths,1.0,2.0
16915,Eswatini,2020-06-23,7,Deaths,1.0,3.0
16916,Eswatini,2020-06-24,7,Deaths,0.0,3.0
16917,Eswatini,2020-06-25,8,Deaths,1.0,4.0
16918,Eswatini,2020-06-26,8,Deaths,0.0,4.0
16919,Eswatini,2020-06-27,8,Deaths,0.0,3.0
16920,Eswatini,2020-06-28,11,Deaths,3.0,6.0
16921,Eswatini,2020-06-29,11,Deaths,0.0,5.0
16922,Eswatini,2020-06-30,11,Deaths,0.0,4.0
16923,Eswatini,2020-07-01,11,Deaths,0.0,4.0
16924,Eswatini,2020-07-02,11,Deaths,0.0,3.0
16925,Eswatini,2020-07-03,13,Deaths,2.0,5.0
16926,Eswatini,2020-07-04,13,Deaths,0.0,5.0
16927,Eswatini,2020-07-05,13,Deaths,0.0,2.0
16928,Eswatini,2020-07-06,13,Deaths,0.0,2.0
16929,Eswatini,2020-07-07,14,Deaths,1.0,3.0
16930,Eswatini,2020-07-08,14,Deaths,0.0,3.0
16931,Eswatini,2020-07-09,17,Deaths,3.0,6.0
16932,Eswatini,2020-07-10,18,Deaths,1.0,5.0
16933,Eswatini,2020-07-11,18,Deaths,0.0,5.0
16934,Eswatini,2020-07-12,20,Deaths,2.0,7.0
16935,Eswatini,2020-07-13,20,Deaths,0.0,7.0
16936,Eswatini,2020-07-14,20,Deaths,0.0,6.0
16937,Eswatini,2020-07-15,20,Deaths,0.0,6.0
16938,Eswatini,2020-07-16,21,Deaths,1.0,4.0
16939,Eswatini,2020-07-17,21,Deaths,0.0,3.0
16940,Eswatini,2020-07-18,21,Deaths,0.0,3.0
16941,Eswatini,2020-07-19,21,Deaths,0.0,1.0
16942,Eswatini,2020-07-20,23,Deaths,2.0,3.0
16943,Eswatini,2020-07-21,24,Deaths,1.0,4.0
16944,Eswatini,2020-07-22,25,Deaths,1.0,5.0
16945,Eswatini,2020-07-23,28,Deaths,3.0,7.0
16946,Eswatini,2020-07-24,28,Deaths,0.0,7.0
16947,Eswatini,2020-07-25,28,Deaths,0.0,7.0
16948,Eswatini,2020-07-26,32,Deaths,4.0,11.0
16949,Eswatini,2020-07-27,34,Deaths,2.0,11.0
16950,Eswatini,2020-07-28,39,Deaths,5.0,15.0
16951,Eswatini,2020-07-29,40,Deaths,1.0,15.0
16952,Eswatini,2020-07-30,40,Deaths,0.0,12.0
16953,Eswatini,2020-07-31,41,Deaths,1.0,13.0
16954,Eswatini,2020-08-01,43,Deaths,2.0,15.0
16955,Eswatini,2020-08-02,43,Deaths,0.0,11.0
16956,Eswatini,2020-08-03,45,Deaths,2.0,11.0
16957,Eswatini,2020-08-04,49,Deaths,4.0,10.0
16958,Eswatini,2020-08-05,53,Deaths,4.0,13.0
16959,Eswatini,2020-08-06,55,Deaths,2.0,15.0
16960,Eswatini,2020-08-07,56,Deaths,1.0,15.0
16961,Eswatini,2020-08-08,56,Deaths,0.0,13.0
16962,Eswatini,2020-08-09,58,Deaths,2.0,15.0
16963,Eswatini,2020-08-10,61,Deaths,3.0,16.0
16964,Eswatini,2020-08-11,63,Deaths,2.0,14.0
16965,Eswatini,2020-08-12,63,Deaths,0.0,10.0
16966,Eswatini,2020-08-13,65,Deaths,2.0,10.0
16967,Eswatini,2020-08-14,68,Deaths,3.0,12.0
16968,Eswatini,2020-08-15,69,Deaths,1.0,13.0
16969,Eswatini,2020-08-16,70,Deaths,1.0,12.0
16970,Eswatini,2020-08-17,73,Deaths,3.0,12.0
16971,Eswatini,2020-08-18,76,Deaths,3.0,13.0
16972,Eswatini,2020-08-19,79,Deaths,3.0,16.0
16973,Eswatini,2020-08-20,81,Deaths,2.0,16.0
16974,Eswatini,2020-08-21,81,Deaths,0.0,13.0
16975,Eswatini,2020-08-22,83,Deaths,2.0,14.0
16976,Eswatini,2020-08-23,85,Deaths,2.0,15.0
16977,Eswatini,2020-08-24,85,Deaths,0.0,12.0
16978,Eswatini,2020-08-25,86,Deaths,1.0,10.0
16979,Eswatini,2020-08-26,88,Deaths,2.0,9.0
16980,Eswatini,2020-08-27,89,Deaths,1.0,8.0
16981,Eswatini,2020-08-28,91,Deaths,2.0,10.0
16982,Eswatini,2020-08-29,91,Deaths,0.0,8.0
16983,Eswatini,2020-08-30,91,Deaths,0.0,6.0
16984,Eswatini,2020-08-31,91,Deaths,0.0,6.0
16985,Eswatini,2020-09-01,94,Deaths,3.0,8.0
16986,Eswatini,2020-09-02,94,Deaths,0.0,6.0
16987,Eswatini,2020-09-03,94,Deaths,0.0,5.0
16988,Eswatini,2020-09-04,94,Deaths,0.0,3.0
16989,Eswatini,2020-09-05,94,Deaths,0.0,3.0
16990,Eswatini,2020-09-06,94,Deaths,0.0,3.0
16991,Eswatini,2020-09-07,94,Deaths,0.0,3.0
16992,Eswatini,2020-09-08,96,Deaths,2.0,2.0
16993,Eswatini,2020-09-09,97,Deaths,1.0,3.0
16994,Eswatini,2020-09-10,98,Deaths,1.0,4.0
16995,Eswatini,2020-09-11,98,Deaths,0.0,4.0
16996,Eswatini,2020-09-12,98,Deaths,0.0,4.0
16997,Eswatini,2020-09-13,98,Deaths,0.0,4.0
16998,Eswatini,2020-09-14,101,Deaths,3.0,7.0
16999,Eswatini,2020-09-15,101,Deaths,0.0,5.0
17000,Eswatini,2020-09-16,101,Deaths,0.0,4.0
17001,Eswatini,2020-09-17,103,Deaths,2.0,5.0
17002,Eswatini,2020-09-18,103,Deaths,0.0,5.0
17003,Eswatini,2020-09-19,104,Deaths,1.0,6.0
17004,Eswatini,2020-09-20,104,Deaths,0.0,6.0
17005,Eswatini,2020-09-21,104,Deaths,0.0,3.0
17006,Eswatini,2020-09-22,106,Deaths,2.0,5.0
17007,Eswatini,2020-09-23,108,Deaths,2.0,7.0
17008,Eswatini,2020-09-24,108,Deaths,0.0,5.0
17009,Eswatini,2020-09-25,108,Deaths,0.0,5.0
17010,Eswatini,2020-09-26,108,Deaths,0.0,4.0
17011,Eswatini,2020-09-27,108,Deaths,0.0,4.0
17012,Eswatini,2020-09-28,108,Deaths,0.0,4.0
17013,Eswatini,2020-09-29,108,Deaths,0.0,2.0
17014,Eswatini,2020-09-30,109,Deaths,1.0,1.0
17015,Eswatini,2020-10-01,111,Deaths,2.0,3.0
17016,Eswatini,2020-10-02,111,Deaths,0.0,3.0
17017,Eswatini,2020-10-03,111,Deaths,0.0,3.0
17018,Eswatini,2020-10-04,111,Deaths,0.0,3.0
17019,Eswatini,2020-10-05,112,Deaths,1.0,4.0
17020,Eswatini,2020-10-06,112,Deaths,0.0,4.0
17021,Eswatini,2020-10-07,113,Deaths,1.0,4.0
17022,Eswatini,2020-10-08,113,Deaths,0.0,2.0
17023,Eswatini,2020-10-09,113,Deaths,0.0,2.0
17024,Eswatini,2020-10-10,113,Deaths,0.0,2.0
17025,Eswatini,2020-10-11,113,Deaths,0.0,2.0
17026,Eswatini,2020-10-12,113,Deaths,0.0,1.0
17027,Eswatini,2020-10-13,114,Deaths,1.0,2.0
17028,Eswatini,2020-10-14,114,Deaths,0.0,1.0
17029,Eswatini,2020-10-15,115,Deaths,1.0,2.0
17030,Eswatini,2020-10-16,115,Deaths,0.0,2.0
17031,Eswatini,2020-10-17,115,Deaths,0.0,2.0
17032,Eswatini,2020-10-18,116,Deaths,1.0,3.0
17033,Eswatini,2020-10-19,116,Deaths,0.0,3.0
17034,Eswatini,2020-10-20,116,Deaths,0.0,2.0
17035,Eswatini,2020-10-21,116,Deaths,0.0,2.0
17036,Eswatini,2020-10-22,116,Deaths,0.0,1.0
17037,Eswatini,2020-10-23,116,Deaths,0.0,1.0
17038,Eswatini,2020-10-24,116,Deaths,0.0,1.0
17039,Eswatini,2020-10-25,116,Deaths,0.0,0.0
17040,Eswatini,2020-10-26,116,Deaths,0.0,0.0
17041,Eswatini,2020-10-27,116,Deaths,0.0,0.0
17042,Eswatini,2020-10-28,116,Deaths,0.0,0.0
17043,Eswatini,2020-10-29,117,Deaths,1.0,1.0
17044,Eswatini,2020-10-30,117,Deaths,0.0,1.0
17045,Eswatini,2020-10-31,117,Deaths,0.0,1.0
17046,Eswatini,2020-11-01,117,Deaths,0.0,1.0
17047,Eswatini,2020-11-02,117,Deaths,0.0,1.0
17048,Eswatini,2020-11-03,117,Deaths,0.0,1.0
17049,Eswatini,2020-11-04,117,Deaths,0.0,1.0
17050,Eswatini,2020-11-05,117,Deaths,0.0,0.0
17051,Ethiopia,2020-01-22,0,Deaths,,
17052,Ethiopia,2020-01-23,0,Deaths,0.0,
17053,Ethiopia,2020-01-24,0,Deaths,0.0,
17054,Ethiopia,2020-01-25,0,Deaths,0.0,
17055,Ethiopia,2020-01-26,0,Deaths,0.0,
17056,Ethiopia,2020-01-27,0,Deaths,0.0,
17057,Ethiopia,2020-01-28,0,Deaths,0.0,
17058,Ethiopia,2020-01-29,0,Deaths,0.0,0.0
17059,Ethiopia,2020-01-30,0,Deaths,0.0,0.0
17060,Ethiopia,2020-01-31,0,Deaths,0.0,0.0
17061,Ethiopia,2020-02-01,0,Deaths,0.0,0.0
17062,Ethiopia,2020-02-02,0,Deaths,0.0,0.0
17063,Ethiopia,2020-02-03,0,Deaths,0.0,0.0
17064,Ethiopia,2020-02-04,0,Deaths,0.0,0.0
17065,Ethiopia,2020-02-05,0,Deaths,0.0,0.0
17066,Ethiopia,2020-02-06,0,Deaths,0.0,0.0
17067,Ethiopia,2020-02-07,0,Deaths,0.0,0.0
17068,Ethiopia,2020-02-08,0,Deaths,0.0,0.0
17069,Ethiopia,2020-02-09,0,Deaths,0.0,0.0
17070,Ethiopia,2020-02-10,0,Deaths,0.0,0.0
17071,Ethiopia,2020-02-11,0,Deaths,0.0,0.0
17072,Ethiopia,2020-02-12,0,Deaths,0.0,0.0
17073,Ethiopia,2020-02-13,0,Deaths,0.0,0.0
17074,Ethiopia,2020-02-14,0,Deaths,0.0,0.0
17075,Ethiopia,2020-02-15,0,Deaths,0.0,0.0
17076,Ethiopia,2020-02-16,0,Deaths,0.0,0.0
17077,Ethiopia,2020-02-17,0,Deaths,0.0,0.0
17078,Ethiopia,2020-02-18,0,Deaths,0.0,0.0
17079,Ethiopia,2020-02-19,0,Deaths,0.0,0.0
17080,Ethiopia,2020-02-20,0,Deaths,0.0,0.0
17081,Ethiopia,2020-02-21,0,Deaths,0.0,0.0
17082,Ethiopia,2020-02-22,0,Deaths,0.0,0.0
17083,Ethiopia,2020-02-23,0,Deaths,0.0,0.0
17084,Ethiopia,2020-02-24,0,Deaths,0.0,0.0
17085,Ethiopia,2020-02-25,0,Deaths,0.0,0.0
17086,Ethiopia,2020-02-26,0,Deaths,0.0,0.0
17087,Ethiopia,2020-02-27,0,Deaths,0.0,0.0
17088,Ethiopia,2020-02-28,0,Deaths,0.0,0.0
17089,Ethiopia,2020-02-29,0,Deaths,0.0,0.0
17090,Ethiopia,2020-03-01,0,Deaths,0.0,0.0
17091,Ethiopia,2020-03-02,0,Deaths,0.0,0.0
17092,Ethiopia,2020-03-03,0,Deaths,0.0,0.0
17093,Ethiopia,2020-03-04,0,Deaths,0.0,0.0
17094,Ethiopia,2020-03-05,0,Deaths,0.0,0.0
17095,Ethiopia,2020-03-06,0,Deaths,0.0,0.0
17096,Ethiopia,2020-03-07,0,Deaths,0.0,0.0
17097,Ethiopia,2020-03-08,0,Deaths,0.0,0.0
17098,Ethiopia,2020-03-09,0,Deaths,0.0,0.0
17099,Ethiopia,2020-03-10,0,Deaths,0.0,0.0
17100,Ethiopia,2020-03-11,0,Deaths,0.0,0.0
17101,Ethiopia,2020-03-12,0,Deaths,0.0,0.0
17102,Ethiopia,2020-03-13,0,Deaths,0.0,0.0
17103,Ethiopia,2020-03-14,0,Deaths,0.0,0.0
17104,Ethiopia,2020-03-15,0,Deaths,0.0,0.0
17105,Ethiopia,2020-03-16,0,Deaths,0.0,0.0
17106,Ethiopia,2020-03-17,0,Deaths,0.0,0.0
17107,Ethiopia,2020-03-18,0,Deaths,0.0,0.0
17108,Ethiopia,2020-03-19,0,Deaths,0.0,0.0
17109,Ethiopia,2020-03-20,0,Deaths,0.0,0.0
17110,Ethiopia,2020-03-21,0,Deaths,0.0,0.0
17111,Ethiopia,2020-03-22,0,Deaths,0.0,0.0
17112,Ethiopia,2020-03-23,0,Deaths,0.0,0.0
17113,Ethiopia,2020-03-24,0,Deaths,0.0,0.0
17114,Ethiopia,2020-03-25,0,Deaths,0.0,0.0
17115,Ethiopia,2020-03-26,0,Deaths,0.0,0.0
17116,Ethiopia,2020-03-27,0,Deaths,0.0,0.0
17117,Ethiopia,2020-03-28,0,Deaths,0.0,0.0
17118,Ethiopia,2020-03-29,0,Deaths,0.0,0.0
17119,Ethiopia,2020-03-30,0,Deaths,0.0,0.0
17120,Ethiopia,2020-03-31,0,Deaths,0.0,0.0
17121,Ethiopia,2020-04-01,0,Deaths,0.0,0.0
17122,Ethiopia,2020-04-02,0,Deaths,0.0,0.0
17123,Ethiopia,2020-04-03,0,Deaths,0.0,0.0
17124,Ethiopia,2020-04-04,0,Deaths,0.0,0.0
17125,Ethiopia,2020-04-05,2,Deaths,2.0,2.0
17126,Ethiopia,2020-04-06,2,Deaths,0.0,2.0
17127,Ethiopia,2020-04-07,2,Deaths,0.0,2.0
17128,Ethiopia,2020-04-08,2,Deaths,0.0,2.0
17129,Ethiopia,2020-04-09,2,Deaths,0.0,2.0
17130,Ethiopia,2020-04-10,3,Deaths,1.0,3.0
17131,Ethiopia,2020-04-11,3,Deaths,0.0,3.0
17132,Ethiopia,2020-04-12,3,Deaths,0.0,1.0
17133,Ethiopia,2020-04-13,3,Deaths,0.0,1.0
17134,Ethiopia,2020-04-14,3,Deaths,0.0,1.0
17135,Ethiopia,2020-04-15,3,Deaths,0.0,1.0
17136,Ethiopia,2020-04-16,3,Deaths,0.0,1.0
17137,Ethiopia,2020-04-17,3,Deaths,0.0,0.0
17138,Ethiopia,2020-04-18,3,Deaths,0.0,0.0
17139,Ethiopia,2020-04-19,3,Deaths,0.0,0.0
17140,Ethiopia,2020-04-20,3,Deaths,0.0,0.0
17141,Ethiopia,2020-04-21,3,Deaths,0.0,0.0
17142,Ethiopia,2020-04-22,3,Deaths,0.0,0.0
17143,Ethiopia,2020-04-23,3,Deaths,0.0,0.0
17144,Ethiopia,2020-04-24,3,Deaths,0.0,0.0
17145,Ethiopia,2020-04-25,3,Deaths,0.0,0.0
17146,Ethiopia,2020-04-26,3,Deaths,0.0,0.0
17147,Ethiopia,2020-04-27,3,Deaths,0.0,0.0
17148,Ethiopia,2020-04-28,3,Deaths,0.0,0.0
17149,Ethiopia,2020-04-29,3,Deaths,0.0,0.0
17150,Ethiopia,2020-04-30,3,Deaths,0.0,0.0
17151,Ethiopia,2020-05-01,3,Deaths,0.0,0.0
17152,Ethiopia,2020-05-02,3,Deaths,0.0,0.0
17153,Ethiopia,2020-05-03,3,Deaths,0.0,0.0
17154,Ethiopia,2020-05-04,3,Deaths,0.0,0.0
17155,Ethiopia,2020-05-05,4,Deaths,1.0,1.0
17156,Ethiopia,2020-05-06,4,Deaths,0.0,1.0
17157,Ethiopia,2020-05-07,4,Deaths,0.0,1.0
17158,Ethiopia,2020-05-08,4,Deaths,0.0,1.0
17159,Ethiopia,2020-05-09,5,Deaths,1.0,2.0
17160,Ethiopia,2020-05-10,5,Deaths,0.0,2.0
17161,Ethiopia,2020-05-11,5,Deaths,0.0,2.0
17162,Ethiopia,2020-05-12,5,Deaths,0.0,1.0
17163,Ethiopia,2020-05-13,5,Deaths,0.0,1.0
17164,Ethiopia,2020-05-14,5,Deaths,0.0,1.0
17165,Ethiopia,2020-05-15,5,Deaths,0.0,1.0
17166,Ethiopia,2020-05-16,5,Deaths,0.0,0.0
17167,Ethiopia,2020-05-17,5,Deaths,0.0,0.0
17168,Ethiopia,2020-05-18,5,Deaths,0.0,0.0
17169,Ethiopia,2020-05-19,5,Deaths,0.0,0.0
17170,Ethiopia,2020-05-20,5,Deaths,0.0,0.0
17171,Ethiopia,2020-05-21,5,Deaths,0.0,0.0
17172,Ethiopia,2020-05-22,5,Deaths,0.0,0.0
17173,Ethiopia,2020-05-23,5,Deaths,0.0,0.0
17174,Ethiopia,2020-05-24,5,Deaths,0.0,0.0
17175,Ethiopia,2020-05-25,5,Deaths,0.0,0.0
17176,Ethiopia,2020-05-26,6,Deaths,1.0,1.0
17177,Ethiopia,2020-05-27,6,Deaths,0.0,1.0
17178,Ethiopia,2020-05-28,7,Deaths,1.0,2.0
17179,Ethiopia,2020-05-29,8,Deaths,1.0,3.0
17180,Ethiopia,2020-05-30,8,Deaths,0.0,3.0
17181,Ethiopia,2020-05-31,11,Deaths,3.0,6.0
17182,Ethiopia,2020-06-01,12,Deaths,1.0,7.0
17183,Ethiopia,2020-06-02,14,Deaths,2.0,8.0
17184,Ethiopia,2020-06-03,17,Deaths,3.0,11.0
17185,Ethiopia,2020-06-04,18,Deaths,1.0,11.0
17186,Ethiopia,2020-06-05,19,Deaths,1.0,11.0
17187,Ethiopia,2020-06-06,20,Deaths,1.0,12.0
17188,Ethiopia,2020-06-07,27,Deaths,7.0,16.0
17189,Ethiopia,2020-06-08,27,Deaths,0.0,15.0
17190,Ethiopia,2020-06-09,32,Deaths,5.0,18.0
17191,Ethiopia,2020-06-10,35,Deaths,3.0,18.0
17192,Ethiopia,2020-06-11,40,Deaths,5.0,22.0
17193,Ethiopia,2020-06-12,47,Deaths,7.0,28.0
17194,Ethiopia,2020-06-13,55,Deaths,8.0,35.0
17195,Ethiopia,2020-06-14,57,Deaths,2.0,30.0
17196,Ethiopia,2020-06-15,60,Deaths,3.0,33.0
17197,Ethiopia,2020-06-16,61,Deaths,1.0,29.0
17198,Ethiopia,2020-06-17,63,Deaths,2.0,28.0
17199,Ethiopia,2020-06-18,65,Deaths,2.0,25.0
17200,Ethiopia,2020-06-19,72,Deaths,7.0,25.0
17201,Ethiopia,2020-06-20,72,Deaths,0.0,17.0
17202,Ethiopia,2020-06-21,74,Deaths,2.0,17.0
17203,Ethiopia,2020-06-22,75,Deaths,1.0,15.0
17204,Ethiopia,2020-06-23,75,Deaths,0.0,14.0
17205,Ethiopia,2020-06-24,78,Deaths,3.0,15.0
17206,Ethiopia,2020-06-25,81,Deaths,3.0,16.0
17207,Ethiopia,2020-06-26,89,Deaths,8.0,17.0
17208,Ethiopia,2020-06-27,94,Deaths,5.0,22.0
17209,Ethiopia,2020-06-28,98,Deaths,4.0,24.0
17210,Ethiopia,2020-06-29,103,Deaths,5.0,28.0
17211,Ethiopia,2020-06-30,103,Deaths,0.0,28.0
17212,Ethiopia,2020-07-01,103,Deaths,0.0,25.0
17213,Ethiopia,2020-07-02,103,Deaths,0.0,22.0
17214,Ethiopia,2020-07-03,103,Deaths,0.0,14.0
17215,Ethiopia,2020-07-04,103,Deaths,0.0,9.0
17216,Ethiopia,2020-07-05,103,Deaths,0.0,5.0
17217,Ethiopia,2020-07-06,103,Deaths,0.0,0.0
17218,Ethiopia,2020-07-07,103,Deaths,0.0,0.0
17219,Ethiopia,2020-07-08,120,Deaths,17.0,17.0
17220,Ethiopia,2020-07-09,120,Deaths,0.0,17.0
17221,Ethiopia,2020-07-10,124,Deaths,4.0,21.0
17222,Ethiopia,2020-07-11,124,Deaths,0.0,21.0
17223,Ethiopia,2020-07-12,127,Deaths,3.0,24.0
17224,Ethiopia,2020-07-13,128,Deaths,1.0,25.0
17225,Ethiopia,2020-07-14,139,Deaths,11.0,36.0
17226,Ethiopia,2020-07-15,146,Deaths,7.0,26.0
17227,Ethiopia,2020-07-16,148,Deaths,2.0,28.0
17228,Ethiopia,2020-07-17,150,Deaths,2.0,26.0
17229,Ethiopia,2020-07-18,163,Deaths,13.0,39.0
17230,Ethiopia,2020-07-19,167,Deaths,4.0,40.0
17231,Ethiopia,2020-07-20,170,Deaths,3.0,42.0
17232,Ethiopia,2020-07-21,180,Deaths,10.0,41.0
17233,Ethiopia,2020-07-22,188,Deaths,8.0,42.0
17234,Ethiopia,2020-07-23,197,Deaths,9.0,49.0
17235,Ethiopia,2020-07-24,200,Deaths,3.0,50.0
17236,Ethiopia,2020-07-25,209,Deaths,9.0,46.0
17237,Ethiopia,2020-07-26,223,Deaths,14.0,56.0
17238,Ethiopia,2020-07-27,228,Deaths,5.0,58.0
17239,Ethiopia,2020-07-28,239,Deaths,11.0,59.0
17240,Ethiopia,2020-07-29,253,Deaths,14.0,65.0
17241,Ethiopia,2020-07-30,263,Deaths,10.0,66.0
17242,Ethiopia,2020-07-31,274,Deaths,11.0,74.0
17243,Ethiopia,2020-08-01,284,Deaths,10.0,75.0
17244,Ethiopia,2020-08-02,310,Deaths,26.0,87.0
17245,Ethiopia,2020-08-03,336,Deaths,26.0,108.0
17246,Ethiopia,2020-08-04,343,Deaths,7.0,104.0
17247,Ethiopia,2020-08-05,356,Deaths,13.0,103.0
17248,Ethiopia,2020-08-06,365,Deaths,9.0,102.0
17249,Ethiopia,2020-08-07,380,Deaths,15.0,106.0
17250,Ethiopia,2020-08-08,390,Deaths,10.0,106.0
17251,Ethiopia,2020-08-09,407,Deaths,17.0,97.0
17252,Ethiopia,2020-08-10,420,Deaths,13.0,84.0
17253,Ethiopia,2020-08-11,440,Deaths,20.0,97.0
17254,Ethiopia,2020-08-12,463,Deaths,23.0,107.0
17255,Ethiopia,2020-08-13,479,Deaths,16.0,114.0
17256,Ethiopia,2020-08-14,492,Deaths,13.0,112.0
17257,Ethiopia,2020-08-15,509,Deaths,17.0,119.0
17258,Ethiopia,2020-08-16,528,Deaths,19.0,121.0
17259,Ethiopia,2020-08-17,544,Deaths,16.0,124.0
17260,Ethiopia,2020-08-18,572,Deaths,28.0,132.0
17261,Ethiopia,2020-08-19,600,Deaths,28.0,137.0
17262,Ethiopia,2020-08-20,620,Deaths,20.0,141.0
17263,Ethiopia,2020-08-21,637,Deaths,17.0,145.0
17264,Ethiopia,2020-08-22,662,Deaths,25.0,153.0
17265,Ethiopia,2020-08-23,678,Deaths,16.0,150.0
17266,Ethiopia,2020-08-24,692,Deaths,14.0,148.0
17267,Ethiopia,2020-08-25,709,Deaths,17.0,137.0
17268,Ethiopia,2020-08-26,725,Deaths,16.0,125.0
17269,Ethiopia,2020-08-27,745,Deaths,20.0,125.0
17270,Ethiopia,2020-08-28,758,Deaths,13.0,121.0
17271,Ethiopia,2020-08-29,770,Deaths,12.0,108.0
17272,Ethiopia,2020-08-30,793,Deaths,23.0,115.0
17273,Ethiopia,2020-08-31,809,Deaths,16.0,117.0
17274,Ethiopia,2020-09-01,828,Deaths,19.0,119.0
17275,Ethiopia,2020-09-02,846,Deaths,18.0,121.0
17276,Ethiopia,2020-09-03,856,Deaths,10.0,111.0
17277,Ethiopia,2020-09-04,880,Deaths,24.0,122.0
17278,Ethiopia,2020-09-05,897,Deaths,17.0,127.0
17279,Ethiopia,2020-09-06,918,Deaths,21.0,125.0
17280,Ethiopia,2020-09-07,933,Deaths,15.0,124.0
17281,Ethiopia,2020-09-08,949,Deaths,16.0,121.0
17282,Ethiopia,2020-09-09,966,Deaths,17.0,120.0
17283,Ethiopia,2020-09-10,974,Deaths,8.0,118.0
17284,Ethiopia,2020-09-11,986,Deaths,12.0,106.0
17285,Ethiopia,2020-09-12,996,Deaths,10.0,99.0
17286,Ethiopia,2020-09-13,1013,Deaths,17.0,95.0
17287,Ethiopia,2020-09-14,1022,Deaths,9.0,89.0
17288,Ethiopia,2020-09-15,1035,Deaths,13.0,86.0
17289,Ethiopia,2020-09-16,1045,Deaths,10.0,79.0
17290,Ethiopia,2020-09-17,1060,Deaths,15.0,86.0
17291,Ethiopia,2020-09-18,1072,Deaths,12.0,86.0
17292,Ethiopia,2020-09-19,1089,Deaths,17.0,93.0
17293,Ethiopia,2020-09-20,1096,Deaths,7.0,83.0
17294,Ethiopia,2020-09-21,1108,Deaths,12.0,86.0
17295,Ethiopia,2020-09-22,1127,Deaths,19.0,92.0
17296,Ethiopia,2020-09-23,1141,Deaths,14.0,96.0
17297,Ethiopia,2020-09-24,1148,Deaths,7.0,88.0
17298,Ethiopia,2020-09-25,1155,Deaths,7.0,83.0
17299,Ethiopia,2020-09-26,1165,Deaths,10.0,76.0
17300,Ethiopia,2020-09-27,1170,Deaths,5.0,74.0
17301,Ethiopia,2020-09-28,1177,Deaths,7.0,69.0
17302,Ethiopia,2020-09-29,1191,Deaths,14.0,64.0
17303,Ethiopia,2020-09-30,1198,Deaths,7.0,57.0
17304,Ethiopia,2020-10-01,1205,Deaths,7.0,57.0
17305,Ethiopia,2020-10-02,1208,Deaths,3.0,53.0
17306,Ethiopia,2020-10-03,1214,Deaths,6.0,49.0
17307,Ethiopia,2020-10-04,1222,Deaths,8.0,52.0
17308,Ethiopia,2020-10-05,1230,Deaths,8.0,53.0
17309,Ethiopia,2020-10-06,1238,Deaths,8.0,47.0
17310,Ethiopia,2020-10-07,1255,Deaths,17.0,57.0
17311,Ethiopia,2020-10-08,1262,Deaths,7.0,57.0
17312,Ethiopia,2020-10-09,1271,Deaths,9.0,63.0
17313,Ethiopia,2020-10-10,1277,Deaths,6.0,63.0
17314,Ethiopia,2020-10-11,1287,Deaths,10.0,65.0
17315,Ethiopia,2020-10-12,1301,Deaths,14.0,71.0
17316,Ethiopia,2020-10-13,1305,Deaths,4.0,67.0
17317,Ethiopia,2020-10-14,1312,Deaths,7.0,57.0
17318,Ethiopia,2020-10-15,1325,Deaths,13.0,63.0
17319,Ethiopia,2020-10-16,1337,Deaths,12.0,66.0
17320,Ethiopia,2020-10-17,1346,Deaths,9.0,69.0
17321,Ethiopia,2020-10-18,1352,Deaths,6.0,65.0
17322,Ethiopia,2020-10-19,1365,Deaths,13.0,64.0
17323,Ethiopia,2020-10-20,1371,Deaths,6.0,66.0
17324,Ethiopia,2020-10-21,1384,Deaths,13.0,72.0
17325,Ethiopia,2020-10-22,1396,Deaths,12.0,71.0
17326,Ethiopia,2020-10-23,1400,Deaths,4.0,63.0
17327,Ethiopia,2020-10-24,1419,Deaths,19.0,73.0
17328,Ethiopia,2020-10-25,1426,Deaths,7.0,74.0
17329,Ethiopia,2020-10-26,1437,Deaths,11.0,72.0
17330,Ethiopia,2020-10-27,1445,Deaths,8.0,74.0
17331,Ethiopia,2020-10-28,1451,Deaths,6.0,67.0
17332,Ethiopia,2020-10-29,1457,Deaths,6.0,61.0
17333,Ethiopia,2020-10-30,1464,Deaths,7.0,64.0
17334,Ethiopia,2020-10-31,1469,Deaths,5.0,50.0
17335,Ethiopia,2020-11-01,1478,Deaths,9.0,52.0
17336,Ethiopia,2020-11-02,1489,Deaths,11.0,52.0
17337,Ethiopia,2020-11-03,1494,Deaths,5.0,49.0
17338,Ethiopia,2020-11-04,1503,Deaths,9.0,52.0
17339,Ethiopia,2020-11-05,1508,Deaths,5.0,51.0
17340,Fiji,2020-01-22,0,Deaths,,
17341,Fiji,2020-01-23,0,Deaths,0.0,
17342,Fiji,2020-01-24,0,Deaths,0.0,
17343,Fiji,2020-01-25,0,Deaths,0.0,
17344,Fiji,2020-01-26,0,Deaths,0.0,
17345,Fiji,2020-01-27,0,Deaths,0.0,
17346,Fiji,2020-01-28,0,Deaths,0.0,
17347,Fiji,2020-01-29,0,Deaths,0.0,0.0
17348,Fiji,2020-01-30,0,Deaths,0.0,0.0
17349,Fiji,2020-01-31,0,Deaths,0.0,0.0
17350,Fiji,2020-02-01,0,Deaths,0.0,0.0
17351,Fiji,2020-02-02,0,Deaths,0.0,0.0
17352,Fiji,2020-02-03,0,Deaths,0.0,0.0
17353,Fiji,2020-02-04,0,Deaths,0.0,0.0
17354,Fiji,2020-02-05,0,Deaths,0.0,0.0
17355,Fiji,2020-02-06,0,Deaths,0.0,0.0
17356,Fiji,2020-02-07,0,Deaths,0.0,0.0
17357,Fiji,2020-02-08,0,Deaths,0.0,0.0
17358,Fiji,2020-02-09,0,Deaths,0.0,0.0
17359,Fiji,2020-02-10,0,Deaths,0.0,0.0
17360,Fiji,2020-02-11,0,Deaths,0.0,0.0
17361,Fiji,2020-02-12,0,Deaths,0.0,0.0
17362,Fiji,2020-02-13,0,Deaths,0.0,0.0
17363,Fiji,2020-02-14,0,Deaths,0.0,0.0
17364,Fiji,2020-02-15,0,Deaths,0.0,0.0
17365,Fiji,2020-02-16,0,Deaths,0.0,0.0
17366,Fiji,2020-02-17,0,Deaths,0.0,0.0
17367,Fiji,2020-02-18,0,Deaths,0.0,0.0
17368,Fiji,2020-02-19,0,Deaths,0.0,0.0
17369,Fiji,2020-02-20,0,Deaths,0.0,0.0
17370,Fiji,2020-02-21,0,Deaths,0.0,0.0
17371,Fiji,2020-02-22,0,Deaths,0.0,0.0
17372,Fiji,2020-02-23,0,Deaths,0.0,0.0
17373,Fiji,2020-02-24,0,Deaths,0.0,0.0
17374,Fiji,2020-02-25,0,Deaths,0.0,0.0
17375,Fiji,2020-02-26,0,Deaths,0.0,0.0
17376,Fiji,2020-02-27,0,Deaths,0.0,0.0
17377,Fiji,2020-02-28,0,Deaths,0.0,0.0
17378,Fiji,2020-02-29,0,Deaths,0.0,0.0
17379,Fiji,2020-03-01,0,Deaths,0.0,0.0
17380,Fiji,2020-03-02,0,Deaths,0.0,0.0
17381,Fiji,2020-03-03,0,Deaths,0.0,0.0
17382,Fiji,2020-03-04,0,Deaths,0.0,0.0
17383,Fiji,2020-03-05,0,Deaths,0.0,0.0
17384,Fiji,2020-03-06,0,Deaths,0.0,0.0
17385,Fiji,2020-03-07,0,Deaths,0.0,0.0
17386,Fiji,2020-03-08,0,Deaths,0.0,0.0
17387,Fiji,2020-03-09,0,Deaths,0.0,0.0
17388,Fiji,2020-03-10,0,Deaths,0.0,0.0
17389,Fiji,2020-03-11,0,Deaths,0.0,0.0
17390,Fiji,2020-03-12,0,Deaths,0.0,0.0
17391,Fiji,2020-03-13,0,Deaths,0.0,0.0
17392,Fiji,2020-03-14,0,Deaths,0.0,0.0
17393,Fiji,2020-03-15,0,Deaths,0.0,0.0
17394,Fiji,2020-03-16,0,Deaths,0.0,0.0
17395,Fiji,2020-03-17,0,Deaths,0.0,0.0
17396,Fiji,2020-03-18,0,Deaths,0.0,0.0
17397,Fiji,2020-03-19,0,Deaths,0.0,0.0
17398,Fiji,2020-03-20,0,Deaths,0.0,0.0
17399,Fiji,2020-03-21,0,Deaths,0.0,0.0
17400,Fiji,2020-03-22,0,Deaths,0.0,0.0
17401,Fiji,2020-03-23,0,Deaths,0.0,0.0
17402,Fiji,2020-03-24,0,Deaths,0.0,0.0
17403,Fiji,2020-03-25,0,Deaths,0.0,0.0
17404,Fiji,2020-03-26,0,Deaths,0.0,0.0
17405,Fiji,2020-03-27,0,Deaths,0.0,0.0
17406,Fiji,2020-03-28,0,Deaths,0.0,0.0
17407,Fiji,2020-03-29,0,Deaths,0.0,0.0
17408,Fiji,2020-03-30,0,Deaths,0.0,0.0
17409,Fiji,2020-03-31,0,Deaths,0.0,0.0
17410,Fiji,2020-04-01,0,Deaths,0.0,0.0
17411,Fiji,2020-04-02,0,Deaths,0.0,0.0
17412,Fiji,2020-04-03,0,Deaths,0.0,0.0
17413,Fiji,2020-04-04,0,Deaths,0.0,0.0
17414,Fiji,2020-04-05,0,Deaths,0.0,0.0
17415,Fiji,2020-04-06,0,Deaths,0.0,0.0
17416,Fiji,2020-04-07,0,Deaths,0.0,0.0
17417,Fiji,2020-04-08,0,Deaths,0.0,0.0
17418,Fiji,2020-04-09,0,Deaths,0.0,0.0
17419,Fiji,2020-04-10,0,Deaths,0.0,0.0
17420,Fiji,2020-04-11,0,Deaths,0.0,0.0
17421,Fiji,2020-04-12,0,Deaths,0.0,0.0
17422,Fiji,2020-04-13,0,Deaths,0.0,0.0
17423,Fiji,2020-04-14,0,Deaths,0.0,0.0
17424,Fiji,2020-04-15,0,Deaths,0.0,0.0
17425,Fiji,2020-04-16,0,Deaths,0.0,0.0
17426,Fiji,2020-04-17,0,Deaths,0.0,0.0
17427,Fiji,2020-04-18,0,Deaths,0.0,0.0
17428,Fiji,2020-04-19,0,Deaths,0.0,0.0
17429,Fiji,2020-04-20,0,Deaths,0.0,0.0
17430,Fiji,2020-04-21,0,Deaths,0.0,0.0
17431,Fiji,2020-04-22,0,Deaths,0.0,0.0
17432,Fiji,2020-04-23,0,Deaths,0.0,0.0
17433,Fiji,2020-04-24,0,Deaths,0.0,0.0
17434,Fiji,2020-04-25,0,Deaths,0.0,0.0
17435,Fiji,2020-04-26,0,Deaths,0.0,0.0
17436,Fiji,2020-04-27,0,Deaths,0.0,0.0
17437,Fiji,2020-04-28,0,Deaths,0.0,0.0
17438,Fiji,2020-04-29,0,Deaths,0.0,0.0
17439,Fiji,2020-04-30,0,Deaths,0.0,0.0
17440,Fiji,2020-05-01,0,Deaths,0.0,0.0
17441,Fiji,2020-05-02,0,Deaths,0.0,0.0
17442,Fiji,2020-05-03,0,Deaths,0.0,0.0
17443,Fiji,2020-05-04,0,Deaths,0.0,0.0
17444,Fiji,2020-05-05,0,Deaths,0.0,0.0
17445,Fiji,2020-05-06,0,Deaths,0.0,0.0
17446,Fiji,2020-05-07,0,Deaths,0.0,0.0
17447,Fiji,2020-05-08,0,Deaths,0.0,0.0
17448,Fiji,2020-05-09,0,Deaths,0.0,0.0
17449,Fiji,2020-05-10,0,Deaths,0.0,0.0
17450,Fiji,2020-05-11,0,Deaths,0.0,0.0
17451,Fiji,2020-05-12,0,Deaths,0.0,0.0
17452,Fiji,2020-05-13,0,Deaths,0.0,0.0
17453,Fiji,2020-05-14,0,Deaths,0.0,0.0
17454,Fiji,2020-05-15,0,Deaths,0.0,0.0
17455,Fiji,2020-05-16,0,Deaths,0.0,0.0
17456,Fiji,2020-05-17,0,Deaths,0.0,0.0
17457,Fiji,2020-05-18,0,Deaths,0.0,0.0
17458,Fiji,2020-05-19,0,Deaths,0.0,0.0
17459,Fiji,2020-05-20,0,Deaths,0.0,0.0
17460,Fiji,2020-05-21,0,Deaths,0.0,0.0
17461,Fiji,2020-05-22,0,Deaths,0.0,0.0
17462,Fiji,2020-05-23,0,Deaths,0.0,0.0
17463,Fiji,2020-05-24,0,Deaths,0.0,0.0
17464,Fiji,2020-05-25,0,Deaths,0.0,0.0
17465,Fiji,2020-05-26,0,Deaths,0.0,0.0
17466,Fiji,2020-05-27,0,Deaths,0.0,0.0
17467,Fiji,2020-05-28,0,Deaths,0.0,0.0
17468,Fiji,2020-05-29,0,Deaths,0.0,0.0
17469,Fiji,2020-05-30,0,Deaths,0.0,0.0
17470,Fiji,2020-05-31,0,Deaths,0.0,0.0
17471,Fiji,2020-06-01,0,Deaths,0.0,0.0
17472,Fiji,2020-06-02,0,Deaths,0.0,0.0
17473,Fiji,2020-06-03,0,Deaths,0.0,0.0
17474,Fiji,2020-06-04,0,Deaths,0.0,0.0
17475,Fiji,2020-06-05,0,Deaths,0.0,0.0
17476,Fiji,2020-06-06,0,Deaths,0.0,0.0
17477,Fiji,2020-06-07,0,Deaths,0.0,0.0
17478,Fiji,2020-06-08,0,Deaths,0.0,0.0
17479,Fiji,2020-06-09,0,Deaths,0.0,0.0
17480,Fiji,2020-06-10,0,Deaths,0.0,0.0
17481,Fiji,2020-06-11,0,Deaths,0.0,0.0
17482,Fiji,2020-06-12,0,Deaths,0.0,0.0
17483,Fiji,2020-06-13,0,Deaths,0.0,0.0
17484,Fiji,2020-06-14,0,Deaths,0.0,0.0
17485,Fiji,2020-06-15,0,Deaths,0.0,0.0
17486,Fiji,2020-06-16,0,Deaths,0.0,0.0
17487,Fiji,2020-06-17,0,Deaths,0.0,0.0
17488,Fiji,2020-06-18,0,Deaths,0.0,0.0
17489,Fiji,2020-06-19,0,Deaths,0.0,0.0
17490,Fiji,2020-06-20,0,Deaths,0.0,0.0
17491,Fiji,2020-06-21,0,Deaths,0.0,0.0
17492,Fiji,2020-06-22,0,Deaths,0.0,0.0
17493,Fiji,2020-06-23,0,Deaths,0.0,0.0
17494,Fiji,2020-06-24,0,Deaths,0.0,0.0
17495,Fiji,2020-06-25,0,Deaths,0.0,0.0
17496,Fiji,2020-06-26,0,Deaths,0.0,0.0
17497,Fiji,2020-06-27,0,Deaths,0.0,0.0
17498,Fiji,2020-06-28,0,Deaths,0.0,0.0
17499,Fiji,2020-06-29,0,Deaths,0.0,0.0
17500,Fiji,2020-06-30,0,Deaths,0.0,0.0
17501,Fiji,2020-07-01,0,Deaths,0.0,0.0
17502,Fiji,2020-07-02,0,Deaths,0.0,0.0
17503,Fiji,2020-07-03,0,Deaths,0.0,0.0
17504,Fiji,2020-07-04,0,Deaths,0.0,0.0
17505,Fiji,2020-07-05,0,Deaths,0.0,0.0
17506,Fiji,2020-07-06,0,Deaths,0.0,0.0
17507,Fiji,2020-07-07,0,Deaths,0.0,0.0
17508,Fiji,2020-07-08,0,Deaths,0.0,0.0
17509,Fiji,2020-07-09,0,Deaths,0.0,0.0
17510,Fiji,2020-07-10,0,Deaths,0.0,0.0
17511,Fiji,2020-07-11,0,Deaths,0.0,0.0
17512,Fiji,2020-07-12,0,Deaths,0.0,0.0
17513,Fiji,2020-07-13,0,Deaths,0.0,0.0
17514,Fiji,2020-07-14,0,Deaths,0.0,0.0
17515,Fiji,2020-07-15,0,Deaths,0.0,0.0
17516,Fiji,2020-07-16,0,Deaths,0.0,0.0
17517,Fiji,2020-07-17,0,Deaths,0.0,0.0
17518,Fiji,2020-07-18,0,Deaths,0.0,0.0
17519,Fiji,2020-07-19,0,Deaths,0.0,0.0
17520,Fiji,2020-07-20,0,Deaths,0.0,0.0
17521,Fiji,2020-07-21,0,Deaths,0.0,0.0
17522,Fiji,2020-07-22,0,Deaths,0.0,0.0
17523,Fiji,2020-07-23,0,Deaths,0.0,0.0
17524,Fiji,2020-07-24,0,Deaths,0.0,0.0
17525,Fiji,2020-07-25,0,Deaths,0.0,0.0
17526,Fiji,2020-07-26,0,Deaths,0.0,0.0
17527,Fiji,2020-07-27,0,Deaths,0.0,0.0
17528,Fiji,2020-07-28,0,Deaths,0.0,0.0
17529,Fiji,2020-07-29,0,Deaths,0.0,0.0
17530,Fiji,2020-07-30,0,Deaths,0.0,0.0
17531,Fiji,2020-07-31,1,Deaths,1.0,1.0
17532,Fiji,2020-08-01,1,Deaths,0.0,1.0
17533,Fiji,2020-08-02,1,Deaths,0.0,1.0
17534,Fiji,2020-08-03,1,Deaths,0.0,1.0
17535,Fiji,2020-08-04,1,Deaths,0.0,1.0
17536,Fiji,2020-08-05,1,Deaths,0.0,1.0
17537,Fiji,2020-08-06,1,Deaths,0.0,1.0
17538,Fiji,2020-08-07,1,Deaths,0.0,0.0
17539,Fiji,2020-08-08,1,Deaths,0.0,0.0
17540,Fiji,2020-08-09,1,Deaths,0.0,0.0
17541,Fiji,2020-08-10,1,Deaths,0.0,0.0
17542,Fiji,2020-08-11,1,Deaths,0.0,0.0
17543,Fiji,2020-08-12,1,Deaths,0.0,0.0
17544,Fiji,2020-08-13,1,Deaths,0.0,0.0
17545,Fiji,2020-08-14,1,Deaths,0.0,0.0
17546,Fiji,2020-08-15,1,Deaths,0.0,0.0
17547,Fiji,2020-08-16,1,Deaths,0.0,0.0
17548,Fiji,2020-08-17,1,Deaths,0.0,0.0
17549,Fiji,2020-08-18,1,Deaths,0.0,0.0
17550,Fiji,2020-08-19,1,Deaths,0.0,0.0
17551,Fiji,2020-08-20,1,Deaths,0.0,0.0
17552,Fiji,2020-08-21,1,Deaths,0.0,0.0
17553,Fiji,2020-08-22,1,Deaths,0.0,0.0
17554,Fiji,2020-08-23,1,Deaths,0.0,0.0
17555,Fiji,2020-08-24,1,Deaths,0.0,0.0
17556,Fiji,2020-08-25,1,Deaths,0.0,0.0
17557,Fiji,2020-08-26,1,Deaths,0.0,0.0
17558,Fiji,2020-08-27,2,Deaths,1.0,1.0
17559,Fiji,2020-08-28,2,Deaths,0.0,1.0
17560,Fiji,2020-08-29,2,Deaths,0.0,1.0
17561,Fiji,2020-08-30,2,Deaths,0.0,1.0
17562,Fiji,2020-08-31,2,Deaths,0.0,1.0
17563,Fiji,2020-09-01,2,Deaths,0.0,1.0
17564,Fiji,2020-09-02,2,Deaths,0.0,1.0
17565,Fiji,2020-09-03,2,Deaths,0.0,0.0
17566,Fiji,2020-09-04,2,Deaths,0.0,0.0
17567,Fiji,2020-09-05,2,Deaths,0.0,0.0
17568,Fiji,2020-09-06,2,Deaths,0.0,0.0
17569,Fiji,2020-09-07,2,Deaths,0.0,0.0
17570,Fiji,2020-09-08,2,Deaths,0.0,0.0
17571,Fiji,2020-09-09,2,Deaths,0.0,0.0
17572,Fiji,2020-09-10,2,Deaths,0.0,0.0
17573,Fiji,2020-09-11,2,Deaths,0.0,0.0
17574,Fiji,2020-09-12,2,Deaths,0.0,0.0
17575,Fiji,2020-09-13,2,Deaths,0.0,0.0
17576,Fiji,2020-09-14,2,Deaths,0.0,0.0
17577,Fiji,2020-09-15,2,Deaths,0.0,0.0
17578,Fiji,2020-09-16,2,Deaths,0.0,0.0
17579,Fiji,2020-09-17,2,Deaths,0.0,0.0
17580,Fiji,2020-09-18,2,Deaths,0.0,0.0
17581,Fiji,2020-09-19,2,Deaths,0.0,0.0
17582,Fiji,2020-09-20,2,Deaths,0.0,0.0
17583,Fiji,2020-09-21,2,Deaths,0.0,0.0
17584,Fiji,2020-09-22,2,Deaths,0.0,0.0
17585,Fiji,2020-09-23,2,Deaths,0.0,0.0
17586,Fiji,2020-09-24,2,Deaths,0.0,0.0
17587,Fiji,2020-09-25,2,Deaths,0.0,0.0
17588,Fiji,2020-09-26,2,Deaths,0.0,0.0
17589,Fiji,2020-09-27,2,Deaths,0.0,0.0
17590,Fiji,2020-09-28,2,Deaths,0.0,0.0
17591,Fiji,2020-09-29,2,Deaths,0.0,0.0
17592,Fiji,2020-09-30,2,Deaths,0.0,0.0
17593,Fiji,2020-10-01,2,Deaths,0.0,0.0
17594,Fiji,2020-10-02,2,Deaths,0.0,0.0
17595,Fiji,2020-10-03,2,Deaths,0.0,0.0
17596,Fiji,2020-10-04,2,Deaths,0.0,0.0
17597,Fiji,2020-10-05,2,Deaths,0.0,0.0
17598,Fiji,2020-10-06,2,Deaths,0.0,0.0
17599,Fiji,2020-10-07,2,Deaths,0.0,0.0
17600,Fiji,2020-10-08,2,Deaths,0.0,0.0
17601,Fiji,2020-10-09,2,Deaths,0.0,0.0
17602,Fiji,2020-10-10,2,Deaths,0.0,0.0
17603,Fiji,2020-10-11,2,Deaths,0.0,0.0
17604,Fiji,2020-10-12,2,Deaths,0.0,0.0
17605,Fiji,2020-10-13,2,Deaths,0.0,0.0
17606,Fiji,2020-10-14,2,Deaths,0.0,0.0
17607,Fiji,2020-10-15,2,Deaths,0.0,0.0
17608,Fiji,2020-10-16,2,Deaths,0.0,0.0
17609,Fiji,2020-10-17,2,Deaths,0.0,0.0
17610,Fiji,2020-10-18,2,Deaths,0.0,0.0
17611,Fiji,2020-10-19,2,Deaths,0.0,0.0
17612,Fiji,2020-10-20,2,Deaths,0.0,0.0
17613,Fiji,2020-10-21,2,Deaths,0.0,0.0
17614,Fiji,2020-10-22,2,Deaths,0.0,0.0
17615,Fiji,2020-10-23,2,Deaths,0.0,0.0
17616,Fiji,2020-10-24,2,Deaths,0.0,0.0
17617,Fiji,2020-10-25,2,Deaths,0.0,0.0
17618,Fiji,2020-10-26,2,Deaths,0.0,0.0
17619,Fiji,2020-10-27,2,Deaths,0.0,0.0
17620,Fiji,2020-10-28,2,Deaths,0.0,0.0
17621,Fiji,2020-10-29,2,Deaths,0.0,0.0
17622,Fiji,2020-10-30,2,Deaths,0.0,0.0
17623,Fiji,2020-10-31,2,Deaths,0.0,0.0
17624,Fiji,2020-11-01,2,Deaths,0.0,0.0
17625,Fiji,2020-11-02,2,Deaths,0.0,0.0
17626,Fiji,2020-11-03,2,Deaths,0.0,0.0
17627,Fiji,2020-11-04,2,Deaths,0.0,0.0
17628,Fiji,2020-11-05,2,Deaths,0.0,0.0
17629,Finland,2020-01-22,0,Deaths,,
17630,Finland,2020-01-23,0,Deaths,0.0,
17631,Finland,2020-01-24,0,Deaths,0.0,
17632,Finland,2020-01-25,0,Deaths,0.0,
17633,Finland,2020-01-26,0,Deaths,0.0,
17634,Finland,2020-01-27,0,Deaths,0.0,
17635,Finland,2020-01-28,0,Deaths,0.0,
17636,Finland,2020-01-29,0,Deaths,0.0,0.0
17637,Finland,2020-01-30,0,Deaths,0.0,0.0
17638,Finland,2020-01-31,0,Deaths,0.0,0.0
17639,Finland,2020-02-01,0,Deaths,0.0,0.0
17640,Finland,2020-02-02,0,Deaths,0.0,0.0
17641,Finland,2020-02-03,0,Deaths,0.0,0.0
17642,Finland,2020-02-04,0,Deaths,0.0,0.0
17643,Finland,2020-02-05,0,Deaths,0.0,0.0
17644,Finland,2020-02-06,0,Deaths,0.0,0.0
17645,Finland,2020-02-07,0,Deaths,0.0,0.0
17646,Finland,2020-02-08,0,Deaths,0.0,0.0
17647,Finland,2020-02-09,0,Deaths,0.0,0.0
17648,Finland,2020-02-10,0,Deaths,0.0,0.0
17649,Finland,2020-02-11,0,Deaths,0.0,0.0
17650,Finland,2020-02-12,0,Deaths,0.0,0.0
17651,Finland,2020-02-13,0,Deaths,0.0,0.0
17652,Finland,2020-02-14,0,Deaths,0.0,0.0
17653,Finland,2020-02-15,0,Deaths,0.0,0.0
17654,Finland,2020-02-16,0,Deaths,0.0,0.0
17655,Finland,2020-02-17,0,Deaths,0.0,0.0
17656,Finland,2020-02-18,0,Deaths,0.0,0.0
17657,Finland,2020-02-19,0,Deaths,0.0,0.0
17658,Finland,2020-02-20,0,Deaths,0.0,0.0
17659,Finland,2020-02-21,0,Deaths,0.0,0.0
17660,Finland,2020-02-22,0,Deaths,0.0,0.0
17661,Finland,2020-02-23,0,Deaths,0.0,0.0
17662,Finland,2020-02-24,0,Deaths,0.0,0.0
17663,Finland,2020-02-25,0,Deaths,0.0,0.0
17664,Finland,2020-02-26,0,Deaths,0.0,0.0
17665,Finland,2020-02-27,0,Deaths,0.0,0.0
17666,Finland,2020-02-28,0,Deaths,0.0,0.0
17667,Finland,2020-02-29,0,Deaths,0.0,0.0
17668,Finland,2020-03-01,0,Deaths,0.0,0.0
17669,Finland,2020-03-02,0,Deaths,0.0,0.0
17670,Finland,2020-03-03,0,Deaths,0.0,0.0
17671,Finland,2020-03-04,0,Deaths,0.0,0.0
17672,Finland,2020-03-05,0,Deaths,0.0,0.0
17673,Finland,2020-03-06,0,Deaths,0.0,0.0
17674,Finland,2020-03-07,0,Deaths,0.0,0.0
17675,Finland,2020-03-08,0,Deaths,0.0,0.0
17676,Finland,2020-03-09,0,Deaths,0.0,0.0
17677,Finland,2020-03-10,0,Deaths,0.0,0.0
17678,Finland,2020-03-11,0,Deaths,0.0,0.0
17679,Finland,2020-03-12,0,Deaths,0.0,0.0
17680,Finland,2020-03-13,0,Deaths,0.0,0.0
17681,Finland,2020-03-14,0,Deaths,0.0,0.0
17682,Finland,2020-03-15,0,Deaths,0.0,0.0
17683,Finland,2020-03-16,0,Deaths,0.0,0.0
17684,Finland,2020-03-17,0,Deaths,0.0,0.0
17685,Finland,2020-03-18,0,Deaths,0.0,0.0
17686,Finland,2020-03-19,0,Deaths,0.0,0.0
17687,Finland,2020-03-20,0,Deaths,0.0,0.0
17688,Finland,2020-03-21,1,Deaths,1.0,1.0
17689,Finland,2020-03-22,1,Deaths,0.0,1.0
17690,Finland,2020-03-23,1,Deaths,0.0,1.0
17691,Finland,2020-03-24,1,Deaths,0.0,1.0
17692,Finland,2020-03-25,3,Deaths,2.0,3.0
17693,Finland,2020-03-26,5,Deaths,2.0,5.0
17694,Finland,2020-03-27,7,Deaths,2.0,7.0
17695,Finland,2020-03-28,9,Deaths,2.0,8.0
17696,Finland,2020-03-29,11,Deaths,2.0,10.0
17697,Finland,2020-03-30,13,Deaths,2.0,12.0
17698,Finland,2020-03-31,17,Deaths,4.0,16.0
17699,Finland,2020-04-01,17,Deaths,0.0,14.0
17700,Finland,2020-04-02,19,Deaths,2.0,14.0
17701,Finland,2020-04-03,20,Deaths,1.0,13.0
17702,Finland,2020-04-04,25,Deaths,5.0,16.0
17703,Finland,2020-04-05,28,Deaths,3.0,17.0
17704,Finland,2020-04-06,27,Deaths,-1.0,14.0
17705,Finland,2020-04-07,34,Deaths,7.0,17.0
17706,Finland,2020-04-08,40,Deaths,6.0,23.0
17707,Finland,2020-04-09,42,Deaths,2.0,23.0
17708,Finland,2020-04-10,48,Deaths,6.0,28.0
17709,Finland,2020-04-11,49,Deaths,1.0,24.0
17710,Finland,2020-04-12,56,Deaths,7.0,28.0
17711,Finland,2020-04-13,59,Deaths,3.0,32.0
17712,Finland,2020-04-14,64,Deaths,5.0,30.0
17713,Finland,2020-04-15,72,Deaths,8.0,32.0
17714,Finland,2020-04-16,75,Deaths,3.0,33.0
17715,Finland,2020-04-17,82,Deaths,7.0,34.0
17716,Finland,2020-04-18,90,Deaths,8.0,41.0
17717,Finland,2020-04-19,94,Deaths,4.0,38.0
17718,Finland,2020-04-20,98,Deaths,4.0,39.0
17719,Finland,2020-04-21,141,Deaths,43.0,77.0
17720,Finland,2020-04-22,149,Deaths,8.0,77.0
17721,Finland,2020-04-23,172,Deaths,23.0,97.0
17722,Finland,2020-04-24,177,Deaths,5.0,95.0
17723,Finland,2020-04-25,186,Deaths,9.0,96.0
17724,Finland,2020-04-26,190,Deaths,4.0,96.0
17725,Finland,2020-04-27,193,Deaths,3.0,95.0
17726,Finland,2020-04-28,199,Deaths,6.0,58.0
17727,Finland,2020-04-29,206,Deaths,7.0,57.0
17728,Finland,2020-04-30,211,Deaths,5.0,39.0
17729,Finland,2020-05-01,218,Deaths,7.0,41.0
17730,Finland,2020-05-02,220,Deaths,2.0,34.0
17731,Finland,2020-05-03,230,Deaths,10.0,40.0
17732,Finland,2020-05-04,240,Deaths,10.0,47.0
17733,Finland,2020-05-05,246,Deaths,6.0,47.0
17734,Finland,2020-05-06,252,Deaths,6.0,46.0
17735,Finland,2020-05-07,255,Deaths,3.0,44.0
17736,Finland,2020-05-08,260,Deaths,5.0,42.0
17737,Finland,2020-05-09,265,Deaths,5.0,45.0
17738,Finland,2020-05-10,267,Deaths,2.0,37.0
17739,Finland,2020-05-11,271,Deaths,4.0,31.0
17740,Finland,2020-05-12,275,Deaths,4.0,29.0
17741,Finland,2020-05-13,284,Deaths,9.0,32.0
17742,Finland,2020-05-14,287,Deaths,3.0,32.0
17743,Finland,2020-05-15,293,Deaths,6.0,33.0
17744,Finland,2020-05-16,297,Deaths,4.0,32.0
17745,Finland,2020-05-17,298,Deaths,1.0,31.0
17746,Finland,2020-05-18,300,Deaths,2.0,29.0
17747,Finland,2020-05-19,301,Deaths,1.0,26.0
17748,Finland,2020-05-20,304,Deaths,3.0,20.0
17749,Finland,2020-05-21,306,Deaths,2.0,19.0
17750,Finland,2020-05-22,306,Deaths,0.0,13.0
17751,Finland,2020-05-23,306,Deaths,0.0,9.0
17752,Finland,2020-05-24,307,Deaths,1.0,9.0
17753,Finland,2020-05-25,308,Deaths,1.0,8.0
17754,Finland,2020-05-26,312,Deaths,4.0,11.0
17755,Finland,2020-05-27,313,Deaths,1.0,9.0
17756,Finland,2020-05-28,313,Deaths,0.0,7.0
17757,Finland,2020-05-29,314,Deaths,1.0,8.0
17758,Finland,2020-05-30,316,Deaths,2.0,10.0
17759,Finland,2020-05-31,320,Deaths,4.0,13.0
17760,Finland,2020-06-01,318,Deaths,-2.0,10.0
17761,Finland,2020-06-02,320,Deaths,2.0,8.0
17762,Finland,2020-06-03,321,Deaths,1.0,8.0
17763,Finland,2020-06-04,322,Deaths,1.0,9.0
17764,Finland,2020-06-05,322,Deaths,0.0,8.0
17765,Finland,2020-06-06,322,Deaths,0.0,6.0
17766,Finland,2020-06-07,323,Deaths,1.0,3.0
17767,Finland,2020-06-08,323,Deaths,0.0,5.0
17768,Finland,2020-06-09,324,Deaths,1.0,4.0
17769,Finland,2020-06-10,324,Deaths,0.0,3.0
17770,Finland,2020-06-11,325,Deaths,1.0,3.0
17771,Finland,2020-06-12,325,Deaths,0.0,3.0
17772,Finland,2020-06-13,325,Deaths,0.0,3.0
17773,Finland,2020-06-14,326,Deaths,1.0,3.0
17774,Finland,2020-06-15,326,Deaths,0.0,3.0
17775,Finland,2020-06-16,326,Deaths,0.0,2.0
17776,Finland,2020-06-17,326,Deaths,0.0,2.0
17777,Finland,2020-06-18,326,Deaths,0.0,1.0
17778,Finland,2020-06-19,326,Deaths,0.0,1.0
17779,Finland,2020-06-20,326,Deaths,0.0,1.0
17780,Finland,2020-06-21,326,Deaths,0.0,0.0
17781,Finland,2020-06-22,327,Deaths,1.0,1.0
17782,Finland,2020-06-23,327,Deaths,0.0,1.0
17783,Finland,2020-06-24,327,Deaths,0.0,1.0
17784,Finland,2020-06-25,327,Deaths,0.0,1.0
17785,Finland,2020-06-26,328,Deaths,1.0,2.0
17786,Finland,2020-06-27,328,Deaths,0.0,2.0
17787,Finland,2020-06-28,328,Deaths,0.0,2.0
17788,Finland,2020-06-29,328,Deaths,0.0,1.0
17789,Finland,2020-06-30,328,Deaths,0.0,1.0
17790,Finland,2020-07-01,328,Deaths,0.0,1.0
17791,Finland,2020-07-02,328,Deaths,0.0,1.0
17792,Finland,2020-07-03,329,Deaths,1.0,1.0
17793,Finland,2020-07-04,329,Deaths,0.0,1.0
17794,Finland,2020-07-05,329,Deaths,0.0,1.0
17795,Finland,2020-07-06,329,Deaths,0.0,1.0
17796,Finland,2020-07-07,329,Deaths,0.0,1.0
17797,Finland,2020-07-08,329,Deaths,0.0,1.0
17798,Finland,2020-07-09,329,Deaths,0.0,1.0
17799,Finland,2020-07-10,329,Deaths,0.0,0.0
17800,Finland,2020-07-11,329,Deaths,0.0,0.0
17801,Finland,2020-07-12,329,Deaths,0.0,0.0
17802,Finland,2020-07-13,329,Deaths,0.0,0.0
17803,Finland,2020-07-14,329,Deaths,0.0,0.0
17804,Finland,2020-07-15,328,Deaths,-1.0,-1.0
17805,Finland,2020-07-16,328,Deaths,0.0,-1.0
17806,Finland,2020-07-17,328,Deaths,0.0,-1.0
17807,Finland,2020-07-18,328,Deaths,0.0,-1.0
17808,Finland,2020-07-19,328,Deaths,0.0,-1.0
17809,Finland,2020-07-20,328,Deaths,0.0,-1.0
17810,Finland,2020-07-21,328,Deaths,0.0,-1.0
17811,Finland,2020-07-22,328,Deaths,0.0,0.0
17812,Finland,2020-07-23,328,Deaths,0.0,0.0
17813,Finland,2020-07-24,329,Deaths,1.0,1.0
17814,Finland,2020-07-25,329,Deaths,0.0,1.0
17815,Finland,2020-07-26,329,Deaths,0.0,1.0
17816,Finland,2020-07-27,329,Deaths,0.0,1.0
17817,Finland,2020-07-28,329,Deaths,0.0,1.0
17818,Finland,2020-07-29,329,Deaths,0.0,1.0
17819,Finland,2020-07-30,329,Deaths,0.0,1.0
17820,Finland,2020-07-31,329,Deaths,0.0,0.0
17821,Finland,2020-08-01,329,Deaths,0.0,0.0
17822,Finland,2020-08-02,329,Deaths,0.0,0.0
17823,Finland,2020-08-03,329,Deaths,0.0,0.0
17824,Finland,2020-08-04,331,Deaths,2.0,2.0
17825,Finland,2020-08-05,331,Deaths,0.0,2.0
17826,Finland,2020-08-06,331,Deaths,0.0,2.0
17827,Finland,2020-08-07,331,Deaths,0.0,2.0
17828,Finland,2020-08-08,331,Deaths,0.0,2.0
17829,Finland,2020-08-09,331,Deaths,0.0,2.0
17830,Finland,2020-08-10,333,Deaths,2.0,4.0
17831,Finland,2020-08-11,333,Deaths,0.0,2.0
17832,Finland,2020-08-12,333,Deaths,0.0,2.0
17833,Finland,2020-08-13,333,Deaths,0.0,2.0
17834,Finland,2020-08-14,333,Deaths,0.0,2.0
17835,Finland,2020-08-15,333,Deaths,0.0,2.0
17836,Finland,2020-08-16,333,Deaths,0.0,2.0
17837,Finland,2020-08-17,334,Deaths,1.0,1.0
17838,Finland,2020-08-18,334,Deaths,0.0,1.0
17839,Finland,2020-08-19,334,Deaths,0.0,1.0
17840,Finland,2020-08-20,334,Deaths,0.0,1.0
17841,Finland,2020-08-21,334,Deaths,0.0,1.0
17842,Finland,2020-08-22,334,Deaths,0.0,1.0
17843,Finland,2020-08-23,334,Deaths,0.0,1.0
17844,Finland,2020-08-24,335,Deaths,1.0,1.0
17845,Finland,2020-08-25,335,Deaths,0.0,1.0
17846,Finland,2020-08-26,335,Deaths,0.0,1.0
17847,Finland,2020-08-27,335,Deaths,0.0,1.0
17848,Finland,2020-08-28,335,Deaths,0.0,1.0
17849,Finland,2020-08-29,335,Deaths,0.0,1.0
17850,Finland,2020-08-30,335,Deaths,0.0,1.0
17851,Finland,2020-08-31,336,Deaths,1.0,1.0
17852,Finland,2020-09-01,336,Deaths,0.0,1.0
17853,Finland,2020-09-02,336,Deaths,0.0,1.0
17854,Finland,2020-09-03,336,Deaths,0.0,1.0
17855,Finland,2020-09-04,336,Deaths,0.0,1.0
17856,Finland,2020-09-05,336,Deaths,0.0,1.0
17857,Finland,2020-09-06,336,Deaths,0.0,1.0
17858,Finland,2020-09-07,336,Deaths,0.0,0.0
17859,Finland,2020-09-08,336,Deaths,0.0,0.0
17860,Finland,2020-09-09,337,Deaths,1.0,1.0
17861,Finland,2020-09-10,337,Deaths,0.0,1.0
17862,Finland,2020-09-11,337,Deaths,0.0,1.0
17863,Finland,2020-09-12,337,Deaths,0.0,1.0
17864,Finland,2020-09-13,337,Deaths,0.0,1.0
17865,Finland,2020-09-14,337,Deaths,0.0,1.0
17866,Finland,2020-09-15,339,Deaths,2.0,3.0
17867,Finland,2020-09-16,339,Deaths,0.0,2.0
17868,Finland,2020-09-17,339,Deaths,0.0,2.0
17869,Finland,2020-09-18,339,Deaths,0.0,2.0
17870,Finland,2020-09-19,339,Deaths,0.0,2.0
17871,Finland,2020-09-20,339,Deaths,0.0,2.0
17872,Finland,2020-09-21,341,Deaths,2.0,4.0
17873,Finland,2020-09-22,341,Deaths,0.0,2.0
17874,Finland,2020-09-23,343,Deaths,2.0,4.0
17875,Finland,2020-09-24,343,Deaths,0.0,4.0
17876,Finland,2020-09-25,343,Deaths,0.0,4.0
17877,Finland,2020-09-26,343,Deaths,0.0,4.0
17878,Finland,2020-09-27,343,Deaths,0.0,4.0
17879,Finland,2020-09-28,345,Deaths,2.0,4.0
17880,Finland,2020-09-29,345,Deaths,0.0,4.0
17881,Finland,2020-09-30,344,Deaths,-1.0,1.0
17882,Finland,2020-10-01,344,Deaths,0.0,1.0
17883,Finland,2020-10-02,345,Deaths,1.0,2.0
17884,Finland,2020-10-03,345,Deaths,0.0,2.0
17885,Finland,2020-10-04,345,Deaths,0.0,2.0
17886,Finland,2020-10-05,346,Deaths,1.0,1.0
17887,Finland,2020-10-06,346,Deaths,0.0,1.0
17888,Finland,2020-10-07,346,Deaths,0.0,2.0
17889,Finland,2020-10-08,346,Deaths,0.0,2.0
17890,Finland,2020-10-09,346,Deaths,0.0,1.0
17891,Finland,2020-10-10,346,Deaths,0.0,1.0
17892,Finland,2020-10-11,346,Deaths,0.0,1.0
17893,Finland,2020-10-12,346,Deaths,0.0,0.0
17894,Finland,2020-10-13,346,Deaths,0.0,0.0
17895,Finland,2020-10-14,350,Deaths,4.0,4.0
17896,Finland,2020-10-15,350,Deaths,0.0,4.0
17897,Finland,2020-10-16,351,Deaths,1.0,5.0
17898,Finland,2020-10-17,351,Deaths,0.0,5.0
17899,Finland,2020-10-18,351,Deaths,0.0,5.0
17900,Finland,2020-10-19,351,Deaths,0.0,5.0
17901,Finland,2020-10-20,351,Deaths,0.0,5.0
17902,Finland,2020-10-21,355,Deaths,4.0,5.0
17903,Finland,2020-10-22,355,Deaths,0.0,5.0
17904,Finland,2020-10-23,353,Deaths,-2.0,2.0
17905,Finland,2020-10-24,353,Deaths,0.0,2.0
17906,Finland,2020-10-25,353,Deaths,0.0,2.0
17907,Finland,2020-10-26,354,Deaths,1.0,3.0
17908,Finland,2020-10-27,354,Deaths,0.0,3.0
17909,Finland,2020-10-28,354,Deaths,0.0,-1.0
17910,Finland,2020-10-29,354,Deaths,0.0,-1.0
17911,Finland,2020-10-30,358,Deaths,4.0,5.0
17912,Finland,2020-10-31,358,Deaths,0.0,5.0
17913,Finland,2020-11-01,358,Deaths,0.0,5.0
17914,Finland,2020-11-02,359,Deaths,1.0,5.0
17915,Finland,2020-11-03,359,Deaths,0.0,5.0
17916,Finland,2020-11-04,361,Deaths,2.0,7.0
17917,Finland,2020-11-05,361,Deaths,0.0,7.0
17918,France,2020-01-22,0,Deaths,,
17919,France,2020-01-23,0,Deaths,0.0,
17920,France,2020-01-24,0,Deaths,0.0,
17921,France,2020-01-25,0,Deaths,0.0,
17922,France,2020-01-26,0,Deaths,0.0,
17923,France,2020-01-27,0,Deaths,0.0,
17924,France,2020-01-28,0,Deaths,0.0,
17925,France,2020-01-29,0,Deaths,0.0,0.0
17926,France,2020-01-30,0,Deaths,0.0,0.0
17927,France,2020-01-31,0,Deaths,0.0,0.0
17928,France,2020-02-01,0,Deaths,0.0,0.0
17929,France,2020-02-02,0,Deaths,0.0,0.0
17930,France,2020-02-03,0,Deaths,0.0,0.0
17931,France,2020-02-04,0,Deaths,0.0,0.0
17932,France,2020-02-05,0,Deaths,0.0,0.0
17933,France,2020-02-06,0,Deaths,0.0,0.0
17934,France,2020-02-07,0,Deaths,0.0,0.0
17935,France,2020-02-08,0,Deaths,0.0,0.0
17936,France,2020-02-09,0,Deaths,0.0,0.0
17937,France,2020-02-10,0,Deaths,0.0,0.0
17938,France,2020-02-11,0,Deaths,0.0,0.0
17939,France,2020-02-12,0,Deaths,0.0,0.0
17940,France,2020-02-13,0,Deaths,0.0,0.0
17941,France,2020-02-14,0,Deaths,0.0,0.0
17942,France,2020-02-15,1,Deaths,1.0,1.0
17943,France,2020-02-16,1,Deaths,0.0,1.0
17944,France,2020-02-17,1,Deaths,0.0,1.0
17945,France,2020-02-18,1,Deaths,0.0,1.0
17946,France,2020-02-19,1,Deaths,0.0,1.0
17947,France,2020-02-20,1,Deaths,0.0,1.0
17948,France,2020-02-21,1,Deaths,0.0,1.0
17949,France,2020-02-22,1,Deaths,0.0,0.0
17950,France,2020-02-23,1,Deaths,0.0,0.0
17951,France,2020-02-24,1,Deaths,0.0,0.0
17952,France,2020-02-25,1,Deaths,0.0,0.0
17953,France,2020-02-26,2,Deaths,1.0,1.0
17954,France,2020-02-27,2,Deaths,0.0,1.0
17955,France,2020-02-28,2,Deaths,0.0,1.0
17956,France,2020-02-29,2,Deaths,0.0,1.0
17957,France,2020-03-01,2,Deaths,0.0,1.0
17958,France,2020-03-02,3,Deaths,1.0,2.0
17959,France,2020-03-03,4,Deaths,1.0,3.0
17960,France,2020-03-04,4,Deaths,0.0,2.0
17961,France,2020-03-05,6,Deaths,2.0,4.0
17962,France,2020-03-06,9,Deaths,3.0,7.0
17963,France,2020-03-07,11,Deaths,2.0,9.0
17964,France,2020-03-08,19,Deaths,8.0,17.0
17965,France,2020-03-09,19,Deaths,0.0,16.0
17966,France,2020-03-10,33,Deaths,14.0,29.0
17967,France,2020-03-11,48,Deaths,15.0,44.0
17968,France,2020-03-12,48,Deaths,0.0,42.0
17969,France,2020-03-13,79,Deaths,31.0,70.0
17970,France,2020-03-14,91,Deaths,12.0,80.0
17971,France,2020-03-15,91,Deaths,0.0,72.0
17972,France,2020-03-16,149,Deaths,58.0,130.0
17973,France,2020-03-17,149,Deaths,0.0,116.0
17974,France,2020-03-18,149,Deaths,0.0,101.0
17975,France,2020-03-19,244,Deaths,95.0,196.0
17976,France,2020-03-20,451,Deaths,207.0,372.0
17977,France,2020-03-21,563,Deaths,112.0,472.0
17978,France,2020-03-22,676,Deaths,113.0,585.0
17979,France,2020-03-23,862,Deaths,186.0,713.0
17980,France,2020-03-24,1102,Deaths,240.0,953.0
17981,France,2020-03-25,1333,Deaths,231.0,1184.0
17982,France,2020-03-26,1698,Deaths,365.0,1454.0
17983,France,2020-03-27,1997,Deaths,299.0,1546.0
17984,France,2020-03-28,2317,Deaths,320.0,1754.0
17985,France,2020-03-29,2611,Deaths,294.0,1935.0
17986,France,2020-03-30,3030,Deaths,419.0,2168.0
17987,France,2020-03-31,3532,Deaths,502.0,2430.0
17988,France,2020-04-01,4414,Deaths,882.0,3081.0
17989,France,2020-04-02,5398,Deaths,984.0,3700.0
17990,France,2020-04-03,6520,Deaths,1122.0,4523.0
17991,France,2020-04-04,7574,Deaths,1054.0,5257.0
17992,France,2020-04-05,8093,Deaths,519.0,5482.0
17993,France,2020-04-06,8926,Deaths,833.0,5896.0
17994,France,2020-04-07,10343,Deaths,1417.0,6811.0
17995,France,2020-04-08,10887,Deaths,544.0,6473.0
17996,France,2020-04-09,12228,Deaths,1341.0,6830.0
17997,France,2020-04-10,13215,Deaths,987.0,6695.0
17998,France,2020-04-11,13851,Deaths,636.0,6277.0
17999,France,2020-04-12,14412,Deaths,561.0,6319.0
18000,France,2020-04-13,14986,Deaths,574.0,6060.0
18001,France,2020-04-14,15731,Deaths,745.0,5388.0
18002,France,2020-04-15,17169,Deaths,1438.0,6282.0
18003,France,2020-04-16,17922,Deaths,753.0,5694.0
18004,France,2020-04-17,18683,Deaths,761.0,5468.0
18005,France,2020-04-18,19325,Deaths,642.0,5474.0
18006,France,2020-04-19,19720,Deaths,395.0,5308.0
18007,France,2020-04-20,20267,Deaths,547.0,5281.0
18008,France,2020-04-21,20798,Deaths,531.0,5067.0
18009,France,2020-04-22,21342,Deaths,544.0,4173.0
18010,France,2020-04-23,21858,Deaths,516.0,3936.0
18011,France,2020-04-24,22248,Deaths,390.0,3565.0
18012,France,2020-04-25,22617,Deaths,369.0,3292.0
18013,France,2020-04-26,22859,Deaths,242.0,3139.0
18014,France,2020-04-27,23296,Deaths,437.0,3029.0
18015,France,2020-04-28,23663,Deaths,367.0,2865.0
18016,France,2020-04-29,24090,Deaths,427.0,2748.0
18017,France,2020-04-30,24379,Deaths,289.0,2521.0
18018,France,2020-05-01,24597,Deaths,218.0,2349.0
18019,France,2020-05-02,24763,Deaths,166.0,2146.0
18020,France,2020-05-03,24900,Deaths,137.0,2041.0
18021,France,2020-05-04,25204,Deaths,304.0,1908.0
18022,France,2020-05-05,25537,Deaths,333.0,1874.0
18023,France,2020-05-06,25812,Deaths,275.0,1722.0
18024,France,2020-05-07,25990,Deaths,178.0,1611.0
18025,France,2020-05-08,26233,Deaths,243.0,1636.0
18026,France,2020-05-09,26313,Deaths,80.0,1550.0
18027,France,2020-05-10,26383,Deaths,70.0,1483.0
18028,France,2020-05-11,26646,Deaths,263.0,1442.0
18029,France,2020-05-12,26994,Deaths,348.0,1457.0
18030,France,2020-05-13,27077,Deaths,83.0,1265.0
18031,France,2020-05-14,27428,Deaths,351.0,1438.0
18032,France,2020-05-15,27532,Deaths,104.0,1299.0
18033,France,2020-05-16,27532,Deaths,0.0,1219.0
18034,France,2020-05-17,28111,Deaths,579.0,1728.0
18035,France,2020-05-18,28242,Deaths,131.0,1596.0
18036,France,2020-05-19,28025,Deaths,-217.0,1031.0
18037,France,2020-05-20,28135,Deaths,110.0,1058.0
18038,France,2020-05-21,28218,Deaths,83.0,790.0
18039,France,2020-05-22,28292,Deaths,74.0,760.0
18040,France,2020-05-23,28335,Deaths,43.0,803.0
18041,France,2020-05-24,28370,Deaths,35.0,259.0
18042,France,2020-05-25,28460,Deaths,90.0,218.0
18043,France,2020-05-26,28533,Deaths,73.0,508.0
18044,France,2020-05-27,28599,Deaths,66.0,464.0
18045,France,2020-05-28,28665,Deaths,66.0,447.0
18046,France,2020-05-29,28717,Deaths,52.0,425.0
18047,France,2020-05-30,28774,Deaths,57.0,439.0
18048,France,2020-05-31,28805,Deaths,31.0,435.0
18049,France,2020-06-01,28836,Deaths,31.0,376.0
18050,France,2020-06-02,28943,Deaths,107.0,410.0
18051,France,2020-06-03,29024,Deaths,81.0,425.0
18052,France,2020-06-04,29068,Deaths,44.0,403.0
18053,France,2020-06-05,29114,Deaths,46.0,397.0
18054,France,2020-06-06,29145,Deaths,31.0,371.0
18055,France,2020-06-07,29158,Deaths,13.0,353.0
18056,France,2020-06-08,29212,Deaths,54.0,376.0
18057,France,2020-06-09,29299,Deaths,87.0,356.0
18058,France,2020-06-10,29322,Deaths,23.0,298.0
18059,France,2020-06-11,29349,Deaths,27.0,281.0
18060,France,2020-06-12,29377,Deaths,28.0,263.0
18061,France,2020-06-13,29401,Deaths,24.0,256.0
18062,France,2020-06-14,29410,Deaths,9.0,252.0
18063,France,2020-06-15,29439,Deaths,29.0,227.0
18064,France,2020-06-16,29550,Deaths,111.0,251.0
18065,France,2020-06-17,29578,Deaths,28.0,256.0
18066,France,2020-06-18,29606,Deaths,28.0,257.0
18067,France,2020-06-19,29620,Deaths,14.0,243.0
18068,France,2020-06-20,29636,Deaths,16.0,235.0
18069,France,2020-06-21,29643,Deaths,7.0,233.0
18070,France,2020-06-22,29666,Deaths,23.0,227.0
18071,France,2020-06-23,29723,Deaths,57.0,173.0
18072,France,2020-06-24,29734,Deaths,11.0,156.0
18073,France,2020-06-25,29755,Deaths,21.0,149.0
18074,France,2020-06-26,29781,Deaths,26.0,161.0
18075,France,2020-06-27,29781,Deaths,0.0,145.0
18076,France,2020-06-28,29781,Deaths,0.0,138.0
18077,France,2020-06-29,29816,Deaths,35.0,150.0
18078,France,2020-06-30,29846,Deaths,30.0,123.0
18079,France,2020-07-01,29864,Deaths,18.0,130.0
18080,France,2020-07-02,29878,Deaths,14.0,123.0
18081,France,2020-07-03,29896,Deaths,18.0,115.0
18082,France,2020-07-04,29896,Deaths,0.0,115.0
18083,France,2020-07-05,29896,Deaths,0.0,115.0
18084,France,2020-07-06,29923,Deaths,27.0,107.0
18085,France,2020-07-07,29936,Deaths,13.0,90.0
18086,France,2020-07-08,29936,Deaths,0.0,72.0
18087,France,2020-07-09,29982,Deaths,46.0,104.0
18088,France,2020-07-10,30007,Deaths,25.0,111.0
18089,France,2020-07-11,30007,Deaths,0.0,111.0
18090,France,2020-07-12,30007,Deaths,0.0,111.0
18091,France,2020-07-13,30032,Deaths,25.0,109.0
18092,France,2020-07-14,30032,Deaths,0.0,96.0
18093,France,2020-07-15,30123,Deaths,91.0,187.0
18094,France,2020-07-16,30141,Deaths,18.0,159.0
18095,France,2020-07-17,30155,Deaths,14.0,148.0
18096,France,2020-07-18,30155,Deaths,0.0,148.0
18097,France,2020-07-19,30155,Deaths,0.0,148.0
18098,France,2020-07-20,30180,Deaths,25.0,148.0
18099,France,2020-07-21,30168,Deaths,-12.0,136.0
18100,France,2020-07-22,30175,Deaths,7.0,52.0
18101,France,2020-07-23,30185,Deaths,10.0,44.0
18102,France,2020-07-24,30195,Deaths,10.0,40.0
18103,France,2020-07-25,30195,Deaths,0.0,40.0
18104,France,2020-07-26,30195,Deaths,0.0,40.0
18105,France,2020-07-27,30212,Deaths,17.0,32.0
18106,France,2020-07-28,30226,Deaths,14.0,58.0
18107,France,2020-07-29,30226,Deaths,0.0,51.0
18108,France,2020-07-30,30241,Deaths,15.0,56.0
18109,France,2020-07-31,30268,Deaths,27.0,73.0
18110,France,2020-08-01,30268,Deaths,0.0,73.0
18111,France,2020-08-02,30268,Deaths,0.0,73.0
18112,France,2020-08-03,30268,Deaths,0.0,56.0
18113,France,2020-08-04,30297,Deaths,29.0,71.0
18114,France,2020-08-05,30297,Deaths,0.0,71.0
18115,France,2020-08-06,30308,Deaths,11.0,67.0
18116,France,2020-08-07,30327,Deaths,19.0,59.0
18117,France,2020-08-08,30327,Deaths,0.0,59.0
18118,France,2020-08-09,30327,Deaths,0.0,59.0
18119,France,2020-08-10,30327,Deaths,0.0,59.0
18120,France,2020-08-11,30328,Deaths,1.0,31.0
18121,France,2020-08-12,30375,Deaths,47.0,78.0
18122,France,2020-08-13,30392,Deaths,17.0,84.0
18123,France,2020-08-14,30410,Deaths,18.0,83.0
18124,France,2020-08-15,30410,Deaths,0.0,83.0
18125,France,2020-08-16,30410,Deaths,0.0,83.0
18126,France,2020-08-17,30434,Deaths,24.0,107.0
18127,France,2020-08-18,30434,Deaths,0.0,106.0
18128,France,2020-08-19,30434,Deaths,0.0,59.0
18129,France,2020-08-20,30434,Deaths,0.0,42.0
18130,France,2020-08-21,30508,Deaths,74.0,98.0
18131,France,2020-08-22,30517,Deaths,9.0,107.0
18132,France,2020-08-23,30518,Deaths,1.0,108.0
18133,France,2020-08-24,30533,Deaths,15.0,99.0
18134,France,2020-08-25,30549,Deaths,16.0,115.0
18135,France,2020-08-26,30549,Deaths,0.0,115.0
18136,France,2020-08-27,30581,Deaths,32.0,147.0
18137,France,2020-08-28,30601,Deaths,20.0,93.0
18138,France,2020-08-29,30601,Deaths,0.0,84.0
18139,France,2020-08-30,30611,Deaths,10.0,93.0
18140,France,2020-08-31,30640,Deaths,29.0,107.0
18141,France,2020-09-01,30666,Deaths,26.0,117.0
18142,France,2020-09-02,30692,Deaths,26.0,143.0
18143,France,2020-09-03,30712,Deaths,20.0,131.0
18144,France,2020-09-04,30730,Deaths,18.0,129.0
18145,France,2020-09-05,30730,Deaths,0.0,129.0
18146,France,2020-09-06,30730,Deaths,0.0,119.0
18147,France,2020-09-07,30732,Deaths,2.0,92.0
18148,France,2020-09-08,30770,Deaths,38.0,104.0
18149,France,2020-09-09,30805,Deaths,35.0,113.0
18150,France,2020-09-10,30819,Deaths,14.0,107.0
18151,France,2020-09-11,30901,Deaths,82.0,171.0
18152,France,2020-09-12,30902,Deaths,1.0,172.0
18153,France,2020-09-13,30903,Deaths,1.0,173.0
18154,France,2020-09-14,30958,Deaths,55.0,226.0
18155,France,2020-09-15,31007,Deaths,49.0,237.0
18156,France,2020-09-16,31056,Deaths,49.0,251.0
18157,France,2020-09-17,31103,Deaths,47.0,284.0
18158,France,2020-09-18,31257,Deaths,154.0,356.0
18159,France,2020-09-19,31257,Deaths,0.0,355.0
18160,France,2020-09-20,31257,Deaths,0.0,354.0
18161,France,2020-09-21,31346,Deaths,89.0,388.0
18162,France,2020-09-22,31426,Deaths,80.0,419.0
18163,France,2020-09-23,31447,Deaths,21.0,391.0
18164,France,2020-09-24,31524,Deaths,77.0,421.0
18165,France,2020-09-25,31675,Deaths,151.0,418.0
18166,France,2020-09-26,31675,Deaths,0.0,418.0
18167,France,2020-09-27,31675,Deaths,0.0,418.0
18168,France,2020-09-28,31744,Deaths,69.0,398.0
18169,France,2020-09-29,31908,Deaths,164.0,482.0
18170,France,2020-09-30,31986,Deaths,78.0,539.0
18171,France,2020-10-01,32034,Deaths,48.0,510.0
18172,France,2020-10-02,32171,Deaths,137.0,496.0
18173,France,2020-10-03,32171,Deaths,0.0,496.0
18174,France,2020-10-04,32171,Deaths,0.0,496.0
18175,France,2020-10-05,32317,Deaths,146.0,573.0
18176,France,2020-10-06,32383,Deaths,66.0,475.0
18177,France,2020-10-07,32463,Deaths,80.0,477.0
18178,France,2020-10-08,32539,Deaths,76.0,505.0
18179,France,2020-10-09,32601,Deaths,62.0,430.0
18180,France,2020-10-10,32601,Deaths,0.0,430.0
18181,France,2020-10-11,32601,Deaths,0.0,430.0
18182,France,2020-10-12,32703,Deaths,102.0,386.0
18183,France,2020-10-13,32982,Deaths,279.0,599.0
18184,France,2020-10-14,33058,Deaths,76.0,595.0
18185,France,2020-10-15,33146,Deaths,88.0,607.0
18186,France,2020-10-16,33325,Deaths,179.0,724.0
18187,France,2020-10-17,33325,Deaths,0.0,724.0
18188,France,2020-10-18,33325,Deaths,0.0,724.0
18189,France,2020-10-19,33647,Deaths,322.0,944.0
18190,France,2020-10-20,33928,Deaths,281.0,946.0
18191,France,2020-10-21,34075,Deaths,147.0,1017.0
18192,France,2020-10-22,34237,Deaths,162.0,1091.0
18193,France,2020-10-23,34536,Deaths,299.0,1211.0
18194,France,2020-10-24,34536,Deaths,0.0,1211.0
18195,France,2020-10-25,34536,Deaths,0.0,1211.0
18196,France,2020-10-26,35052,Deaths,516.0,1405.0
18197,France,2020-10-27,35582,Deaths,530.0,1654.0
18198,France,2020-10-28,35823,Deaths,241.0,1748.0
18199,France,2020-10-29,36058,Deaths,235.0,1821.0
18200,France,2020-10-30,36605,Deaths,547.0,2069.0
18201,France,2020-10-31,36826,Deaths,221.0,2290.0
18202,France,2020-11-01,37057,Deaths,231.0,2521.0
18203,France,2020-11-02,37485,Deaths,428.0,2433.0
18204,France,2020-11-03,37915,Deaths,430.0,2333.0
18205,France,2020-11-04,38728,Deaths,813.0,2905.0
18206,France,2020-11-05,39088,Deaths,360.0,3030.0
18207,Gabon,2020-01-22,0,Deaths,,
18208,Gabon,2020-01-23,0,Deaths,0.0,
18209,Gabon,2020-01-24,0,Deaths,0.0,
18210,Gabon,2020-01-25,0,Deaths,0.0,
18211,Gabon,2020-01-26,0,Deaths,0.0,
18212,Gabon,2020-01-27,0,Deaths,0.0,
18213,Gabon,2020-01-28,0,Deaths,0.0,
18214,Gabon,2020-01-29,0,Deaths,0.0,0.0
18215,Gabon,2020-01-30,0,Deaths,0.0,0.0
18216,Gabon,2020-01-31,0,Deaths,0.0,0.0
18217,Gabon,2020-02-01,0,Deaths,0.0,0.0
18218,Gabon,2020-02-02,0,Deaths,0.0,0.0
18219,Gabon,2020-02-03,0,Deaths,0.0,0.0
18220,Gabon,2020-02-04,0,Deaths,0.0,0.0
18221,Gabon,2020-02-05,0,Deaths,0.0,0.0
18222,Gabon,2020-02-06,0,Deaths,0.0,0.0
18223,Gabon,2020-02-07,0,Deaths,0.0,0.0
18224,Gabon,2020-02-08,0,Deaths,0.0,0.0
18225,Gabon,2020-02-09,0,Deaths,0.0,0.0
18226,Gabon,2020-02-10,0,Deaths,0.0,0.0
18227,Gabon,2020-02-11,0,Deaths,0.0,0.0
18228,Gabon,2020-02-12,0,Deaths,0.0,0.0
18229,Gabon,2020-02-13,0,Deaths,0.0,0.0
18230,Gabon,2020-02-14,0,Deaths,0.0,0.0
18231,Gabon,2020-02-15,0,Deaths,0.0,0.0
18232,Gabon,2020-02-16,0,Deaths,0.0,0.0
18233,Gabon,2020-02-17,0,Deaths,0.0,0.0
18234,Gabon,2020-02-18,0,Deaths,0.0,0.0
18235,Gabon,2020-02-19,0,Deaths,0.0,0.0
18236,Gabon,2020-02-20,0,Deaths,0.0,0.0
18237,Gabon,2020-02-21,0,Deaths,0.0,0.0
18238,Gabon,2020-02-22,0,Deaths,0.0,0.0
18239,Gabon,2020-02-23,0,Deaths,0.0,0.0
18240,Gabon,2020-02-24,0,Deaths,0.0,0.0
18241,Gabon,2020-02-25,0,Deaths,0.0,0.0
18242,Gabon,2020-02-26,0,Deaths,0.0,0.0
18243,Gabon,2020-02-27,0,Deaths,0.0,0.0
18244,Gabon,2020-02-28,0,Deaths,0.0,0.0
18245,Gabon,2020-02-29,0,Deaths,0.0,0.0
18246,Gabon,2020-03-01,0,Deaths,0.0,0.0
18247,Gabon,2020-03-02,0,Deaths,0.0,0.0
18248,Gabon,2020-03-03,0,Deaths,0.0,0.0
18249,Gabon,2020-03-04,0,Deaths,0.0,0.0
18250,Gabon,2020-03-05,0,Deaths,0.0,0.0
18251,Gabon,2020-03-06,0,Deaths,0.0,0.0
18252,Gabon,2020-03-07,0,Deaths,0.0,0.0
18253,Gabon,2020-03-08,0,Deaths,0.0,0.0
18254,Gabon,2020-03-09,0,Deaths,0.0,0.0
18255,Gabon,2020-03-10,0,Deaths,0.0,0.0
18256,Gabon,2020-03-11,0,Deaths,0.0,0.0
18257,Gabon,2020-03-12,0,Deaths,0.0,0.0
18258,Gabon,2020-03-13,0,Deaths,0.0,0.0
18259,Gabon,2020-03-14,0,Deaths,0.0,0.0
18260,Gabon,2020-03-15,0,Deaths,0.0,0.0
18261,Gabon,2020-03-16,0,Deaths,0.0,0.0
18262,Gabon,2020-03-17,0,Deaths,0.0,0.0
18263,Gabon,2020-03-18,0,Deaths,0.0,0.0
18264,Gabon,2020-03-19,0,Deaths,0.0,0.0
18265,Gabon,2020-03-20,1,Deaths,1.0,1.0
18266,Gabon,2020-03-21,1,Deaths,0.0,1.0
18267,Gabon,2020-03-22,1,Deaths,0.0,1.0
18268,Gabon,2020-03-23,1,Deaths,0.0,1.0
18269,Gabon,2020-03-24,1,Deaths,0.0,1.0
18270,Gabon,2020-03-25,1,Deaths,0.0,1.0
18271,Gabon,2020-03-26,1,Deaths,0.0,1.0
18272,Gabon,2020-03-27,1,Deaths,0.0,0.0
18273,Gabon,2020-03-28,1,Deaths,0.0,0.0
18274,Gabon,2020-03-29,1,Deaths,0.0,0.0
18275,Gabon,2020-03-30,1,Deaths,0.0,0.0
18276,Gabon,2020-03-31,1,Deaths,0.0,0.0
18277,Gabon,2020-04-01,1,Deaths,0.0,0.0
18278,Gabon,2020-04-02,1,Deaths,0.0,0.0
18279,Gabon,2020-04-03,1,Deaths,0.0,0.0
18280,Gabon,2020-04-04,1,Deaths,0.0,0.0
18281,Gabon,2020-04-05,1,Deaths,0.0,0.0
18282,Gabon,2020-04-06,1,Deaths,0.0,0.0
18283,Gabon,2020-04-07,1,Deaths,0.0,0.0
18284,Gabon,2020-04-08,1,Deaths,0.0,0.0
18285,Gabon,2020-04-09,1,Deaths,0.0,0.0
18286,Gabon,2020-04-10,1,Deaths,0.0,0.0
18287,Gabon,2020-04-11,1,Deaths,0.0,0.0
18288,Gabon,2020-04-12,1,Deaths,0.0,0.0
18289,Gabon,2020-04-13,1,Deaths,0.0,0.0
18290,Gabon,2020-04-14,1,Deaths,0.0,0.0
18291,Gabon,2020-04-15,1,Deaths,0.0,0.0
18292,Gabon,2020-04-16,1,Deaths,0.0,0.0
18293,Gabon,2020-04-17,1,Deaths,0.0,0.0
18294,Gabon,2020-04-18,1,Deaths,0.0,0.0
18295,Gabon,2020-04-19,1,Deaths,0.0,0.0
18296,Gabon,2020-04-20,1,Deaths,0.0,0.0
18297,Gabon,2020-04-21,1,Deaths,0.0,0.0
18298,Gabon,2020-04-22,1,Deaths,0.0,0.0
18299,Gabon,2020-04-23,2,Deaths,1.0,1.0
18300,Gabon,2020-04-24,3,Deaths,1.0,2.0
18301,Gabon,2020-04-25,3,Deaths,0.0,2.0
18302,Gabon,2020-04-26,3,Deaths,0.0,2.0
18303,Gabon,2020-04-27,3,Deaths,0.0,2.0
18304,Gabon,2020-04-28,3,Deaths,0.0,2.0
18305,Gabon,2020-04-29,3,Deaths,0.0,2.0
18306,Gabon,2020-04-30,3,Deaths,0.0,1.0
18307,Gabon,2020-05-01,3,Deaths,0.0,0.0
18308,Gabon,2020-05-02,5,Deaths,2.0,2.0
18309,Gabon,2020-05-03,5,Deaths,0.0,2.0
18310,Gabon,2020-05-04,6,Deaths,1.0,3.0
18311,Gabon,2020-05-05,6,Deaths,0.0,3.0
18312,Gabon,2020-05-06,6,Deaths,0.0,3.0
18313,Gabon,2020-05-07,8,Deaths,2.0,5.0
18314,Gabon,2020-05-08,8,Deaths,0.0,5.0
18315,Gabon,2020-05-09,8,Deaths,0.0,3.0
18316,Gabon,2020-05-10,8,Deaths,0.0,3.0
18317,Gabon,2020-05-11,9,Deaths,1.0,3.0
18318,Gabon,2020-05-12,9,Deaths,0.0,3.0
18319,Gabon,2020-05-13,9,Deaths,0.0,3.0
18320,Gabon,2020-05-14,10,Deaths,1.0,2.0
18321,Gabon,2020-05-15,10,Deaths,0.0,2.0
18322,Gabon,2020-05-16,11,Deaths,1.0,3.0
18323,Gabon,2020-05-17,11,Deaths,0.0,3.0
18324,Gabon,2020-05-18,11,Deaths,0.0,2.0
18325,Gabon,2020-05-19,12,Deaths,1.0,3.0
18326,Gabon,2020-05-20,12,Deaths,0.0,3.0
18327,Gabon,2020-05-21,12,Deaths,0.0,2.0
18328,Gabon,2020-05-22,12,Deaths,0.0,2.0
18329,Gabon,2020-05-23,12,Deaths,0.0,1.0
18330,Gabon,2020-05-24,12,Deaths,0.0,1.0
18331,Gabon,2020-05-25,14,Deaths,2.0,3.0
18332,Gabon,2020-05-26,14,Deaths,0.0,2.0
18333,Gabon,2020-05-27,14,Deaths,0.0,2.0
18334,Gabon,2020-05-28,14,Deaths,0.0,2.0
18335,Gabon,2020-05-29,15,Deaths,1.0,3.0
18336,Gabon,2020-05-30,17,Deaths,2.0,5.0
18337,Gabon,2020-05-31,17,Deaths,0.0,5.0
18338,Gabon,2020-06-01,17,Deaths,0.0,3.0
18339,Gabon,2020-06-02,20,Deaths,3.0,6.0
18340,Gabon,2020-06-03,20,Deaths,0.0,6.0
18341,Gabon,2020-06-04,21,Deaths,1.0,7.0
18342,Gabon,2020-06-05,21,Deaths,0.0,6.0
18343,Gabon,2020-06-06,21,Deaths,0.0,4.0
18344,Gabon,2020-06-07,21,Deaths,0.0,4.0
18345,Gabon,2020-06-08,21,Deaths,0.0,4.0
18346,Gabon,2020-06-09,21,Deaths,0.0,1.0
18347,Gabon,2020-06-10,22,Deaths,1.0,2.0
18348,Gabon,2020-06-11,23,Deaths,1.0,2.0
18349,Gabon,2020-06-12,23,Deaths,0.0,2.0
18350,Gabon,2020-06-13,23,Deaths,0.0,2.0
18351,Gabon,2020-06-14,23,Deaths,0.0,2.0
18352,Gabon,2020-06-15,27,Deaths,4.0,6.0
18353,Gabon,2020-06-16,29,Deaths,2.0,8.0
18354,Gabon,2020-06-17,30,Deaths,1.0,8.0
18355,Gabon,2020-06-18,32,Deaths,2.0,9.0
18356,Gabon,2020-06-19,34,Deaths,2.0,11.0
18357,Gabon,2020-06-20,34,Deaths,0.0,11.0
18358,Gabon,2020-06-21,34,Deaths,0.0,11.0
18359,Gabon,2020-06-22,39,Deaths,5.0,12.0
18360,Gabon,2020-06-23,39,Deaths,0.0,10.0
18361,Gabon,2020-06-24,39,Deaths,0.0,9.0
18362,Gabon,2020-06-25,40,Deaths,1.0,8.0
18363,Gabon,2020-06-26,40,Deaths,0.0,6.0
18364,Gabon,2020-06-27,40,Deaths,0.0,6.0
18365,Gabon,2020-06-28,40,Deaths,0.0,6.0
18366,Gabon,2020-06-29,42,Deaths,2.0,3.0
18367,Gabon,2020-06-30,42,Deaths,0.0,3.0
18368,Gabon,2020-07-01,42,Deaths,0.0,3.0
18369,Gabon,2020-07-02,42,Deaths,0.0,2.0
18370,Gabon,2020-07-03,44,Deaths,2.0,4.0
18371,Gabon,2020-07-04,44,Deaths,0.0,4.0
18372,Gabon,2020-07-05,44,Deaths,0.0,4.0
18373,Gabon,2020-07-06,46,Deaths,2.0,4.0
18374,Gabon,2020-07-07,46,Deaths,0.0,4.0
18375,Gabon,2020-07-08,46,Deaths,0.0,4.0
18376,Gabon,2020-07-09,46,Deaths,0.0,4.0
18377,Gabon,2020-07-10,46,Deaths,0.0,2.0
18378,Gabon,2020-07-11,46,Deaths,0.0,2.0
18379,Gabon,2020-07-12,46,Deaths,0.0,2.0
18380,Gabon,2020-07-13,46,Deaths,0.0,0.0
18381,Gabon,2020-07-14,46,Deaths,0.0,0.0
18382,Gabon,2020-07-15,46,Deaths,0.0,0.0
18383,Gabon,2020-07-16,46,Deaths,0.0,0.0
18384,Gabon,2020-07-17,46,Deaths,0.0,0.0
18385,Gabon,2020-07-18,46,Deaths,0.0,0.0
18386,Gabon,2020-07-19,46,Deaths,0.0,0.0
18387,Gabon,2020-07-20,46,Deaths,0.0,0.0
18388,Gabon,2020-07-21,46,Deaths,0.0,0.0
18389,Gabon,2020-07-22,47,Deaths,1.0,1.0
18390,Gabon,2020-07-23,47,Deaths,0.0,1.0
18391,Gabon,2020-07-24,49,Deaths,2.0,3.0
18392,Gabon,2020-07-25,49,Deaths,0.0,3.0
18393,Gabon,2020-07-26,49,Deaths,0.0,3.0
18394,Gabon,2020-07-27,49,Deaths,0.0,3.0
18395,Gabon,2020-07-28,49,Deaths,0.0,3.0
18396,Gabon,2020-07-29,49,Deaths,0.0,2.0
18397,Gabon,2020-07-30,49,Deaths,0.0,2.0
18398,Gabon,2020-07-31,49,Deaths,0.0,0.0
18399,Gabon,2020-08-01,50,Deaths,1.0,1.0
18400,Gabon,2020-08-02,50,Deaths,0.0,1.0
18401,Gabon,2020-08-03,51,Deaths,1.0,2.0
18402,Gabon,2020-08-04,51,Deaths,0.0,2.0
18403,Gabon,2020-08-05,51,Deaths,0.0,2.0
18404,Gabon,2020-08-06,51,Deaths,0.0,2.0
18405,Gabon,2020-08-07,51,Deaths,0.0,2.0
18406,Gabon,2020-08-08,51,Deaths,0.0,1.0
18407,Gabon,2020-08-09,51,Deaths,0.0,1.0
18408,Gabon,2020-08-10,51,Deaths,0.0,0.0
18409,Gabon,2020-08-11,51,Deaths,0.0,0.0
18410,Gabon,2020-08-12,51,Deaths,0.0,0.0
18411,Gabon,2020-08-13,51,Deaths,0.0,0.0
18412,Gabon,2020-08-14,51,Deaths,0.0,0.0
18413,Gabon,2020-08-15,51,Deaths,0.0,0.0
18414,Gabon,2020-08-16,51,Deaths,0.0,0.0
18415,Gabon,2020-08-17,53,Deaths,2.0,2.0
18416,Gabon,2020-08-18,53,Deaths,0.0,2.0
18417,Gabon,2020-08-19,53,Deaths,0.0,2.0
18418,Gabon,2020-08-20,53,Deaths,0.0,2.0
18419,Gabon,2020-08-21,53,Deaths,0.0,2.0
18420,Gabon,2020-08-22,53,Deaths,0.0,2.0
18421,Gabon,2020-08-23,53,Deaths,0.0,2.0
18422,Gabon,2020-08-24,53,Deaths,0.0,0.0
18423,Gabon,2020-08-25,53,Deaths,0.0,0.0
18424,Gabon,2020-08-26,53,Deaths,0.0,0.0
18425,Gabon,2020-08-27,53,Deaths,0.0,0.0
18426,Gabon,2020-08-28,53,Deaths,0.0,0.0
18427,Gabon,2020-08-29,53,Deaths,0.0,0.0
18428,Gabon,2020-08-30,53,Deaths,0.0,0.0
18429,Gabon,2020-08-31,53,Deaths,0.0,0.0
18430,Gabon,2020-09-01,53,Deaths,0.0,0.0
18431,Gabon,2020-09-02,53,Deaths,0.0,0.0
18432,Gabon,2020-09-03,53,Deaths,0.0,0.0
18433,Gabon,2020-09-04,53,Deaths,0.0,0.0
18434,Gabon,2020-09-05,53,Deaths,0.0,0.0
18435,Gabon,2020-09-06,53,Deaths,0.0,0.0
18436,Gabon,2020-09-07,53,Deaths,0.0,0.0
18437,Gabon,2020-09-08,53,Deaths,0.0,0.0
18438,Gabon,2020-09-09,53,Deaths,0.0,0.0
18439,Gabon,2020-09-10,53,Deaths,0.0,0.0
18440,Gabon,2020-09-11,53,Deaths,0.0,0.0
18441,Gabon,2020-09-12,53,Deaths,0.0,0.0
18442,Gabon,2020-09-13,53,Deaths,0.0,0.0
18443,Gabon,2020-09-14,53,Deaths,0.0,0.0
18444,Gabon,2020-09-15,53,Deaths,0.0,0.0
18445,Gabon,2020-09-16,53,Deaths,0.0,0.0
18446,Gabon,2020-09-17,53,Deaths,0.0,0.0
18447,Gabon,2020-09-18,53,Deaths,0.0,0.0
18448,Gabon,2020-09-19,53,Deaths,0.0,0.0
18449,Gabon,2020-09-20,53,Deaths,0.0,0.0
18450,Gabon,2020-09-21,54,Deaths,1.0,1.0
18451,Gabon,2020-09-22,54,Deaths,0.0,1.0
18452,Gabon,2020-09-23,54,Deaths,0.0,1.0
18453,Gabon,2020-09-24,54,Deaths,0.0,1.0
18454,Gabon,2020-09-25,54,Deaths,0.0,1.0
18455,Gabon,2020-09-26,54,Deaths,0.0,1.0
18456,Gabon,2020-09-27,54,Deaths,0.0,1.0
18457,Gabon,2020-09-28,54,Deaths,0.0,0.0
18458,Gabon,2020-09-29,54,Deaths,0.0,0.0
18459,Gabon,2020-09-30,54,Deaths,0.0,0.0
18460,Gabon,2020-10-01,54,Deaths,0.0,0.0
18461,Gabon,2020-10-02,54,Deaths,0.0,0.0
18462,Gabon,2020-10-03,54,Deaths,0.0,0.0
18463,Gabon,2020-10-04,54,Deaths,0.0,0.0
18464,Gabon,2020-10-05,54,Deaths,0.0,0.0
18465,Gabon,2020-10-06,54,Deaths,0.0,0.0
18466,Gabon,2020-10-07,54,Deaths,0.0,0.0
18467,Gabon,2020-10-08,54,Deaths,0.0,0.0
18468,Gabon,2020-10-09,54,Deaths,0.0,0.0
18469,Gabon,2020-10-10,54,Deaths,0.0,0.0
18470,Gabon,2020-10-11,54,Deaths,0.0,0.0
18471,Gabon,2020-10-12,54,Deaths,0.0,0.0
18472,Gabon,2020-10-13,54,Deaths,0.0,0.0
18473,Gabon,2020-10-14,54,Deaths,0.0,0.0
18474,Gabon,2020-10-15,54,Deaths,0.0,0.0
18475,Gabon,2020-10-16,54,Deaths,0.0,0.0
18476,Gabon,2020-10-17,54,Deaths,0.0,0.0
18477,Gabon,2020-10-18,54,Deaths,0.0,0.0
18478,Gabon,2020-10-19,54,Deaths,0.0,0.0
18479,Gabon,2020-10-20,54,Deaths,0.0,0.0
18480,Gabon,2020-10-21,54,Deaths,0.0,0.0
18481,Gabon,2020-10-22,54,Deaths,0.0,0.0
18482,Gabon,2020-10-23,54,Deaths,0.0,0.0
18483,Gabon,2020-10-24,54,Deaths,0.0,0.0
18484,Gabon,2020-10-25,54,Deaths,0.0,0.0
18485,Gabon,2020-10-26,54,Deaths,0.0,0.0
18486,Gabon,2020-10-27,54,Deaths,0.0,0.0
18487,Gabon,2020-10-28,55,Deaths,1.0,1.0
18488,Gabon,2020-10-29,55,Deaths,0.0,1.0
18489,Gabon,2020-10-30,55,Deaths,0.0,1.0
18490,Gabon,2020-10-31,55,Deaths,0.0,1.0
18491,Gabon,2020-11-01,55,Deaths,0.0,1.0
18492,Gabon,2020-11-02,55,Deaths,0.0,1.0
18493,Gabon,2020-11-03,55,Deaths,0.0,1.0
18494,Gabon,2020-11-04,55,Deaths,0.0,0.0
18495,Gabon,2020-11-05,55,Deaths,0.0,0.0
18496,Gambia,2020-01-22,0,Deaths,,
18497,Gambia,2020-01-23,0,Deaths,0.0,
18498,Gambia,2020-01-24,0,Deaths,0.0,
18499,Gambia,2020-01-25,0,Deaths,0.0,
18500,Gambia,2020-01-26,0,Deaths,0.0,
18501,Gambia,2020-01-27,0,Deaths,0.0,
18502,Gambia,2020-01-28,0,Deaths,0.0,
18503,Gambia,2020-01-29,0,Deaths,0.0,0.0
18504,Gambia,2020-01-30,0,Deaths,0.0,0.0
18505,Gambia,2020-01-31,0,Deaths,0.0,0.0
18506,Gambia,2020-02-01,0,Deaths,0.0,0.0
18507,Gambia,2020-02-02,0,Deaths,0.0,0.0
18508,Gambia,2020-02-03,0,Deaths,0.0,0.0
18509,Gambia,2020-02-04,0,Deaths,0.0,0.0
18510,Gambia,2020-02-05,0,Deaths,0.0,0.0
18511,Gambia,2020-02-06,0,Deaths,0.0,0.0
18512,Gambia,2020-02-07,0,Deaths,0.0,0.0
18513,Gambia,2020-02-08,0,Deaths,0.0,0.0
18514,Gambia,2020-02-09,0,Deaths,0.0,0.0
18515,Gambia,2020-02-10,0,Deaths,0.0,0.0
18516,Gambia,2020-02-11,0,Deaths,0.0,0.0
18517,Gambia,2020-02-12,0,Deaths,0.0,0.0
18518,Gambia,2020-02-13,0,Deaths,0.0,0.0
18519,Gambia,2020-02-14,0,Deaths,0.0,0.0
18520,Gambia,2020-02-15,0,Deaths,0.0,0.0
18521,Gambia,2020-02-16,0,Deaths,0.0,0.0
18522,Gambia,2020-02-17,0,Deaths,0.0,0.0
18523,Gambia,2020-02-18,0,Deaths,0.0,0.0
18524,Gambia,2020-02-19,0,Deaths,0.0,0.0
18525,Gambia,2020-02-20,0,Deaths,0.0,0.0
18526,Gambia,2020-02-21,0,Deaths,0.0,0.0
18527,Gambia,2020-02-22,0,Deaths,0.0,0.0
18528,Gambia,2020-02-23,0,Deaths,0.0,0.0
18529,Gambia,2020-02-24,0,Deaths,0.0,0.0
18530,Gambia,2020-02-25,0,Deaths,0.0,0.0
18531,Gambia,2020-02-26,0,Deaths,0.0,0.0
18532,Gambia,2020-02-27,0,Deaths,0.0,0.0
18533,Gambia,2020-02-28,0,Deaths,0.0,0.0
18534,Gambia,2020-02-29,0,Deaths,0.0,0.0
18535,Gambia,2020-03-01,0,Deaths,0.0,0.0
18536,Gambia,2020-03-02,0,Deaths,0.0,0.0
18537,Gambia,2020-03-03,0,Deaths,0.0,0.0
18538,Gambia,2020-03-04,0,Deaths,0.0,0.0
18539,Gambia,2020-03-05,0,Deaths,0.0,0.0
18540,Gambia,2020-03-06,0,Deaths,0.0,0.0
18541,Gambia,2020-03-07,0,Deaths,0.0,0.0
18542,Gambia,2020-03-08,0,Deaths,0.0,0.0
18543,Gambia,2020-03-09,0,Deaths,0.0,0.0
18544,Gambia,2020-03-10,0,Deaths,0.0,0.0
18545,Gambia,2020-03-11,0,Deaths,0.0,0.0
18546,Gambia,2020-03-12,0,Deaths,0.0,0.0
18547,Gambia,2020-03-13,0,Deaths,0.0,0.0
18548,Gambia,2020-03-14,0,Deaths,0.0,0.0
18549,Gambia,2020-03-15,0,Deaths,0.0,0.0
18550,Gambia,2020-03-16,0,Deaths,0.0,0.0
18551,Gambia,2020-03-17,0,Deaths,0.0,0.0
18552,Gambia,2020-03-18,0,Deaths,0.0,0.0
18553,Gambia,2020-03-19,0,Deaths,0.0,0.0
18554,Gambia,2020-03-20,0,Deaths,0.0,0.0
18555,Gambia,2020-03-21,0,Deaths,0.0,0.0
18556,Gambia,2020-03-22,0,Deaths,0.0,0.0
18557,Gambia,2020-03-23,1,Deaths,1.0,1.0
18558,Gambia,2020-03-24,1,Deaths,0.0,1.0
18559,Gambia,2020-03-25,1,Deaths,0.0,1.0
18560,Gambia,2020-03-26,1,Deaths,0.0,1.0
18561,Gambia,2020-03-27,1,Deaths,0.0,1.0
18562,Gambia,2020-03-28,1,Deaths,0.0,1.0
18563,Gambia,2020-03-29,1,Deaths,0.0,1.0
18564,Gambia,2020-03-30,1,Deaths,0.0,0.0
18565,Gambia,2020-03-31,1,Deaths,0.0,0.0
18566,Gambia,2020-04-01,1,Deaths,0.0,0.0
18567,Gambia,2020-04-02,1,Deaths,0.0,0.0
18568,Gambia,2020-04-03,1,Deaths,0.0,0.0
18569,Gambia,2020-04-04,1,Deaths,0.0,0.0
18570,Gambia,2020-04-05,1,Deaths,0.0,0.0
18571,Gambia,2020-04-06,1,Deaths,0.0,0.0
18572,Gambia,2020-04-07,1,Deaths,0.0,0.0
18573,Gambia,2020-04-08,1,Deaths,0.0,0.0
18574,Gambia,2020-04-09,1,Deaths,0.0,0.0
18575,Gambia,2020-04-10,1,Deaths,0.0,0.0
18576,Gambia,2020-04-11,1,Deaths,0.0,0.0
18577,Gambia,2020-04-12,1,Deaths,0.0,0.0
18578,Gambia,2020-04-13,1,Deaths,0.0,0.0
18579,Gambia,2020-04-14,1,Deaths,0.0,0.0
18580,Gambia,2020-04-15,1,Deaths,0.0,0.0
18581,Gambia,2020-04-16,1,Deaths,0.0,0.0
18582,Gambia,2020-04-17,1,Deaths,0.0,0.0
18583,Gambia,2020-04-18,1,Deaths,0.0,0.0
18584,Gambia,2020-04-19,1,Deaths,0.0,0.0
18585,Gambia,2020-04-20,1,Deaths,0.0,0.0
18586,Gambia,2020-04-21,1,Deaths,0.0,0.0
18587,Gambia,2020-04-22,1,Deaths,0.0,0.0
18588,Gambia,2020-04-23,1,Deaths,0.0,0.0
18589,Gambia,2020-04-24,1,Deaths,0.0,0.0
18590,Gambia,2020-04-25,1,Deaths,0.0,0.0
18591,Gambia,2020-04-26,1,Deaths,0.0,0.0
18592,Gambia,2020-04-27,1,Deaths,0.0,0.0
18593,Gambia,2020-04-28,1,Deaths,0.0,0.0
18594,Gambia,2020-04-29,1,Deaths,0.0,0.0
18595,Gambia,2020-04-30,1,Deaths,0.0,0.0
18596,Gambia,2020-05-01,1,Deaths,0.0,0.0
18597,Gambia,2020-05-02,1,Deaths,0.0,0.0
18598,Gambia,2020-05-03,1,Deaths,0.0,0.0
18599,Gambia,2020-05-04,1,Deaths,0.0,0.0
18600,Gambia,2020-05-05,1,Deaths,0.0,0.0
18601,Gambia,2020-05-06,1,Deaths,0.0,0.0
18602,Gambia,2020-05-07,1,Deaths,0.0,0.0
18603,Gambia,2020-05-08,1,Deaths,0.0,0.0
18604,Gambia,2020-05-09,1,Deaths,0.0,0.0
18605,Gambia,2020-05-10,1,Deaths,0.0,0.0
18606,Gambia,2020-05-11,1,Deaths,0.0,0.0
18607,Gambia,2020-05-12,1,Deaths,0.0,0.0
18608,Gambia,2020-05-13,1,Deaths,0.0,0.0
18609,Gambia,2020-05-14,1,Deaths,0.0,0.0
18610,Gambia,2020-05-15,1,Deaths,0.0,0.0
18611,Gambia,2020-05-16,1,Deaths,0.0,0.0
18612,Gambia,2020-05-17,1,Deaths,0.0,0.0
18613,Gambia,2020-05-18,1,Deaths,0.0,0.0
18614,Gambia,2020-05-19,1,Deaths,0.0,0.0
18615,Gambia,2020-05-20,1,Deaths,0.0,0.0
18616,Gambia,2020-05-21,1,Deaths,0.0,0.0
18617,Gambia,2020-05-22,1,Deaths,0.0,0.0
18618,Gambia,2020-05-23,1,Deaths,0.0,0.0
18619,Gambia,2020-05-24,1,Deaths,0.0,0.0
18620,Gambia,2020-05-25,1,Deaths,0.0,0.0
18621,Gambia,2020-05-26,1,Deaths,0.0,0.0
18622,Gambia,2020-05-27,1,Deaths,0.0,0.0
18623,Gambia,2020-05-28,1,Deaths,0.0,0.0
18624,Gambia,2020-05-29,1,Deaths,0.0,0.0
18625,Gambia,2020-05-30,1,Deaths,0.0,0.0
18626,Gambia,2020-05-31,1,Deaths,0.0,0.0
18627,Gambia,2020-06-01,1,Deaths,0.0,0.0
18628,Gambia,2020-06-02,1,Deaths,0.0,0.0
18629,Gambia,2020-06-03,1,Deaths,0.0,0.0
18630,Gambia,2020-06-04,1,Deaths,0.0,0.0
18631,Gambia,2020-06-05,1,Deaths,0.0,0.0
18632,Gambia,2020-06-06,1,Deaths,0.0,0.0
18633,Gambia,2020-06-07,1,Deaths,0.0,0.0
18634,Gambia,2020-06-08,1,Deaths,0.0,0.0
18635,Gambia,2020-06-09,1,Deaths,0.0,0.0
18636,Gambia,2020-06-10,1,Deaths,0.0,0.0
18637,Gambia,2020-06-11,1,Deaths,0.0,0.0
18638,Gambia,2020-06-12,1,Deaths,0.0,0.0
18639,Gambia,2020-06-13,1,Deaths,0.0,0.0
18640,Gambia,2020-06-14,1,Deaths,0.0,0.0
18641,Gambia,2020-06-15,1,Deaths,0.0,0.0
18642,Gambia,2020-06-16,1,Deaths,0.0,0.0
18643,Gambia,2020-06-17,1,Deaths,0.0,0.0
18644,Gambia,2020-06-18,1,Deaths,0.0,0.0
18645,Gambia,2020-06-19,1,Deaths,0.0,0.0
18646,Gambia,2020-06-20,2,Deaths,1.0,1.0
18647,Gambia,2020-06-21,2,Deaths,0.0,1.0
18648,Gambia,2020-06-22,2,Deaths,0.0,1.0
18649,Gambia,2020-06-23,2,Deaths,0.0,1.0
18650,Gambia,2020-06-24,2,Deaths,0.0,1.0
18651,Gambia,2020-06-25,2,Deaths,0.0,1.0
18652,Gambia,2020-06-26,2,Deaths,0.0,1.0
18653,Gambia,2020-06-27,2,Deaths,0.0,0.0
18654,Gambia,2020-06-28,2,Deaths,0.0,0.0
18655,Gambia,2020-06-29,2,Deaths,0.0,0.0
18656,Gambia,2020-06-30,2,Deaths,0.0,0.0
18657,Gambia,2020-07-01,2,Deaths,0.0,0.0
18658,Gambia,2020-07-02,2,Deaths,0.0,0.0
18659,Gambia,2020-07-03,2,Deaths,0.0,0.0
18660,Gambia,2020-07-04,2,Deaths,0.0,0.0
18661,Gambia,2020-07-05,2,Deaths,0.0,0.0
18662,Gambia,2020-07-06,3,Deaths,1.0,1.0
18663,Gambia,2020-07-07,3,Deaths,0.0,1.0
18664,Gambia,2020-07-08,3,Deaths,0.0,1.0
18665,Gambia,2020-07-09,3,Deaths,0.0,1.0
18666,Gambia,2020-07-10,3,Deaths,0.0,1.0
18667,Gambia,2020-07-11,3,Deaths,0.0,1.0
18668,Gambia,2020-07-12,3,Deaths,0.0,1.0
18669,Gambia,2020-07-13,3,Deaths,0.0,0.0
18670,Gambia,2020-07-14,3,Deaths,0.0,0.0
18671,Gambia,2020-07-15,3,Deaths,0.0,0.0
18672,Gambia,2020-07-16,3,Deaths,0.0,0.0
18673,Gambia,2020-07-17,3,Deaths,0.0,0.0
18674,Gambia,2020-07-18,4,Deaths,1.0,1.0
18675,Gambia,2020-07-19,4,Deaths,0.0,1.0
18676,Gambia,2020-07-20,4,Deaths,0.0,1.0
18677,Gambia,2020-07-21,4,Deaths,0.0,1.0
18678,Gambia,2020-07-22,5,Deaths,1.0,2.0
18679,Gambia,2020-07-23,5,Deaths,0.0,2.0
18680,Gambia,2020-07-24,6,Deaths,1.0,3.0
18681,Gambia,2020-07-25,6,Deaths,0.0,2.0
18682,Gambia,2020-07-26,6,Deaths,0.0,2.0
18683,Gambia,2020-07-27,8,Deaths,2.0,4.0
18684,Gambia,2020-07-28,8,Deaths,0.0,4.0
18685,Gambia,2020-07-29,8,Deaths,0.0,3.0
18686,Gambia,2020-07-30,8,Deaths,0.0,3.0
18687,Gambia,2020-07-31,9,Deaths,1.0,3.0
18688,Gambia,2020-08-01,9,Deaths,0.0,3.0
18689,Gambia,2020-08-02,9,Deaths,0.0,3.0
18690,Gambia,2020-08-03,9,Deaths,0.0,1.0
18691,Gambia,2020-08-04,14,Deaths,5.0,6.0
18692,Gambia,2020-08-05,16,Deaths,2.0,8.0
18693,Gambia,2020-08-06,16,Deaths,0.0,8.0
18694,Gambia,2020-08-07,19,Deaths,3.0,10.0
18695,Gambia,2020-08-08,19,Deaths,0.0,10.0
18696,Gambia,2020-08-09,23,Deaths,4.0,14.0
18697,Gambia,2020-08-10,23,Deaths,0.0,14.0
18698,Gambia,2020-08-11,32,Deaths,9.0,18.0
18699,Gambia,2020-08-12,33,Deaths,1.0,17.0
18700,Gambia,2020-08-13,43,Deaths,10.0,27.0
18701,Gambia,2020-08-14,50,Deaths,7.0,31.0
18702,Gambia,2020-08-15,54,Deaths,4.0,35.0
18703,Gambia,2020-08-16,63,Deaths,9.0,40.0
18704,Gambia,2020-08-17,63,Deaths,0.0,40.0
18705,Gambia,2020-08-18,63,Deaths,0.0,31.0
18706,Gambia,2020-08-19,77,Deaths,14.0,44.0
18707,Gambia,2020-08-20,81,Deaths,4.0,38.0
18708,Gambia,2020-08-21,84,Deaths,3.0,34.0
18709,Gambia,2020-08-22,84,Deaths,0.0,30.0
18710,Gambia,2020-08-23,87,Deaths,3.0,24.0
18711,Gambia,2020-08-24,87,Deaths,0.0,24.0
18712,Gambia,2020-08-25,90,Deaths,3.0,27.0
18713,Gambia,2020-08-26,93,Deaths,3.0,16.0
18714,Gambia,2020-08-27,93,Deaths,0.0,12.0
18715,Gambia,2020-08-28,96,Deaths,3.0,12.0
18716,Gambia,2020-08-29,96,Deaths,0.0,12.0
18717,Gambia,2020-08-30,96,Deaths,0.0,9.0
18718,Gambia,2020-08-31,96,Deaths,0.0,9.0
18719,Gambia,2020-09-01,96,Deaths,0.0,6.0
18720,Gambia,2020-09-02,97,Deaths,1.0,4.0
18721,Gambia,2020-09-03,99,Deaths,2.0,6.0
18722,Gambia,2020-09-04,99,Deaths,0.0,3.0
18723,Gambia,2020-09-05,99,Deaths,0.0,3.0
18724,Gambia,2020-09-06,99,Deaths,0.0,3.0
18725,Gambia,2020-09-07,99,Deaths,0.0,3.0
18726,Gambia,2020-09-08,99,Deaths,0.0,3.0
18727,Gambia,2020-09-09,99,Deaths,0.0,2.0
18728,Gambia,2020-09-10,100,Deaths,1.0,1.0
18729,Gambia,2020-09-11,100,Deaths,0.0,1.0
18730,Gambia,2020-09-12,102,Deaths,2.0,3.0
18731,Gambia,2020-09-13,103,Deaths,1.0,4.0
18732,Gambia,2020-09-14,103,Deaths,0.0,4.0
18733,Gambia,2020-09-15,105,Deaths,2.0,6.0
18734,Gambia,2020-09-16,107,Deaths,2.0,8.0
18735,Gambia,2020-09-17,107,Deaths,0.0,7.0
18736,Gambia,2020-09-18,108,Deaths,1.0,8.0
18737,Gambia,2020-09-19,108,Deaths,0.0,6.0
18738,Gambia,2020-09-20,108,Deaths,0.0,5.0
18739,Gambia,2020-09-21,108,Deaths,0.0,5.0
18740,Gambia,2020-09-22,110,Deaths,2.0,5.0
18741,Gambia,2020-09-23,110,Deaths,0.0,3.0
18742,Gambia,2020-09-24,110,Deaths,0.0,3.0
18743,Gambia,2020-09-25,110,Deaths,0.0,2.0
18744,Gambia,2020-09-26,110,Deaths,0.0,2.0
18745,Gambia,2020-09-27,111,Deaths,1.0,3.0
18746,Gambia,2020-09-28,111,Deaths,0.0,3.0
18747,Gambia,2020-09-29,112,Deaths,1.0,2.0
18748,Gambia,2020-09-30,112,Deaths,0.0,2.0
18749,Gambia,2020-10-01,113,Deaths,1.0,3.0
18750,Gambia,2020-10-02,115,Deaths,2.0,5.0
18751,Gambia,2020-10-03,115,Deaths,0.0,5.0
18752,Gambia,2020-10-04,115,Deaths,0.0,4.0
18753,Gambia,2020-10-05,115,Deaths,0.0,4.0
18754,Gambia,2020-10-06,117,Deaths,2.0,5.0
18755,Gambia,2020-10-07,117,Deaths,0.0,5.0
18756,Gambia,2020-10-08,117,Deaths,0.0,4.0
18757,Gambia,2020-10-09,117,Deaths,0.0,2.0
18758,Gambia,2020-10-10,117,Deaths,0.0,2.0
18759,Gambia,2020-10-11,117,Deaths,0.0,2.0
18760,Gambia,2020-10-12,118,Deaths,1.0,3.0
18761,Gambia,2020-10-13,118,Deaths,0.0,1.0
18762,Gambia,2020-10-14,118,Deaths,0.0,1.0
18763,Gambia,2020-10-15,118,Deaths,0.0,1.0
18764,Gambia,2020-10-16,118,Deaths,0.0,1.0
18765,Gambia,2020-10-17,118,Deaths,0.0,1.0
18766,Gambia,2020-10-18,118,Deaths,0.0,1.0
18767,Gambia,2020-10-19,118,Deaths,0.0,0.0
18768,Gambia,2020-10-20,118,Deaths,0.0,0.0
18769,Gambia,2020-10-21,118,Deaths,0.0,0.0
18770,Gambia,2020-10-22,119,Deaths,1.0,1.0
18771,Gambia,2020-10-23,119,Deaths,0.0,1.0
18772,Gambia,2020-10-24,119,Deaths,0.0,1.0
18773,Gambia,2020-10-25,119,Deaths,0.0,1.0
18774,Gambia,2020-10-26,119,Deaths,0.0,1.0
18775,Gambia,2020-10-27,119,Deaths,0.0,1.0
18776,Gambia,2020-10-28,119,Deaths,0.0,1.0
18777,Gambia,2020-10-29,119,Deaths,0.0,0.0
18778,Gambia,2020-10-30,119,Deaths,0.0,0.0
18779,Gambia,2020-10-31,119,Deaths,0.0,0.0
18780,Gambia,2020-11-01,119,Deaths,0.0,0.0
18781,Gambia,2020-11-02,119,Deaths,0.0,0.0
18782,Gambia,2020-11-03,120,Deaths,1.0,1.0
18783,Gambia,2020-11-04,120,Deaths,0.0,1.0
18784,Gambia,2020-11-05,120,Deaths,0.0,1.0
18785,Georgia,2020-01-22,0,Deaths,,
18786,Georgia,2020-01-23,0,Deaths,0.0,
18787,Georgia,2020-01-24,0,Deaths,0.0,
18788,Georgia,2020-01-25,0,Deaths,0.0,
18789,Georgia,2020-01-26,0,Deaths,0.0,
18790,Georgia,2020-01-27,0,Deaths,0.0,
18791,Georgia,2020-01-28,0,Deaths,0.0,
18792,Georgia,2020-01-29,0,Deaths,0.0,0.0
18793,Georgia,2020-01-30,0,Deaths,0.0,0.0
18794,Georgia,2020-01-31,0,Deaths,0.0,0.0
18795,Georgia,2020-02-01,0,Deaths,0.0,0.0
18796,Georgia,2020-02-02,0,Deaths,0.0,0.0
18797,Georgia,2020-02-03,0,Deaths,0.0,0.0
18798,Georgia,2020-02-04,0,Deaths,0.0,0.0
18799,Georgia,2020-02-05,0,Deaths,0.0,0.0
18800,Georgia,2020-02-06,0,Deaths,0.0,0.0
18801,Georgia,2020-02-07,0,Deaths,0.0,0.0
18802,Georgia,2020-02-08,0,Deaths,0.0,0.0
18803,Georgia,2020-02-09,0,Deaths,0.0,0.0
18804,Georgia,2020-02-10,0,Deaths,0.0,0.0
18805,Georgia,2020-02-11,0,Deaths,0.0,0.0
18806,Georgia,2020-02-12,0,Deaths,0.0,0.0
18807,Georgia,2020-02-13,0,Deaths,0.0,0.0
18808,Georgia,2020-02-14,0,Deaths,0.0,0.0
18809,Georgia,2020-02-15,0,Deaths,0.0,0.0
18810,Georgia,2020-02-16,0,Deaths,0.0,0.0
18811,Georgia,2020-02-17,0,Deaths,0.0,0.0
18812,Georgia,2020-02-18,0,Deaths,0.0,0.0
18813,Georgia,2020-02-19,0,Deaths,0.0,0.0
18814,Georgia,2020-02-20,0,Deaths,0.0,0.0
18815,Georgia,2020-02-21,0,Deaths,0.0,0.0
18816,Georgia,2020-02-22,0,Deaths,0.0,0.0
18817,Georgia,2020-02-23,0,Deaths,0.0,0.0
18818,Georgia,2020-02-24,0,Deaths,0.0,0.0
18819,Georgia,2020-02-25,0,Deaths,0.0,0.0
18820,Georgia,2020-02-26,0,Deaths,0.0,0.0
18821,Georgia,2020-02-27,0,Deaths,0.0,0.0
18822,Georgia,2020-02-28,0,Deaths,0.0,0.0
18823,Georgia,2020-02-29,0,Deaths,0.0,0.0
18824,Georgia,2020-03-01,0,Deaths,0.0,0.0
18825,Georgia,2020-03-02,0,Deaths,0.0,0.0
18826,Georgia,2020-03-03,0,Deaths,0.0,0.0
18827,Georgia,2020-03-04,0,Deaths,0.0,0.0
18828,Georgia,2020-03-05,0,Deaths,0.0,0.0
18829,Georgia,2020-03-06,0,Deaths,0.0,0.0
18830,Georgia,2020-03-07,0,Deaths,0.0,0.0
18831,Georgia,2020-03-08,0,Deaths,0.0,0.0
18832,Georgia,2020-03-09,0,Deaths,0.0,0.0
18833,Georgia,2020-03-10,0,Deaths,0.0,0.0
18834,Georgia,2020-03-11,0,Deaths,0.0,0.0
18835,Georgia,2020-03-12,0,Deaths,0.0,0.0
18836,Georgia,2020-03-13,0,Deaths,0.0,0.0
18837,Georgia,2020-03-14,0,Deaths,0.0,0.0
18838,Georgia,2020-03-15,0,Deaths,0.0,0.0
18839,Georgia,2020-03-16,0,Deaths,0.0,0.0
18840,Georgia,2020-03-17,0,Deaths,0.0,0.0
18841,Georgia,2020-03-18,0,Deaths,0.0,0.0
18842,Georgia,2020-03-19,0,Deaths,0.0,0.0
18843,Georgia,2020-03-20,0,Deaths,0.0,0.0
18844,Georgia,2020-03-21,0,Deaths,0.0,0.0
18845,Georgia,2020-03-22,0,Deaths,0.0,0.0
18846,Georgia,2020-03-23,0,Deaths,0.0,0.0
18847,Georgia,2020-03-24,0,Deaths,0.0,0.0
18848,Georgia,2020-03-25,0,Deaths,0.0,0.0
18849,Georgia,2020-03-26,0,Deaths,0.0,0.0
18850,Georgia,2020-03-27,0,Deaths,0.0,0.0
18851,Georgia,2020-03-28,0,Deaths,0.0,0.0
18852,Georgia,2020-03-29,0,Deaths,0.0,0.0
18853,Georgia,2020-03-30,0,Deaths,0.0,0.0
18854,Georgia,2020-03-31,0,Deaths,0.0,0.0
18855,Georgia,2020-04-01,0,Deaths,0.0,0.0
18856,Georgia,2020-04-02,0,Deaths,0.0,0.0
18857,Georgia,2020-04-03,0,Deaths,0.0,0.0
18858,Georgia,2020-04-04,1,Deaths,1.0,1.0
18859,Georgia,2020-04-05,2,Deaths,1.0,2.0
18860,Georgia,2020-04-06,2,Deaths,0.0,2.0
18861,Georgia,2020-04-07,3,Deaths,1.0,3.0
18862,Georgia,2020-04-08,3,Deaths,0.0,3.0
18863,Georgia,2020-04-09,3,Deaths,0.0,3.0
18864,Georgia,2020-04-10,3,Deaths,0.0,3.0
18865,Georgia,2020-04-11,3,Deaths,0.0,2.0
18866,Georgia,2020-04-12,3,Deaths,0.0,1.0
18867,Georgia,2020-04-13,3,Deaths,0.0,1.0
18868,Georgia,2020-04-14,3,Deaths,0.0,0.0
18869,Georgia,2020-04-15,3,Deaths,0.0,0.0
18870,Georgia,2020-04-16,3,Deaths,0.0,0.0
18871,Georgia,2020-04-17,3,Deaths,0.0,0.0
18872,Georgia,2020-04-18,4,Deaths,1.0,1.0
18873,Georgia,2020-04-19,4,Deaths,0.0,1.0
18874,Georgia,2020-04-20,4,Deaths,0.0,1.0
18875,Georgia,2020-04-21,4,Deaths,0.0,1.0
18876,Georgia,2020-04-22,5,Deaths,1.0,2.0
18877,Georgia,2020-04-23,5,Deaths,0.0,2.0
18878,Georgia,2020-04-24,5,Deaths,0.0,2.0
18879,Georgia,2020-04-25,5,Deaths,0.0,1.0
18880,Georgia,2020-04-26,6,Deaths,1.0,2.0
18881,Georgia,2020-04-27,6,Deaths,0.0,2.0
18882,Georgia,2020-04-28,6,Deaths,0.0,2.0
18883,Georgia,2020-04-29,6,Deaths,0.0,1.0
18884,Georgia,2020-04-30,6,Deaths,0.0,1.0
18885,Georgia,2020-05-01,7,Deaths,1.0,2.0
18886,Georgia,2020-05-02,8,Deaths,1.0,3.0
18887,Georgia,2020-05-03,9,Deaths,1.0,3.0
18888,Georgia,2020-05-04,9,Deaths,0.0,3.0
18889,Georgia,2020-05-05,9,Deaths,0.0,3.0
18890,Georgia,2020-05-06,9,Deaths,0.0,3.0
18891,Georgia,2020-05-07,9,Deaths,0.0,3.0
18892,Georgia,2020-05-08,10,Deaths,1.0,3.0
18893,Georgia,2020-05-09,10,Deaths,0.0,2.0
18894,Georgia,2020-05-10,10,Deaths,0.0,1.0
18895,Georgia,2020-05-11,11,Deaths,1.0,2.0
18896,Georgia,2020-05-12,11,Deaths,0.0,2.0
18897,Georgia,2020-05-13,11,Deaths,0.0,2.0
18898,Georgia,2020-05-14,12,Deaths,1.0,3.0
18899,Georgia,2020-05-15,12,Deaths,0.0,2.0
18900,Georgia,2020-05-16,12,Deaths,0.0,2.0
18901,Georgia,2020-05-17,12,Deaths,0.0,2.0
18902,Georgia,2020-05-18,12,Deaths,0.0,1.0
18903,Georgia,2020-05-19,12,Deaths,0.0,1.0
18904,Georgia,2020-05-20,12,Deaths,0.0,1.0
18905,Georgia,2020-05-21,12,Deaths,0.0,0.0
18906,Georgia,2020-05-22,12,Deaths,0.0,0.0
18907,Georgia,2020-05-23,12,Deaths,0.0,0.0
18908,Georgia,2020-05-24,12,Deaths,0.0,0.0
18909,Georgia,2020-05-25,12,Deaths,0.0,0.0
18910,Georgia,2020-05-26,12,Deaths,0.0,0.0
18911,Georgia,2020-05-27,12,Deaths,0.0,0.0
18912,Georgia,2020-05-28,12,Deaths,0.0,0.0
18913,Georgia,2020-05-29,12,Deaths,0.0,0.0
18914,Georgia,2020-05-30,12,Deaths,0.0,0.0
18915,Georgia,2020-05-31,12,Deaths,0.0,0.0
18916,Georgia,2020-06-01,12,Deaths,0.0,0.0
18917,Georgia,2020-06-02,13,Deaths,1.0,1.0
18918,Georgia,2020-06-03,13,Deaths,0.0,1.0
18919,Georgia,2020-06-04,13,Deaths,0.0,1.0
18920,Georgia,2020-06-05,13,Deaths,0.0,1.0
18921,Georgia,2020-06-06,13,Deaths,0.0,1.0
18922,Georgia,2020-06-07,13,Deaths,0.0,1.0
18923,Georgia,2020-06-08,13,Deaths,0.0,1.0
18924,Georgia,2020-06-09,13,Deaths,0.0,0.0
18925,Georgia,2020-06-10,13,Deaths,0.0,0.0
18926,Georgia,2020-06-11,13,Deaths,0.0,0.0
18927,Georgia,2020-06-12,13,Deaths,0.0,0.0
18928,Georgia,2020-06-13,14,Deaths,1.0,1.0
18929,Georgia,2020-06-14,14,Deaths,0.0,1.0
18930,Georgia,2020-06-15,14,Deaths,0.0,1.0
18931,Georgia,2020-06-16,14,Deaths,0.0,1.0
18932,Georgia,2020-06-17,14,Deaths,0.0,1.0
18933,Georgia,2020-06-18,14,Deaths,0.0,1.0
18934,Georgia,2020-06-19,14,Deaths,0.0,1.0
18935,Georgia,2020-06-20,14,Deaths,0.0,0.0
18936,Georgia,2020-06-21,14,Deaths,0.0,0.0
18937,Georgia,2020-06-22,14,Deaths,0.0,0.0
18938,Georgia,2020-06-23,14,Deaths,0.0,0.0
18939,Georgia,2020-06-24,14,Deaths,0.0,0.0
18940,Georgia,2020-06-25,14,Deaths,0.0,0.0
18941,Georgia,2020-06-26,14,Deaths,0.0,0.0
18942,Georgia,2020-06-27,14,Deaths,0.0,0.0
18943,Georgia,2020-06-28,15,Deaths,1.0,1.0
18944,Georgia,2020-06-29,15,Deaths,0.0,1.0
18945,Georgia,2020-06-30,15,Deaths,0.0,1.0
18946,Georgia,2020-07-01,15,Deaths,0.0,1.0
18947,Georgia,2020-07-02,15,Deaths,0.0,1.0
18948,Georgia,2020-07-03,15,Deaths,0.0,1.0
18949,Georgia,2020-07-04,15,Deaths,0.0,1.0
18950,Georgia,2020-07-05,15,Deaths,0.0,0.0
18951,Georgia,2020-07-06,15,Deaths,0.0,0.0
18952,Georgia,2020-07-07,15,Deaths,0.0,0.0
18953,Georgia,2020-07-08,15,Deaths,0.0,0.0
18954,Georgia,2020-07-09,15,Deaths,0.0,0.0
18955,Georgia,2020-07-10,15,Deaths,0.0,0.0
18956,Georgia,2020-07-11,15,Deaths,0.0,0.0
18957,Georgia,2020-07-12,15,Deaths,0.0,0.0
18958,Georgia,2020-07-13,15,Deaths,0.0,0.0
18959,Georgia,2020-07-14,15,Deaths,0.0,0.0
18960,Georgia,2020-07-15,15,Deaths,0.0,0.0
18961,Georgia,2020-07-16,15,Deaths,0.0,0.0
18962,Georgia,2020-07-17,15,Deaths,0.0,0.0
18963,Georgia,2020-07-18,15,Deaths,0.0,0.0
18964,Georgia,2020-07-19,15,Deaths,0.0,0.0
18965,Georgia,2020-07-20,16,Deaths,1.0,1.0
18966,Georgia,2020-07-21,16,Deaths,0.0,1.0
18967,Georgia,2020-07-22,16,Deaths,0.0,1.0
18968,Georgia,2020-07-23,16,Deaths,0.0,1.0
18969,Georgia,2020-07-24,16,Deaths,0.0,1.0
18970,Georgia,2020-07-25,16,Deaths,0.0,1.0
18971,Georgia,2020-07-26,16,Deaths,0.0,1.0
18972,Georgia,2020-07-27,16,Deaths,0.0,0.0
18973,Georgia,2020-07-28,16,Deaths,0.0,0.0
18974,Georgia,2020-07-29,17,Deaths,1.0,1.0
18975,Georgia,2020-07-30,17,Deaths,0.0,1.0
18976,Georgia,2020-07-31,17,Deaths,0.0,1.0
18977,Georgia,2020-08-01,17,Deaths,0.0,1.0
18978,Georgia,2020-08-02,17,Deaths,0.0,1.0
18979,Georgia,2020-08-03,17,Deaths,0.0,1.0
18980,Georgia,2020-08-04,17,Deaths,0.0,1.0
18981,Georgia,2020-08-05,17,Deaths,0.0,0.0
18982,Georgia,2020-08-06,17,Deaths,0.0,0.0
18983,Georgia,2020-08-07,17,Deaths,0.0,0.0
18984,Georgia,2020-08-08,17,Deaths,0.0,0.0
18985,Georgia,2020-08-09,17,Deaths,0.0,0.0
18986,Georgia,2020-08-10,17,Deaths,0.0,0.0
18987,Georgia,2020-08-11,17,Deaths,0.0,0.0
18988,Georgia,2020-08-12,17,Deaths,0.0,0.0
18989,Georgia,2020-08-13,17,Deaths,0.0,0.0
18990,Georgia,2020-08-14,17,Deaths,0.0,0.0
18991,Georgia,2020-08-15,17,Deaths,0.0,0.0
18992,Georgia,2020-08-16,17,Deaths,0.0,0.0
18993,Georgia,2020-08-17,17,Deaths,0.0,0.0
18994,Georgia,2020-08-18,17,Deaths,0.0,0.0
18995,Georgia,2020-08-19,17,Deaths,0.0,0.0
18996,Georgia,2020-08-20,17,Deaths,0.0,0.0
18997,Georgia,2020-08-21,17,Deaths,0.0,0.0
18998,Georgia,2020-08-22,17,Deaths,0.0,0.0
18999,Georgia,2020-08-23,17,Deaths,0.0,0.0
19000,Georgia,2020-08-24,18,Deaths,1.0,1.0
19001,Georgia,2020-08-25,19,Deaths,1.0,2.0
19002,Georgia,2020-08-26,19,Deaths,0.0,2.0
19003,Georgia,2020-08-27,19,Deaths,0.0,2.0
19004,Georgia,2020-08-28,19,Deaths,0.0,2.0
19005,Georgia,2020-08-29,19,Deaths,0.0,2.0
19006,Georgia,2020-08-30,19,Deaths,0.0,2.0
19007,Georgia,2020-08-31,19,Deaths,0.0,1.0
19008,Georgia,2020-09-01,19,Deaths,0.0,0.0
19009,Georgia,2020-09-02,19,Deaths,0.0,0.0
19010,Georgia,2020-09-03,19,Deaths,0.0,0.0
19011,Georgia,2020-09-04,19,Deaths,0.0,0.0
19012,Georgia,2020-09-05,19,Deaths,0.0,0.0
19013,Georgia,2020-09-06,19,Deaths,0.0,0.0
19014,Georgia,2020-09-07,19,Deaths,0.0,0.0
19015,Georgia,2020-09-08,19,Deaths,0.0,0.0
19016,Georgia,2020-09-09,19,Deaths,0.0,0.0
19017,Georgia,2020-09-10,19,Deaths,0.0,0.0
19018,Georgia,2020-09-11,19,Deaths,0.0,0.0
19019,Georgia,2020-09-12,19,Deaths,0.0,0.0
19020,Georgia,2020-09-13,19,Deaths,0.0,0.0
19021,Georgia,2020-09-14,19,Deaths,0.0,0.0
19022,Georgia,2020-09-15,19,Deaths,0.0,0.0
19023,Georgia,2020-09-16,19,Deaths,0.0,0.0
19024,Georgia,2020-09-17,19,Deaths,0.0,0.0
19025,Georgia,2020-09-18,19,Deaths,0.0,0.0
19026,Georgia,2020-09-19,19,Deaths,0.0,0.0
19027,Georgia,2020-09-20,19,Deaths,0.0,0.0
19028,Georgia,2020-09-21,20,Deaths,1.0,1.0
19029,Georgia,2020-09-22,23,Deaths,3.0,4.0
19030,Georgia,2020-09-23,25,Deaths,2.0,6.0
19031,Georgia,2020-09-24,26,Deaths,1.0,7.0
19032,Georgia,2020-09-25,27,Deaths,1.0,8.0
19033,Georgia,2020-09-26,28,Deaths,1.0,9.0
19034,Georgia,2020-09-27,28,Deaths,0.0,9.0
19035,Georgia,2020-09-28,32,Deaths,4.0,12.0
19036,Georgia,2020-09-29,36,Deaths,4.0,13.0
19037,Georgia,2020-09-30,39,Deaths,3.0,14.0
19038,Georgia,2020-10-01,41,Deaths,2.0,15.0
19039,Georgia,2020-10-02,46,Deaths,5.0,19.0
19040,Georgia,2020-10-03,48,Deaths,2.0,20.0
19041,Georgia,2020-10-04,50,Deaths,2.0,22.0
19042,Georgia,2020-10-05,54,Deaths,4.0,22.0
19043,Georgia,2020-10-06,58,Deaths,4.0,22.0
19044,Georgia,2020-10-07,63,Deaths,5.0,24.0
19045,Georgia,2020-10-08,66,Deaths,3.0,25.0
19046,Georgia,2020-10-09,72,Deaths,6.0,26.0
19047,Georgia,2020-10-10,78,Deaths,6.0,30.0
19048,Georgia,2020-10-11,85,Deaths,7.0,35.0
19049,Georgia,2020-10-12,93,Deaths,8.0,39.0
19050,Georgia,2020-10-13,102,Deaths,9.0,44.0
19051,Georgia,2020-10-14,109,Deaths,7.0,46.0
19052,Georgia,2020-10-15,113,Deaths,4.0,47.0
19053,Georgia,2020-10-16,124,Deaths,11.0,52.0
19054,Georgia,2020-10-17,128,Deaths,4.0,50.0
19055,Georgia,2020-10-18,136,Deaths,8.0,51.0
19056,Georgia,2020-10-19,143,Deaths,7.0,50.0
19057,Georgia,2020-10-20,158,Deaths,15.0,56.0
19058,Georgia,2020-10-21,172,Deaths,14.0,63.0
19059,Georgia,2020-10-22,178,Deaths,6.0,65.0
19060,Georgia,2020-10-23,183,Deaths,5.0,59.0
19061,Georgia,2020-10-24,193,Deaths,10.0,65.0
19062,Georgia,2020-10-25,201,Deaths,8.0,65.0
19063,Georgia,2020-10-26,215,Deaths,14.0,72.0
19064,Georgia,2020-10-27,238,Deaths,23.0,80.0
19065,Georgia,2020-10-28,253,Deaths,15.0,81.0
19066,Georgia,2020-10-29,273,Deaths,20.0,95.0
19067,Georgia,2020-10-30,285,Deaths,12.0,102.0
19068,Georgia,2020-10-31,307,Deaths,22.0,114.0
19069,Georgia,2020-11-01,335,Deaths,28.0,134.0
19070,Georgia,2020-11-02,342,Deaths,7.0,127.0
19071,Georgia,2020-11-03,362,Deaths,20.0,124.0
19072,Georgia,2020-11-04,381,Deaths,19.0,128.0
19073,Georgia,2020-11-05,401,Deaths,20.0,128.0
19074,Germany,2020-01-22,0,Deaths,,
19075,Germany,2020-01-23,0,Deaths,0.0,
19076,Germany,2020-01-24,0,Deaths,0.0,
19077,Germany,2020-01-25,0,Deaths,0.0,
19078,Germany,2020-01-26,0,Deaths,0.0,
19079,Germany,2020-01-27,0,Deaths,0.0,
19080,Germany,2020-01-28,0,Deaths,0.0,
19081,Germany,2020-01-29,0,Deaths,0.0,0.0
19082,Germany,2020-01-30,0,Deaths,0.0,0.0
19083,Germany,2020-01-31,0,Deaths,0.0,0.0
19084,Germany,2020-02-01,0,Deaths,0.0,0.0
19085,Germany,2020-02-02,0,Deaths,0.0,0.0
19086,Germany,2020-02-03,0,Deaths,0.0,0.0
19087,Germany,2020-02-04,0,Deaths,0.0,0.0
19088,Germany,2020-02-05,0,Deaths,0.0,0.0
19089,Germany,2020-02-06,0,Deaths,0.0,0.0
19090,Germany,2020-02-07,0,Deaths,0.0,0.0
19091,Germany,2020-02-08,0,Deaths,0.0,0.0
19092,Germany,2020-02-09,0,Deaths,0.0,0.0
19093,Germany,2020-02-10,0,Deaths,0.0,0.0
19094,Germany,2020-02-11,0,Deaths,0.0,0.0
19095,Germany,2020-02-12,0,Deaths,0.0,0.0
19096,Germany,2020-02-13,0,Deaths,0.0,0.0
19097,Germany,2020-02-14,0,Deaths,0.0,0.0
19098,Germany,2020-02-15,0,Deaths,0.0,0.0
19099,Germany,2020-02-16,0,Deaths,0.0,0.0
19100,Germany,2020-02-17,0,Deaths,0.0,0.0
19101,Germany,2020-02-18,0,Deaths,0.0,0.0
19102,Germany,2020-02-19,0,Deaths,0.0,0.0
19103,Germany,2020-02-20,0,Deaths,0.0,0.0
19104,Germany,2020-02-21,0,Deaths,0.0,0.0
19105,Germany,2020-02-22,0,Deaths,0.0,0.0
19106,Germany,2020-02-23,0,Deaths,0.0,0.0
19107,Germany,2020-02-24,0,Deaths,0.0,0.0
19108,Germany,2020-02-25,0,Deaths,0.0,0.0
19109,Germany,2020-02-26,0,Deaths,0.0,0.0
19110,Germany,2020-02-27,0,Deaths,0.0,0.0
19111,Germany,2020-02-28,0,Deaths,0.0,0.0
19112,Germany,2020-02-29,0,Deaths,0.0,0.0
19113,Germany,2020-03-01,0,Deaths,0.0,0.0
19114,Germany,2020-03-02,0,Deaths,0.0,0.0
19115,Germany,2020-03-03,0,Deaths,0.0,0.0
19116,Germany,2020-03-04,0,Deaths,0.0,0.0
19117,Germany,2020-03-05,0,Deaths,0.0,0.0
19118,Germany,2020-03-06,0,Deaths,0.0,0.0
19119,Germany,2020-03-07,0,Deaths,0.0,0.0
19120,Germany,2020-03-08,0,Deaths,0.0,0.0
19121,Germany,2020-03-09,2,Deaths,2.0,2.0
19122,Germany,2020-03-10,2,Deaths,0.0,2.0
19123,Germany,2020-03-11,3,Deaths,1.0,3.0
19124,Germany,2020-03-12,3,Deaths,0.0,3.0
19125,Germany,2020-03-13,7,Deaths,4.0,7.0
19126,Germany,2020-03-14,9,Deaths,2.0,9.0
19127,Germany,2020-03-15,11,Deaths,2.0,11.0
19128,Germany,2020-03-16,17,Deaths,6.0,15.0
19129,Germany,2020-03-17,24,Deaths,7.0,22.0
19130,Germany,2020-03-18,28,Deaths,4.0,25.0
19131,Germany,2020-03-19,44,Deaths,16.0,41.0
19132,Germany,2020-03-20,67,Deaths,23.0,60.0
19133,Germany,2020-03-21,84,Deaths,17.0,75.0
19134,Germany,2020-03-22,94,Deaths,10.0,83.0
19135,Germany,2020-03-23,123,Deaths,29.0,106.0
19136,Germany,2020-03-24,157,Deaths,34.0,133.0
19137,Germany,2020-03-25,206,Deaths,49.0,178.0
19138,Germany,2020-03-26,267,Deaths,61.0,223.0
19139,Germany,2020-03-27,342,Deaths,75.0,275.0
19140,Germany,2020-03-28,433,Deaths,91.0,349.0
19141,Germany,2020-03-29,533,Deaths,100.0,439.0
19142,Germany,2020-03-30,645,Deaths,112.0,522.0
19143,Germany,2020-03-31,775,Deaths,130.0,618.0
19144,Germany,2020-04-01,920,Deaths,145.0,714.0
19145,Germany,2020-04-02,1107,Deaths,187.0,840.0
19146,Germany,2020-04-03,1275,Deaths,168.0,933.0
19147,Germany,2020-04-04,1444,Deaths,169.0,1011.0
19148,Germany,2020-04-05,1584,Deaths,140.0,1051.0
19149,Germany,2020-04-06,1810,Deaths,226.0,1165.0
19150,Germany,2020-04-07,2016,Deaths,206.0,1241.0
19151,Germany,2020-04-08,2349,Deaths,333.0,1429.0
19152,Germany,2020-04-09,2607,Deaths,258.0,1500.0
19153,Germany,2020-04-10,2767,Deaths,160.0,1492.0
19154,Germany,2020-04-11,2736,Deaths,-31.0,1292.0
19155,Germany,2020-04-12,3022,Deaths,286.0,1438.0
19156,Germany,2020-04-13,3194,Deaths,172.0,1384.0
19157,Germany,2020-04-14,3294,Deaths,100.0,1278.0
19158,Germany,2020-04-15,3804,Deaths,510.0,1455.0
19159,Germany,2020-04-16,4052,Deaths,248.0,1445.0
19160,Germany,2020-04-17,4352,Deaths,300.0,1585.0
19161,Germany,2020-04-18,4459,Deaths,107.0,1723.0
19162,Germany,2020-04-19,4586,Deaths,127.0,1564.0
19163,Germany,2020-04-20,4862,Deaths,276.0,1668.0
19164,Germany,2020-04-21,5033,Deaths,171.0,1739.0
19165,Germany,2020-04-22,5279,Deaths,246.0,1475.0
19166,Germany,2020-04-23,5575,Deaths,296.0,1523.0
19167,Germany,2020-04-24,5760,Deaths,185.0,1408.0
19168,Germany,2020-04-25,5877,Deaths,117.0,1418.0
19169,Germany,2020-04-26,5976,Deaths,99.0,1390.0
19170,Germany,2020-04-27,6126,Deaths,150.0,1264.0
19171,Germany,2020-04-28,6314,Deaths,188.0,1281.0
19172,Germany,2020-04-29,6467,Deaths,153.0,1188.0
19173,Germany,2020-04-30,6623,Deaths,156.0,1048.0
19174,Germany,2020-05-01,6736,Deaths,113.0,976.0
19175,Germany,2020-05-02,6812,Deaths,76.0,935.0
19176,Germany,2020-05-03,6866,Deaths,54.0,890.0
19177,Germany,2020-05-04,6993,Deaths,127.0,867.0
19178,Germany,2020-05-05,6993,Deaths,0.0,679.0
19179,Germany,2020-05-06,7275,Deaths,282.0,808.0
19180,Germany,2020-05-07,7392,Deaths,117.0,769.0
19181,Germany,2020-05-08,7510,Deaths,118.0,774.0
19182,Germany,2020-05-09,7549,Deaths,39.0,737.0
19183,Germany,2020-05-10,7569,Deaths,20.0,703.0
19184,Germany,2020-05-11,7661,Deaths,92.0,668.0
19185,Germany,2020-05-12,7738,Deaths,77.0,745.0
19186,Germany,2020-05-13,7861,Deaths,123.0,586.0
19187,Germany,2020-05-14,7884,Deaths,23.0,492.0
19188,Germany,2020-05-15,7897,Deaths,13.0,387.0
19189,Germany,2020-05-16,7938,Deaths,41.0,389.0
19190,Germany,2020-05-17,7962,Deaths,24.0,393.0
19191,Germany,2020-05-18,8003,Deaths,41.0,342.0
19192,Germany,2020-05-19,8081,Deaths,78.0,343.0
19193,Germany,2020-05-20,8144,Deaths,63.0,283.0
19194,Germany,2020-05-21,8203,Deaths,59.0,319.0
19195,Germany,2020-05-22,8228,Deaths,25.0,331.0
19196,Germany,2020-05-23,8261,Deaths,33.0,323.0
19197,Germany,2020-05-24,8283,Deaths,22.0,321.0
19198,Germany,2020-05-25,8309,Deaths,26.0,306.0
19199,Germany,2020-05-26,8372,Deaths,63.0,291.0
19200,Germany,2020-05-27,8428,Deaths,56.0,284.0
19201,Germany,2020-05-28,8470,Deaths,42.0,267.0
19202,Germany,2020-05-29,8504,Deaths,34.0,276.0
19203,Germany,2020-05-30,8530,Deaths,26.0,269.0
19204,Germany,2020-05-31,8540,Deaths,10.0,257.0
19205,Germany,2020-06-01,8555,Deaths,15.0,246.0
19206,Germany,2020-06-02,8563,Deaths,8.0,191.0
19207,Germany,2020-06-03,8602,Deaths,39.0,174.0
19208,Germany,2020-06-04,8635,Deaths,33.0,165.0
19209,Germany,2020-06-05,8658,Deaths,23.0,154.0
19210,Germany,2020-06-06,8673,Deaths,15.0,143.0
19211,Germany,2020-06-07,8685,Deaths,12.0,145.0
19212,Germany,2020-06-08,8695,Deaths,10.0,140.0
19213,Germany,2020-06-09,8736,Deaths,41.0,173.0
19214,Germany,2020-06-10,8752,Deaths,16.0,150.0
19215,Germany,2020-06-11,8772,Deaths,20.0,137.0
19216,Germany,2020-06-12,8783,Deaths,11.0,125.0
19217,Germany,2020-06-13,8793,Deaths,10.0,120.0
19218,Germany,2020-06-14,8801,Deaths,8.0,116.0
19219,Germany,2020-06-15,8807,Deaths,6.0,112.0
19220,Germany,2020-06-16,8820,Deaths,13.0,84.0
19221,Germany,2020-06-17,8851,Deaths,31.0,99.0
19222,Germany,2020-06-18,8875,Deaths,24.0,103.0
19223,Germany,2020-06-19,8887,Deaths,12.0,104.0
19224,Germany,2020-06-20,8895,Deaths,8.0,102.0
19225,Germany,2020-06-21,8895,Deaths,0.0,94.0
19226,Germany,2020-06-22,8899,Deaths,4.0,92.0
19227,Germany,2020-06-23,8914,Deaths,15.0,94.0
19228,Germany,2020-06-24,8928,Deaths,14.0,77.0
19229,Germany,2020-06-25,8940,Deaths,12.0,65.0
19230,Germany,2020-06-26,8965,Deaths,25.0,78.0
19231,Germany,2020-06-27,8968,Deaths,3.0,73.0
19232,Germany,2020-06-28,8968,Deaths,0.0,73.0
19233,Germany,2020-06-29,8976,Deaths,8.0,77.0
19234,Germany,2020-06-30,8990,Deaths,14.0,76.0
19235,Germany,2020-07-01,8995,Deaths,5.0,67.0
19236,Germany,2020-07-02,9006,Deaths,11.0,66.0
19237,Germany,2020-07-03,9010,Deaths,4.0,45.0
19238,Germany,2020-07-04,9020,Deaths,10.0,52.0
19239,Germany,2020-07-05,9023,Deaths,3.0,55.0
19240,Germany,2020-07-06,9022,Deaths,-1.0,46.0
19241,Germany,2020-07-07,9032,Deaths,10.0,42.0
19242,Germany,2020-07-08,9046,Deaths,14.0,51.0
19243,Germany,2020-07-09,9057,Deaths,11.0,51.0
19244,Germany,2020-07-10,9063,Deaths,6.0,53.0
19245,Germany,2020-07-11,9070,Deaths,7.0,50.0
19246,Germany,2020-07-12,9071,Deaths,1.0,48.0
19247,Germany,2020-07-13,9074,Deaths,3.0,52.0
19248,Germany,2020-07-14,9078,Deaths,4.0,46.0
19249,Germany,2020-07-15,9080,Deaths,2.0,34.0
19250,Germany,2020-07-16,9087,Deaths,7.0,30.0
19251,Germany,2020-07-17,9088,Deaths,1.0,25.0
19252,Germany,2020-07-18,9091,Deaths,3.0,21.0
19253,Germany,2020-07-19,9092,Deaths,1.0,21.0
19254,Germany,2020-07-20,9094,Deaths,2.0,20.0
19255,Germany,2020-07-21,9099,Deaths,5.0,21.0
19256,Germany,2020-07-22,9102,Deaths,3.0,22.0
19257,Germany,2020-07-23,9110,Deaths,8.0,23.0
19258,Germany,2020-07-24,9120,Deaths,10.0,32.0
19259,Germany,2020-07-25,9124,Deaths,4.0,33.0
19260,Germany,2020-07-26,9124,Deaths,0.0,32.0
19261,Germany,2020-07-27,9125,Deaths,1.0,31.0
19262,Germany,2020-07-28,9131,Deaths,6.0,32.0
19263,Germany,2020-07-29,9135,Deaths,4.0,33.0
19264,Germany,2020-07-30,9144,Deaths,9.0,34.0
19265,Germany,2020-07-31,9147,Deaths,3.0,27.0
19266,Germany,2020-08-01,9154,Deaths,7.0,30.0
19267,Germany,2020-08-02,9154,Deaths,0.0,30.0
19268,Germany,2020-08-03,9154,Deaths,0.0,29.0
19269,Germany,2020-08-04,9163,Deaths,9.0,32.0
19270,Germany,2020-08-05,9179,Deaths,16.0,44.0
19271,Germany,2020-08-06,9181,Deaths,2.0,37.0
19272,Germany,2020-08-07,9195,Deaths,14.0,48.0
19273,Germany,2020-08-08,9201,Deaths,6.0,47.0
19274,Germany,2020-08-09,9202,Deaths,1.0,48.0
19275,Germany,2020-08-10,9203,Deaths,1.0,49.0
19276,Germany,2020-08-11,9208,Deaths,5.0,45.0
19277,Germany,2020-08-12,9213,Deaths,5.0,34.0
19278,Germany,2020-08-13,9217,Deaths,4.0,36.0
19279,Germany,2020-08-14,9230,Deaths,13.0,35.0
19280,Germany,2020-08-15,9235,Deaths,5.0,34.0
19281,Germany,2020-08-16,9235,Deaths,0.0,33.0
19282,Germany,2020-08-17,9236,Deaths,1.0,33.0
19283,Germany,2020-08-18,9241,Deaths,5.0,33.0
19284,Germany,2020-08-19,9249,Deaths,8.0,36.0
19285,Germany,2020-08-20,9263,Deaths,14.0,46.0
19286,Germany,2020-08-21,9266,Deaths,3.0,36.0
19287,Germany,2020-08-22,9272,Deaths,6.0,37.0
19288,Germany,2020-08-23,9275,Deaths,3.0,40.0
19289,Germany,2020-08-24,9276,Deaths,1.0,40.0
19290,Germany,2020-08-25,9281,Deaths,5.0,40.0
19291,Germany,2020-08-26,9285,Deaths,4.0,36.0
19292,Germany,2020-08-27,9290,Deaths,5.0,27.0
19293,Germany,2020-08-28,9290,Deaths,0.0,24.0
19294,Germany,2020-08-29,9299,Deaths,9.0,27.0
19295,Germany,2020-08-30,9300,Deaths,1.0,25.0
19296,Germany,2020-08-31,9303,Deaths,3.0,27.0
19297,Germany,2020-09-01,9307,Deaths,4.0,26.0
19298,Germany,2020-09-02,9322,Deaths,15.0,37.0
19299,Germany,2020-09-03,9322,Deaths,0.0,32.0
19300,Germany,2020-09-04,9327,Deaths,5.0,37.0
19301,Germany,2020-09-05,9329,Deaths,2.0,30.0
19302,Germany,2020-09-06,9330,Deaths,1.0,30.0
19303,Germany,2020-09-07,9331,Deaths,1.0,28.0
19304,Germany,2020-09-08,9336,Deaths,5.0,29.0
19305,Germany,2020-09-09,9342,Deaths,6.0,20.0
19306,Germany,2020-09-10,9345,Deaths,3.0,23.0
19307,Germany,2020-09-11,9348,Deaths,3.0,21.0
19308,Germany,2020-09-12,9352,Deaths,4.0,23.0
19309,Germany,2020-09-13,9354,Deaths,2.0,24.0
19310,Germany,2020-09-14,9356,Deaths,2.0,25.0
19311,Germany,2020-09-15,9367,Deaths,11.0,31.0
19312,Germany,2020-09-16,9373,Deaths,6.0,31.0
19313,Germany,2020-09-17,9376,Deaths,3.0,31.0
19314,Germany,2020-09-18,9386,Deaths,10.0,38.0
19315,Germany,2020-09-19,9388,Deaths,2.0,36.0
19316,Germany,2020-09-20,9390,Deaths,2.0,36.0
19317,Germany,2020-09-21,9390,Deaths,0.0,34.0
19318,Germany,2020-09-22,9405,Deaths,15.0,38.0
19319,Germany,2020-09-23,9423,Deaths,18.0,50.0
19320,Germany,2020-09-24,9436,Deaths,13.0,60.0
19321,Germany,2020-09-25,9451,Deaths,15.0,65.0
19322,Germany,2020-09-26,9459,Deaths,8.0,71.0
19323,Germany,2020-09-27,9464,Deaths,5.0,74.0
19324,Germany,2020-09-28,9468,Deaths,4.0,78.0
19325,Germany,2020-09-29,9483,Deaths,15.0,78.0
19326,Germany,2020-09-30,9495,Deaths,12.0,72.0
19327,Germany,2020-10-01,9509,Deaths,14.0,73.0
19328,Germany,2020-10-02,9518,Deaths,9.0,67.0
19329,Germany,2020-10-03,9531,Deaths,13.0,72.0
19330,Germany,2020-10-04,9533,Deaths,2.0,69.0
19331,Germany,2020-10-05,9554,Deaths,21.0,86.0
19332,Germany,2020-10-06,9566,Deaths,12.0,83.0
19333,Germany,2020-10-07,9582,Deaths,16.0,87.0
19334,Germany,2020-10-08,9594,Deaths,12.0,85.0
19335,Germany,2020-10-09,9599,Deaths,5.0,81.0
19336,Germany,2020-10-10,9620,Deaths,21.0,89.0
19337,Germany,2020-10-11,9626,Deaths,6.0,93.0
19338,Germany,2020-10-12,9640,Deaths,14.0,86.0
19339,Germany,2020-10-13,9682,Deaths,42.0,116.0
19340,Germany,2020-10-14,9716,Deaths,34.0,134.0
19341,Germany,2020-10-15,9739,Deaths,23.0,145.0
19342,Germany,2020-10-16,9773,Deaths,34.0,174.0
19343,Germany,2020-10-17,9785,Deaths,12.0,165.0
19344,Germany,2020-10-18,9798,Deaths,13.0,172.0
19345,Germany,2020-10-19,9842,Deaths,44.0,202.0
19346,Germany,2020-10-20,9882,Deaths,40.0,200.0
19347,Germany,2020-10-21,9911,Deaths,29.0,195.0
19348,Germany,2020-10-22,9960,Deaths,49.0,221.0
19349,Germany,2020-10-23,9978,Deaths,18.0,205.0
19350,Germany,2020-10-24,10035,Deaths,57.0,250.0
19351,Germany,2020-10-25,10062,Deaths,27.0,264.0
19352,Germany,2020-10-26,10091,Deaths,29.0,249.0
19353,Germany,2020-10-27,10121,Deaths,30.0,239.0
19354,Germany,2020-10-28,10218,Deaths,97.0,307.0
19355,Germany,2020-10-29,10305,Deaths,87.0,345.0
19356,Germany,2020-10-30,10391,Deaths,86.0,413.0
19357,Germany,2020-10-31,10483,Deaths,92.0,448.0
19358,Germany,2020-11-01,10513,Deaths,30.0,451.0
19359,Germany,2020-11-02,10669,Deaths,156.0,578.0
19360,Germany,2020-11-03,10717,Deaths,48.0,596.0
19361,Germany,2020-11-04,10949,Deaths,232.0,731.0
19362,Germany,2020-11-05,11110,Deaths,161.0,805.0
19363,Ghana,2020-01-22,0,Deaths,,
19364,Ghana,2020-01-23,0,Deaths,0.0,
19365,Ghana,2020-01-24,0,Deaths,0.0,
19366,Ghana,2020-01-25,0,Deaths,0.0,
19367,Ghana,2020-01-26,0,Deaths,0.0,
19368,Ghana,2020-01-27,0,Deaths,0.0,
19369,Ghana,2020-01-28,0,Deaths,0.0,
19370,Ghana,2020-01-29,0,Deaths,0.0,0.0
19371,Ghana,2020-01-30,0,Deaths,0.0,0.0
19372,Ghana,2020-01-31,0,Deaths,0.0,0.0
19373,Ghana,2020-02-01,0,Deaths,0.0,0.0
19374,Ghana,2020-02-02,0,Deaths,0.0,0.0
19375,Ghana,2020-02-03,0,Deaths,0.0,0.0
19376,Ghana,2020-02-04,0,Deaths,0.0,0.0
19377,Ghana,2020-02-05,0,Deaths,0.0,0.0
19378,Ghana,2020-02-06,0,Deaths,0.0,0.0
19379,Ghana,2020-02-07,0,Deaths,0.0,0.0
19380,Ghana,2020-02-08,0,Deaths,0.0,0.0
19381,Ghana,2020-02-09,0,Deaths,0.0,0.0
19382,Ghana,2020-02-10,0,Deaths,0.0,0.0
19383,Ghana,2020-02-11,0,Deaths,0.0,0.0
19384,Ghana,2020-02-12,0,Deaths,0.0,0.0
19385,Ghana,2020-02-13,0,Deaths,0.0,0.0
19386,Ghana,2020-02-14,0,Deaths,0.0,0.0
19387,Ghana,2020-02-15,0,Deaths,0.0,0.0
19388,Ghana,2020-02-16,0,Deaths,0.0,0.0
19389,Ghana,2020-02-17,0,Deaths,0.0,0.0
19390,Ghana,2020-02-18,0,Deaths,0.0,0.0
19391,Ghana,2020-02-19,0,Deaths,0.0,0.0
19392,Ghana,2020-02-20,0,Deaths,0.0,0.0
19393,Ghana,2020-02-21,0,Deaths,0.0,0.0
19394,Ghana,2020-02-22,0,Deaths,0.0,0.0
19395,Ghana,2020-02-23,0,Deaths,0.0,0.0
19396,Ghana,2020-02-24,0,Deaths,0.0,0.0
19397,Ghana,2020-02-25,0,Deaths,0.0,0.0
19398,Ghana,2020-02-26,0,Deaths,0.0,0.0
19399,Ghana,2020-02-27,0,Deaths,0.0,0.0
19400,Ghana,2020-02-28,0,Deaths,0.0,0.0
19401,Ghana,2020-02-29,0,Deaths,0.0,0.0
19402,Ghana,2020-03-01,0,Deaths,0.0,0.0
19403,Ghana,2020-03-02,0,Deaths,0.0,0.0
19404,Ghana,2020-03-03,0,Deaths,0.0,0.0
19405,Ghana,2020-03-04,0,Deaths,0.0,0.0
19406,Ghana,2020-03-05,0,Deaths,0.0,0.0
19407,Ghana,2020-03-06,0,Deaths,0.0,0.0
19408,Ghana,2020-03-07,0,Deaths,0.0,0.0
19409,Ghana,2020-03-08,0,Deaths,0.0,0.0
19410,Ghana,2020-03-09,0,Deaths,0.0,0.0
19411,Ghana,2020-03-10,0,Deaths,0.0,0.0
19412,Ghana,2020-03-11,0,Deaths,0.0,0.0
19413,Ghana,2020-03-12,0,Deaths,0.0,0.0
19414,Ghana,2020-03-13,0,Deaths,0.0,0.0
19415,Ghana,2020-03-14,0,Deaths,0.0,0.0
19416,Ghana,2020-03-15,0,Deaths,0.0,0.0
19417,Ghana,2020-03-16,0,Deaths,0.0,0.0
19418,Ghana,2020-03-17,0,Deaths,0.0,0.0
19419,Ghana,2020-03-18,0,Deaths,0.0,0.0
19420,Ghana,2020-03-19,0,Deaths,0.0,0.0
19421,Ghana,2020-03-20,0,Deaths,0.0,0.0
19422,Ghana,2020-03-21,1,Deaths,1.0,1.0
19423,Ghana,2020-03-22,1,Deaths,0.0,1.0
19424,Ghana,2020-03-23,2,Deaths,1.0,2.0
19425,Ghana,2020-03-24,2,Deaths,0.0,2.0
19426,Ghana,2020-03-25,4,Deaths,2.0,4.0
19427,Ghana,2020-03-26,4,Deaths,0.0,4.0
19428,Ghana,2020-03-27,4,Deaths,0.0,4.0
19429,Ghana,2020-03-28,5,Deaths,1.0,4.0
19430,Ghana,2020-03-29,5,Deaths,0.0,4.0
19431,Ghana,2020-03-30,5,Deaths,0.0,3.0
19432,Ghana,2020-03-31,5,Deaths,0.0,3.0
19433,Ghana,2020-04-01,5,Deaths,0.0,1.0
19434,Ghana,2020-04-02,5,Deaths,0.0,1.0
19435,Ghana,2020-04-03,5,Deaths,0.0,1.0
19436,Ghana,2020-04-04,5,Deaths,0.0,0.0
19437,Ghana,2020-04-05,5,Deaths,0.0,0.0
19438,Ghana,2020-04-06,5,Deaths,0.0,0.0
19439,Ghana,2020-04-07,5,Deaths,0.0,0.0
19440,Ghana,2020-04-08,6,Deaths,1.0,1.0
19441,Ghana,2020-04-09,6,Deaths,0.0,1.0
19442,Ghana,2020-04-10,6,Deaths,0.0,1.0
19443,Ghana,2020-04-11,8,Deaths,2.0,3.0
19444,Ghana,2020-04-12,8,Deaths,0.0,3.0
19445,Ghana,2020-04-13,8,Deaths,0.0,3.0
19446,Ghana,2020-04-14,8,Deaths,0.0,3.0
19447,Ghana,2020-04-15,8,Deaths,0.0,2.0
19448,Ghana,2020-04-16,8,Deaths,0.0,2.0
19449,Ghana,2020-04-17,8,Deaths,0.0,2.0
19450,Ghana,2020-04-18,9,Deaths,1.0,1.0
19451,Ghana,2020-04-19,9,Deaths,0.0,1.0
19452,Ghana,2020-04-20,9,Deaths,0.0,1.0
19453,Ghana,2020-04-21,9,Deaths,0.0,1.0
19454,Ghana,2020-04-22,9,Deaths,0.0,1.0
19455,Ghana,2020-04-23,9,Deaths,0.0,1.0
19456,Ghana,2020-04-24,10,Deaths,1.0,2.0
19457,Ghana,2020-04-25,10,Deaths,0.0,1.0
19458,Ghana,2020-04-26,11,Deaths,1.0,2.0
19459,Ghana,2020-04-27,11,Deaths,0.0,2.0
19460,Ghana,2020-04-28,16,Deaths,5.0,7.0
19461,Ghana,2020-04-29,16,Deaths,0.0,7.0
19462,Ghana,2020-04-30,17,Deaths,1.0,8.0
19463,Ghana,2020-05-01,17,Deaths,0.0,7.0
19464,Ghana,2020-05-02,18,Deaths,1.0,8.0
19465,Ghana,2020-05-03,18,Deaths,0.0,7.0
19466,Ghana,2020-05-04,18,Deaths,0.0,7.0
19467,Ghana,2020-05-05,18,Deaths,0.0,2.0
19468,Ghana,2020-05-06,18,Deaths,0.0,2.0
19469,Ghana,2020-05-07,18,Deaths,0.0,1.0
19470,Ghana,2020-05-08,18,Deaths,0.0,1.0
19471,Ghana,2020-05-09,22,Deaths,4.0,4.0
19472,Ghana,2020-05-10,22,Deaths,0.0,4.0
19473,Ghana,2020-05-11,22,Deaths,0.0,4.0
19474,Ghana,2020-05-12,22,Deaths,0.0,4.0
19475,Ghana,2020-05-13,24,Deaths,2.0,6.0
19476,Ghana,2020-05-14,24,Deaths,0.0,6.0
19477,Ghana,2020-05-15,28,Deaths,4.0,10.0
19478,Ghana,2020-05-16,29,Deaths,1.0,7.0
19479,Ghana,2020-05-17,29,Deaths,0.0,7.0
19480,Ghana,2020-05-18,29,Deaths,0.0,7.0
19481,Ghana,2020-05-19,31,Deaths,2.0,9.0
19482,Ghana,2020-05-20,31,Deaths,0.0,7.0
19483,Ghana,2020-05-21,31,Deaths,0.0,7.0
19484,Ghana,2020-05-22,31,Deaths,0.0,3.0
19485,Ghana,2020-05-23,31,Deaths,0.0,2.0
19486,Ghana,2020-05-24,32,Deaths,1.0,3.0
19487,Ghana,2020-05-25,32,Deaths,0.0,3.0
19488,Ghana,2020-05-26,34,Deaths,2.0,3.0
19489,Ghana,2020-05-27,34,Deaths,0.0,3.0
19490,Ghana,2020-05-28,34,Deaths,0.0,3.0
19491,Ghana,2020-05-29,34,Deaths,0.0,3.0
19492,Ghana,2020-05-30,35,Deaths,1.0,4.0
19493,Ghana,2020-05-31,36,Deaths,1.0,4.0
19494,Ghana,2020-06-01,36,Deaths,0.0,4.0
19495,Ghana,2020-06-02,38,Deaths,2.0,4.0
19496,Ghana,2020-06-03,38,Deaths,0.0,4.0
19497,Ghana,2020-06-04,38,Deaths,0.0,4.0
19498,Ghana,2020-06-05,42,Deaths,4.0,8.0
19499,Ghana,2020-06-06,44,Deaths,2.0,9.0
19500,Ghana,2020-06-07,44,Deaths,0.0,8.0
19501,Ghana,2020-06-08,48,Deaths,4.0,12.0
19502,Ghana,2020-06-09,48,Deaths,0.0,10.0
19503,Ghana,2020-06-10,48,Deaths,0.0,10.0
19504,Ghana,2020-06-11,48,Deaths,0.0,10.0
19505,Ghana,2020-06-12,48,Deaths,0.0,6.0
19506,Ghana,2020-06-13,48,Deaths,0.0,4.0
19507,Ghana,2020-06-14,54,Deaths,6.0,10.0
19508,Ghana,2020-06-15,54,Deaths,0.0,6.0
19509,Ghana,2020-06-16,58,Deaths,4.0,10.0
19510,Ghana,2020-06-17,66,Deaths,8.0,18.0
19511,Ghana,2020-06-18,66,Deaths,0.0,18.0
19512,Ghana,2020-06-19,70,Deaths,4.0,22.0
19513,Ghana,2020-06-20,85,Deaths,15.0,37.0
19514,Ghana,2020-06-21,85,Deaths,0.0,31.0
19515,Ghana,2020-06-22,85,Deaths,0.0,31.0
19516,Ghana,2020-06-23,95,Deaths,10.0,37.0
19517,Ghana,2020-06-24,95,Deaths,0.0,29.0
19518,Ghana,2020-06-25,95,Deaths,0.0,29.0
19519,Ghana,2020-06-26,103,Deaths,8.0,33.0
19520,Ghana,2020-06-27,103,Deaths,0.0,18.0
19521,Ghana,2020-06-28,112,Deaths,9.0,27.0
19522,Ghana,2020-06-29,112,Deaths,0.0,27.0
19523,Ghana,2020-06-30,112,Deaths,0.0,17.0
19524,Ghana,2020-07-01,117,Deaths,5.0,22.0
19525,Ghana,2020-07-02,117,Deaths,0.0,22.0
19526,Ghana,2020-07-03,117,Deaths,0.0,14.0
19527,Ghana,2020-07-04,117,Deaths,0.0,14.0
19528,Ghana,2020-07-05,122,Deaths,5.0,10.0
19529,Ghana,2020-07-06,129,Deaths,7.0,17.0
19530,Ghana,2020-07-07,129,Deaths,0.0,17.0
19531,Ghana,2020-07-08,129,Deaths,0.0,12.0
19532,Ghana,2020-07-09,129,Deaths,0.0,12.0
19533,Ghana,2020-07-10,135,Deaths,6.0,18.0
19534,Ghana,2020-07-11,135,Deaths,0.0,18.0
19535,Ghana,2020-07-12,139,Deaths,4.0,17.0
19536,Ghana,2020-07-13,139,Deaths,0.0,10.0
19537,Ghana,2020-07-14,139,Deaths,0.0,10.0
19538,Ghana,2020-07-15,139,Deaths,0.0,10.0
19539,Ghana,2020-07-16,139,Deaths,0.0,10.0
19540,Ghana,2020-07-17,144,Deaths,5.0,9.0
19541,Ghana,2020-07-18,145,Deaths,1.0,10.0
19542,Ghana,2020-07-19,148,Deaths,3.0,9.0
19543,Ghana,2020-07-20,153,Deaths,5.0,14.0
19544,Ghana,2020-07-21,153,Deaths,0.0,14.0
19545,Ghana,2020-07-22,153,Deaths,0.0,14.0
19546,Ghana,2020-07-23,153,Deaths,0.0,14.0
19547,Ghana,2020-07-24,161,Deaths,8.0,17.0
19548,Ghana,2020-07-25,161,Deaths,0.0,16.0
19549,Ghana,2020-07-26,168,Deaths,7.0,20.0
19550,Ghana,2020-07-27,168,Deaths,0.0,15.0
19551,Ghana,2020-07-28,168,Deaths,0.0,15.0
19552,Ghana,2020-07-29,175,Deaths,7.0,22.0
19553,Ghana,2020-07-30,175,Deaths,0.0,22.0
19554,Ghana,2020-07-31,182,Deaths,7.0,21.0
19555,Ghana,2020-08-01,182,Deaths,0.0,21.0
19556,Ghana,2020-08-02,182,Deaths,0.0,14.0
19557,Ghana,2020-08-03,191,Deaths,9.0,23.0
19558,Ghana,2020-08-04,191,Deaths,0.0,23.0
19559,Ghana,2020-08-05,199,Deaths,8.0,24.0
19560,Ghana,2020-08-06,199,Deaths,0.0,24.0
19561,Ghana,2020-08-07,206,Deaths,7.0,24.0
19562,Ghana,2020-08-08,206,Deaths,0.0,24.0
19563,Ghana,2020-08-09,215,Deaths,9.0,33.0
19564,Ghana,2020-08-10,215,Deaths,0.0,24.0
19565,Ghana,2020-08-11,215,Deaths,0.0,24.0
19566,Ghana,2020-08-12,223,Deaths,8.0,24.0
19567,Ghana,2020-08-13,223,Deaths,0.0,24.0
19568,Ghana,2020-08-14,223,Deaths,0.0,17.0
19569,Ghana,2020-08-15,231,Deaths,8.0,25.0
19570,Ghana,2020-08-16,231,Deaths,0.0,16.0
19571,Ghana,2020-08-17,239,Deaths,8.0,24.0
19572,Ghana,2020-08-18,248,Deaths,9.0,33.0
19573,Ghana,2020-08-19,256,Deaths,8.0,33.0
19574,Ghana,2020-08-20,261,Deaths,5.0,38.0
19575,Ghana,2020-08-21,261,Deaths,0.0,38.0
19576,Ghana,2020-08-22,261,Deaths,0.0,30.0
19577,Ghana,2020-08-23,261,Deaths,0.0,30.0
19578,Ghana,2020-08-24,263,Deaths,2.0,24.0
19579,Ghana,2020-08-25,270,Deaths,7.0,22.0
19580,Ghana,2020-08-26,270,Deaths,0.0,14.0
19581,Ghana,2020-08-27,270,Deaths,0.0,9.0
19582,Ghana,2020-08-28,270,Deaths,0.0,9.0
19583,Ghana,2020-08-29,270,Deaths,0.0,9.0
19584,Ghana,2020-08-30,276,Deaths,6.0,15.0
19585,Ghana,2020-08-31,276,Deaths,0.0,13.0
19586,Ghana,2020-09-01,276,Deaths,0.0,6.0
19587,Ghana,2020-09-02,276,Deaths,0.0,6.0
19588,Ghana,2020-09-03,280,Deaths,4.0,10.0
19589,Ghana,2020-09-04,283,Deaths,3.0,13.0
19590,Ghana,2020-09-05,283,Deaths,0.0,13.0
19591,Ghana,2020-09-06,283,Deaths,0.0,7.0
19592,Ghana,2020-09-07,283,Deaths,0.0,7.0
19593,Ghana,2020-09-08,283,Deaths,0.0,7.0
19594,Ghana,2020-09-09,283,Deaths,0.0,7.0
19595,Ghana,2020-09-10,283,Deaths,0.0,3.0
19596,Ghana,2020-09-11,285,Deaths,2.0,2.0
19597,Ghana,2020-09-12,286,Deaths,1.0,3.0
19598,Ghana,2020-09-13,286,Deaths,0.0,3.0
19599,Ghana,2020-09-14,294,Deaths,8.0,11.0
19600,Ghana,2020-09-15,294,Deaths,0.0,11.0
19601,Ghana,2020-09-16,294,Deaths,0.0,11.0
19602,Ghana,2020-09-17,294,Deaths,0.0,11.0
19603,Ghana,2020-09-18,295,Deaths,1.0,10.0
19604,Ghana,2020-09-19,297,Deaths,2.0,11.0
19605,Ghana,2020-09-20,297,Deaths,0.0,11.0
19606,Ghana,2020-09-21,297,Deaths,0.0,3.0
19607,Ghana,2020-09-22,297,Deaths,0.0,3.0
19608,Ghana,2020-09-23,299,Deaths,2.0,5.0
19609,Ghana,2020-09-24,299,Deaths,0.0,5.0
19610,Ghana,2020-09-25,299,Deaths,0.0,4.0
19611,Ghana,2020-09-26,299,Deaths,0.0,2.0
19612,Ghana,2020-09-27,299,Deaths,0.0,2.0
19613,Ghana,2020-09-28,299,Deaths,0.0,2.0
19614,Ghana,2020-09-29,301,Deaths,2.0,4.0
19615,Ghana,2020-09-30,301,Deaths,0.0,2.0
19616,Ghana,2020-10-01,301,Deaths,0.0,2.0
19617,Ghana,2020-10-02,301,Deaths,0.0,2.0
19618,Ghana,2020-10-03,303,Deaths,2.0,4.0
19619,Ghana,2020-10-04,303,Deaths,0.0,4.0
19620,Ghana,2020-10-05,303,Deaths,0.0,4.0
19621,Ghana,2020-10-06,303,Deaths,0.0,2.0
19622,Ghana,2020-10-07,303,Deaths,0.0,2.0
19623,Ghana,2020-10-08,306,Deaths,3.0,5.0
19624,Ghana,2020-10-09,306,Deaths,0.0,5.0
19625,Ghana,2020-10-10,306,Deaths,0.0,3.0
19626,Ghana,2020-10-11,306,Deaths,0.0,3.0
19627,Ghana,2020-10-12,308,Deaths,2.0,5.0
19628,Ghana,2020-10-13,310,Deaths,2.0,7.0
19629,Ghana,2020-10-14,310,Deaths,0.0,7.0
19630,Ghana,2020-10-15,310,Deaths,0.0,4.0
19631,Ghana,2020-10-16,310,Deaths,0.0,4.0
19632,Ghana,2020-10-17,310,Deaths,0.0,4.0
19633,Ghana,2020-10-18,310,Deaths,0.0,4.0
19634,Ghana,2020-10-19,310,Deaths,0.0,2.0
19635,Ghana,2020-10-20,312,Deaths,2.0,2.0
19636,Ghana,2020-10-21,312,Deaths,0.0,2.0
19637,Ghana,2020-10-22,312,Deaths,0.0,2.0
19638,Ghana,2020-10-23,314,Deaths,2.0,4.0
19639,Ghana,2020-10-24,316,Deaths,2.0,6.0
19640,Ghana,2020-10-25,316,Deaths,0.0,6.0
19641,Ghana,2020-10-26,316,Deaths,0.0,6.0
19642,Ghana,2020-10-27,316,Deaths,0.0,4.0
19643,Ghana,2020-10-28,316,Deaths,0.0,4.0
19644,Ghana,2020-10-29,320,Deaths,4.0,8.0
19645,Ghana,2020-10-30,320,Deaths,0.0,6.0
19646,Ghana,2020-10-31,320,Deaths,0.0,4.0
19647,Ghana,2020-11-01,320,Deaths,0.0,4.0
19648,Ghana,2020-11-02,320,Deaths,0.0,4.0
19649,Ghana,2020-11-03,320,Deaths,0.0,4.0
19650,Ghana,2020-11-04,320,Deaths,0.0,4.0
19651,Ghana,2020-11-05,320,Deaths,0.0,0.0
19652,Greece,2020-01-22,0,Deaths,,
19653,Greece,2020-01-23,0,Deaths,0.0,
19654,Greece,2020-01-24,0,Deaths,0.0,
19655,Greece,2020-01-25,0,Deaths,0.0,
19656,Greece,2020-01-26,0,Deaths,0.0,
19657,Greece,2020-01-27,0,Deaths,0.0,
19658,Greece,2020-01-28,0,Deaths,0.0,
19659,Greece,2020-01-29,0,Deaths,0.0,0.0
19660,Greece,2020-01-30,0,Deaths,0.0,0.0
19661,Greece,2020-01-31,0,Deaths,0.0,0.0
19662,Greece,2020-02-01,0,Deaths,0.0,0.0
19663,Greece,2020-02-02,0,Deaths,0.0,0.0
19664,Greece,2020-02-03,0,Deaths,0.0,0.0
19665,Greece,2020-02-04,0,Deaths,0.0,0.0
19666,Greece,2020-02-05,0,Deaths,0.0,0.0
19667,Greece,2020-02-06,0,Deaths,0.0,0.0
19668,Greece,2020-02-07,0,Deaths,0.0,0.0
19669,Greece,2020-02-08,0,Deaths,0.0,0.0
19670,Greece,2020-02-09,0,Deaths,0.0,0.0
19671,Greece,2020-02-10,0,Deaths,0.0,0.0
19672,Greece,2020-02-11,0,Deaths,0.0,0.0
19673,Greece,2020-02-12,0,Deaths,0.0,0.0
19674,Greece,2020-02-13,0,Deaths,0.0,0.0
19675,Greece,2020-02-14,0,Deaths,0.0,0.0
19676,Greece,2020-02-15,0,Deaths,0.0,0.0
19677,Greece,2020-02-16,0,Deaths,0.0,0.0
19678,Greece,2020-02-17,0,Deaths,0.0,0.0
19679,Greece,2020-02-18,0,Deaths,0.0,0.0
19680,Greece,2020-02-19,0,Deaths,0.0,0.0
19681,Greece,2020-02-20,0,Deaths,0.0,0.0
19682,Greece,2020-02-21,0,Deaths,0.0,0.0
19683,Greece,2020-02-22,0,Deaths,0.0,0.0
19684,Greece,2020-02-23,0,Deaths,0.0,0.0
19685,Greece,2020-02-24,0,Deaths,0.0,0.0
19686,Greece,2020-02-25,0,Deaths,0.0,0.0
19687,Greece,2020-02-26,0,Deaths,0.0,0.0
19688,Greece,2020-02-27,0,Deaths,0.0,0.0
19689,Greece,2020-02-28,0,Deaths,0.0,0.0
19690,Greece,2020-02-29,0,Deaths,0.0,0.0
19691,Greece,2020-03-01,0,Deaths,0.0,0.0
19692,Greece,2020-03-02,0,Deaths,0.0,0.0
19693,Greece,2020-03-03,0,Deaths,0.0,0.0
19694,Greece,2020-03-04,0,Deaths,0.0,0.0
19695,Greece,2020-03-05,0,Deaths,0.0,0.0
19696,Greece,2020-03-06,0,Deaths,0.0,0.0
19697,Greece,2020-03-07,0,Deaths,0.0,0.0
19698,Greece,2020-03-08,0,Deaths,0.0,0.0
19699,Greece,2020-03-09,0,Deaths,0.0,0.0
19700,Greece,2020-03-10,0,Deaths,0.0,0.0
19701,Greece,2020-03-11,1,Deaths,1.0,1.0
19702,Greece,2020-03-12,1,Deaths,0.0,1.0
19703,Greece,2020-03-13,1,Deaths,0.0,1.0
19704,Greece,2020-03-14,3,Deaths,2.0,3.0
19705,Greece,2020-03-15,4,Deaths,1.0,4.0
19706,Greece,2020-03-16,4,Deaths,0.0,4.0
19707,Greece,2020-03-17,5,Deaths,1.0,5.0
19708,Greece,2020-03-18,5,Deaths,0.0,4.0
19709,Greece,2020-03-19,6,Deaths,1.0,5.0
19710,Greece,2020-03-20,6,Deaths,0.0,5.0
19711,Greece,2020-03-21,13,Deaths,7.0,10.0
19712,Greece,2020-03-22,15,Deaths,2.0,11.0
19713,Greece,2020-03-23,17,Deaths,2.0,13.0
19714,Greece,2020-03-24,20,Deaths,3.0,15.0
19715,Greece,2020-03-25,22,Deaths,2.0,17.0
19716,Greece,2020-03-26,26,Deaths,4.0,20.0
19717,Greece,2020-03-27,28,Deaths,2.0,22.0
19718,Greece,2020-03-28,32,Deaths,4.0,19.0
19719,Greece,2020-03-29,38,Deaths,6.0,23.0
19720,Greece,2020-03-30,43,Deaths,5.0,26.0
19721,Greece,2020-03-31,49,Deaths,6.0,29.0
19722,Greece,2020-04-01,50,Deaths,1.0,28.0
19723,Greece,2020-04-02,53,Deaths,3.0,27.0
19724,Greece,2020-04-03,63,Deaths,10.0,35.0
19725,Greece,2020-04-04,68,Deaths,5.0,36.0
19726,Greece,2020-04-05,73,Deaths,5.0,35.0
19727,Greece,2020-04-06,79,Deaths,6.0,36.0
19728,Greece,2020-04-07,81,Deaths,2.0,32.0
19729,Greece,2020-04-08,83,Deaths,2.0,33.0
19730,Greece,2020-04-09,87,Deaths,4.0,34.0
19731,Greece,2020-04-10,92,Deaths,5.0,29.0
19732,Greece,2020-04-11,93,Deaths,1.0,25.0
19733,Greece,2020-04-12,98,Deaths,5.0,25.0
19734,Greece,2020-04-13,99,Deaths,1.0,20.0
19735,Greece,2020-04-14,101,Deaths,2.0,20.0
19736,Greece,2020-04-15,102,Deaths,1.0,19.0
19737,Greece,2020-04-16,105,Deaths,3.0,18.0
19738,Greece,2020-04-17,108,Deaths,3.0,16.0
19739,Greece,2020-04-18,110,Deaths,2.0,17.0
19740,Greece,2020-04-19,113,Deaths,3.0,15.0
19741,Greece,2020-04-20,116,Deaths,3.0,17.0
19742,Greece,2020-04-21,121,Deaths,5.0,20.0
19743,Greece,2020-04-22,121,Deaths,0.0,19.0
19744,Greece,2020-04-23,125,Deaths,4.0,20.0
19745,Greece,2020-04-24,130,Deaths,5.0,22.0
19746,Greece,2020-04-25,130,Deaths,0.0,20.0
19747,Greece,2020-04-26,134,Deaths,4.0,21.0
19748,Greece,2020-04-27,136,Deaths,2.0,20.0
19749,Greece,2020-04-28,138,Deaths,2.0,17.0
19750,Greece,2020-04-29,139,Deaths,1.0,18.0
19751,Greece,2020-04-30,140,Deaths,1.0,15.0
19752,Greece,2020-05-01,140,Deaths,0.0,10.0
19753,Greece,2020-05-02,143,Deaths,3.0,13.0
19754,Greece,2020-05-03,144,Deaths,1.0,10.0
19755,Greece,2020-05-04,146,Deaths,2.0,10.0
19756,Greece,2020-05-05,146,Deaths,0.0,8.0
19757,Greece,2020-05-06,147,Deaths,1.0,8.0
19758,Greece,2020-05-07,148,Deaths,1.0,8.0
19759,Greece,2020-05-08,150,Deaths,2.0,10.0
19760,Greece,2020-05-09,151,Deaths,1.0,8.0
19761,Greece,2020-05-10,151,Deaths,0.0,7.0
19762,Greece,2020-05-11,151,Deaths,0.0,5.0
19763,Greece,2020-05-12,152,Deaths,1.0,6.0
19764,Greece,2020-05-13,155,Deaths,3.0,8.0
19765,Greece,2020-05-14,156,Deaths,1.0,8.0
19766,Greece,2020-05-15,160,Deaths,4.0,10.0
19767,Greece,2020-05-16,162,Deaths,2.0,11.0
19768,Greece,2020-05-17,163,Deaths,1.0,12.0
19769,Greece,2020-05-18,165,Deaths,2.0,14.0
19770,Greece,2020-05-19,165,Deaths,0.0,13.0
19771,Greece,2020-05-20,166,Deaths,1.0,11.0
19772,Greece,2020-05-21,168,Deaths,2.0,12.0
19773,Greece,2020-05-22,169,Deaths,1.0,9.0
19774,Greece,2020-05-23,171,Deaths,2.0,9.0
19775,Greece,2020-05-24,171,Deaths,0.0,8.0
19776,Greece,2020-05-25,172,Deaths,1.0,7.0
19777,Greece,2020-05-26,173,Deaths,1.0,8.0
19778,Greece,2020-05-27,173,Deaths,0.0,7.0
19779,Greece,2020-05-28,175,Deaths,2.0,7.0
19780,Greece,2020-05-29,175,Deaths,0.0,6.0
19781,Greece,2020-05-30,175,Deaths,0.0,4.0
19782,Greece,2020-05-31,175,Deaths,0.0,4.0
19783,Greece,2020-06-01,179,Deaths,4.0,7.0
19784,Greece,2020-06-02,179,Deaths,0.0,6.0
19785,Greece,2020-06-03,179,Deaths,0.0,6.0
19786,Greece,2020-06-04,180,Deaths,1.0,5.0
19787,Greece,2020-06-05,180,Deaths,0.0,5.0
19788,Greece,2020-06-06,180,Deaths,0.0,5.0
19789,Greece,2020-06-07,180,Deaths,0.0,5.0
19790,Greece,2020-06-08,182,Deaths,2.0,3.0
19791,Greece,2020-06-09,183,Deaths,1.0,4.0
19792,Greece,2020-06-10,183,Deaths,0.0,4.0
19793,Greece,2020-06-11,183,Deaths,0.0,3.0
19794,Greece,2020-06-12,183,Deaths,0.0,3.0
19795,Greece,2020-06-13,183,Deaths,0.0,3.0
19796,Greece,2020-06-14,183,Deaths,0.0,3.0
19797,Greece,2020-06-15,184,Deaths,1.0,2.0
19798,Greece,2020-06-16,185,Deaths,1.0,2.0
19799,Greece,2020-06-17,187,Deaths,2.0,4.0
19800,Greece,2020-06-18,188,Deaths,1.0,5.0
19801,Greece,2020-06-19,189,Deaths,1.0,6.0
19802,Greece,2020-06-20,190,Deaths,1.0,7.0
19803,Greece,2020-06-21,190,Deaths,0.0,7.0
19804,Greece,2020-06-22,190,Deaths,0.0,6.0
19805,Greece,2020-06-23,190,Deaths,0.0,5.0
19806,Greece,2020-06-24,190,Deaths,0.0,3.0
19807,Greece,2020-06-25,191,Deaths,1.0,3.0
19808,Greece,2020-06-26,191,Deaths,0.0,2.0
19809,Greece,2020-06-27,191,Deaths,0.0,1.0
19810,Greece,2020-06-28,191,Deaths,0.0,1.0
19811,Greece,2020-06-29,191,Deaths,0.0,1.0
19812,Greece,2020-06-30,192,Deaths,1.0,2.0
19813,Greece,2020-07-01,192,Deaths,0.0,2.0
19814,Greece,2020-07-02,192,Deaths,0.0,1.0
19815,Greece,2020-07-03,192,Deaths,0.0,1.0
19816,Greece,2020-07-04,192,Deaths,0.0,1.0
19817,Greece,2020-07-05,192,Deaths,0.0,1.0
19818,Greece,2020-07-06,192,Deaths,0.0,1.0
19819,Greece,2020-07-07,193,Deaths,1.0,1.0
19820,Greece,2020-07-08,193,Deaths,0.0,1.0
19821,Greece,2020-07-09,193,Deaths,0.0,1.0
19822,Greece,2020-07-10,193,Deaths,0.0,1.0
19823,Greece,2020-07-11,193,Deaths,0.0,1.0
19824,Greece,2020-07-12,193,Deaths,0.0,1.0
19825,Greece,2020-07-13,193,Deaths,0.0,1.0
19826,Greece,2020-07-14,193,Deaths,0.0,0.0
19827,Greece,2020-07-15,193,Deaths,0.0,0.0
19828,Greece,2020-07-16,193,Deaths,0.0,0.0
19829,Greece,2020-07-17,194,Deaths,1.0,1.0
19830,Greece,2020-07-18,194,Deaths,0.0,1.0
19831,Greece,2020-07-19,194,Deaths,0.0,1.0
19832,Greece,2020-07-20,195,Deaths,1.0,2.0
19833,Greece,2020-07-21,197,Deaths,2.0,4.0
19834,Greece,2020-07-22,200,Deaths,3.0,7.0
19835,Greece,2020-07-23,201,Deaths,1.0,8.0
19836,Greece,2020-07-24,201,Deaths,0.0,7.0
19837,Greece,2020-07-25,201,Deaths,0.0,7.0
19838,Greece,2020-07-26,202,Deaths,1.0,8.0
19839,Greece,2020-07-27,202,Deaths,0.0,7.0
19840,Greece,2020-07-28,203,Deaths,1.0,6.0
19841,Greece,2020-07-29,203,Deaths,0.0,3.0
19842,Greece,2020-07-30,203,Deaths,0.0,2.0
19843,Greece,2020-07-31,206,Deaths,3.0,5.0
19844,Greece,2020-08-01,206,Deaths,0.0,5.0
19845,Greece,2020-08-02,208,Deaths,2.0,6.0
19846,Greece,2020-08-03,209,Deaths,1.0,7.0
19847,Greece,2020-08-04,209,Deaths,0.0,6.0
19848,Greece,2020-08-05,210,Deaths,1.0,7.0
19849,Greece,2020-08-06,210,Deaths,0.0,7.0
19850,Greece,2020-08-07,210,Deaths,0.0,4.0
19851,Greece,2020-08-08,211,Deaths,1.0,5.0
19852,Greece,2020-08-09,212,Deaths,1.0,4.0
19853,Greece,2020-08-10,213,Deaths,1.0,4.0
19854,Greece,2020-08-11,214,Deaths,1.0,5.0
19855,Greece,2020-08-12,216,Deaths,2.0,6.0
19856,Greece,2020-08-13,221,Deaths,5.0,11.0
19857,Greece,2020-08-14,223,Deaths,2.0,13.0
19858,Greece,2020-08-15,226,Deaths,3.0,15.0
19859,Greece,2020-08-16,228,Deaths,2.0,16.0
19860,Greece,2020-08-17,230,Deaths,2.0,17.0
19861,Greece,2020-08-18,232,Deaths,2.0,18.0
19862,Greece,2020-08-19,235,Deaths,3.0,19.0
19863,Greece,2020-08-20,235,Deaths,0.0,14.0
19864,Greece,2020-08-21,238,Deaths,3.0,15.0
19865,Greece,2020-08-22,240,Deaths,2.0,14.0
19866,Greece,2020-08-23,242,Deaths,2.0,14.0
19867,Greece,2020-08-24,242,Deaths,0.0,12.0
19868,Greece,2020-08-25,243,Deaths,1.0,11.0
19869,Greece,2020-08-26,248,Deaths,5.0,13.0
19870,Greece,2020-08-27,254,Deaths,6.0,19.0
19871,Greece,2020-08-28,259,Deaths,5.0,21.0
19872,Greece,2020-08-29,260,Deaths,1.0,20.0
19873,Greece,2020-08-30,262,Deaths,2.0,20.0
19874,Greece,2020-08-31,266,Deaths,4.0,24.0
19875,Greece,2020-09-01,271,Deaths,5.0,28.0
19876,Greece,2020-09-02,273,Deaths,2.0,25.0
19877,Greece,2020-09-03,278,Deaths,5.0,24.0
19878,Greece,2020-09-04,279,Deaths,1.0,20.0
19879,Greece,2020-09-05,280,Deaths,1.0,20.0
19880,Greece,2020-09-06,284,Deaths,4.0,22.0
19881,Greece,2020-09-07,289,Deaths,5.0,23.0
19882,Greece,2020-09-08,290,Deaths,1.0,19.0
19883,Greece,2020-09-09,293,Deaths,3.0,20.0
19884,Greece,2020-09-10,297,Deaths,4.0,19.0
19885,Greece,2020-09-11,300,Deaths,3.0,21.0
19886,Greece,2020-09-12,302,Deaths,2.0,22.0
19887,Greece,2020-09-13,305,Deaths,3.0,21.0
19888,Greece,2020-09-14,310,Deaths,5.0,21.0
19889,Greece,2020-09-15,313,Deaths,3.0,23.0
19890,Greece,2020-09-16,316,Deaths,3.0,23.0
19891,Greece,2020-09-17,325,Deaths,9.0,28.0
19892,Greece,2020-09-18,327,Deaths,2.0,27.0
19893,Greece,2020-09-19,331,Deaths,4.0,29.0
19894,Greece,2020-09-20,338,Deaths,7.0,33.0
19895,Greece,2020-09-21,344,Deaths,6.0,34.0
19896,Greece,2020-09-22,352,Deaths,8.0,39.0
19897,Greece,2020-09-23,357,Deaths,5.0,41.0
19898,Greece,2020-09-24,366,Deaths,9.0,41.0
19899,Greece,2020-09-25,369,Deaths,3.0,42.0
19900,Greece,2020-09-26,376,Deaths,7.0,45.0
19901,Greece,2020-09-27,379,Deaths,3.0,41.0
19902,Greece,2020-09-28,383,Deaths,4.0,39.0
19903,Greece,2020-09-29,388,Deaths,5.0,36.0
19904,Greece,2020-09-30,391,Deaths,3.0,34.0
19905,Greece,2020-10-01,393,Deaths,2.0,27.0
19906,Greece,2020-10-02,398,Deaths,5.0,29.0
19907,Greece,2020-10-03,405,Deaths,7.0,29.0
19908,Greece,2020-10-04,409,Deaths,4.0,30.0
19909,Greece,2020-10-05,417,Deaths,8.0,34.0
19910,Greece,2020-10-06,420,Deaths,3.0,32.0
19911,Greece,2020-10-07,424,Deaths,4.0,33.0
19912,Greece,2020-10-08,430,Deaths,6.0,37.0
19913,Greece,2020-10-09,431,Deaths,1.0,33.0
19914,Greece,2020-10-10,436,Deaths,5.0,31.0
19915,Greece,2020-10-11,449,Deaths,13.0,40.0
19916,Greece,2020-10-12,456,Deaths,7.0,39.0
19917,Greece,2020-10-13,462,Deaths,6.0,42.0
19918,Greece,2020-10-14,469,Deaths,7.0,45.0
19919,Greece,2020-10-15,482,Deaths,13.0,52.0
19920,Greece,2020-10-16,490,Deaths,8.0,59.0
19921,Greece,2020-10-17,500,Deaths,10.0,64.0
19922,Greece,2020-10-18,509,Deaths,9.0,60.0
19923,Greece,2020-10-19,520,Deaths,11.0,64.0
19924,Greece,2020-10-20,528,Deaths,8.0,66.0
19925,Greece,2020-10-21,534,Deaths,6.0,65.0
19926,Greece,2020-10-22,549,Deaths,15.0,67.0
19927,Greece,2020-10-23,559,Deaths,10.0,69.0
19928,Greece,2020-10-24,564,Deaths,5.0,64.0
19929,Greece,2020-10-25,574,Deaths,10.0,65.0
19930,Greece,2020-10-26,581,Deaths,7.0,61.0
19931,Greece,2020-10-27,593,Deaths,12.0,65.0
19932,Greece,2020-10-28,603,Deaths,10.0,69.0
19933,Greece,2020-10-29,615,Deaths,12.0,66.0
19934,Greece,2020-10-30,620,Deaths,5.0,61.0
19935,Greece,2020-10-31,626,Deaths,6.0,62.0
19936,Greece,2020-11-01,635,Deaths,9.0,61.0
19937,Greece,2020-11-02,642,Deaths,7.0,61.0
19938,Greece,2020-11-03,655,Deaths,13.0,62.0
19939,Greece,2020-11-04,673,Deaths,18.0,70.0
19940,Greece,2020-11-05,702,Deaths,29.0,87.0
19941,Grenada,2020-01-22,0,Deaths,,
19942,Grenada,2020-01-23,0,Deaths,0.0,
19943,Grenada,2020-01-24,0,Deaths,0.0,
19944,Grenada,2020-01-25,0,Deaths,0.0,
19945,Grenada,2020-01-26,0,Deaths,0.0,
19946,Grenada,2020-01-27,0,Deaths,0.0,
19947,Grenada,2020-01-28,0,Deaths,0.0,
19948,Grenada,2020-01-29,0,Deaths,0.0,0.0
19949,Grenada,2020-01-30,0,Deaths,0.0,0.0
19950,Grenada,2020-01-31,0,Deaths,0.0,0.0
19951,Grenada,2020-02-01,0,Deaths,0.0,0.0
19952,Grenada,2020-02-02,0,Deaths,0.0,0.0
19953,Grenada,2020-02-03,0,Deaths,0.0,0.0
19954,Grenada,2020-02-04,0,Deaths,0.0,0.0
19955,Grenada,2020-02-05,0,Deaths,0.0,0.0
19956,Grenada,2020-02-06,0,Deaths,0.0,0.0
19957,Grenada,2020-02-07,0,Deaths,0.0,0.0
19958,Grenada,2020-02-08,0,Deaths,0.0,0.0
19959,Grenada,2020-02-09,0,Deaths,0.0,0.0
19960,Grenada,2020-02-10,0,Deaths,0.0,0.0
19961,Grenada,2020-02-11,0,Deaths,0.0,0.0
19962,Grenada,2020-02-12,0,Deaths,0.0,0.0
19963,Grenada,2020-02-13,0,Deaths,0.0,0.0
19964,Grenada,2020-02-14,0,Deaths,0.0,0.0
19965,Grenada,2020-02-15,0,Deaths,0.0,0.0
19966,Grenada,2020-02-16,0,Deaths,0.0,0.0
19967,Grenada,2020-02-17,0,Deaths,0.0,0.0
19968,Grenada,2020-02-18,0,Deaths,0.0,0.0
19969,Grenada,2020-02-19,0,Deaths,0.0,0.0
19970,Grenada,2020-02-20,0,Deaths,0.0,0.0
19971,Grenada,2020-02-21,0,Deaths,0.0,0.0
19972,Grenada,2020-02-22,0,Deaths,0.0,0.0
19973,Grenada,2020-02-23,0,Deaths,0.0,0.0
19974,Grenada,2020-02-24,0,Deaths,0.0,0.0
19975,Grenada,2020-02-25,0,Deaths,0.0,0.0
19976,Grenada,2020-02-26,0,Deaths,0.0,0.0
19977,Grenada,2020-02-27,0,Deaths,0.0,0.0
19978,Grenada,2020-02-28,0,Deaths,0.0,0.0
19979,Grenada,2020-02-29,0,Deaths,0.0,0.0
19980,Grenada,2020-03-01,0,Deaths,0.0,0.0
19981,Grenada,2020-03-02,0,Deaths,0.0,0.0
19982,Grenada,2020-03-03,0,Deaths,0.0,0.0
19983,Grenada,2020-03-04,0,Deaths,0.0,0.0
19984,Grenada,2020-03-05,0,Deaths,0.0,0.0
19985,Grenada,2020-03-06,0,Deaths,0.0,0.0
19986,Grenada,2020-03-07,0,Deaths,0.0,0.0
19987,Grenada,2020-03-08,0,Deaths,0.0,0.0
19988,Grenada,2020-03-09,0,Deaths,0.0,0.0
19989,Grenada,2020-03-10,0,Deaths,0.0,0.0
19990,Grenada,2020-03-11,0,Deaths,0.0,0.0
19991,Grenada,2020-03-12,0,Deaths,0.0,0.0
19992,Grenada,2020-03-13,0,Deaths,0.0,0.0
19993,Grenada,2020-03-14,0,Deaths,0.0,0.0
19994,Grenada,2020-03-15,0,Deaths,0.0,0.0
19995,Grenada,2020-03-16,0,Deaths,0.0,0.0
19996,Grenada,2020-03-17,0,Deaths,0.0,0.0
19997,Grenada,2020-03-18,0,Deaths,0.0,0.0
19998,Grenada,2020-03-19,0,Deaths,0.0,0.0
19999,Grenada,2020-03-20,0,Deaths,0.0,0.0
20000,Grenada,2020-03-21,0,Deaths,0.0,0.0
20001,Grenada,2020-03-22,0,Deaths,0.0,0.0
20002,Grenada,2020-03-23,0,Deaths,0.0,0.0
20003,Grenada,2020-03-24,0,Deaths,0.0,0.0
20004,Grenada,2020-03-25,0,Deaths,0.0,0.0
20005,Grenada,2020-03-26,0,Deaths,0.0,0.0
20006,Grenada,2020-03-27,0,Deaths,0.0,0.0
20007,Grenada,2020-03-28,0,Deaths,0.0,0.0
20008,Grenada,2020-03-29,0,Deaths,0.0,0.0
20009,Grenada,2020-03-30,0,Deaths,0.0,0.0
20010,Grenada,2020-03-31,0,Deaths,0.0,0.0
20011,Grenada,2020-04-01,0,Deaths,0.0,0.0
20012,Grenada,2020-04-02,0,Deaths,0.0,0.0
20013,Grenada,2020-04-03,0,Deaths,0.0,0.0
20014,Grenada,2020-04-04,0,Deaths,0.0,0.0
20015,Grenada,2020-04-05,0,Deaths,0.0,0.0
20016,Grenada,2020-04-06,0,Deaths,0.0,0.0
20017,Grenada,2020-04-07,0,Deaths,0.0,0.0
20018,Grenada,2020-04-08,0,Deaths,0.0,0.0
20019,Grenada,2020-04-09,0,Deaths,0.0,0.0
20020,Grenada,2020-04-10,0,Deaths,0.0,0.0
20021,Grenada,2020-04-11,0,Deaths,0.0,0.0
20022,Grenada,2020-04-12,0,Deaths,0.0,0.0
20023,Grenada,2020-04-13,0,Deaths,0.0,0.0
20024,Grenada,2020-04-14,0,Deaths,0.0,0.0
20025,Grenada,2020-04-15,0,Deaths,0.0,0.0
20026,Grenada,2020-04-16,0,Deaths,0.0,0.0
20027,Grenada,2020-04-17,0,Deaths,0.0,0.0
20028,Grenada,2020-04-18,0,Deaths,0.0,0.0
20029,Grenada,2020-04-19,0,Deaths,0.0,0.0
20030,Grenada,2020-04-20,0,Deaths,0.0,0.0
20031,Grenada,2020-04-21,0,Deaths,0.0,0.0
20032,Grenada,2020-04-22,0,Deaths,0.0,0.0
20033,Grenada,2020-04-23,0,Deaths,0.0,0.0
20034,Grenada,2020-04-24,0,Deaths,0.0,0.0
20035,Grenada,2020-04-25,0,Deaths,0.0,0.0
20036,Grenada,2020-04-26,0,Deaths,0.0,0.0
20037,Grenada,2020-04-27,0,Deaths,0.0,0.0
20038,Grenada,2020-04-28,0,Deaths,0.0,0.0
20039,Grenada,2020-04-29,0,Deaths,0.0,0.0
20040,Grenada,2020-04-30,0,Deaths,0.0,0.0
20041,Grenada,2020-05-01,0,Deaths,0.0,0.0
20042,Grenada,2020-05-02,0,Deaths,0.0,0.0
20043,Grenada,2020-05-03,0,Deaths,0.0,0.0
20044,Grenada,2020-05-04,0,Deaths,0.0,0.0
20045,Grenada,2020-05-05,0,Deaths,0.0,0.0
20046,Grenada,2020-05-06,0,Deaths,0.0,0.0
20047,Grenada,2020-05-07,0,Deaths,0.0,0.0
20048,Grenada,2020-05-08,0,Deaths,0.0,0.0
20049,Grenada,2020-05-09,0,Deaths,0.0,0.0
20050,Grenada,2020-05-10,0,Deaths,0.0,0.0
20051,Grenada,2020-05-11,0,Deaths,0.0,0.0
20052,Grenada,2020-05-12,0,Deaths,0.0,0.0
20053,Grenada,2020-05-13,0,Deaths,0.0,0.0
20054,Grenada,2020-05-14,0,Deaths,0.0,0.0
20055,Grenada,2020-05-15,0,Deaths,0.0,0.0
20056,Grenada,2020-05-16,0,Deaths,0.0,0.0
20057,Grenada,2020-05-17,0,Deaths,0.0,0.0
20058,Grenada,2020-05-18,0,Deaths,0.0,0.0
20059,Grenada,2020-05-19,0,Deaths,0.0,0.0
20060,Grenada,2020-05-20,0,Deaths,0.0,0.0
20061,Grenada,2020-05-21,0,Deaths,0.0,0.0
20062,Grenada,2020-05-22,0,Deaths,0.0,0.0
20063,Grenada,2020-05-23,0,Deaths,0.0,0.0
20064,Grenada,2020-05-24,0,Deaths,0.0,0.0
20065,Grenada,2020-05-25,0,Deaths,0.0,0.0
20066,Grenada,2020-05-26,0,Deaths,0.0,0.0
20067,Grenada,2020-05-27,0,Deaths,0.0,0.0
20068,Grenada,2020-05-28,0,Deaths,0.0,0.0
20069,Grenada,2020-05-29,0,Deaths,0.0,0.0
20070,Grenada,2020-05-30,0,Deaths,0.0,0.0
20071,Grenada,2020-05-31,0,Deaths,0.0,0.0
20072,Grenada,2020-06-01,0,Deaths,0.0,0.0
20073,Grenada,2020-06-02,0,Deaths,0.0,0.0
20074,Grenada,2020-06-03,0,Deaths,0.0,0.0
20075,Grenada,2020-06-04,0,Deaths,0.0,0.0
20076,Grenada,2020-06-05,0,Deaths,0.0,0.0
20077,Grenada,2020-06-06,0,Deaths,0.0,0.0
20078,Grenada,2020-06-07,0,Deaths,0.0,0.0
20079,Grenada,2020-06-08,0,Deaths,0.0,0.0
20080,Grenada,2020-06-09,0,Deaths,0.0,0.0
20081,Grenada,2020-06-10,0,Deaths,0.0,0.0
20082,Grenada,2020-06-11,0,Deaths,0.0,0.0
20083,Grenada,2020-06-12,0,Deaths,0.0,0.0
20084,Grenada,2020-06-13,0,Deaths,0.0,0.0
20085,Grenada,2020-06-14,0,Deaths,0.0,0.0
20086,Grenada,2020-06-15,0,Deaths,0.0,0.0
20087,Grenada,2020-06-16,0,Deaths,0.0,0.0
20088,Grenada,2020-06-17,0,Deaths,0.0,0.0
20089,Grenada,2020-06-18,0,Deaths,0.0,0.0
20090,Grenada,2020-06-19,0,Deaths,0.0,0.0
20091,Grenada,2020-06-20,0,Deaths,0.0,0.0
20092,Grenada,2020-06-21,0,Deaths,0.0,0.0
20093,Grenada,2020-06-22,0,Deaths,0.0,0.0
20094,Grenada,2020-06-23,0,Deaths,0.0,0.0
20095,Grenada,2020-06-24,0,Deaths,0.0,0.0
20096,Grenada,2020-06-25,0,Deaths,0.0,0.0
20097,Grenada,2020-06-26,0,Deaths,0.0,0.0
20098,Grenada,2020-06-27,0,Deaths,0.0,0.0
20099,Grenada,2020-06-28,0,Deaths,0.0,0.0
20100,Grenada,2020-06-29,0,Deaths,0.0,0.0
20101,Grenada,2020-06-30,0,Deaths,0.0,0.0
20102,Grenada,2020-07-01,0,Deaths,0.0,0.0
20103,Grenada,2020-07-02,0,Deaths,0.0,0.0
20104,Grenada,2020-07-03,0,Deaths,0.0,0.0
20105,Grenada,2020-07-04,0,Deaths,0.0,0.0
20106,Grenada,2020-07-05,0,Deaths,0.0,0.0
20107,Grenada,2020-07-06,0,Deaths,0.0,0.0
20108,Grenada,2020-07-07,0,Deaths,0.0,0.0
20109,Grenada,2020-07-08,0,Deaths,0.0,0.0
20110,Grenada,2020-07-09,0,Deaths,0.0,0.0
20111,Grenada,2020-07-10,0,Deaths,0.0,0.0
20112,Grenada,2020-07-11,0,Deaths,0.0,0.0
20113,Grenada,2020-07-12,0,Deaths,0.0,0.0
20114,Grenada,2020-07-13,0,Deaths,0.0,0.0
20115,Grenada,2020-07-14,0,Deaths,0.0,0.0
20116,Grenada,2020-07-15,0,Deaths,0.0,0.0
20117,Grenada,2020-07-16,0,Deaths,0.0,0.0
20118,Grenada,2020-07-17,0,Deaths,0.0,0.0
20119,Grenada,2020-07-18,0,Deaths,0.0,0.0
20120,Grenada,2020-07-19,0,Deaths,0.0,0.0
20121,Grenada,2020-07-20,0,Deaths,0.0,0.0
20122,Grenada,2020-07-21,0,Deaths,0.0,0.0
20123,Grenada,2020-07-22,0,Deaths,0.0,0.0
20124,Grenada,2020-07-23,0,Deaths,0.0,0.0
20125,Grenada,2020-07-24,0,Deaths,0.0,0.0
20126,Grenada,2020-07-25,0,Deaths,0.0,0.0
20127,Grenada,2020-07-26,0,Deaths,0.0,0.0
20128,Grenada,2020-07-27,0,Deaths,0.0,0.0
20129,Grenada,2020-07-28,0,Deaths,0.0,0.0
20130,Grenada,2020-07-29,0,Deaths,0.0,0.0
20131,Grenada,2020-07-30,0,Deaths,0.0,0.0
20132,Grenada,2020-07-31,0,Deaths,0.0,0.0
20133,Grenada,2020-08-01,0,Deaths,0.0,0.0
20134,Grenada,2020-08-02,0,Deaths,0.0,0.0
20135,Grenada,2020-08-03,0,Deaths,0.0,0.0
20136,Grenada,2020-08-04,0,Deaths,0.0,0.0
20137,Grenada,2020-08-05,0,Deaths,0.0,0.0
20138,Grenada,2020-08-06,0,Deaths,0.0,0.0
20139,Grenada,2020-08-07,0,Deaths,0.0,0.0
20140,Grenada,2020-08-08,0,Deaths,0.0,0.0
20141,Grenada,2020-08-09,0,Deaths,0.0,0.0
20142,Grenada,2020-08-10,0,Deaths,0.0,0.0
20143,Grenada,2020-08-11,0,Deaths,0.0,0.0
20144,Grenada,2020-08-12,0,Deaths,0.0,0.0
20145,Grenada,2020-08-13,0,Deaths,0.0,0.0
20146,Grenada,2020-08-14,0,Deaths,0.0,0.0
20147,Grenada,2020-08-15,0,Deaths,0.0,0.0
20148,Grenada,2020-08-16,0,Deaths,0.0,0.0
20149,Grenada,2020-08-17,0,Deaths,0.0,0.0
20150,Grenada,2020-08-18,0,Deaths,0.0,0.0
20151,Grenada,2020-08-19,0,Deaths,0.0,0.0
20152,Grenada,2020-08-20,0,Deaths,0.0,0.0
20153,Grenada,2020-08-21,0,Deaths,0.0,0.0
20154,Grenada,2020-08-22,0,Deaths,0.0,0.0
20155,Grenada,2020-08-23,0,Deaths,0.0,0.0
20156,Grenada,2020-08-24,0,Deaths,0.0,0.0
20157,Grenada,2020-08-25,0,Deaths,0.0,0.0
20158,Grenada,2020-08-26,0,Deaths,0.0,0.0
20159,Grenada,2020-08-27,0,Deaths,0.0,0.0
20160,Grenada,2020-08-28,0,Deaths,0.0,0.0
20161,Grenada,2020-08-29,0,Deaths,0.0,0.0
20162,Grenada,2020-08-30,0,Deaths,0.0,0.0
20163,Grenada,2020-08-31,0,Deaths,0.0,0.0
20164,Grenada,2020-09-01,0,Deaths,0.0,0.0
20165,Grenada,2020-09-02,0,Deaths,0.0,0.0
20166,Grenada,2020-09-03,0,Deaths,0.0,0.0
20167,Grenada,2020-09-04,0,Deaths,0.0,0.0
20168,Grenada,2020-09-05,0,Deaths,0.0,0.0
20169,Grenada,2020-09-06,0,Deaths,0.0,0.0
20170,Grenada,2020-09-07,0,Deaths,0.0,0.0
20171,Grenada,2020-09-08,0,Deaths,0.0,0.0
20172,Grenada,2020-09-09,0,Deaths,0.0,0.0
20173,Grenada,2020-09-10,0,Deaths,0.0,0.0
20174,Grenada,2020-09-11,0,Deaths,0.0,0.0
20175,Grenada,2020-09-12,0,Deaths,0.0,0.0
20176,Grenada,2020-09-13,0,Deaths,0.0,0.0
20177,Grenada,2020-09-14,0,Deaths,0.0,0.0
20178,Grenada,2020-09-15,0,Deaths,0.0,0.0
20179,Grenada,2020-09-16,0,Deaths,0.0,0.0
20180,Grenada,2020-09-17,0,Deaths,0.0,0.0
20181,Grenada,2020-09-18,0,Deaths,0.0,0.0
20182,Grenada,2020-09-19,0,Deaths,0.0,0.0
20183,Grenada,2020-09-20,0,Deaths,0.0,0.0
20184,Grenada,2020-09-21,0,Deaths,0.0,0.0
20185,Grenada,2020-09-22,0,Deaths,0.0,0.0
20186,Grenada,2020-09-23,0,Deaths,0.0,0.0
20187,Grenada,2020-09-24,0,Deaths,0.0,0.0
20188,Grenada,2020-09-25,0,Deaths,0.0,0.0
20189,Grenada,2020-09-26,0,Deaths,0.0,0.0
20190,Grenada,2020-09-27,0,Deaths,0.0,0.0
20191,Grenada,2020-09-28,0,Deaths,0.0,0.0
20192,Grenada,2020-09-29,0,Deaths,0.0,0.0
20193,Grenada,2020-09-30,0,Deaths,0.0,0.0
20194,Grenada,2020-10-01,0,Deaths,0.0,0.0
20195,Grenada,2020-10-02,0,Deaths,0.0,0.0
20196,Grenada,2020-10-03,0,Deaths,0.0,0.0
20197,Grenada,2020-10-04,0,Deaths,0.0,0.0
20198,Grenada,2020-10-05,0,Deaths,0.0,0.0
20199,Grenada,2020-10-06,0,Deaths,0.0,0.0
20200,Grenada,2020-10-07,0,Deaths,0.0,0.0
20201,Grenada,2020-10-08,0,Deaths,0.0,0.0
20202,Grenada,2020-10-09,0,Deaths,0.0,0.0
20203,Grenada,2020-10-10,0,Deaths,0.0,0.0
20204,Grenada,2020-10-11,0,Deaths,0.0,0.0
20205,Grenada,2020-10-12,0,Deaths,0.0,0.0
20206,Grenada,2020-10-13,0,Deaths,0.0,0.0
20207,Grenada,2020-10-14,0,Deaths,0.0,0.0
20208,Grenada,2020-10-15,0,Deaths,0.0,0.0
20209,Grenada,2020-10-16,0,Deaths,0.0,0.0
20210,Grenada,2020-10-17,0,Deaths,0.0,0.0
20211,Grenada,2020-10-18,0,Deaths,0.0,0.0
20212,Grenada,2020-10-19,0,Deaths,0.0,0.0
20213,Grenada,2020-10-20,0,Deaths,0.0,0.0
20214,Grenada,2020-10-21,0,Deaths,0.0,0.0
20215,Grenada,2020-10-22,0,Deaths,0.0,0.0
20216,Grenada,2020-10-23,0,Deaths,0.0,0.0
20217,Grenada,2020-10-24,0,Deaths,0.0,0.0
20218,Grenada,2020-10-25,0,Deaths,0.0,0.0
20219,Grenada,2020-10-26,0,Deaths,0.0,0.0
20220,Grenada,2020-10-27,0,Deaths,0.0,0.0
20221,Grenada,2020-10-28,0,Deaths,0.0,0.0
20222,Grenada,2020-10-29,0,Deaths,0.0,0.0
20223,Grenada,2020-10-30,0,Deaths,0.0,0.0
20224,Grenada,2020-10-31,0,Deaths,0.0,0.0
20225,Grenada,2020-11-01,0,Deaths,0.0,0.0
20226,Grenada,2020-11-02,0,Deaths,0.0,0.0
20227,Grenada,2020-11-03,0,Deaths,0.0,0.0
20228,Grenada,2020-11-04,0,Deaths,0.0,0.0
20229,Grenada,2020-11-05,0,Deaths,0.0,0.0
20230,Guatemala,2020-01-22,0,Deaths,,
20231,Guatemala,2020-01-23,0,Deaths,0.0,
20232,Guatemala,2020-01-24,0,Deaths,0.0,
20233,Guatemala,2020-01-25,0,Deaths,0.0,
20234,Guatemala,2020-01-26,0,Deaths,0.0,
20235,Guatemala,2020-01-27,0,Deaths,0.0,
20236,Guatemala,2020-01-28,0,Deaths,0.0,
20237,Guatemala,2020-01-29,0,Deaths,0.0,0.0
20238,Guatemala,2020-01-30,0,Deaths,0.0,0.0
20239,Guatemala,2020-01-31,0,Deaths,0.0,0.0
20240,Guatemala,2020-02-01,0,Deaths,0.0,0.0
20241,Guatemala,2020-02-02,0,Deaths,0.0,0.0
20242,Guatemala,2020-02-03,0,Deaths,0.0,0.0
20243,Guatemala,2020-02-04,0,Deaths,0.0,0.0
20244,Guatemala,2020-02-05,0,Deaths,0.0,0.0
20245,Guatemala,2020-02-06,0,Deaths,0.0,0.0
20246,Guatemala,2020-02-07,0,Deaths,0.0,0.0
20247,Guatemala,2020-02-08,0,Deaths,0.0,0.0
20248,Guatemala,2020-02-09,0,Deaths,0.0,0.0
20249,Guatemala,2020-02-10,0,Deaths,0.0,0.0
20250,Guatemala,2020-02-11,0,Deaths,0.0,0.0
20251,Guatemala,2020-02-12,0,Deaths,0.0,0.0
20252,Guatemala,2020-02-13,0,Deaths,0.0,0.0
20253,Guatemala,2020-02-14,0,Deaths,0.0,0.0
20254,Guatemala,2020-02-15,0,Deaths,0.0,0.0
20255,Guatemala,2020-02-16,0,Deaths,0.0,0.0
20256,Guatemala,2020-02-17,0,Deaths,0.0,0.0
20257,Guatemala,2020-02-18,0,Deaths,0.0,0.0
20258,Guatemala,2020-02-19,0,Deaths,0.0,0.0
20259,Guatemala,2020-02-20,0,Deaths,0.0,0.0
20260,Guatemala,2020-02-21,0,Deaths,0.0,0.0
20261,Guatemala,2020-02-22,0,Deaths,0.0,0.0
20262,Guatemala,2020-02-23,0,Deaths,0.0,0.0
20263,Guatemala,2020-02-24,0,Deaths,0.0,0.0
20264,Guatemala,2020-02-25,0,Deaths,0.0,0.0
20265,Guatemala,2020-02-26,0,Deaths,0.0,0.0
20266,Guatemala,2020-02-27,0,Deaths,0.0,0.0
20267,Guatemala,2020-02-28,0,Deaths,0.0,0.0
20268,Guatemala,2020-02-29,0,Deaths,0.0,0.0
20269,Guatemala,2020-03-01,0,Deaths,0.0,0.0
20270,Guatemala,2020-03-02,0,Deaths,0.0,0.0
20271,Guatemala,2020-03-03,0,Deaths,0.0,0.0
20272,Guatemala,2020-03-04,0,Deaths,0.0,0.0
20273,Guatemala,2020-03-05,0,Deaths,0.0,0.0
20274,Guatemala,2020-03-06,0,Deaths,0.0,0.0
20275,Guatemala,2020-03-07,0,Deaths,0.0,0.0
20276,Guatemala,2020-03-08,0,Deaths,0.0,0.0
20277,Guatemala,2020-03-09,0,Deaths,0.0,0.0
20278,Guatemala,2020-03-10,0,Deaths,0.0,0.0
20279,Guatemala,2020-03-11,0,Deaths,0.0,0.0
20280,Guatemala,2020-03-12,0,Deaths,0.0,0.0
20281,Guatemala,2020-03-13,0,Deaths,0.0,0.0
20282,Guatemala,2020-03-14,0,Deaths,0.0,0.0
20283,Guatemala,2020-03-15,0,Deaths,0.0,0.0
20284,Guatemala,2020-03-16,1,Deaths,1.0,1.0
20285,Guatemala,2020-03-17,1,Deaths,0.0,1.0
20286,Guatemala,2020-03-18,1,Deaths,0.0,1.0
20287,Guatemala,2020-03-19,1,Deaths,0.0,1.0
20288,Guatemala,2020-03-20,1,Deaths,0.0,1.0
20289,Guatemala,2020-03-21,1,Deaths,0.0,1.0
20290,Guatemala,2020-03-22,1,Deaths,0.0,1.0
20291,Guatemala,2020-03-23,1,Deaths,0.0,0.0
20292,Guatemala,2020-03-24,1,Deaths,0.0,0.0
20293,Guatemala,2020-03-25,1,Deaths,0.0,0.0
20294,Guatemala,2020-03-26,1,Deaths,0.0,0.0
20295,Guatemala,2020-03-27,1,Deaths,0.0,0.0
20296,Guatemala,2020-03-28,1,Deaths,0.0,0.0
20297,Guatemala,2020-03-29,1,Deaths,0.0,0.0
20298,Guatemala,2020-03-30,1,Deaths,0.0,0.0
20299,Guatemala,2020-03-31,1,Deaths,0.0,0.0
20300,Guatemala,2020-04-01,1,Deaths,0.0,0.0
20301,Guatemala,2020-04-02,1,Deaths,0.0,0.0
20302,Guatemala,2020-04-03,1,Deaths,0.0,0.0
20303,Guatemala,2020-04-04,2,Deaths,1.0,1.0
20304,Guatemala,2020-04-05,2,Deaths,0.0,1.0
20305,Guatemala,2020-04-06,3,Deaths,1.0,2.0
20306,Guatemala,2020-04-07,3,Deaths,0.0,2.0
20307,Guatemala,2020-04-08,3,Deaths,0.0,2.0
20308,Guatemala,2020-04-09,3,Deaths,0.0,2.0
20309,Guatemala,2020-04-10,3,Deaths,0.0,2.0
20310,Guatemala,2020-04-11,3,Deaths,0.0,1.0
20311,Guatemala,2020-04-12,5,Deaths,2.0,3.0
20312,Guatemala,2020-04-13,5,Deaths,0.0,2.0
20313,Guatemala,2020-04-14,5,Deaths,0.0,2.0
20314,Guatemala,2020-04-15,5,Deaths,0.0,2.0
20315,Guatemala,2020-04-16,5,Deaths,0.0,2.0
20316,Guatemala,2020-04-17,7,Deaths,2.0,4.0
20317,Guatemala,2020-04-18,7,Deaths,0.0,4.0
20318,Guatemala,2020-04-19,7,Deaths,0.0,2.0
20319,Guatemala,2020-04-20,7,Deaths,0.0,2.0
20320,Guatemala,2020-04-21,7,Deaths,0.0,2.0
20321,Guatemala,2020-04-22,8,Deaths,1.0,3.0
20322,Guatemala,2020-04-23,11,Deaths,3.0,6.0
20323,Guatemala,2020-04-24,11,Deaths,0.0,4.0
20324,Guatemala,2020-04-25,13,Deaths,2.0,6.0
20325,Guatemala,2020-04-26,15,Deaths,2.0,8.0
20326,Guatemala,2020-04-27,15,Deaths,0.0,8.0
20327,Guatemala,2020-04-28,15,Deaths,0.0,8.0
20328,Guatemala,2020-04-29,16,Deaths,1.0,8.0
20329,Guatemala,2020-04-30,16,Deaths,0.0,5.0
20330,Guatemala,2020-05-01,16,Deaths,0.0,5.0
20331,Guatemala,2020-05-02,17,Deaths,1.0,4.0
20332,Guatemala,2020-05-03,17,Deaths,0.0,2.0
20333,Guatemala,2020-05-04,19,Deaths,2.0,4.0
20334,Guatemala,2020-05-05,19,Deaths,0.0,4.0
20335,Guatemala,2020-05-06,21,Deaths,2.0,5.0
20336,Guatemala,2020-05-07,23,Deaths,2.0,7.0
20337,Guatemala,2020-05-08,24,Deaths,1.0,8.0
20338,Guatemala,2020-05-09,24,Deaths,0.0,7.0
20339,Guatemala,2020-05-10,26,Deaths,2.0,9.0
20340,Guatemala,2020-05-11,26,Deaths,0.0,7.0
20341,Guatemala,2020-05-12,27,Deaths,1.0,8.0
20342,Guatemala,2020-05-13,29,Deaths,2.0,8.0
20343,Guatemala,2020-05-14,29,Deaths,0.0,6.0
20344,Guatemala,2020-05-15,30,Deaths,1.0,6.0
20345,Guatemala,2020-05-16,33,Deaths,3.0,9.0
20346,Guatemala,2020-05-17,33,Deaths,0.0,7.0
20347,Guatemala,2020-05-18,35,Deaths,2.0,9.0
20348,Guatemala,2020-05-19,43,Deaths,8.0,16.0
20349,Guatemala,2020-05-20,45,Deaths,2.0,16.0
20350,Guatemala,2020-05-21,48,Deaths,3.0,19.0
20351,Guatemala,2020-05-22,51,Deaths,3.0,21.0
20352,Guatemala,2020-05-23,55,Deaths,4.0,22.0
20353,Guatemala,2020-05-24,58,Deaths,3.0,25.0
20354,Guatemala,2020-05-25,59,Deaths,1.0,24.0
20355,Guatemala,2020-05-26,63,Deaths,4.0,20.0
20356,Guatemala,2020-05-27,68,Deaths,5.0,23.0
20357,Guatemala,2020-05-28,80,Deaths,12.0,32.0
20358,Guatemala,2020-05-29,90,Deaths,10.0,39.0
20359,Guatemala,2020-05-30,102,Deaths,12.0,47.0
20360,Guatemala,2020-05-31,108,Deaths,6.0,50.0
20361,Guatemala,2020-06-01,116,Deaths,8.0,57.0
20362,Guatemala,2020-06-02,123,Deaths,7.0,60.0
20363,Guatemala,2020-06-03,143,Deaths,20.0,75.0
20364,Guatemala,2020-06-04,158,Deaths,15.0,78.0
20365,Guatemala,2020-06-05,216,Deaths,58.0,126.0
20366,Guatemala,2020-06-06,230,Deaths,14.0,128.0
20367,Guatemala,2020-06-07,252,Deaths,22.0,144.0
20368,Guatemala,2020-06-08,267,Deaths,15.0,151.0
20369,Guatemala,2020-06-09,289,Deaths,22.0,166.0
20370,Guatemala,2020-06-10,316,Deaths,27.0,173.0
20371,Guatemala,2020-06-11,334,Deaths,18.0,176.0
20372,Guatemala,2020-06-12,351,Deaths,17.0,135.0
20373,Guatemala,2020-06-13,367,Deaths,16.0,137.0
20374,Guatemala,2020-06-14,384,Deaths,17.0,132.0
20375,Guatemala,2020-06-15,399,Deaths,15.0,132.0
20376,Guatemala,2020-06-16,418,Deaths,19.0,129.0
20377,Guatemala,2020-06-17,432,Deaths,14.0,116.0
20378,Guatemala,2020-06-18,449,Deaths,17.0,115.0
20379,Guatemala,2020-06-19,483,Deaths,34.0,132.0
20380,Guatemala,2020-06-20,514,Deaths,31.0,147.0
20381,Guatemala,2020-06-21,531,Deaths,17.0,147.0
20382,Guatemala,2020-06-22,547,Deaths,16.0,148.0
20383,Guatemala,2020-06-23,582,Deaths,35.0,164.0
20384,Guatemala,2020-06-24,601,Deaths,19.0,169.0
20385,Guatemala,2020-06-25,623,Deaths,22.0,174.0
20386,Guatemala,2020-06-26,672,Deaths,49.0,189.0
20387,Guatemala,2020-06-27,706,Deaths,34.0,192.0
20388,Guatemala,2020-06-28,727,Deaths,21.0,196.0
20389,Guatemala,2020-06-29,746,Deaths,19.0,199.0
20390,Guatemala,2020-06-30,773,Deaths,27.0,191.0
20391,Guatemala,2020-07-01,817,Deaths,44.0,216.0
20392,Guatemala,2020-07-02,843,Deaths,26.0,220.0
20393,Guatemala,2020-07-03,880,Deaths,37.0,208.0
20394,Guatemala,2020-07-04,920,Deaths,40.0,214.0
20395,Guatemala,2020-07-05,947,Deaths,27.0,220.0
20396,Guatemala,2020-07-06,981,Deaths,34.0,235.0
20397,Guatemala,2020-07-07,1004,Deaths,23.0,231.0
20398,Guatemala,2020-07-08,1053,Deaths,49.0,236.0
20399,Guatemala,2020-07-09,1092,Deaths,39.0,249.0
20400,Guatemala,2020-07-10,1139,Deaths,47.0,259.0
20401,Guatemala,2020-07-11,1172,Deaths,33.0,252.0
20402,Guatemala,2020-07-12,1219,Deaths,47.0,272.0
20403,Guatemala,2020-07-13,1244,Deaths,25.0,263.0
20404,Guatemala,2020-07-14,1302,Deaths,58.0,298.0
20405,Guatemala,2020-07-15,1350,Deaths,48.0,297.0
20406,Guatemala,2020-07-16,1404,Deaths,54.0,312.0
20407,Guatemala,2020-07-17,1443,Deaths,39.0,304.0
20408,Guatemala,2020-07-18,1449,Deaths,6.0,277.0
20409,Guatemala,2020-07-19,1485,Deaths,36.0,266.0
20410,Guatemala,2020-07-20,1502,Deaths,17.0,258.0
20411,Guatemala,2020-07-21,1531,Deaths,29.0,229.0
20412,Guatemala,2020-07-22,1573,Deaths,42.0,223.0
20413,Guatemala,2020-07-23,1632,Deaths,59.0,228.0
20414,Guatemala,2020-07-24,1669,Deaths,37.0,226.0
20415,Guatemala,2020-07-25,1699,Deaths,30.0,250.0
20416,Guatemala,2020-07-26,1734,Deaths,35.0,249.0
20417,Guatemala,2020-07-27,1761,Deaths,27.0,259.0
20418,Guatemala,2020-07-28,1782,Deaths,21.0,251.0
20419,Guatemala,2020-07-29,1835,Deaths,53.0,262.0
20420,Guatemala,2020-07-30,1867,Deaths,32.0,235.0
20421,Guatemala,2020-07-31,1924,Deaths,57.0,255.0
20422,Guatemala,2020-08-01,1959,Deaths,35.0,260.0
20423,Guatemala,2020-08-02,1995,Deaths,36.0,261.0
20424,Guatemala,2020-08-03,2013,Deaths,18.0,252.0
20425,Guatemala,2020-08-04,2037,Deaths,24.0,255.0
20426,Guatemala,2020-08-05,2072,Deaths,35.0,237.0
20427,Guatemala,2020-08-06,2119,Deaths,47.0,252.0
20428,Guatemala,2020-08-07,2168,Deaths,49.0,244.0
20429,Guatemala,2020-08-08,2197,Deaths,29.0,238.0
20430,Guatemala,2020-08-09,2211,Deaths,14.0,216.0
20431,Guatemala,2020-08-10,2222,Deaths,11.0,209.0
20432,Guatemala,2020-08-11,2233,Deaths,11.0,196.0
20433,Guatemala,2020-08-12,2267,Deaths,34.0,195.0
20434,Guatemala,2020-08-13,2296,Deaths,29.0,177.0
20435,Guatemala,2020-08-14,2341,Deaths,45.0,173.0
20436,Guatemala,2020-08-15,2355,Deaths,14.0,158.0
20437,Guatemala,2020-08-16,2379,Deaths,24.0,168.0
20438,Guatemala,2020-08-17,2389,Deaths,10.0,167.0
20439,Guatemala,2020-08-18,2419,Deaths,30.0,186.0
20440,Guatemala,2020-08-19,2467,Deaths,48.0,200.0
20441,Guatemala,2020-08-20,2506,Deaths,39.0,210.0
20442,Guatemala,2020-08-21,2532,Deaths,26.0,191.0
20443,Guatemala,2020-08-22,2580,Deaths,48.0,225.0
20444,Guatemala,2020-08-23,2594,Deaths,14.0,215.0
20445,Guatemala,2020-08-24,2611,Deaths,17.0,222.0
20446,Guatemala,2020-08-25,2630,Deaths,19.0,211.0
20447,Guatemala,2020-08-26,2662,Deaths,32.0,195.0
20448,Guatemala,2020-08-27,2685,Deaths,23.0,179.0
20449,Guatemala,2020-08-28,2709,Deaths,24.0,177.0
20450,Guatemala,2020-08-29,2728,Deaths,19.0,148.0
20451,Guatemala,2020-08-30,2740,Deaths,12.0,146.0
20452,Guatemala,2020-08-31,2760,Deaths,20.0,149.0
20453,Guatemala,2020-09-01,2778,Deaths,18.0,148.0
20454,Guatemala,2020-09-02,2790,Deaths,12.0,128.0
20455,Guatemala,2020-09-03,2804,Deaths,14.0,119.0
20456,Guatemala,2020-09-04,2825,Deaths,21.0,116.0
20457,Guatemala,2020-09-05,2845,Deaths,20.0,117.0
20458,Guatemala,2020-09-06,2852,Deaths,7.0,112.0
20459,Guatemala,2020-09-07,2862,Deaths,10.0,102.0
20460,Guatemala,2020-09-08,2890,Deaths,28.0,112.0
20461,Guatemala,2020-09-09,2897,Deaths,7.0,107.0
20462,Guatemala,2020-09-10,2918,Deaths,21.0,114.0
20463,Guatemala,2020-09-11,2929,Deaths,11.0,104.0
20464,Guatemala,2020-09-12,2949,Deaths,20.0,104.0
20465,Guatemala,2020-09-13,2957,Deaths,8.0,105.0
20466,Guatemala,2020-09-14,2972,Deaths,15.0,110.0
20467,Guatemala,2020-09-15,2984,Deaths,12.0,94.0
20468,Guatemala,2020-09-16,3009,Deaths,25.0,112.0
20469,Guatemala,2020-09-17,3036,Deaths,27.0,118.0
20470,Guatemala,2020-09-18,3076,Deaths,40.0,147.0
20471,Guatemala,2020-09-19,3105,Deaths,29.0,156.0
20472,Guatemala,2020-09-20,3119,Deaths,14.0,162.0
20473,Guatemala,2020-09-21,3124,Deaths,5.0,152.0
20474,Guatemala,2020-09-22,3137,Deaths,13.0,153.0
20475,Guatemala,2020-09-23,3154,Deaths,17.0,145.0
20476,Guatemala,2020-09-24,3170,Deaths,16.0,134.0
20477,Guatemala,2020-09-25,3186,Deaths,16.0,110.0
20478,Guatemala,2020-09-26,3213,Deaths,27.0,108.0
20479,Guatemala,2020-09-27,3229,Deaths,16.0,110.0
20480,Guatemala,2020-09-28,3234,Deaths,5.0,110.0
20481,Guatemala,2020-09-29,3238,Deaths,4.0,101.0
20482,Guatemala,2020-09-30,3246,Deaths,8.0,92.0
20483,Guatemala,2020-10-01,3261,Deaths,15.0,91.0
20484,Guatemala,2020-10-02,3267,Deaths,6.0,81.0
20485,Guatemala,2020-10-03,3285,Deaths,18.0,72.0
20486,Guatemala,2020-10-04,3293,Deaths,8.0,64.0
20487,Guatemala,2020-10-05,3302,Deaths,9.0,68.0
20488,Guatemala,2020-10-06,3310,Deaths,8.0,72.0
20489,Guatemala,2020-10-07,3335,Deaths,25.0,89.0
20490,Guatemala,2020-10-08,3347,Deaths,12.0,86.0
20491,Guatemala,2020-10-09,3356,Deaths,9.0,89.0
20492,Guatemala,2020-10-10,3365,Deaths,9.0,80.0
20493,Guatemala,2020-10-11,3384,Deaths,19.0,91.0
20494,Guatemala,2020-10-12,3387,Deaths,3.0,85.0
20495,Guatemala,2020-10-13,3410,Deaths,23.0,100.0
20496,Guatemala,2020-10-14,3430,Deaths,20.0,95.0
20497,Guatemala,2020-10-15,3453,Deaths,23.0,106.0
20498,Guatemala,2020-10-16,3478,Deaths,25.0,122.0
20499,Guatemala,2020-10-17,3515,Deaths,37.0,150.0
20500,Guatemala,2020-10-18,3530,Deaths,15.0,146.0
20501,Guatemala,2020-10-19,3541,Deaths,11.0,154.0
20502,Guatemala,2020-10-20,3546,Deaths,5.0,136.0
20503,Guatemala,2020-10-21,3567,Deaths,21.0,137.0
20504,Guatemala,2020-10-22,3580,Deaths,13.0,127.0
20505,Guatemala,2020-10-23,3594,Deaths,14.0,116.0
20506,Guatemala,2020-10-24,3609,Deaths,15.0,94.0
20507,Guatemala,2020-10-25,3644,Deaths,35.0,114.0
20508,Guatemala,2020-10-26,3651,Deaths,7.0,110.0
20509,Guatemala,2020-10-27,3665,Deaths,14.0,119.0
20510,Guatemala,2020-10-28,3682,Deaths,17.0,115.0
20511,Guatemala,2020-10-29,3704,Deaths,22.0,124.0
20512,Guatemala,2020-10-30,3714,Deaths,10.0,120.0
20513,Guatemala,2020-10-31,3729,Deaths,15.0,120.0
20514,Guatemala,2020-11-01,3738,Deaths,9.0,94.0
20515,Guatemala,2020-11-02,3738,Deaths,0.0,87.0
20516,Guatemala,2020-11-03,3748,Deaths,10.0,83.0
20517,Guatemala,2020-11-04,3752,Deaths,4.0,70.0
20518,Guatemala,2020-11-05,3766,Deaths,14.0,62.0
20519,Guinea,2020-01-22,0,Deaths,,
20520,Guinea,2020-01-23,0,Deaths,0.0,
20521,Guinea,2020-01-24,0,Deaths,0.0,
20522,Guinea,2020-01-25,0,Deaths,0.0,
20523,Guinea,2020-01-26,0,Deaths,0.0,
20524,Guinea,2020-01-27,0,Deaths,0.0,
20525,Guinea,2020-01-28,0,Deaths,0.0,
20526,Guinea,2020-01-29,0,Deaths,0.0,0.0
20527,Guinea,2020-01-30,0,Deaths,0.0,0.0
20528,Guinea,2020-01-31,0,Deaths,0.0,0.0
20529,Guinea,2020-02-01,0,Deaths,0.0,0.0
20530,Guinea,2020-02-02,0,Deaths,0.0,0.0
20531,Guinea,2020-02-03,0,Deaths,0.0,0.0
20532,Guinea,2020-02-04,0,Deaths,0.0,0.0
20533,Guinea,2020-02-05,0,Deaths,0.0,0.0
20534,Guinea,2020-02-06,0,Deaths,0.0,0.0
20535,Guinea,2020-02-07,0,Deaths,0.0,0.0
20536,Guinea,2020-02-08,0,Deaths,0.0,0.0
20537,Guinea,2020-02-09,0,Deaths,0.0,0.0
20538,Guinea,2020-02-10,0,Deaths,0.0,0.0
20539,Guinea,2020-02-11,0,Deaths,0.0,0.0
20540,Guinea,2020-02-12,0,Deaths,0.0,0.0
20541,Guinea,2020-02-13,0,Deaths,0.0,0.0
20542,Guinea,2020-02-14,0,Deaths,0.0,0.0
20543,Guinea,2020-02-15,0,Deaths,0.0,0.0
20544,Guinea,2020-02-16,0,Deaths,0.0,0.0
20545,Guinea,2020-02-17,0,Deaths,0.0,0.0
20546,Guinea,2020-02-18,0,Deaths,0.0,0.0
20547,Guinea,2020-02-19,0,Deaths,0.0,0.0
20548,Guinea,2020-02-20,0,Deaths,0.0,0.0
20549,Guinea,2020-02-21,0,Deaths,0.0,0.0
20550,Guinea,2020-02-22,0,Deaths,0.0,0.0
20551,Guinea,2020-02-23,0,Deaths,0.0,0.0
20552,Guinea,2020-02-24,0,Deaths,0.0,0.0
20553,Guinea,2020-02-25,0,Deaths,0.0,0.0
20554,Guinea,2020-02-26,0,Deaths,0.0,0.0
20555,Guinea,2020-02-27,0,Deaths,0.0,0.0
20556,Guinea,2020-02-28,0,Deaths,0.0,0.0
20557,Guinea,2020-02-29,0,Deaths,0.0,0.0
20558,Guinea,2020-03-01,0,Deaths,0.0,0.0
20559,Guinea,2020-03-02,0,Deaths,0.0,0.0
20560,Guinea,2020-03-03,0,Deaths,0.0,0.0
20561,Guinea,2020-03-04,0,Deaths,0.0,0.0
20562,Guinea,2020-03-05,0,Deaths,0.0,0.0
20563,Guinea,2020-03-06,0,Deaths,0.0,0.0
20564,Guinea,2020-03-07,0,Deaths,0.0,0.0
20565,Guinea,2020-03-08,0,Deaths,0.0,0.0
20566,Guinea,2020-03-09,0,Deaths,0.0,0.0
20567,Guinea,2020-03-10,0,Deaths,0.0,0.0
20568,Guinea,2020-03-11,0,Deaths,0.0,0.0
20569,Guinea,2020-03-12,0,Deaths,0.0,0.0
20570,Guinea,2020-03-13,0,Deaths,0.0,0.0
20571,Guinea,2020-03-14,0,Deaths,0.0,0.0
20572,Guinea,2020-03-15,0,Deaths,0.0,0.0
20573,Guinea,2020-03-16,0,Deaths,0.0,0.0
20574,Guinea,2020-03-17,0,Deaths,0.0,0.0
20575,Guinea,2020-03-18,0,Deaths,0.0,0.0
20576,Guinea,2020-03-19,0,Deaths,0.0,0.0
20577,Guinea,2020-03-20,0,Deaths,0.0,0.0
20578,Guinea,2020-03-21,0,Deaths,0.0,0.0
20579,Guinea,2020-03-22,0,Deaths,0.0,0.0
20580,Guinea,2020-03-23,0,Deaths,0.0,0.0
20581,Guinea,2020-03-24,0,Deaths,0.0,0.0
20582,Guinea,2020-03-25,0,Deaths,0.0,0.0
20583,Guinea,2020-03-26,0,Deaths,0.0,0.0
20584,Guinea,2020-03-27,0,Deaths,0.0,0.0
20585,Guinea,2020-03-28,0,Deaths,0.0,0.0
20586,Guinea,2020-03-29,0,Deaths,0.0,0.0
20587,Guinea,2020-03-30,0,Deaths,0.0,0.0
20588,Guinea,2020-03-31,0,Deaths,0.0,0.0
20589,Guinea,2020-04-01,0,Deaths,0.0,0.0
20590,Guinea,2020-04-02,0,Deaths,0.0,0.0
20591,Guinea,2020-04-03,0,Deaths,0.0,0.0
20592,Guinea,2020-04-04,0,Deaths,0.0,0.0
20593,Guinea,2020-04-05,0,Deaths,0.0,0.0
20594,Guinea,2020-04-06,0,Deaths,0.0,0.0
20595,Guinea,2020-04-07,0,Deaths,0.0,0.0
20596,Guinea,2020-04-08,0,Deaths,0.0,0.0
20597,Guinea,2020-04-09,0,Deaths,0.0,0.0
20598,Guinea,2020-04-10,0,Deaths,0.0,0.0
20599,Guinea,2020-04-11,0,Deaths,0.0,0.0
20600,Guinea,2020-04-12,0,Deaths,0.0,0.0
20601,Guinea,2020-04-13,0,Deaths,0.0,0.0
20602,Guinea,2020-04-14,0,Deaths,0.0,0.0
20603,Guinea,2020-04-15,1,Deaths,1.0,1.0
20604,Guinea,2020-04-16,1,Deaths,0.0,1.0
20605,Guinea,2020-04-17,3,Deaths,2.0,3.0
20606,Guinea,2020-04-18,3,Deaths,0.0,3.0
20607,Guinea,2020-04-19,5,Deaths,2.0,5.0
20608,Guinea,2020-04-20,5,Deaths,0.0,5.0
20609,Guinea,2020-04-21,6,Deaths,1.0,6.0
20610,Guinea,2020-04-22,6,Deaths,0.0,5.0
20611,Guinea,2020-04-23,6,Deaths,0.0,5.0
20612,Guinea,2020-04-24,6,Deaths,0.0,3.0
20613,Guinea,2020-04-25,7,Deaths,1.0,4.0
20614,Guinea,2020-04-26,7,Deaths,0.0,2.0
20615,Guinea,2020-04-27,7,Deaths,0.0,2.0
20616,Guinea,2020-04-28,7,Deaths,0.0,1.0
20617,Guinea,2020-04-29,7,Deaths,0.0,1.0
20618,Guinea,2020-04-30,7,Deaths,0.0,1.0
20619,Guinea,2020-05-01,7,Deaths,0.0,1.0
20620,Guinea,2020-05-02,7,Deaths,0.0,0.0
20621,Guinea,2020-05-03,7,Deaths,0.0,0.0
20622,Guinea,2020-05-04,9,Deaths,2.0,2.0
20623,Guinea,2020-05-05,10,Deaths,1.0,3.0
20624,Guinea,2020-05-06,11,Deaths,1.0,4.0
20625,Guinea,2020-05-07,11,Deaths,0.0,4.0
20626,Guinea,2020-05-08,11,Deaths,0.0,4.0
20627,Guinea,2020-05-09,11,Deaths,0.0,4.0
20628,Guinea,2020-05-10,11,Deaths,0.0,4.0
20629,Guinea,2020-05-11,11,Deaths,0.0,2.0
20630,Guinea,2020-05-12,11,Deaths,0.0,1.0
20631,Guinea,2020-05-13,14,Deaths,3.0,3.0
20632,Guinea,2020-05-14,15,Deaths,1.0,4.0
20633,Guinea,2020-05-15,15,Deaths,0.0,4.0
20634,Guinea,2020-05-16,16,Deaths,1.0,5.0
20635,Guinea,2020-05-17,16,Deaths,0.0,5.0
20636,Guinea,2020-05-18,16,Deaths,0.0,5.0
20637,Guinea,2020-05-19,18,Deaths,2.0,7.0
20638,Guinea,2020-05-20,18,Deaths,0.0,4.0
20639,Guinea,2020-05-21,18,Deaths,0.0,3.0
20640,Guinea,2020-05-22,19,Deaths,1.0,4.0
20641,Guinea,2020-05-23,20,Deaths,1.0,4.0
20642,Guinea,2020-05-24,20,Deaths,0.0,4.0
20643,Guinea,2020-05-25,20,Deaths,0.0,4.0
20644,Guinea,2020-05-26,20,Deaths,0.0,2.0
20645,Guinea,2020-05-27,20,Deaths,0.0,2.0
20646,Guinea,2020-05-28,22,Deaths,2.0,4.0
20647,Guinea,2020-05-29,22,Deaths,0.0,3.0
20648,Guinea,2020-05-30,23,Deaths,1.0,3.0
20649,Guinea,2020-05-31,23,Deaths,0.0,3.0
20650,Guinea,2020-06-01,23,Deaths,0.0,3.0
20651,Guinea,2020-06-02,23,Deaths,0.0,3.0
20652,Guinea,2020-06-03,23,Deaths,0.0,3.0
20653,Guinea,2020-06-04,23,Deaths,0.0,1.0
20654,Guinea,2020-06-05,23,Deaths,0.0,1.0
20655,Guinea,2020-06-06,23,Deaths,0.0,0.0
20656,Guinea,2020-06-07,23,Deaths,0.0,0.0
20657,Guinea,2020-06-08,23,Deaths,0.0,0.0
20658,Guinea,2020-06-09,23,Deaths,0.0,0.0
20659,Guinea,2020-06-10,23,Deaths,0.0,0.0
20660,Guinea,2020-06-11,23,Deaths,0.0,0.0
20661,Guinea,2020-06-12,24,Deaths,1.0,1.0
20662,Guinea,2020-06-13,25,Deaths,1.0,2.0
20663,Guinea,2020-06-14,25,Deaths,0.0,2.0
20664,Guinea,2020-06-15,26,Deaths,1.0,3.0
20665,Guinea,2020-06-16,26,Deaths,0.0,3.0
20666,Guinea,2020-06-17,26,Deaths,0.0,3.0
20667,Guinea,2020-06-18,26,Deaths,0.0,3.0
20668,Guinea,2020-06-19,27,Deaths,1.0,3.0
20669,Guinea,2020-06-20,27,Deaths,0.0,2.0
20670,Guinea,2020-06-21,27,Deaths,0.0,2.0
20671,Guinea,2020-06-22,27,Deaths,0.0,1.0
20672,Guinea,2020-06-23,28,Deaths,1.0,2.0
20673,Guinea,2020-06-24,29,Deaths,1.0,3.0
20674,Guinea,2020-06-25,29,Deaths,0.0,3.0
20675,Guinea,2020-06-26,29,Deaths,0.0,2.0
20676,Guinea,2020-06-27,30,Deaths,1.0,3.0
20677,Guinea,2020-06-28,31,Deaths,1.0,4.0
20678,Guinea,2020-06-29,31,Deaths,0.0,4.0
20679,Guinea,2020-06-30,33,Deaths,2.0,5.0
20680,Guinea,2020-07-01,33,Deaths,0.0,4.0
20681,Guinea,2020-07-02,33,Deaths,0.0,4.0
20682,Guinea,2020-07-03,33,Deaths,0.0,4.0
20683,Guinea,2020-07-04,34,Deaths,1.0,4.0
20684,Guinea,2020-07-05,34,Deaths,0.0,3.0
20685,Guinea,2020-07-06,34,Deaths,0.0,3.0
20686,Guinea,2020-07-07,34,Deaths,0.0,1.0
20687,Guinea,2020-07-08,34,Deaths,0.0,1.0
20688,Guinea,2020-07-09,36,Deaths,2.0,3.0
20689,Guinea,2020-07-10,37,Deaths,1.0,4.0
20690,Guinea,2020-07-11,37,Deaths,0.0,3.0
20691,Guinea,2020-07-12,37,Deaths,0.0,3.0
20692,Guinea,2020-07-13,37,Deaths,0.0,3.0
20693,Guinea,2020-07-14,38,Deaths,1.0,4.0
20694,Guinea,2020-07-15,38,Deaths,0.0,4.0
20695,Guinea,2020-07-16,39,Deaths,1.0,3.0
20696,Guinea,2020-07-17,39,Deaths,0.0,2.0
20697,Guinea,2020-07-18,39,Deaths,0.0,2.0
20698,Guinea,2020-07-19,39,Deaths,0.0,2.0
20699,Guinea,2020-07-20,40,Deaths,1.0,3.0
20700,Guinea,2020-07-21,41,Deaths,1.0,3.0
20701,Guinea,2020-07-22,41,Deaths,0.0,3.0
20702,Guinea,2020-07-23,42,Deaths,1.0,3.0
20703,Guinea,2020-07-24,42,Deaths,0.0,3.0
20704,Guinea,2020-07-25,42,Deaths,0.0,3.0
20705,Guinea,2020-07-26,43,Deaths,1.0,4.0
20706,Guinea,2020-07-27,45,Deaths,2.0,5.0
20707,Guinea,2020-07-28,46,Deaths,1.0,5.0
20708,Guinea,2020-07-29,46,Deaths,0.0,5.0
20709,Guinea,2020-07-30,46,Deaths,0.0,4.0
20710,Guinea,2020-07-31,46,Deaths,0.0,4.0
20711,Guinea,2020-08-01,46,Deaths,0.0,4.0
20712,Guinea,2020-08-02,46,Deaths,0.0,3.0
20713,Guinea,2020-08-03,46,Deaths,0.0,1.0
20714,Guinea,2020-08-04,48,Deaths,2.0,2.0
20715,Guinea,2020-08-05,49,Deaths,1.0,3.0
20716,Guinea,2020-08-06,49,Deaths,0.0,3.0
20717,Guinea,2020-08-07,50,Deaths,1.0,4.0
20718,Guinea,2020-08-08,50,Deaths,0.0,4.0
20719,Guinea,2020-08-09,50,Deaths,0.0,4.0
20720,Guinea,2020-08-10,50,Deaths,0.0,4.0
20721,Guinea,2020-08-11,50,Deaths,0.0,2.0
20722,Guinea,2020-08-12,50,Deaths,0.0,1.0
20723,Guinea,2020-08-13,50,Deaths,0.0,1.0
20724,Guinea,2020-08-14,50,Deaths,0.0,0.0
20725,Guinea,2020-08-15,50,Deaths,0.0,0.0
20726,Guinea,2020-08-16,51,Deaths,1.0,1.0
20727,Guinea,2020-08-17,51,Deaths,0.0,1.0
20728,Guinea,2020-08-18,52,Deaths,1.0,2.0
20729,Guinea,2020-08-19,53,Deaths,1.0,3.0
20730,Guinea,2020-08-20,53,Deaths,0.0,3.0
20731,Guinea,2020-08-21,53,Deaths,0.0,3.0
20732,Guinea,2020-08-22,53,Deaths,0.0,3.0
20733,Guinea,2020-08-23,53,Deaths,0.0,2.0
20734,Guinea,2020-08-24,55,Deaths,2.0,4.0
20735,Guinea,2020-08-25,57,Deaths,2.0,5.0
20736,Guinea,2020-08-26,57,Deaths,0.0,4.0
20737,Guinea,2020-08-27,58,Deaths,1.0,5.0
20738,Guinea,2020-08-28,59,Deaths,1.0,6.0
20739,Guinea,2020-08-29,59,Deaths,0.0,6.0
20740,Guinea,2020-08-30,59,Deaths,0.0,6.0
20741,Guinea,2020-08-31,59,Deaths,0.0,4.0
20742,Guinea,2020-09-01,59,Deaths,0.0,2.0
20743,Guinea,2020-09-02,59,Deaths,0.0,2.0
20744,Guinea,2020-09-03,61,Deaths,2.0,3.0
20745,Guinea,2020-09-04,61,Deaths,0.0,2.0
20746,Guinea,2020-09-05,61,Deaths,0.0,2.0
20747,Guinea,2020-09-06,61,Deaths,0.0,2.0
20748,Guinea,2020-09-07,62,Deaths,1.0,3.0
20749,Guinea,2020-09-08,63,Deaths,1.0,4.0
20750,Guinea,2020-09-09,63,Deaths,0.0,4.0
20751,Guinea,2020-09-10,63,Deaths,0.0,2.0
20752,Guinea,2020-09-11,63,Deaths,0.0,2.0
20753,Guinea,2020-09-12,63,Deaths,0.0,2.0
20754,Guinea,2020-09-13,63,Deaths,0.0,2.0
20755,Guinea,2020-09-14,63,Deaths,0.0,1.0
20756,Guinea,2020-09-15,63,Deaths,0.0,0.0
20757,Guinea,2020-09-16,63,Deaths,0.0,0.0
20758,Guinea,2020-09-17,63,Deaths,0.0,0.0
20759,Guinea,2020-09-18,63,Deaths,0.0,0.0
20760,Guinea,2020-09-19,63,Deaths,0.0,0.0
20761,Guinea,2020-09-20,64,Deaths,1.0,1.0
20762,Guinea,2020-09-21,65,Deaths,1.0,2.0
20763,Guinea,2020-09-22,65,Deaths,0.0,2.0
20764,Guinea,2020-09-23,65,Deaths,0.0,2.0
20765,Guinea,2020-09-24,65,Deaths,0.0,2.0
20766,Guinea,2020-09-25,65,Deaths,0.0,2.0
20767,Guinea,2020-09-26,65,Deaths,0.0,2.0
20768,Guinea,2020-09-27,66,Deaths,1.0,2.0
20769,Guinea,2020-09-28,66,Deaths,0.0,1.0
20770,Guinea,2020-09-29,66,Deaths,0.0,1.0
20771,Guinea,2020-09-30,66,Deaths,0.0,1.0
20772,Guinea,2020-10-01,66,Deaths,0.0,1.0
20773,Guinea,2020-10-02,66,Deaths,0.0,1.0
20774,Guinea,2020-10-03,66,Deaths,0.0,1.0
20775,Guinea,2020-10-04,66,Deaths,0.0,0.0
20776,Guinea,2020-10-05,67,Deaths,1.0,1.0
20777,Guinea,2020-10-06,68,Deaths,1.0,2.0
20778,Guinea,2020-10-07,68,Deaths,0.0,2.0
20779,Guinea,2020-10-08,68,Deaths,0.0,2.0
20780,Guinea,2020-10-09,68,Deaths,0.0,2.0
20781,Guinea,2020-10-10,69,Deaths,1.0,3.0
20782,Guinea,2020-10-11,69,Deaths,0.0,3.0
20783,Guinea,2020-10-12,70,Deaths,1.0,3.0
20784,Guinea,2020-10-13,70,Deaths,0.0,2.0
20785,Guinea,2020-10-14,70,Deaths,0.0,2.0
20786,Guinea,2020-10-15,70,Deaths,0.0,2.0
20787,Guinea,2020-10-16,70,Deaths,0.0,2.0
20788,Guinea,2020-10-17,70,Deaths,0.0,1.0
20789,Guinea,2020-10-18,70,Deaths,0.0,1.0
20790,Guinea,2020-10-19,70,Deaths,0.0,0.0
20791,Guinea,2020-10-20,70,Deaths,0.0,0.0
20792,Guinea,2020-10-21,70,Deaths,0.0,0.0
20793,Guinea,2020-10-22,71,Deaths,1.0,1.0
20794,Guinea,2020-10-23,71,Deaths,0.0,1.0
20795,Guinea,2020-10-24,71,Deaths,0.0,1.0
20796,Guinea,2020-10-25,71,Deaths,0.0,1.0
20797,Guinea,2020-10-26,71,Deaths,0.0,1.0
20798,Guinea,2020-10-27,71,Deaths,0.0,1.0
20799,Guinea,2020-10-28,71,Deaths,0.0,1.0
20800,Guinea,2020-10-29,71,Deaths,0.0,0.0
20801,Guinea,2020-10-30,72,Deaths,1.0,1.0
20802,Guinea,2020-10-31,72,Deaths,0.0,1.0
20803,Guinea,2020-11-01,73,Deaths,1.0,2.0
20804,Guinea,2020-11-02,73,Deaths,0.0,2.0
20805,Guinea,2020-11-03,73,Deaths,0.0,2.0
20806,Guinea,2020-11-04,73,Deaths,0.0,2.0
20807,Guinea,2020-11-05,73,Deaths,0.0,2.0
20808,Guinea-Bissau,2020-01-22,0,Deaths,,
20809,Guinea-Bissau,2020-01-23,0,Deaths,0.0,
20810,Guinea-Bissau,2020-01-24,0,Deaths,0.0,
20811,Guinea-Bissau,2020-01-25,0,Deaths,0.0,
20812,Guinea-Bissau,2020-01-26,0,Deaths,0.0,
20813,Guinea-Bissau,2020-01-27,0,Deaths,0.0,
20814,Guinea-Bissau,2020-01-28,0,Deaths,0.0,
20815,Guinea-Bissau,2020-01-29,0,Deaths,0.0,0.0
20816,Guinea-Bissau,2020-01-30,0,Deaths,0.0,0.0
20817,Guinea-Bissau,2020-01-31,0,Deaths,0.0,0.0
20818,Guinea-Bissau,2020-02-01,0,Deaths,0.0,0.0
20819,Guinea-Bissau,2020-02-02,0,Deaths,0.0,0.0
20820,Guinea-Bissau,2020-02-03,0,Deaths,0.0,0.0
20821,Guinea-Bissau,2020-02-04,0,Deaths,0.0,0.0
20822,Guinea-Bissau,2020-02-05,0,Deaths,0.0,0.0
20823,Guinea-Bissau,2020-02-06,0,Deaths,0.0,0.0
20824,Guinea-Bissau,2020-02-07,0,Deaths,0.0,0.0
20825,Guinea-Bissau,2020-02-08,0,Deaths,0.0,0.0
20826,Guinea-Bissau,2020-02-09,0,Deaths,0.0,0.0
20827,Guinea-Bissau,2020-02-10,0,Deaths,0.0,0.0
20828,Guinea-Bissau,2020-02-11,0,Deaths,0.0,0.0
20829,Guinea-Bissau,2020-02-12,0,Deaths,0.0,0.0
20830,Guinea-Bissau,2020-02-13,0,Deaths,0.0,0.0
20831,Guinea-Bissau,2020-02-14,0,Deaths,0.0,0.0
20832,Guinea-Bissau,2020-02-15,0,Deaths,0.0,0.0
20833,Guinea-Bissau,2020-02-16,0,Deaths,0.0,0.0
20834,Guinea-Bissau,2020-02-17,0,Deaths,0.0,0.0
20835,Guinea-Bissau,2020-02-18,0,Deaths,0.0,0.0
20836,Guinea-Bissau,2020-02-19,0,Deaths,0.0,0.0
20837,Guinea-Bissau,2020-02-20,0,Deaths,0.0,0.0
20838,Guinea-Bissau,2020-02-21,0,Deaths,0.0,0.0
20839,Guinea-Bissau,2020-02-22,0,Deaths,0.0,0.0
20840,Guinea-Bissau,2020-02-23,0,Deaths,0.0,0.0
20841,Guinea-Bissau,2020-02-24,0,Deaths,0.0,0.0
20842,Guinea-Bissau,2020-02-25,0,Deaths,0.0,0.0
20843,Guinea-Bissau,2020-02-26,0,Deaths,0.0,0.0
20844,Guinea-Bissau,2020-02-27,0,Deaths,0.0,0.0
20845,Guinea-Bissau,2020-02-28,0,Deaths,0.0,0.0
20846,Guinea-Bissau,2020-02-29,0,Deaths,0.0,0.0
20847,Guinea-Bissau,2020-03-01,0,Deaths,0.0,0.0
20848,Guinea-Bissau,2020-03-02,0,Deaths,0.0,0.0
20849,Guinea-Bissau,2020-03-03,0,Deaths,0.0,0.0
20850,Guinea-Bissau,2020-03-04,0,Deaths,0.0,0.0
20851,Guinea-Bissau,2020-03-05,0,Deaths,0.0,0.0
20852,Guinea-Bissau,2020-03-06,0,Deaths,0.0,0.0
20853,Guinea-Bissau,2020-03-07,0,Deaths,0.0,0.0
20854,Guinea-Bissau,2020-03-08,0,Deaths,0.0,0.0
20855,Guinea-Bissau,2020-03-09,0,Deaths,0.0,0.0
20856,Guinea-Bissau,2020-03-10,0,Deaths,0.0,0.0
20857,Guinea-Bissau,2020-03-11,0,Deaths,0.0,0.0
20858,Guinea-Bissau,2020-03-12,0,Deaths,0.0,0.0
20859,Guinea-Bissau,2020-03-13,0,Deaths,0.0,0.0
20860,Guinea-Bissau,2020-03-14,0,Deaths,0.0,0.0
20861,Guinea-Bissau,2020-03-15,0,Deaths,0.0,0.0
20862,Guinea-Bissau,2020-03-16,0,Deaths,0.0,0.0
20863,Guinea-Bissau,2020-03-17,0,Deaths,0.0,0.0
20864,Guinea-Bissau,2020-03-18,0,Deaths,0.0,0.0
20865,Guinea-Bissau,2020-03-19,0,Deaths,0.0,0.0
20866,Guinea-Bissau,2020-03-20,0,Deaths,0.0,0.0
20867,Guinea-Bissau,2020-03-21,0,Deaths,0.0,0.0
20868,Guinea-Bissau,2020-03-22,0,Deaths,0.0,0.0
20869,Guinea-Bissau,2020-03-23,0,Deaths,0.0,0.0
20870,Guinea-Bissau,2020-03-24,0,Deaths,0.0,0.0
20871,Guinea-Bissau,2020-03-25,0,Deaths,0.0,0.0
20872,Guinea-Bissau,2020-03-26,0,Deaths,0.0,0.0
20873,Guinea-Bissau,2020-03-27,0,Deaths,0.0,0.0
20874,Guinea-Bissau,2020-03-28,0,Deaths,0.0,0.0
20875,Guinea-Bissau,2020-03-29,0,Deaths,0.0,0.0
20876,Guinea-Bissau,2020-03-30,0,Deaths,0.0,0.0
20877,Guinea-Bissau,2020-03-31,0,Deaths,0.0,0.0
20878,Guinea-Bissau,2020-04-01,0,Deaths,0.0,0.0
20879,Guinea-Bissau,2020-04-02,0,Deaths,0.0,0.0
20880,Guinea-Bissau,2020-04-03,0,Deaths,0.0,0.0
20881,Guinea-Bissau,2020-04-04,0,Deaths,0.0,0.0
20882,Guinea-Bissau,2020-04-05,0,Deaths,0.0,0.0
20883,Guinea-Bissau,2020-04-06,0,Deaths,0.0,0.0
20884,Guinea-Bissau,2020-04-07,0,Deaths,0.0,0.0
20885,Guinea-Bissau,2020-04-08,0,Deaths,0.0,0.0
20886,Guinea-Bissau,2020-04-09,0,Deaths,0.0,0.0
20887,Guinea-Bissau,2020-04-10,0,Deaths,0.0,0.0
20888,Guinea-Bissau,2020-04-11,0,Deaths,0.0,0.0
20889,Guinea-Bissau,2020-04-12,0,Deaths,0.0,0.0
20890,Guinea-Bissau,2020-04-13,0,Deaths,0.0,0.0
20891,Guinea-Bissau,2020-04-14,0,Deaths,0.0,0.0
20892,Guinea-Bissau,2020-04-15,0,Deaths,0.0,0.0
20893,Guinea-Bissau,2020-04-16,0,Deaths,0.0,0.0
20894,Guinea-Bissau,2020-04-17,0,Deaths,0.0,0.0
20895,Guinea-Bissau,2020-04-18,0,Deaths,0.0,0.0
20896,Guinea-Bissau,2020-04-19,0,Deaths,0.0,0.0
20897,Guinea-Bissau,2020-04-20,0,Deaths,0.0,0.0
20898,Guinea-Bissau,2020-04-21,0,Deaths,0.0,0.0
20899,Guinea-Bissau,2020-04-22,0,Deaths,0.0,0.0
20900,Guinea-Bissau,2020-04-23,0,Deaths,0.0,0.0
20901,Guinea-Bissau,2020-04-24,0,Deaths,0.0,0.0
20902,Guinea-Bissau,2020-04-25,0,Deaths,0.0,0.0
20903,Guinea-Bissau,2020-04-26,1,Deaths,1.0,1.0
20904,Guinea-Bissau,2020-04-27,1,Deaths,0.0,1.0
20905,Guinea-Bissau,2020-04-28,1,Deaths,0.0,1.0
20906,Guinea-Bissau,2020-04-29,1,Deaths,0.0,1.0
20907,Guinea-Bissau,2020-04-30,1,Deaths,0.0,1.0
20908,Guinea-Bissau,2020-05-01,1,Deaths,0.0,1.0
20909,Guinea-Bissau,2020-05-02,1,Deaths,0.0,1.0
20910,Guinea-Bissau,2020-05-03,1,Deaths,0.0,0.0
20911,Guinea-Bissau,2020-05-04,1,Deaths,0.0,0.0
20912,Guinea-Bissau,2020-05-05,1,Deaths,0.0,0.0
20913,Guinea-Bissau,2020-05-06,2,Deaths,1.0,1.0
20914,Guinea-Bissau,2020-05-07,2,Deaths,0.0,1.0
20915,Guinea-Bissau,2020-05-08,2,Deaths,0.0,1.0
20916,Guinea-Bissau,2020-05-09,3,Deaths,1.0,2.0
20917,Guinea-Bissau,2020-05-10,3,Deaths,0.0,2.0
20918,Guinea-Bissau,2020-05-11,3,Deaths,0.0,2.0
20919,Guinea-Bissau,2020-05-12,3,Deaths,0.0,2.0
20920,Guinea-Bissau,2020-05-13,3,Deaths,0.0,1.0
20921,Guinea-Bissau,2020-05-14,3,Deaths,0.0,1.0
20922,Guinea-Bissau,2020-05-15,3,Deaths,0.0,1.0
20923,Guinea-Bissau,2020-05-16,4,Deaths,1.0,1.0
20924,Guinea-Bissau,2020-05-17,4,Deaths,0.0,1.0
20925,Guinea-Bissau,2020-05-18,4,Deaths,0.0,1.0
20926,Guinea-Bissau,2020-05-19,6,Deaths,2.0,3.0
20927,Guinea-Bissau,2020-05-20,6,Deaths,0.0,3.0
20928,Guinea-Bissau,2020-05-21,6,Deaths,0.0,3.0
20929,Guinea-Bissau,2020-05-22,6,Deaths,0.0,3.0
20930,Guinea-Bissau,2020-05-23,6,Deaths,0.0,2.0
20931,Guinea-Bissau,2020-05-24,6,Deaths,0.0,2.0
20932,Guinea-Bissau,2020-05-25,7,Deaths,1.0,3.0
20933,Guinea-Bissau,2020-05-26,7,Deaths,0.0,1.0
20934,Guinea-Bissau,2020-05-27,7,Deaths,0.0,1.0
20935,Guinea-Bissau,2020-05-28,8,Deaths,1.0,2.0
20936,Guinea-Bissau,2020-05-29,8,Deaths,0.0,2.0
20937,Guinea-Bissau,2020-05-30,8,Deaths,0.0,2.0
20938,Guinea-Bissau,2020-05-31,8,Deaths,0.0,2.0
20939,Guinea-Bissau,2020-06-01,8,Deaths,0.0,1.0
20940,Guinea-Bissau,2020-06-02,8,Deaths,0.0,1.0
20941,Guinea-Bissau,2020-06-03,8,Deaths,0.0,1.0
20942,Guinea-Bissau,2020-06-04,8,Deaths,0.0,0.0
20943,Guinea-Bissau,2020-06-05,12,Deaths,4.0,4.0
20944,Guinea-Bissau,2020-06-06,12,Deaths,0.0,4.0
20945,Guinea-Bissau,2020-06-07,12,Deaths,0.0,4.0
20946,Guinea-Bissau,2020-06-08,12,Deaths,0.0,4.0
20947,Guinea-Bissau,2020-06-09,12,Deaths,0.0,4.0
20948,Guinea-Bissau,2020-06-10,12,Deaths,0.0,4.0
20949,Guinea-Bissau,2020-06-11,12,Deaths,0.0,4.0
20950,Guinea-Bissau,2020-06-12,15,Deaths,3.0,3.0
20951,Guinea-Bissau,2020-06-13,15,Deaths,0.0,3.0
20952,Guinea-Bissau,2020-06-14,15,Deaths,0.0,3.0
20953,Guinea-Bissau,2020-06-15,15,Deaths,0.0,3.0
20954,Guinea-Bissau,2020-06-16,15,Deaths,0.0,3.0
20955,Guinea-Bissau,2020-06-17,15,Deaths,0.0,3.0
20956,Guinea-Bissau,2020-06-18,15,Deaths,0.0,3.0
20957,Guinea-Bissau,2020-06-19,17,Deaths,2.0,2.0
20958,Guinea-Bissau,2020-06-20,17,Deaths,0.0,2.0
20959,Guinea-Bissau,2020-06-21,17,Deaths,0.0,2.0
20960,Guinea-Bissau,2020-06-22,19,Deaths,2.0,4.0
20961,Guinea-Bissau,2020-06-23,19,Deaths,0.0,4.0
20962,Guinea-Bissau,2020-06-24,19,Deaths,0.0,4.0
20963,Guinea-Bissau,2020-06-25,19,Deaths,0.0,4.0
20964,Guinea-Bissau,2020-06-26,22,Deaths,3.0,5.0
20965,Guinea-Bissau,2020-06-27,22,Deaths,0.0,5.0
20966,Guinea-Bissau,2020-06-28,22,Deaths,0.0,5.0
20967,Guinea-Bissau,2020-06-29,24,Deaths,2.0,5.0
20968,Guinea-Bissau,2020-06-30,24,Deaths,0.0,5.0
20969,Guinea-Bissau,2020-07-01,24,Deaths,0.0,5.0
20970,Guinea-Bissau,2020-07-02,24,Deaths,0.0,5.0
20971,Guinea-Bissau,2020-07-03,25,Deaths,1.0,3.0
20972,Guinea-Bissau,2020-07-04,25,Deaths,0.0,3.0
20973,Guinea-Bissau,2020-07-05,25,Deaths,0.0,3.0
20974,Guinea-Bissau,2020-07-06,25,Deaths,0.0,1.0
20975,Guinea-Bissau,2020-07-07,25,Deaths,0.0,1.0
20976,Guinea-Bissau,2020-07-08,25,Deaths,0.0,1.0
20977,Guinea-Bissau,2020-07-09,25,Deaths,0.0,1.0
20978,Guinea-Bissau,2020-07-10,26,Deaths,1.0,1.0
20979,Guinea-Bissau,2020-07-11,26,Deaths,0.0,1.0
20980,Guinea-Bissau,2020-07-12,26,Deaths,0.0,1.0
20981,Guinea-Bissau,2020-07-13,26,Deaths,0.0,1.0
20982,Guinea-Bissau,2020-07-14,26,Deaths,0.0,1.0
20983,Guinea-Bissau,2020-07-15,26,Deaths,0.0,1.0
20984,Guinea-Bissau,2020-07-16,26,Deaths,0.0,1.0
20985,Guinea-Bissau,2020-07-17,26,Deaths,0.0,0.0
20986,Guinea-Bissau,2020-07-18,26,Deaths,0.0,0.0
20987,Guinea-Bissau,2020-07-19,26,Deaths,0.0,0.0
20988,Guinea-Bissau,2020-07-20,26,Deaths,0.0,0.0
20989,Guinea-Bissau,2020-07-21,26,Deaths,0.0,0.0
20990,Guinea-Bissau,2020-07-22,26,Deaths,0.0,0.0
20991,Guinea-Bissau,2020-07-23,26,Deaths,0.0,0.0
20992,Guinea-Bissau,2020-07-24,26,Deaths,0.0,0.0
20993,Guinea-Bissau,2020-07-25,26,Deaths,0.0,0.0
20994,Guinea-Bissau,2020-07-26,26,Deaths,0.0,0.0
20995,Guinea-Bissau,2020-07-27,26,Deaths,0.0,0.0
20996,Guinea-Bissau,2020-07-28,26,Deaths,0.0,0.0
20997,Guinea-Bissau,2020-07-29,26,Deaths,0.0,0.0
20998,Guinea-Bissau,2020-07-30,26,Deaths,0.0,0.0
20999,Guinea-Bissau,2020-07-31,26,Deaths,0.0,0.0
21000,Guinea-Bissau,2020-08-01,27,Deaths,1.0,1.0
21001,Guinea-Bissau,2020-08-02,27,Deaths,0.0,1.0
21002,Guinea-Bissau,2020-08-03,27,Deaths,0.0,1.0
21003,Guinea-Bissau,2020-08-04,27,Deaths,0.0,1.0
21004,Guinea-Bissau,2020-08-05,27,Deaths,0.0,1.0
21005,Guinea-Bissau,2020-08-06,27,Deaths,0.0,1.0
21006,Guinea-Bissau,2020-08-07,27,Deaths,0.0,1.0
21007,Guinea-Bissau,2020-08-08,29,Deaths,2.0,2.0
21008,Guinea-Bissau,2020-08-09,29,Deaths,0.0,2.0
21009,Guinea-Bissau,2020-08-10,29,Deaths,0.0,2.0
21010,Guinea-Bissau,2020-08-11,29,Deaths,0.0,2.0
21011,Guinea-Bissau,2020-08-12,29,Deaths,0.0,2.0
21012,Guinea-Bissau,2020-08-13,29,Deaths,0.0,2.0
21013,Guinea-Bissau,2020-08-14,29,Deaths,0.0,2.0
21014,Guinea-Bissau,2020-08-15,33,Deaths,4.0,4.0
21015,Guinea-Bissau,2020-08-16,33,Deaths,0.0,4.0
21016,Guinea-Bissau,2020-08-17,33,Deaths,0.0,4.0
21017,Guinea-Bissau,2020-08-18,33,Deaths,0.0,4.0
21018,Guinea-Bissau,2020-08-19,33,Deaths,0.0,4.0
21019,Guinea-Bissau,2020-08-20,33,Deaths,0.0,4.0
21020,Guinea-Bissau,2020-08-21,33,Deaths,0.0,4.0
21021,Guinea-Bissau,2020-08-22,33,Deaths,0.0,0.0
21022,Guinea-Bissau,2020-08-23,33,Deaths,0.0,0.0
21023,Guinea-Bissau,2020-08-24,33,Deaths,0.0,0.0
21024,Guinea-Bissau,2020-08-25,33,Deaths,0.0,0.0
21025,Guinea-Bissau,2020-08-26,34,Deaths,1.0,1.0
21026,Guinea-Bissau,2020-08-27,34,Deaths,0.0,1.0
21027,Guinea-Bissau,2020-08-28,34,Deaths,0.0,1.0
21028,Guinea-Bissau,2020-08-29,34,Deaths,0.0,1.0
21029,Guinea-Bissau,2020-08-30,34,Deaths,0.0,1.0
21030,Guinea-Bissau,2020-08-31,34,Deaths,0.0,1.0
21031,Guinea-Bissau,2020-09-01,34,Deaths,0.0,1.0
21032,Guinea-Bissau,2020-09-02,34,Deaths,0.0,0.0
21033,Guinea-Bissau,2020-09-03,34,Deaths,0.0,0.0
21034,Guinea-Bissau,2020-09-04,38,Deaths,4.0,4.0
21035,Guinea-Bissau,2020-09-05,38,Deaths,0.0,4.0
21036,Guinea-Bissau,2020-09-06,38,Deaths,0.0,4.0
21037,Guinea-Bissau,2020-09-07,38,Deaths,0.0,4.0
21038,Guinea-Bissau,2020-09-08,38,Deaths,0.0,4.0
21039,Guinea-Bissau,2020-09-09,38,Deaths,0.0,4.0
21040,Guinea-Bissau,2020-09-10,39,Deaths,1.0,5.0
21041,Guinea-Bissau,2020-09-11,39,Deaths,0.0,1.0
21042,Guinea-Bissau,2020-09-12,39,Deaths,0.0,1.0
21043,Guinea-Bissau,2020-09-13,39,Deaths,0.0,1.0
21044,Guinea-Bissau,2020-09-14,39,Deaths,0.0,1.0
21045,Guinea-Bissau,2020-09-15,39,Deaths,0.0,1.0
21046,Guinea-Bissau,2020-09-16,39,Deaths,0.0,1.0
21047,Guinea-Bissau,2020-09-17,39,Deaths,0.0,0.0
21048,Guinea-Bissau,2020-09-18,39,Deaths,0.0,0.0
21049,Guinea-Bissau,2020-09-19,39,Deaths,0.0,0.0
21050,Guinea-Bissau,2020-09-20,39,Deaths,0.0,0.0
21051,Guinea-Bissau,2020-09-21,39,Deaths,0.0,0.0
21052,Guinea-Bissau,2020-09-22,39,Deaths,0.0,0.0
21053,Guinea-Bissau,2020-09-23,39,Deaths,0.0,0.0
21054,Guinea-Bissau,2020-09-24,39,Deaths,0.0,0.0
21055,Guinea-Bissau,2020-09-25,39,Deaths,0.0,0.0
21056,Guinea-Bissau,2020-09-26,39,Deaths,0.0,0.0
21057,Guinea-Bissau,2020-09-27,39,Deaths,0.0,0.0
21058,Guinea-Bissau,2020-09-28,39,Deaths,0.0,0.0
21059,Guinea-Bissau,2020-09-29,39,Deaths,0.0,0.0
21060,Guinea-Bissau,2020-09-30,39,Deaths,0.0,0.0
21061,Guinea-Bissau,2020-10-01,39,Deaths,0.0,0.0
21062,Guinea-Bissau,2020-10-02,39,Deaths,0.0,0.0
21063,Guinea-Bissau,2020-10-03,39,Deaths,0.0,0.0
21064,Guinea-Bissau,2020-10-04,39,Deaths,0.0,0.0
21065,Guinea-Bissau,2020-10-05,40,Deaths,1.0,1.0
21066,Guinea-Bissau,2020-10-06,40,Deaths,0.0,1.0
21067,Guinea-Bissau,2020-10-07,40,Deaths,0.0,1.0
21068,Guinea-Bissau,2020-10-08,40,Deaths,0.0,1.0
21069,Guinea-Bissau,2020-10-09,40,Deaths,0.0,1.0
21070,Guinea-Bissau,2020-10-10,40,Deaths,0.0,1.0
21071,Guinea-Bissau,2020-10-11,40,Deaths,0.0,1.0
21072,Guinea-Bissau,2020-10-12,41,Deaths,1.0,1.0
21073,Guinea-Bissau,2020-10-13,41,Deaths,0.0,1.0
21074,Guinea-Bissau,2020-10-14,41,Deaths,0.0,1.0
21075,Guinea-Bissau,2020-10-15,41,Deaths,0.0,1.0
21076,Guinea-Bissau,2020-10-16,41,Deaths,0.0,1.0
21077,Guinea-Bissau,2020-10-17,41,Deaths,0.0,1.0
21078,Guinea-Bissau,2020-10-18,41,Deaths,0.0,1.0
21079,Guinea-Bissau,2020-10-19,41,Deaths,0.0,0.0
21080,Guinea-Bissau,2020-10-20,41,Deaths,0.0,0.0
21081,Guinea-Bissau,2020-10-21,41,Deaths,0.0,0.0
21082,Guinea-Bissau,2020-10-22,41,Deaths,0.0,0.0
21083,Guinea-Bissau,2020-10-23,41,Deaths,0.0,0.0
21084,Guinea-Bissau,2020-10-24,41,Deaths,0.0,0.0
21085,Guinea-Bissau,2020-10-25,41,Deaths,0.0,0.0
21086,Guinea-Bissau,2020-10-26,41,Deaths,0.0,0.0
21087,Guinea-Bissau,2020-10-27,41,Deaths,0.0,0.0
21088,Guinea-Bissau,2020-10-28,41,Deaths,0.0,0.0
21089,Guinea-Bissau,2020-10-29,41,Deaths,0.0,0.0
21090,Guinea-Bissau,2020-10-30,41,Deaths,0.0,0.0
21091,Guinea-Bissau,2020-10-31,41,Deaths,0.0,0.0
21092,Guinea-Bissau,2020-11-01,41,Deaths,0.0,0.0
21093,Guinea-Bissau,2020-11-02,41,Deaths,0.0,0.0
21094,Guinea-Bissau,2020-11-03,41,Deaths,0.0,0.0
21095,Guinea-Bissau,2020-11-04,42,Deaths,1.0,1.0
21096,Guinea-Bissau,2020-11-05,42,Deaths,0.0,1.0
21097,Guyana,2020-01-22,0,Deaths,,
21098,Guyana,2020-01-23,0,Deaths,0.0,
21099,Guyana,2020-01-24,0,Deaths,0.0,
21100,Guyana,2020-01-25,0,Deaths,0.0,
21101,Guyana,2020-01-26,0,Deaths,0.0,
21102,Guyana,2020-01-27,0,Deaths,0.0,
21103,Guyana,2020-01-28,0,Deaths,0.0,
21104,Guyana,2020-01-29,0,Deaths,0.0,0.0
21105,Guyana,2020-01-30,0,Deaths,0.0,0.0
21106,Guyana,2020-01-31,0,Deaths,0.0,0.0
21107,Guyana,2020-02-01,0,Deaths,0.0,0.0
21108,Guyana,2020-02-02,0,Deaths,0.0,0.0
21109,Guyana,2020-02-03,0,Deaths,0.0,0.0
21110,Guyana,2020-02-04,0,Deaths,0.0,0.0
21111,Guyana,2020-02-05,0,Deaths,0.0,0.0
21112,Guyana,2020-02-06,0,Deaths,0.0,0.0
21113,Guyana,2020-02-07,0,Deaths,0.0,0.0
21114,Guyana,2020-02-08,0,Deaths,0.0,0.0
21115,Guyana,2020-02-09,0,Deaths,0.0,0.0
21116,Guyana,2020-02-10,0,Deaths,0.0,0.0
21117,Guyana,2020-02-11,0,Deaths,0.0,0.0
21118,Guyana,2020-02-12,0,Deaths,0.0,0.0
21119,Guyana,2020-02-13,0,Deaths,0.0,0.0
21120,Guyana,2020-02-14,0,Deaths,0.0,0.0
21121,Guyana,2020-02-15,0,Deaths,0.0,0.0
21122,Guyana,2020-02-16,0,Deaths,0.0,0.0
21123,Guyana,2020-02-17,0,Deaths,0.0,0.0
21124,Guyana,2020-02-18,0,Deaths,0.0,0.0
21125,Guyana,2020-02-19,0,Deaths,0.0,0.0
21126,Guyana,2020-02-20,0,Deaths,0.0,0.0
21127,Guyana,2020-02-21,0,Deaths,0.0,0.0
21128,Guyana,2020-02-22,0,Deaths,0.0,0.0
21129,Guyana,2020-02-23,0,Deaths,0.0,0.0
21130,Guyana,2020-02-24,0,Deaths,0.0,0.0
21131,Guyana,2020-02-25,0,Deaths,0.0,0.0
21132,Guyana,2020-02-26,0,Deaths,0.0,0.0
21133,Guyana,2020-02-27,0,Deaths,0.0,0.0
21134,Guyana,2020-02-28,0,Deaths,0.0,0.0
21135,Guyana,2020-02-29,0,Deaths,0.0,0.0
21136,Guyana,2020-03-01,0,Deaths,0.0,0.0
21137,Guyana,2020-03-02,0,Deaths,0.0,0.0
21138,Guyana,2020-03-03,0,Deaths,0.0,0.0
21139,Guyana,2020-03-04,0,Deaths,0.0,0.0
21140,Guyana,2020-03-05,0,Deaths,0.0,0.0
21141,Guyana,2020-03-06,0,Deaths,0.0,0.0
21142,Guyana,2020-03-07,0,Deaths,0.0,0.0
21143,Guyana,2020-03-08,0,Deaths,0.0,0.0
21144,Guyana,2020-03-09,0,Deaths,0.0,0.0
21145,Guyana,2020-03-10,0,Deaths,0.0,0.0
21146,Guyana,2020-03-11,0,Deaths,0.0,0.0
21147,Guyana,2020-03-12,1,Deaths,1.0,1.0
21148,Guyana,2020-03-13,1,Deaths,0.0,1.0
21149,Guyana,2020-03-14,1,Deaths,0.0,1.0
21150,Guyana,2020-03-15,1,Deaths,0.0,1.0
21151,Guyana,2020-03-16,1,Deaths,0.0,1.0
21152,Guyana,2020-03-17,1,Deaths,0.0,1.0
21153,Guyana,2020-03-18,1,Deaths,0.0,1.0
21154,Guyana,2020-03-19,1,Deaths,0.0,0.0
21155,Guyana,2020-03-20,1,Deaths,0.0,0.0
21156,Guyana,2020-03-21,1,Deaths,0.0,0.0
21157,Guyana,2020-03-22,1,Deaths,0.0,0.0
21158,Guyana,2020-03-23,1,Deaths,0.0,0.0
21159,Guyana,2020-03-24,1,Deaths,0.0,0.0
21160,Guyana,2020-03-25,1,Deaths,0.0,0.0
21161,Guyana,2020-03-26,1,Deaths,0.0,0.0
21162,Guyana,2020-03-27,1,Deaths,0.0,0.0
21163,Guyana,2020-03-28,1,Deaths,0.0,0.0
21164,Guyana,2020-03-29,1,Deaths,0.0,0.0
21165,Guyana,2020-03-30,1,Deaths,0.0,0.0
21166,Guyana,2020-03-31,2,Deaths,1.0,1.0
21167,Guyana,2020-04-01,2,Deaths,0.0,1.0
21168,Guyana,2020-04-02,4,Deaths,2.0,3.0
21169,Guyana,2020-04-03,4,Deaths,0.0,3.0
21170,Guyana,2020-04-04,4,Deaths,0.0,3.0
21171,Guyana,2020-04-05,4,Deaths,0.0,3.0
21172,Guyana,2020-04-06,4,Deaths,0.0,3.0
21173,Guyana,2020-04-07,5,Deaths,1.0,3.0
21174,Guyana,2020-04-08,6,Deaths,1.0,4.0
21175,Guyana,2020-04-09,6,Deaths,0.0,2.0
21176,Guyana,2020-04-10,6,Deaths,0.0,2.0
21177,Guyana,2020-04-11,6,Deaths,0.0,2.0
21178,Guyana,2020-04-12,6,Deaths,0.0,2.0
21179,Guyana,2020-04-13,6,Deaths,0.0,2.0
21180,Guyana,2020-04-14,6,Deaths,0.0,1.0
21181,Guyana,2020-04-15,6,Deaths,0.0,0.0
21182,Guyana,2020-04-16,6,Deaths,0.0,0.0
21183,Guyana,2020-04-17,6,Deaths,0.0,0.0
21184,Guyana,2020-04-18,6,Deaths,0.0,0.0
21185,Guyana,2020-04-19,7,Deaths,1.0,1.0
21186,Guyana,2020-04-20,7,Deaths,0.0,1.0
21187,Guyana,2020-04-21,7,Deaths,0.0,1.0
21188,Guyana,2020-04-22,7,Deaths,0.0,1.0
21189,Guyana,2020-04-23,7,Deaths,0.0,1.0
21190,Guyana,2020-04-24,7,Deaths,0.0,1.0
21191,Guyana,2020-04-25,7,Deaths,0.0,1.0
21192,Guyana,2020-04-26,8,Deaths,1.0,1.0
21193,Guyana,2020-04-27,8,Deaths,0.0,1.0
21194,Guyana,2020-04-28,8,Deaths,0.0,1.0
21195,Guyana,2020-04-29,8,Deaths,0.0,1.0
21196,Guyana,2020-04-30,9,Deaths,1.0,2.0
21197,Guyana,2020-05-01,9,Deaths,0.0,2.0
21198,Guyana,2020-05-02,9,Deaths,0.0,2.0
21199,Guyana,2020-05-03,9,Deaths,0.0,1.0
21200,Guyana,2020-05-04,9,Deaths,0.0,1.0
21201,Guyana,2020-05-05,10,Deaths,1.0,2.0
21202,Guyana,2020-05-06,10,Deaths,0.0,2.0
21203,Guyana,2020-05-07,10,Deaths,0.0,1.0
21204,Guyana,2020-05-08,10,Deaths,0.0,1.0
21205,Guyana,2020-05-09,10,Deaths,0.0,1.0
21206,Guyana,2020-05-10,10,Deaths,0.0,1.0
21207,Guyana,2020-05-11,10,Deaths,0.0,1.0
21208,Guyana,2020-05-12,10,Deaths,0.0,0.0
21209,Guyana,2020-05-13,10,Deaths,0.0,0.0
21210,Guyana,2020-05-14,10,Deaths,0.0,0.0
21211,Guyana,2020-05-15,10,Deaths,0.0,0.0
21212,Guyana,2020-05-16,10,Deaths,0.0,0.0
21213,Guyana,2020-05-17,10,Deaths,0.0,0.0
21214,Guyana,2020-05-18,10,Deaths,0.0,0.0
21215,Guyana,2020-05-19,10,Deaths,0.0,0.0
21216,Guyana,2020-05-20,10,Deaths,0.0,0.0
21217,Guyana,2020-05-21,10,Deaths,0.0,0.0
21218,Guyana,2020-05-22,10,Deaths,0.0,0.0
21219,Guyana,2020-05-23,10,Deaths,0.0,0.0
21220,Guyana,2020-05-24,10,Deaths,0.0,0.0
21221,Guyana,2020-05-25,11,Deaths,1.0,1.0
21222,Guyana,2020-05-26,11,Deaths,0.0,1.0
21223,Guyana,2020-05-27,11,Deaths,0.0,1.0
21224,Guyana,2020-05-28,11,Deaths,0.0,1.0
21225,Guyana,2020-05-29,11,Deaths,0.0,1.0
21226,Guyana,2020-05-30,12,Deaths,1.0,2.0
21227,Guyana,2020-05-31,12,Deaths,0.0,2.0
21228,Guyana,2020-06-01,12,Deaths,0.0,1.0
21229,Guyana,2020-06-02,12,Deaths,0.0,1.0
21230,Guyana,2020-06-03,12,Deaths,0.0,1.0
21231,Guyana,2020-06-04,12,Deaths,0.0,1.0
21232,Guyana,2020-06-05,12,Deaths,0.0,1.0
21233,Guyana,2020-06-06,12,Deaths,0.0,0.0
21234,Guyana,2020-06-07,12,Deaths,0.0,0.0
21235,Guyana,2020-06-08,12,Deaths,0.0,0.0
21236,Guyana,2020-06-09,12,Deaths,0.0,0.0
21237,Guyana,2020-06-10,12,Deaths,0.0,0.0
21238,Guyana,2020-06-11,12,Deaths,0.0,0.0
21239,Guyana,2020-06-12,12,Deaths,0.0,0.0
21240,Guyana,2020-06-13,12,Deaths,0.0,0.0
21241,Guyana,2020-06-14,12,Deaths,0.0,0.0
21242,Guyana,2020-06-15,12,Deaths,0.0,0.0
21243,Guyana,2020-06-16,12,Deaths,0.0,0.0
21244,Guyana,2020-06-17,12,Deaths,0.0,0.0
21245,Guyana,2020-06-18,12,Deaths,0.0,0.0
21246,Guyana,2020-06-19,12,Deaths,0.0,0.0
21247,Guyana,2020-06-20,12,Deaths,0.0,0.0
21248,Guyana,2020-06-21,12,Deaths,0.0,0.0
21249,Guyana,2020-06-22,12,Deaths,0.0,0.0
21250,Guyana,2020-06-23,12,Deaths,0.0,0.0
21251,Guyana,2020-06-24,12,Deaths,0.0,0.0
21252,Guyana,2020-06-25,12,Deaths,0.0,0.0
21253,Guyana,2020-06-26,12,Deaths,0.0,0.0
21254,Guyana,2020-06-27,12,Deaths,0.0,0.0
21255,Guyana,2020-06-28,12,Deaths,0.0,0.0
21256,Guyana,2020-06-29,12,Deaths,0.0,0.0
21257,Guyana,2020-06-30,12,Deaths,0.0,0.0
21258,Guyana,2020-07-01,13,Deaths,1.0,1.0
21259,Guyana,2020-07-02,14,Deaths,1.0,2.0
21260,Guyana,2020-07-03,14,Deaths,0.0,2.0
21261,Guyana,2020-07-04,14,Deaths,0.0,2.0
21262,Guyana,2020-07-05,15,Deaths,1.0,3.0
21263,Guyana,2020-07-06,15,Deaths,0.0,3.0
21264,Guyana,2020-07-07,16,Deaths,1.0,4.0
21265,Guyana,2020-07-08,16,Deaths,0.0,3.0
21266,Guyana,2020-07-09,16,Deaths,0.0,2.0
21267,Guyana,2020-07-10,16,Deaths,0.0,2.0
21268,Guyana,2020-07-11,17,Deaths,1.0,3.0
21269,Guyana,2020-07-12,17,Deaths,0.0,2.0
21270,Guyana,2020-07-13,17,Deaths,0.0,2.0
21271,Guyana,2020-07-14,17,Deaths,0.0,1.0
21272,Guyana,2020-07-15,18,Deaths,1.0,2.0
21273,Guyana,2020-07-16,19,Deaths,1.0,3.0
21274,Guyana,2020-07-17,19,Deaths,0.0,3.0
21275,Guyana,2020-07-18,19,Deaths,0.0,2.0
21276,Guyana,2020-07-19,19,Deaths,0.0,2.0
21277,Guyana,2020-07-20,19,Deaths,0.0,2.0
21278,Guyana,2020-07-21,19,Deaths,0.0,2.0
21279,Guyana,2020-07-22,19,Deaths,0.0,1.0
21280,Guyana,2020-07-23,19,Deaths,0.0,0.0
21281,Guyana,2020-07-24,20,Deaths,1.0,1.0
21282,Guyana,2020-07-25,20,Deaths,0.0,1.0
21283,Guyana,2020-07-26,20,Deaths,0.0,1.0
21284,Guyana,2020-07-27,20,Deaths,0.0,1.0
21285,Guyana,2020-07-28,20,Deaths,0.0,1.0
21286,Guyana,2020-07-29,20,Deaths,0.0,1.0
21287,Guyana,2020-07-30,20,Deaths,0.0,1.0
21288,Guyana,2020-07-31,20,Deaths,0.0,0.0
21289,Guyana,2020-08-01,20,Deaths,0.0,0.0
21290,Guyana,2020-08-02,21,Deaths,1.0,1.0
21291,Guyana,2020-08-03,21,Deaths,0.0,1.0
21292,Guyana,2020-08-04,22,Deaths,1.0,2.0
21293,Guyana,2020-08-05,22,Deaths,0.0,2.0
21294,Guyana,2020-08-06,22,Deaths,0.0,2.0
21295,Guyana,2020-08-07,22,Deaths,0.0,2.0
21296,Guyana,2020-08-08,22,Deaths,0.0,2.0
21297,Guyana,2020-08-09,22,Deaths,0.0,1.0
21298,Guyana,2020-08-10,22,Deaths,0.0,1.0
21299,Guyana,2020-08-11,22,Deaths,0.0,0.0
21300,Guyana,2020-08-12,22,Deaths,0.0,0.0
21301,Guyana,2020-08-13,22,Deaths,0.0,0.0
21302,Guyana,2020-08-14,22,Deaths,0.0,0.0
21303,Guyana,2020-08-15,22,Deaths,0.0,0.0
21304,Guyana,2020-08-16,23,Deaths,1.0,1.0
21305,Guyana,2020-08-17,23,Deaths,0.0,1.0
21306,Guyana,2020-08-18,25,Deaths,2.0,3.0
21307,Guyana,2020-08-19,27,Deaths,2.0,5.0
21308,Guyana,2020-08-20,29,Deaths,2.0,7.0
21309,Guyana,2020-08-21,30,Deaths,1.0,8.0
21310,Guyana,2020-08-22,31,Deaths,1.0,9.0
21311,Guyana,2020-08-23,31,Deaths,0.0,8.0
21312,Guyana,2020-08-24,31,Deaths,0.0,8.0
21313,Guyana,2020-08-25,31,Deaths,0.0,6.0
21314,Guyana,2020-08-26,31,Deaths,0.0,4.0
21315,Guyana,2020-08-27,32,Deaths,1.0,3.0
21316,Guyana,2020-08-28,35,Deaths,3.0,5.0
21317,Guyana,2020-08-29,35,Deaths,0.0,4.0
21318,Guyana,2020-08-30,36,Deaths,1.0,5.0
21319,Guyana,2020-08-31,39,Deaths,3.0,8.0
21320,Guyana,2020-09-01,41,Deaths,2.0,10.0
21321,Guyana,2020-09-02,41,Deaths,0.0,10.0
21322,Guyana,2020-09-03,44,Deaths,3.0,12.0
21323,Guyana,2020-09-04,44,Deaths,0.0,9.0
21324,Guyana,2020-09-05,46,Deaths,2.0,11.0
21325,Guyana,2020-09-06,46,Deaths,0.0,10.0
21326,Guyana,2020-09-07,47,Deaths,1.0,8.0
21327,Guyana,2020-09-08,48,Deaths,1.0,7.0
21328,Guyana,2020-09-09,48,Deaths,0.0,7.0
21329,Guyana,2020-09-10,49,Deaths,1.0,5.0
21330,Guyana,2020-09-11,52,Deaths,3.0,8.0
21331,Guyana,2020-09-12,54,Deaths,2.0,8.0
21332,Guyana,2020-09-13,56,Deaths,2.0,10.0
21333,Guyana,2020-09-14,56,Deaths,0.0,9.0
21334,Guyana,2020-09-15,58,Deaths,2.0,10.0
21335,Guyana,2020-09-16,58,Deaths,0.0,10.0
21336,Guyana,2020-09-17,60,Deaths,2.0,11.0
21337,Guyana,2020-09-18,62,Deaths,2.0,10.0
21338,Guyana,2020-09-19,64,Deaths,2.0,10.0
21339,Guyana,2020-09-20,64,Deaths,0.0,8.0
21340,Guyana,2020-09-21,65,Deaths,1.0,9.0
21341,Guyana,2020-09-22,67,Deaths,2.0,9.0
21342,Guyana,2020-09-23,69,Deaths,2.0,11.0
21343,Guyana,2020-09-24,71,Deaths,2.0,11.0
21344,Guyana,2020-09-25,73,Deaths,2.0,11.0
21345,Guyana,2020-09-26,74,Deaths,1.0,10.0
21346,Guyana,2020-09-27,76,Deaths,2.0,12.0
21347,Guyana,2020-09-28,78,Deaths,2.0,13.0
21348,Guyana,2020-09-29,78,Deaths,0.0,11.0
21349,Guyana,2020-09-30,80,Deaths,2.0,11.0
21350,Guyana,2020-10-01,82,Deaths,2.0,11.0
21351,Guyana,2020-10-02,85,Deaths,3.0,12.0
21352,Guyana,2020-10-03,85,Deaths,0.0,11.0
21353,Guyana,2020-10-04,87,Deaths,2.0,11.0
21354,Guyana,2020-10-05,90,Deaths,3.0,12.0
21355,Guyana,2020-10-06,92,Deaths,2.0,14.0
21356,Guyana,2020-10-07,95,Deaths,3.0,15.0
21357,Guyana,2020-10-08,98,Deaths,3.0,16.0
21358,Guyana,2020-10-09,100,Deaths,2.0,15.0
21359,Guyana,2020-10-10,102,Deaths,2.0,17.0
21360,Guyana,2020-10-11,103,Deaths,1.0,16.0
21361,Guyana,2020-10-12,104,Deaths,1.0,14.0
21362,Guyana,2020-10-13,106,Deaths,2.0,14.0
21363,Guyana,2020-10-14,106,Deaths,0.0,11.0
21364,Guyana,2020-10-15,107,Deaths,1.0,9.0
21365,Guyana,2020-10-16,107,Deaths,0.0,7.0
21366,Guyana,2020-10-17,109,Deaths,2.0,7.0
21367,Guyana,2020-10-18,109,Deaths,0.0,6.0
21368,Guyana,2020-10-19,111,Deaths,2.0,7.0
21369,Guyana,2020-10-20,114,Deaths,3.0,8.0
21370,Guyana,2020-10-21,116,Deaths,2.0,10.0
21371,Guyana,2020-10-22,117,Deaths,1.0,10.0
21372,Guyana,2020-10-23,117,Deaths,0.0,10.0
21373,Guyana,2020-10-24,117,Deaths,0.0,8.0
21374,Guyana,2020-10-25,119,Deaths,2.0,10.0
21375,Guyana,2020-10-26,119,Deaths,0.0,8.0
21376,Guyana,2020-10-27,119,Deaths,0.0,5.0
21377,Guyana,2020-10-28,123,Deaths,4.0,7.0
21378,Guyana,2020-10-29,123,Deaths,0.0,6.0
21379,Guyana,2020-10-30,124,Deaths,1.0,7.0
21380,Guyana,2020-10-31,124,Deaths,0.0,7.0
21381,Guyana,2020-11-01,126,Deaths,2.0,7.0
21382,Guyana,2020-11-02,128,Deaths,2.0,9.0
21383,Guyana,2020-11-03,128,Deaths,0.0,9.0
21384,Guyana,2020-11-04,130,Deaths,2.0,7.0
21385,Guyana,2020-11-05,130,Deaths,0.0,7.0
21386,Haiti,2020-01-22,0,Deaths,,
21387,Haiti,2020-01-23,0,Deaths,0.0,
21388,Haiti,2020-01-24,0,Deaths,0.0,
21389,Haiti,2020-01-25,0,Deaths,0.0,
21390,Haiti,2020-01-26,0,Deaths,0.0,
21391,Haiti,2020-01-27,0,Deaths,0.0,
21392,Haiti,2020-01-28,0,Deaths,0.0,
21393,Haiti,2020-01-29,0,Deaths,0.0,0.0
21394,Haiti,2020-01-30,0,Deaths,0.0,0.0
21395,Haiti,2020-01-31,0,Deaths,0.0,0.0
21396,Haiti,2020-02-01,0,Deaths,0.0,0.0
21397,Haiti,2020-02-02,0,Deaths,0.0,0.0
21398,Haiti,2020-02-03,0,Deaths,0.0,0.0
21399,Haiti,2020-02-04,0,Deaths,0.0,0.0
21400,Haiti,2020-02-05,0,Deaths,0.0,0.0
21401,Haiti,2020-02-06,0,Deaths,0.0,0.0
21402,Haiti,2020-02-07,0,Deaths,0.0,0.0
21403,Haiti,2020-02-08,0,Deaths,0.0,0.0
21404,Haiti,2020-02-09,0,Deaths,0.0,0.0
21405,Haiti,2020-02-10,0,Deaths,0.0,0.0
21406,Haiti,2020-02-11,0,Deaths,0.0,0.0
21407,Haiti,2020-02-12,0,Deaths,0.0,0.0
21408,Haiti,2020-02-13,0,Deaths,0.0,0.0
21409,Haiti,2020-02-14,0,Deaths,0.0,0.0
21410,Haiti,2020-02-15,0,Deaths,0.0,0.0
21411,Haiti,2020-02-16,0,Deaths,0.0,0.0
21412,Haiti,2020-02-17,0,Deaths,0.0,0.0
21413,Haiti,2020-02-18,0,Deaths,0.0,0.0
21414,Haiti,2020-02-19,0,Deaths,0.0,0.0
21415,Haiti,2020-02-20,0,Deaths,0.0,0.0
21416,Haiti,2020-02-21,0,Deaths,0.0,0.0
21417,Haiti,2020-02-22,0,Deaths,0.0,0.0
21418,Haiti,2020-02-23,0,Deaths,0.0,0.0
21419,Haiti,2020-02-24,0,Deaths,0.0,0.0
21420,Haiti,2020-02-25,0,Deaths,0.0,0.0
21421,Haiti,2020-02-26,0,Deaths,0.0,0.0
21422,Haiti,2020-02-27,0,Deaths,0.0,0.0
21423,Haiti,2020-02-28,0,Deaths,0.0,0.0
21424,Haiti,2020-02-29,0,Deaths,0.0,0.0
21425,Haiti,2020-03-01,0,Deaths,0.0,0.0
21426,Haiti,2020-03-02,0,Deaths,0.0,0.0
21427,Haiti,2020-03-03,0,Deaths,0.0,0.0
21428,Haiti,2020-03-04,0,Deaths,0.0,0.0
21429,Haiti,2020-03-05,0,Deaths,0.0,0.0
21430,Haiti,2020-03-06,0,Deaths,0.0,0.0
21431,Haiti,2020-03-07,0,Deaths,0.0,0.0
21432,Haiti,2020-03-08,0,Deaths,0.0,0.0
21433,Haiti,2020-03-09,0,Deaths,0.0,0.0
21434,Haiti,2020-03-10,0,Deaths,0.0,0.0
21435,Haiti,2020-03-11,0,Deaths,0.0,0.0
21436,Haiti,2020-03-12,0,Deaths,0.0,0.0
21437,Haiti,2020-03-13,0,Deaths,0.0,0.0
21438,Haiti,2020-03-14,0,Deaths,0.0,0.0
21439,Haiti,2020-03-15,0,Deaths,0.0,0.0
21440,Haiti,2020-03-16,0,Deaths,0.0,0.0
21441,Haiti,2020-03-17,0,Deaths,0.0,0.0
21442,Haiti,2020-03-18,0,Deaths,0.0,0.0
21443,Haiti,2020-03-19,0,Deaths,0.0,0.0
21444,Haiti,2020-03-20,0,Deaths,0.0,0.0
21445,Haiti,2020-03-21,0,Deaths,0.0,0.0
21446,Haiti,2020-03-22,0,Deaths,0.0,0.0
21447,Haiti,2020-03-23,0,Deaths,0.0,0.0
21448,Haiti,2020-03-24,0,Deaths,0.0,0.0
21449,Haiti,2020-03-25,0,Deaths,0.0,0.0
21450,Haiti,2020-03-26,0,Deaths,0.0,0.0
21451,Haiti,2020-03-27,0,Deaths,0.0,0.0
21452,Haiti,2020-03-28,0,Deaths,0.0,0.0
21453,Haiti,2020-03-29,0,Deaths,0.0,0.0
21454,Haiti,2020-03-30,0,Deaths,0.0,0.0
21455,Haiti,2020-03-31,0,Deaths,0.0,0.0
21456,Haiti,2020-04-01,0,Deaths,0.0,0.0
21457,Haiti,2020-04-02,0,Deaths,0.0,0.0
21458,Haiti,2020-04-03,0,Deaths,0.0,0.0
21459,Haiti,2020-04-04,0,Deaths,0.0,0.0
21460,Haiti,2020-04-05,1,Deaths,1.0,1.0
21461,Haiti,2020-04-06,1,Deaths,0.0,1.0
21462,Haiti,2020-04-07,1,Deaths,0.0,1.0
21463,Haiti,2020-04-08,1,Deaths,0.0,1.0
21464,Haiti,2020-04-09,2,Deaths,1.0,2.0
21465,Haiti,2020-04-10,2,Deaths,0.0,2.0
21466,Haiti,2020-04-11,2,Deaths,0.0,2.0
21467,Haiti,2020-04-12,3,Deaths,1.0,2.0
21468,Haiti,2020-04-13,3,Deaths,0.0,2.0
21469,Haiti,2020-04-14,3,Deaths,0.0,2.0
21470,Haiti,2020-04-15,3,Deaths,0.0,2.0
21471,Haiti,2020-04-16,3,Deaths,0.0,1.0
21472,Haiti,2020-04-17,3,Deaths,0.0,1.0
21473,Haiti,2020-04-18,3,Deaths,0.0,1.0
21474,Haiti,2020-04-19,3,Deaths,0.0,0.0
21475,Haiti,2020-04-20,3,Deaths,0.0,0.0
21476,Haiti,2020-04-21,3,Deaths,0.0,0.0
21477,Haiti,2020-04-22,4,Deaths,1.0,1.0
21478,Haiti,2020-04-23,5,Deaths,1.0,2.0
21479,Haiti,2020-04-24,5,Deaths,0.0,2.0
21480,Haiti,2020-04-25,6,Deaths,1.0,3.0
21481,Haiti,2020-04-26,6,Deaths,0.0,3.0
21482,Haiti,2020-04-27,6,Deaths,0.0,3.0
21483,Haiti,2020-04-28,6,Deaths,0.0,3.0
21484,Haiti,2020-04-29,6,Deaths,0.0,2.0
21485,Haiti,2020-04-30,8,Deaths,2.0,3.0
21486,Haiti,2020-05-01,8,Deaths,0.0,3.0
21487,Haiti,2020-05-02,8,Deaths,0.0,2.0
21488,Haiti,2020-05-03,9,Deaths,1.0,3.0
21489,Haiti,2020-05-04,11,Deaths,2.0,5.0
21490,Haiti,2020-05-05,12,Deaths,1.0,6.0
21491,Haiti,2020-05-06,12,Deaths,0.0,6.0
21492,Haiti,2020-05-07,12,Deaths,0.0,4.0
21493,Haiti,2020-05-08,12,Deaths,0.0,4.0
21494,Haiti,2020-05-09,12,Deaths,0.0,4.0
21495,Haiti,2020-05-10,15,Deaths,3.0,6.0
21496,Haiti,2020-05-11,16,Deaths,1.0,5.0
21497,Haiti,2020-05-12,16,Deaths,0.0,4.0
21498,Haiti,2020-05-13,18,Deaths,2.0,6.0
21499,Haiti,2020-05-14,20,Deaths,2.0,8.0
21500,Haiti,2020-05-15,20,Deaths,0.0,8.0
21501,Haiti,2020-05-16,20,Deaths,0.0,8.0
21502,Haiti,2020-05-17,20,Deaths,0.0,5.0
21503,Haiti,2020-05-18,21,Deaths,1.0,5.0
21504,Haiti,2020-05-19,21,Deaths,0.0,5.0
21505,Haiti,2020-05-20,22,Deaths,1.0,4.0
21506,Haiti,2020-05-21,25,Deaths,3.0,5.0
21507,Haiti,2020-05-22,25,Deaths,0.0,5.0
21508,Haiti,2020-05-23,26,Deaths,1.0,6.0
21509,Haiti,2020-05-24,26,Deaths,0.0,6.0
21510,Haiti,2020-05-25,27,Deaths,1.0,6.0
21511,Haiti,2020-05-26,33,Deaths,6.0,12.0
21512,Haiti,2020-05-27,34,Deaths,1.0,12.0
21513,Haiti,2020-05-28,34,Deaths,0.0,9.0
21514,Haiti,2020-05-29,35,Deaths,1.0,10.0
21515,Haiti,2020-05-30,41,Deaths,6.0,15.0
21516,Haiti,2020-05-31,44,Deaths,3.0,18.0
21517,Haiti,2020-06-01,45,Deaths,1.0,18.0
21518,Haiti,2020-06-02,45,Deaths,0.0,12.0
21519,Haiti,2020-06-03,48,Deaths,3.0,14.0
21520,Haiti,2020-06-04,50,Deaths,2.0,16.0
21521,Haiti,2020-06-05,50,Deaths,0.0,15.0
21522,Haiti,2020-06-06,50,Deaths,0.0,9.0
21523,Haiti,2020-06-07,51,Deaths,1.0,7.0
21524,Haiti,2020-06-08,54,Deaths,3.0,9.0
21525,Haiti,2020-06-09,56,Deaths,2.0,11.0
21526,Haiti,2020-06-10,58,Deaths,2.0,10.0
21527,Haiti,2020-06-11,64,Deaths,6.0,14.0
21528,Haiti,2020-06-12,64,Deaths,0.0,14.0
21529,Haiti,2020-06-13,70,Deaths,6.0,20.0
21530,Haiti,2020-06-14,70,Deaths,0.0,19.0
21531,Haiti,2020-06-15,76,Deaths,6.0,22.0
21532,Haiti,2020-06-16,80,Deaths,4.0,24.0
21533,Haiti,2020-06-17,82,Deaths,2.0,24.0
21534,Haiti,2020-06-18,84,Deaths,2.0,20.0
21535,Haiti,2020-06-19,87,Deaths,3.0,23.0
21536,Haiti,2020-06-20,88,Deaths,1.0,18.0
21537,Haiti,2020-06-21,88,Deaths,0.0,18.0
21538,Haiti,2020-06-22,88,Deaths,0.0,12.0
21539,Haiti,2020-06-23,89,Deaths,1.0,9.0
21540,Haiti,2020-06-24,92,Deaths,3.0,10.0
21541,Haiti,2020-06-25,96,Deaths,4.0,12.0
21542,Haiti,2020-06-26,98,Deaths,2.0,11.0
21543,Haiti,2020-06-27,100,Deaths,2.0,12.0
21544,Haiti,2020-06-28,100,Deaths,0.0,12.0
21545,Haiti,2020-06-29,105,Deaths,5.0,17.0
21546,Haiti,2020-06-30,105,Deaths,0.0,16.0
21547,Haiti,2020-07-01,107,Deaths,2.0,15.0
21548,Haiti,2020-07-02,110,Deaths,3.0,14.0
21549,Haiti,2020-07-03,110,Deaths,0.0,12.0
21550,Haiti,2020-07-04,113,Deaths,3.0,13.0
21551,Haiti,2020-07-05,113,Deaths,0.0,13.0
21552,Haiti,2020-07-06,113,Deaths,0.0,8.0
21553,Haiti,2020-07-07,117,Deaths,4.0,12.0
21554,Haiti,2020-07-08,123,Deaths,6.0,16.0
21555,Haiti,2020-07-09,123,Deaths,0.0,13.0
21556,Haiti,2020-07-10,135,Deaths,12.0,25.0
21557,Haiti,2020-07-11,139,Deaths,4.0,26.0
21558,Haiti,2020-07-12,139,Deaths,0.0,26.0
21559,Haiti,2020-07-13,141,Deaths,2.0,28.0
21560,Haiti,2020-07-14,141,Deaths,0.0,24.0
21561,Haiti,2020-07-15,143,Deaths,2.0,20.0
21562,Haiti,2020-07-16,145,Deaths,2.0,22.0
21563,Haiti,2020-07-17,146,Deaths,1.0,11.0
21564,Haiti,2020-07-18,146,Deaths,0.0,7.0
21565,Haiti,2020-07-19,146,Deaths,0.0,7.0
21566,Haiti,2020-07-20,146,Deaths,0.0,5.0
21567,Haiti,2020-07-21,151,Deaths,5.0,10.0
21568,Haiti,2020-07-22,154,Deaths,3.0,11.0
21569,Haiti,2020-07-23,154,Deaths,0.0,9.0
21570,Haiti,2020-07-24,156,Deaths,2.0,10.0
21571,Haiti,2020-07-25,157,Deaths,1.0,11.0
21572,Haiti,2020-07-26,157,Deaths,0.0,11.0
21573,Haiti,2020-07-27,158,Deaths,1.0,12.0
21574,Haiti,2020-07-28,158,Deaths,0.0,7.0
21575,Haiti,2020-07-29,159,Deaths,1.0,5.0
21576,Haiti,2020-07-30,161,Deaths,2.0,7.0
21577,Haiti,2020-07-31,161,Deaths,0.0,5.0
21578,Haiti,2020-08-01,165,Deaths,4.0,8.0
21579,Haiti,2020-08-02,165,Deaths,0.0,8.0
21580,Haiti,2020-08-03,166,Deaths,1.0,8.0
21581,Haiti,2020-08-04,166,Deaths,0.0,8.0
21582,Haiti,2020-08-05,171,Deaths,5.0,12.0
21583,Haiti,2020-08-06,171,Deaths,0.0,10.0
21584,Haiti,2020-08-07,177,Deaths,6.0,16.0
21585,Haiti,2020-08-08,182,Deaths,5.0,17.0
21586,Haiti,2020-08-09,183,Deaths,1.0,18.0
21587,Haiti,2020-08-10,183,Deaths,0.0,17.0
21588,Haiti,2020-08-11,183,Deaths,0.0,17.0
21589,Haiti,2020-08-12,187,Deaths,4.0,16.0
21590,Haiti,2020-08-13,192,Deaths,5.0,21.0
21591,Haiti,2020-08-14,192,Deaths,0.0,15.0
21592,Haiti,2020-08-15,196,Deaths,4.0,14.0
21593,Haiti,2020-08-16,196,Deaths,0.0,13.0
21594,Haiti,2020-08-17,196,Deaths,0.0,13.0
21595,Haiti,2020-08-18,196,Deaths,0.0,13.0
21596,Haiti,2020-08-19,196,Deaths,0.0,9.0
21597,Haiti,2020-08-20,196,Deaths,0.0,4.0
21598,Haiti,2020-08-21,196,Deaths,0.0,4.0
21599,Haiti,2020-08-22,196,Deaths,0.0,0.0
21600,Haiti,2020-08-23,196,Deaths,0.0,0.0
21601,Haiti,2020-08-24,196,Deaths,0.0,0.0
21602,Haiti,2020-08-25,196,Deaths,0.0,0.0
21603,Haiti,2020-08-26,197,Deaths,1.0,1.0
21604,Haiti,2020-08-27,200,Deaths,3.0,4.0
21605,Haiti,2020-08-28,201,Deaths,1.0,5.0
21606,Haiti,2020-08-29,201,Deaths,0.0,5.0
21607,Haiti,2020-08-30,201,Deaths,0.0,5.0
21608,Haiti,2020-08-31,201,Deaths,0.0,5.0
21609,Haiti,2020-09-01,203,Deaths,2.0,7.0
21610,Haiti,2020-09-02,206,Deaths,3.0,9.0
21611,Haiti,2020-09-03,210,Deaths,4.0,10.0
21612,Haiti,2020-09-04,212,Deaths,2.0,11.0
21613,Haiti,2020-09-05,212,Deaths,0.0,11.0
21614,Haiti,2020-09-06,214,Deaths,2.0,13.0
21615,Haiti,2020-09-07,214,Deaths,0.0,13.0
21616,Haiti,2020-09-08,214,Deaths,0.0,11.0
21617,Haiti,2020-09-09,214,Deaths,0.0,8.0
21618,Haiti,2020-09-10,215,Deaths,1.0,5.0
21619,Haiti,2020-09-11,216,Deaths,1.0,4.0
21620,Haiti,2020-09-12,219,Deaths,3.0,7.0
21621,Haiti,2020-09-13,219,Deaths,0.0,5.0
21622,Haiti,2020-09-14,219,Deaths,0.0,5.0
21623,Haiti,2020-09-15,220,Deaths,1.0,6.0
21624,Haiti,2020-09-16,220,Deaths,0.0,6.0
21625,Haiti,2020-09-17,220,Deaths,0.0,5.0
21626,Haiti,2020-09-18,221,Deaths,1.0,5.0
21627,Haiti,2020-09-19,221,Deaths,0.0,2.0
21628,Haiti,2020-09-20,221,Deaths,0.0,2.0
21629,Haiti,2020-09-21,221,Deaths,0.0,2.0
21630,Haiti,2020-09-22,223,Deaths,2.0,3.0
21631,Haiti,2020-09-23,225,Deaths,2.0,5.0
21632,Haiti,2020-09-24,227,Deaths,2.0,7.0
21633,Haiti,2020-09-25,227,Deaths,0.0,6.0
21634,Haiti,2020-09-26,227,Deaths,0.0,6.0
21635,Haiti,2020-09-27,227,Deaths,0.0,6.0
21636,Haiti,2020-09-28,227,Deaths,0.0,6.0
21637,Haiti,2020-09-29,227,Deaths,0.0,4.0
21638,Haiti,2020-09-30,229,Deaths,2.0,4.0
21639,Haiti,2020-10-01,229,Deaths,0.0,2.0
21640,Haiti,2020-10-02,229,Deaths,0.0,2.0
21641,Haiti,2020-10-03,229,Deaths,0.0,2.0
21642,Haiti,2020-10-04,229,Deaths,0.0,2.0
21643,Haiti,2020-10-05,229,Deaths,0.0,2.0
21644,Haiti,2020-10-06,229,Deaths,0.0,2.0
21645,Haiti,2020-10-07,229,Deaths,0.0,0.0
21646,Haiti,2020-10-08,230,Deaths,1.0,1.0
21647,Haiti,2020-10-09,230,Deaths,0.0,1.0
21648,Haiti,2020-10-10,230,Deaths,0.0,1.0
21649,Haiti,2020-10-11,230,Deaths,0.0,1.0
21650,Haiti,2020-10-12,230,Deaths,0.0,1.0
21651,Haiti,2020-10-13,230,Deaths,0.0,1.0
21652,Haiti,2020-10-14,231,Deaths,1.0,2.0
21653,Haiti,2020-10-15,231,Deaths,0.0,1.0
21654,Haiti,2020-10-16,231,Deaths,0.0,1.0
21655,Haiti,2020-10-17,231,Deaths,0.0,1.0
21656,Haiti,2020-10-18,231,Deaths,0.0,1.0
21657,Haiti,2020-10-19,231,Deaths,0.0,1.0
21658,Haiti,2020-10-20,231,Deaths,0.0,1.0
21659,Haiti,2020-10-21,231,Deaths,0.0,0.0
21660,Haiti,2020-10-22,231,Deaths,0.0,0.0
21661,Haiti,2020-10-23,231,Deaths,0.0,0.0
21662,Haiti,2020-10-24,231,Deaths,0.0,0.0
21663,Haiti,2020-10-25,232,Deaths,1.0,1.0
21664,Haiti,2020-10-26,232,Deaths,0.0,1.0
21665,Haiti,2020-10-27,232,Deaths,0.0,1.0
21666,Haiti,2020-10-28,232,Deaths,0.0,1.0
21667,Haiti,2020-10-29,232,Deaths,0.0,1.0
21668,Haiti,2020-10-30,232,Deaths,0.0,1.0
21669,Haiti,2020-10-31,232,Deaths,0.0,1.0
21670,Haiti,2020-11-01,232,Deaths,0.0,0.0
21671,Haiti,2020-11-02,232,Deaths,0.0,0.0
21672,Haiti,2020-11-03,232,Deaths,0.0,0.0
21673,Haiti,2020-11-04,232,Deaths,0.0,0.0
21674,Haiti,2020-11-05,232,Deaths,0.0,0.0
21675,Holy See,2020-01-22,0,Deaths,,
21676,Holy See,2020-01-23,0,Deaths,0.0,
21677,Holy See,2020-01-24,0,Deaths,0.0,
21678,Holy See,2020-01-25,0,Deaths,0.0,
21679,Holy See,2020-01-26,0,Deaths,0.0,
21680,Holy See,2020-01-27,0,Deaths,0.0,
21681,Holy See,2020-01-28,0,Deaths,0.0,
21682,Holy See,2020-01-29,0,Deaths,0.0,0.0
21683,Holy See,2020-01-30,0,Deaths,0.0,0.0
21684,Holy See,2020-01-31,0,Deaths,0.0,0.0
21685,Holy See,2020-02-01,0,Deaths,0.0,0.0
21686,Holy See,2020-02-02,0,Deaths,0.0,0.0
21687,Holy See,2020-02-03,0,Deaths,0.0,0.0
21688,Holy See,2020-02-04,0,Deaths,0.0,0.0
21689,Holy See,2020-02-05,0,Deaths,0.0,0.0
21690,Holy See,2020-02-06,0,Deaths,0.0,0.0
21691,Holy See,2020-02-07,0,Deaths,0.0,0.0
21692,Holy See,2020-02-08,0,Deaths,0.0,0.0
21693,Holy See,2020-02-09,0,Deaths,0.0,0.0
21694,Holy See,2020-02-10,0,Deaths,0.0,0.0
21695,Holy See,2020-02-11,0,Deaths,0.0,0.0
21696,Holy See,2020-02-12,0,Deaths,0.0,0.0
21697,Holy See,2020-02-13,0,Deaths,0.0,0.0
21698,Holy See,2020-02-14,0,Deaths,0.0,0.0
21699,Holy See,2020-02-15,0,Deaths,0.0,0.0
21700,Holy See,2020-02-16,0,Deaths,0.0,0.0
21701,Holy See,2020-02-17,0,Deaths,0.0,0.0
21702,Holy See,2020-02-18,0,Deaths,0.0,0.0
21703,Holy See,2020-02-19,0,Deaths,0.0,0.0
21704,Holy See,2020-02-20,0,Deaths,0.0,0.0
21705,Holy See,2020-02-21,0,Deaths,0.0,0.0
21706,Holy See,2020-02-22,0,Deaths,0.0,0.0
21707,Holy See,2020-02-23,0,Deaths,0.0,0.0
21708,Holy See,2020-02-24,0,Deaths,0.0,0.0
21709,Holy See,2020-02-25,0,Deaths,0.0,0.0
21710,Holy See,2020-02-26,0,Deaths,0.0,0.0
21711,Holy See,2020-02-27,0,Deaths,0.0,0.0
21712,Holy See,2020-02-28,0,Deaths,0.0,0.0
21713,Holy See,2020-02-29,0,Deaths,0.0,0.0
21714,Holy See,2020-03-01,0,Deaths,0.0,0.0
21715,Holy See,2020-03-02,0,Deaths,0.0,0.0
21716,Holy See,2020-03-03,0,Deaths,0.0,0.0
21717,Holy See,2020-03-04,0,Deaths,0.0,0.0
21718,Holy See,2020-03-05,0,Deaths,0.0,0.0
21719,Holy See,2020-03-06,0,Deaths,0.0,0.0
21720,Holy See,2020-03-07,0,Deaths,0.0,0.0
21721,Holy See,2020-03-08,0,Deaths,0.0,0.0
21722,Holy See,2020-03-09,0,Deaths,0.0,0.0
21723,Holy See,2020-03-10,0,Deaths,0.0,0.0
21724,Holy See,2020-03-11,0,Deaths,0.0,0.0
21725,Holy See,2020-03-12,0,Deaths,0.0,0.0
21726,Holy See,2020-03-13,0,Deaths,0.0,0.0
21727,Holy See,2020-03-14,0,Deaths,0.0,0.0
21728,Holy See,2020-03-15,0,Deaths,0.0,0.0
21729,Holy See,2020-03-16,0,Deaths,0.0,0.0
21730,Holy See,2020-03-17,0,Deaths,0.0,0.0
21731,Holy See,2020-03-18,0,Deaths,0.0,0.0
21732,Holy See,2020-03-19,0,Deaths,0.0,0.0
21733,Holy See,2020-03-20,0,Deaths,0.0,0.0
21734,Holy See,2020-03-21,0,Deaths,0.0,0.0
21735,Holy See,2020-03-22,0,Deaths,0.0,0.0
21736,Holy See,2020-03-23,0,Deaths,0.0,0.0
21737,Holy See,2020-03-24,0,Deaths,0.0,0.0
21738,Holy See,2020-03-25,0,Deaths,0.0,0.0
21739,Holy See,2020-03-26,0,Deaths,0.0,0.0
21740,Holy See,2020-03-27,0,Deaths,0.0,0.0
21741,Holy See,2020-03-28,0,Deaths,0.0,0.0
21742,Holy See,2020-03-29,0,Deaths,0.0,0.0
21743,Holy See,2020-03-30,0,Deaths,0.0,0.0
21744,Holy See,2020-03-31,0,Deaths,0.0,0.0
21745,Holy See,2020-04-01,0,Deaths,0.0,0.0
21746,Holy See,2020-04-02,0,Deaths,0.0,0.0
21747,Holy See,2020-04-03,0,Deaths,0.0,0.0
21748,Holy See,2020-04-04,0,Deaths,0.0,0.0
21749,Holy See,2020-04-05,0,Deaths,0.0,0.0
21750,Holy See,2020-04-06,0,Deaths,0.0,0.0
21751,Holy See,2020-04-07,0,Deaths,0.0,0.0
21752,Holy See,2020-04-08,0,Deaths,0.0,0.0
21753,Holy See,2020-04-09,0,Deaths,0.0,0.0
21754,Holy See,2020-04-10,0,Deaths,0.0,0.0
21755,Holy See,2020-04-11,0,Deaths,0.0,0.0
21756,Holy See,2020-04-12,0,Deaths,0.0,0.0
21757,Holy See,2020-04-13,0,Deaths,0.0,0.0
21758,Holy See,2020-04-14,0,Deaths,0.0,0.0
21759,Holy See,2020-04-15,0,Deaths,0.0,0.0
21760,Holy See,2020-04-16,0,Deaths,0.0,0.0
21761,Holy See,2020-04-17,0,Deaths,0.0,0.0
21762,Holy See,2020-04-18,0,Deaths,0.0,0.0
21763,Holy See,2020-04-19,0,Deaths,0.0,0.0
21764,Holy See,2020-04-20,0,Deaths,0.0,0.0
21765,Holy See,2020-04-21,0,Deaths,0.0,0.0
21766,Holy See,2020-04-22,0,Deaths,0.0,0.0
21767,Holy See,2020-04-23,0,Deaths,0.0,0.0
21768,Holy See,2020-04-24,0,Deaths,0.0,0.0
21769,Holy See,2020-04-25,0,Deaths,0.0,0.0
21770,Holy See,2020-04-26,0,Deaths,0.0,0.0
21771,Holy See,2020-04-27,0,Deaths,0.0,0.0
21772,Holy See,2020-04-28,0,Deaths,0.0,0.0
21773,Holy See,2020-04-29,0,Deaths,0.0,0.0
21774,Holy See,2020-04-30,0,Deaths,0.0,0.0
21775,Holy See,2020-05-01,0,Deaths,0.0,0.0
21776,Holy See,2020-05-02,0,Deaths,0.0,0.0
21777,Holy See,2020-05-03,0,Deaths,0.0,0.0
21778,Holy See,2020-05-04,0,Deaths,0.0,0.0
21779,Holy See,2020-05-05,0,Deaths,0.0,0.0
21780,Holy See,2020-05-06,0,Deaths,0.0,0.0
21781,Holy See,2020-05-07,0,Deaths,0.0,0.0
21782,Holy See,2020-05-08,0,Deaths,0.0,0.0
21783,Holy See,2020-05-09,0,Deaths,0.0,0.0
21784,Holy See,2020-05-10,0,Deaths,0.0,0.0
21785,Holy See,2020-05-11,0,Deaths,0.0,0.0
21786,Holy See,2020-05-12,0,Deaths,0.0,0.0
21787,Holy See,2020-05-13,0,Deaths,0.0,0.0
21788,Holy See,2020-05-14,0,Deaths,0.0,0.0
21789,Holy See,2020-05-15,0,Deaths,0.0,0.0
21790,Holy See,2020-05-16,0,Deaths,0.0,0.0
21791,Holy See,2020-05-17,0,Deaths,0.0,0.0
21792,Holy See,2020-05-18,0,Deaths,0.0,0.0
21793,Holy See,2020-05-19,0,Deaths,0.0,0.0
21794,Holy See,2020-05-20,0,Deaths,0.0,0.0
21795,Holy See,2020-05-21,0,Deaths,0.0,0.0
21796,Holy See,2020-05-22,0,Deaths,0.0,0.0
21797,Holy See,2020-05-23,0,Deaths,0.0,0.0
21798,Holy See,2020-05-24,0,Deaths,0.0,0.0
21799,Holy See,2020-05-25,0,Deaths,0.0,0.0
21800,Holy See,2020-05-26,0,Deaths,0.0,0.0
21801,Holy See,2020-05-27,0,Deaths,0.0,0.0
21802,Holy See,2020-05-28,0,Deaths,0.0,0.0
21803,Holy See,2020-05-29,0,Deaths,0.0,0.0
21804,Holy See,2020-05-30,0,Deaths,0.0,0.0
21805,Holy See,2020-05-31,0,Deaths,0.0,0.0
21806,Holy See,2020-06-01,0,Deaths,0.0,0.0
21807,Holy See,2020-06-02,0,Deaths,0.0,0.0
21808,Holy See,2020-06-03,0,Deaths,0.0,0.0
21809,Holy See,2020-06-04,0,Deaths,0.0,0.0
21810,Holy See,2020-06-05,0,Deaths,0.0,0.0
21811,Holy See,2020-06-06,0,Deaths,0.0,0.0
21812,Holy See,2020-06-07,0,Deaths,0.0,0.0
21813,Holy See,2020-06-08,0,Deaths,0.0,0.0
21814,Holy See,2020-06-09,0,Deaths,0.0,0.0
21815,Holy See,2020-06-10,0,Deaths,0.0,0.0
21816,Holy See,2020-06-11,0,Deaths,0.0,0.0
21817,Holy See,2020-06-12,0,Deaths,0.0,0.0
21818,Holy See,2020-06-13,0,Deaths,0.0,0.0
21819,Holy See,2020-06-14,0,Deaths,0.0,0.0
21820,Holy See,2020-06-15,0,Deaths,0.0,0.0
21821,Holy See,2020-06-16,0,Deaths,0.0,0.0
21822,Holy See,2020-06-17,0,Deaths,0.0,0.0
21823,Holy See,2020-06-18,0,Deaths,0.0,0.0
21824,Holy See,2020-06-19,0,Deaths,0.0,0.0
21825,Holy See,2020-06-20,0,Deaths,0.0,0.0
21826,Holy See,2020-06-21,0,Deaths,0.0,0.0
21827,Holy See,2020-06-22,0,Deaths,0.0,0.0
21828,Holy See,2020-06-23,0,Deaths,0.0,0.0
21829,Holy See,2020-06-24,0,Deaths,0.0,0.0
21830,Holy See,2020-06-25,0,Deaths,0.0,0.0
21831,Holy See,2020-06-26,0,Deaths,0.0,0.0
21832,Holy See,2020-06-27,0,Deaths,0.0,0.0
21833,Holy See,2020-06-28,0,Deaths,0.0,0.0
21834,Holy See,2020-06-29,0,Deaths,0.0,0.0
21835,Holy See,2020-06-30,0,Deaths,0.0,0.0
21836,Holy See,2020-07-01,0,Deaths,0.0,0.0
21837,Holy See,2020-07-02,0,Deaths,0.0,0.0
21838,Holy See,2020-07-03,0,Deaths,0.0,0.0
21839,Holy See,2020-07-04,0,Deaths,0.0,0.0
21840,Holy See,2020-07-05,0,Deaths,0.0,0.0
21841,Holy See,2020-07-06,0,Deaths,0.0,0.0
21842,Holy See,2020-07-07,0,Deaths,0.0,0.0
21843,Holy See,2020-07-08,0,Deaths,0.0,0.0
21844,Holy See,2020-07-09,0,Deaths,0.0,0.0
21845,Holy See,2020-07-10,0,Deaths,0.0,0.0
21846,Holy See,2020-07-11,0,Deaths,0.0,0.0
21847,Holy See,2020-07-12,0,Deaths,0.0,0.0
21848,Holy See,2020-07-13,0,Deaths,0.0,0.0
21849,Holy See,2020-07-14,0,Deaths,0.0,0.0
21850,Holy See,2020-07-15,0,Deaths,0.0,0.0
21851,Holy See,2020-07-16,0,Deaths,0.0,0.0
21852,Holy See,2020-07-17,0,Deaths,0.0,0.0
21853,Holy See,2020-07-18,0,Deaths,0.0,0.0
21854,Holy See,2020-07-19,0,Deaths,0.0,0.0
21855,Holy See,2020-07-20,0,Deaths,0.0,0.0
21856,Holy See,2020-07-21,0,Deaths,0.0,0.0
21857,Holy See,2020-07-22,0,Deaths,0.0,0.0
21858,Holy See,2020-07-23,0,Deaths,0.0,0.0
21859,Holy See,2020-07-24,0,Deaths,0.0,0.0
21860,Holy See,2020-07-25,0,Deaths,0.0,0.0
21861,Holy See,2020-07-26,0,Deaths,0.0,0.0
21862,Holy See,2020-07-27,0,Deaths,0.0,0.0
21863,Holy See,2020-07-28,0,Deaths,0.0,0.0
21864,Holy See,2020-07-29,0,Deaths,0.0,0.0
21865,Holy See,2020-07-30,0,Deaths,0.0,0.0
21866,Holy See,2020-07-31,0,Deaths,0.0,0.0
21867,Holy See,2020-08-01,0,Deaths,0.0,0.0
21868,Holy See,2020-08-02,0,Deaths,0.0,0.0
21869,Holy See,2020-08-03,0,Deaths,0.0,0.0
21870,Holy See,2020-08-04,0,Deaths,0.0,0.0
21871,Holy See,2020-08-05,0,Deaths,0.0,0.0
21872,Holy See,2020-08-06,0,Deaths,0.0,0.0
21873,Holy See,2020-08-07,0,Deaths,0.0,0.0
21874,Holy See,2020-08-08,0,Deaths,0.0,0.0
21875,Holy See,2020-08-09,0,Deaths,0.0,0.0
21876,Holy See,2020-08-10,0,Deaths,0.0,0.0
21877,Holy See,2020-08-11,0,Deaths,0.0,0.0
21878,Holy See,2020-08-12,0,Deaths,0.0,0.0
21879,Holy See,2020-08-13,0,Deaths,0.0,0.0
21880,Holy See,2020-08-14,0,Deaths,0.0,0.0
21881,Holy See,2020-08-15,0,Deaths,0.0,0.0
21882,Holy See,2020-08-16,0,Deaths,0.0,0.0
21883,Holy See,2020-08-17,0,Deaths,0.0,0.0
21884,Holy See,2020-08-18,0,Deaths,0.0,0.0
21885,Holy See,2020-08-19,0,Deaths,0.0,0.0
21886,Holy See,2020-08-20,0,Deaths,0.0,0.0
21887,Holy See,2020-08-21,0,Deaths,0.0,0.0
21888,Holy See,2020-08-22,0,Deaths,0.0,0.0
21889,Holy See,2020-08-23,0,Deaths,0.0,0.0
21890,Holy See,2020-08-24,0,Deaths,0.0,0.0
21891,Holy See,2020-08-25,0,Deaths,0.0,0.0
21892,Holy See,2020-08-26,0,Deaths,0.0,0.0
21893,Holy See,2020-08-27,0,Deaths,0.0,0.0
21894,Holy See,2020-08-28,0,Deaths,0.0,0.0
21895,Holy See,2020-08-29,0,Deaths,0.0,0.0
21896,Holy See,2020-08-30,0,Deaths,0.0,0.0
21897,Holy See,2020-08-31,0,Deaths,0.0,0.0
21898,Holy See,2020-09-01,0,Deaths,0.0,0.0
21899,Holy See,2020-09-02,0,Deaths,0.0,0.0
21900,Holy See,2020-09-03,0,Deaths,0.0,0.0
21901,Holy See,2020-09-04,0,Deaths,0.0,0.0
21902,Holy See,2020-09-05,0,Deaths,0.0,0.0
21903,Holy See,2020-09-06,0,Deaths,0.0,0.0
21904,Holy See,2020-09-07,0,Deaths,0.0,0.0
21905,Holy See,2020-09-08,0,Deaths,0.0,0.0
21906,Holy See,2020-09-09,0,Deaths,0.0,0.0
21907,Holy See,2020-09-10,0,Deaths,0.0,0.0
21908,Holy See,2020-09-11,0,Deaths,0.0,0.0
21909,Holy See,2020-09-12,0,Deaths,0.0,0.0
21910,Holy See,2020-09-13,0,Deaths,0.0,0.0
21911,Holy See,2020-09-14,0,Deaths,0.0,0.0
21912,Holy See,2020-09-15,0,Deaths,0.0,0.0
21913,Holy See,2020-09-16,0,Deaths,0.0,0.0
21914,Holy See,2020-09-17,0,Deaths,0.0,0.0
21915,Holy See,2020-09-18,0,Deaths,0.0,0.0
21916,Holy See,2020-09-19,0,Deaths,0.0,0.0
21917,Holy See,2020-09-20,0,Deaths,0.0,0.0
21918,Holy See,2020-09-21,0,Deaths,0.0,0.0
21919,Holy See,2020-09-22,0,Deaths,0.0,0.0
21920,Holy See,2020-09-23,0,Deaths,0.0,0.0
21921,Holy See,2020-09-24,0,Deaths,0.0,0.0
21922,Holy See,2020-09-25,0,Deaths,0.0,0.0
21923,Holy See,2020-09-26,0,Deaths,0.0,0.0
21924,Holy See,2020-09-27,0,Deaths,0.0,0.0
21925,Holy See,2020-09-28,0,Deaths,0.0,0.0
21926,Holy See,2020-09-29,0,Deaths,0.0,0.0
21927,Holy See,2020-09-30,0,Deaths,0.0,0.0
21928,Holy See,2020-10-01,0,Deaths,0.0,0.0
21929,Holy See,2020-10-02,0,Deaths,0.0,0.0
21930,Holy See,2020-10-03,0,Deaths,0.0,0.0
21931,Holy See,2020-10-04,0,Deaths,0.0,0.0
21932,Holy See,2020-10-05,0,Deaths,0.0,0.0
21933,Holy See,2020-10-06,0,Deaths,0.0,0.0
21934,Holy See,2020-10-07,0,Deaths,0.0,0.0
21935,Holy See,2020-10-08,0,Deaths,0.0,0.0
21936,Holy See,2020-10-09,0,Deaths,0.0,0.0
21937,Holy See,2020-10-10,0,Deaths,0.0,0.0
21938,Holy See,2020-10-11,0,Deaths,0.0,0.0
21939,Holy See,2020-10-12,0,Deaths,0.0,0.0
21940,Holy See,2020-10-13,0,Deaths,0.0,0.0
21941,Holy See,2020-10-14,0,Deaths,0.0,0.0
21942,Holy See,2020-10-15,0,Deaths,0.0,0.0
21943,Holy See,2020-10-16,0,Deaths,0.0,0.0
21944,Holy See,2020-10-17,0,Deaths,0.0,0.0
21945,Holy See,2020-10-18,0,Deaths,0.0,0.0
21946,Holy See,2020-10-19,0,Deaths,0.0,0.0
21947,Holy See,2020-10-20,0,Deaths,0.0,0.0
21948,Holy See,2020-10-21,0,Deaths,0.0,0.0
21949,Holy See,2020-10-22,0,Deaths,0.0,0.0
21950,Holy See,2020-10-23,0,Deaths,0.0,0.0
21951,Holy See,2020-10-24,0,Deaths,0.0,0.0
21952,Holy See,2020-10-25,0,Deaths,0.0,0.0
21953,Holy See,2020-10-26,0,Deaths,0.0,0.0
21954,Holy See,2020-10-27,0,Deaths,0.0,0.0
21955,Holy See,2020-10-28,0,Deaths,0.0,0.0
21956,Holy See,2020-10-29,0,Deaths,0.0,0.0
21957,Holy See,2020-10-30,0,Deaths,0.0,0.0
21958,Holy See,2020-10-31,0,Deaths,0.0,0.0
21959,Holy See,2020-11-01,0,Deaths,0.0,0.0
21960,Holy See,2020-11-02,0,Deaths,0.0,0.0
21961,Holy See,2020-11-03,0,Deaths,0.0,0.0
21962,Holy See,2020-11-04,0,Deaths,0.0,0.0
21963,Holy See,2020-11-05,0,Deaths,0.0,0.0
21964,Honduras,2020-01-22,0,Deaths,,
21965,Honduras,2020-01-23,0,Deaths,0.0,
21966,Honduras,2020-01-24,0,Deaths,0.0,
21967,Honduras,2020-01-25,0,Deaths,0.0,
21968,Honduras,2020-01-26,0,Deaths,0.0,
21969,Honduras,2020-01-27,0,Deaths,0.0,
21970,Honduras,2020-01-28,0,Deaths,0.0,
21971,Honduras,2020-01-29,0,Deaths,0.0,0.0
21972,Honduras,2020-01-30,0,Deaths,0.0,0.0
21973,Honduras,2020-01-31,0,Deaths,0.0,0.0
21974,Honduras,2020-02-01,0,Deaths,0.0,0.0
21975,Honduras,2020-02-02,0,Deaths,0.0,0.0
21976,Honduras,2020-02-03,0,Deaths,0.0,0.0
21977,Honduras,2020-02-04,0,Deaths,0.0,0.0
21978,Honduras,2020-02-05,0,Deaths,0.0,0.0
21979,Honduras,2020-02-06,0,Deaths,0.0,0.0
21980,Honduras,2020-02-07,0,Deaths,0.0,0.0
21981,Honduras,2020-02-08,0,Deaths,0.0,0.0
21982,Honduras,2020-02-09,0,Deaths,0.0,0.0
21983,Honduras,2020-02-10,0,Deaths,0.0,0.0
21984,Honduras,2020-02-11,0,Deaths,0.0,0.0
21985,Honduras,2020-02-12,0,Deaths,0.0,0.0
21986,Honduras,2020-02-13,0,Deaths,0.0,0.0
21987,Honduras,2020-02-14,0,Deaths,0.0,0.0
21988,Honduras,2020-02-15,0,Deaths,0.0,0.0
21989,Honduras,2020-02-16,0,Deaths,0.0,0.0
21990,Honduras,2020-02-17,0,Deaths,0.0,0.0
21991,Honduras,2020-02-18,0,Deaths,0.0,0.0
21992,Honduras,2020-02-19,0,Deaths,0.0,0.0
21993,Honduras,2020-02-20,0,Deaths,0.0,0.0
21994,Honduras,2020-02-21,0,Deaths,0.0,0.0
21995,Honduras,2020-02-22,0,Deaths,0.0,0.0
21996,Honduras,2020-02-23,0,Deaths,0.0,0.0
21997,Honduras,2020-02-24,0,Deaths,0.0,0.0
21998,Honduras,2020-02-25,0,Deaths,0.0,0.0
21999,Honduras,2020-02-26,0,Deaths,0.0,0.0
22000,Honduras,2020-02-27,0,Deaths,0.0,0.0
22001,Honduras,2020-02-28,0,Deaths,0.0,0.0
22002,Honduras,2020-02-29,0,Deaths,0.0,0.0
22003,Honduras,2020-03-01,0,Deaths,0.0,0.0
22004,Honduras,2020-03-02,0,Deaths,0.0,0.0
22005,Honduras,2020-03-03,0,Deaths,0.0,0.0
22006,Honduras,2020-03-04,0,Deaths,0.0,0.0
22007,Honduras,2020-03-05,0,Deaths,0.0,0.0
22008,Honduras,2020-03-06,0,Deaths,0.0,0.0
22009,Honduras,2020-03-07,0,Deaths,0.0,0.0
22010,Honduras,2020-03-08,0,Deaths,0.0,0.0
22011,Honduras,2020-03-09,0,Deaths,0.0,0.0
22012,Honduras,2020-03-10,0,Deaths,0.0,0.0
22013,Honduras,2020-03-11,0,Deaths,0.0,0.0
22014,Honduras,2020-03-12,0,Deaths,0.0,0.0
22015,Honduras,2020-03-13,0,Deaths,0.0,0.0
22016,Honduras,2020-03-14,0,Deaths,0.0,0.0
22017,Honduras,2020-03-15,0,Deaths,0.0,0.0
22018,Honduras,2020-03-16,0,Deaths,0.0,0.0
22019,Honduras,2020-03-17,0,Deaths,0.0,0.0
22020,Honduras,2020-03-18,0,Deaths,0.0,0.0
22021,Honduras,2020-03-19,0,Deaths,0.0,0.0
22022,Honduras,2020-03-20,0,Deaths,0.0,0.0
22023,Honduras,2020-03-21,0,Deaths,0.0,0.0
22024,Honduras,2020-03-22,0,Deaths,0.0,0.0
22025,Honduras,2020-03-23,0,Deaths,0.0,0.0
22026,Honduras,2020-03-24,0,Deaths,0.0,0.0
22027,Honduras,2020-03-25,0,Deaths,0.0,0.0
22028,Honduras,2020-03-26,1,Deaths,1.0,1.0
22029,Honduras,2020-03-27,1,Deaths,0.0,1.0
22030,Honduras,2020-03-28,1,Deaths,0.0,1.0
22031,Honduras,2020-03-29,3,Deaths,2.0,3.0
22032,Honduras,2020-03-30,7,Deaths,4.0,7.0
22033,Honduras,2020-03-31,7,Deaths,0.0,7.0
22034,Honduras,2020-04-01,10,Deaths,3.0,10.0
22035,Honduras,2020-04-02,14,Deaths,4.0,13.0
22036,Honduras,2020-04-03,15,Deaths,1.0,14.0
22037,Honduras,2020-04-04,15,Deaths,0.0,14.0
22038,Honduras,2020-04-05,22,Deaths,7.0,19.0
22039,Honduras,2020-04-06,22,Deaths,0.0,15.0
22040,Honduras,2020-04-07,22,Deaths,0.0,15.0
22041,Honduras,2020-04-08,22,Deaths,0.0,12.0
22042,Honduras,2020-04-09,23,Deaths,1.0,9.0
22043,Honduras,2020-04-10,23,Deaths,0.0,8.0
22044,Honduras,2020-04-11,24,Deaths,1.0,9.0
22045,Honduras,2020-04-12,25,Deaths,1.0,3.0
22046,Honduras,2020-04-13,25,Deaths,0.0,3.0
22047,Honduras,2020-04-14,26,Deaths,1.0,4.0
22048,Honduras,2020-04-15,31,Deaths,5.0,9.0
22049,Honduras,2020-04-16,35,Deaths,4.0,12.0
22050,Honduras,2020-04-17,41,Deaths,6.0,18.0
22051,Honduras,2020-04-18,46,Deaths,5.0,22.0
22052,Honduras,2020-04-19,46,Deaths,0.0,21.0
22053,Honduras,2020-04-20,46,Deaths,0.0,21.0
22054,Honduras,2020-04-21,46,Deaths,0.0,20.0
22055,Honduras,2020-04-22,46,Deaths,0.0,15.0
22056,Honduras,2020-04-23,47,Deaths,1.0,12.0
22057,Honduras,2020-04-24,55,Deaths,8.0,14.0
22058,Honduras,2020-04-25,59,Deaths,4.0,13.0
22059,Honduras,2020-04-26,59,Deaths,0.0,13.0
22060,Honduras,2020-04-27,61,Deaths,2.0,15.0
22061,Honduras,2020-04-28,64,Deaths,3.0,18.0
22062,Honduras,2020-04-29,66,Deaths,2.0,20.0
22063,Honduras,2020-04-30,71,Deaths,5.0,24.0
22064,Honduras,2020-05-01,75,Deaths,4.0,20.0
22065,Honduras,2020-05-02,76,Deaths,1.0,17.0
22066,Honduras,2020-05-03,82,Deaths,6.0,23.0
22067,Honduras,2020-05-04,83,Deaths,1.0,22.0
22068,Honduras,2020-05-05,93,Deaths,10.0,29.0
22069,Honduras,2020-05-06,99,Deaths,6.0,33.0
22070,Honduras,2020-05-07,105,Deaths,6.0,34.0
22071,Honduras,2020-05-08,107,Deaths,2.0,32.0
22072,Honduras,2020-05-09,108,Deaths,1.0,32.0
22073,Honduras,2020-05-10,108,Deaths,0.0,26.0
22074,Honduras,2020-05-11,116,Deaths,8.0,33.0
22075,Honduras,2020-05-12,121,Deaths,5.0,28.0
22076,Honduras,2020-05-13,123,Deaths,2.0,24.0
22077,Honduras,2020-05-14,133,Deaths,10.0,28.0
22078,Honduras,2020-05-15,134,Deaths,1.0,27.0
22079,Honduras,2020-05-16,138,Deaths,4.0,30.0
22080,Honduras,2020-05-17,142,Deaths,4.0,34.0
22081,Honduras,2020-05-18,146,Deaths,4.0,30.0
22082,Honduras,2020-05-19,147,Deaths,1.0,26.0
22083,Honduras,2020-05-20,147,Deaths,0.0,24.0
22084,Honduras,2020-05-21,156,Deaths,9.0,23.0
22085,Honduras,2020-05-22,167,Deaths,11.0,33.0
22086,Honduras,2020-05-23,167,Deaths,0.0,29.0
22087,Honduras,2020-05-24,180,Deaths,13.0,38.0
22088,Honduras,2020-05-25,182,Deaths,2.0,36.0
22089,Honduras,2020-05-26,188,Deaths,6.0,41.0
22090,Honduras,2020-05-27,194,Deaths,6.0,47.0
22091,Honduras,2020-05-28,196,Deaths,2.0,40.0
22092,Honduras,2020-05-29,196,Deaths,0.0,29.0
22093,Honduras,2020-05-30,201,Deaths,5.0,34.0
22094,Honduras,2020-05-31,212,Deaths,11.0,32.0
22095,Honduras,2020-06-01,217,Deaths,5.0,35.0
22096,Honduras,2020-06-02,225,Deaths,8.0,37.0
22097,Honduras,2020-06-03,234,Deaths,9.0,40.0
22098,Honduras,2020-06-04,243,Deaths,9.0,47.0
22099,Honduras,2020-06-05,248,Deaths,5.0,52.0
22100,Honduras,2020-06-06,250,Deaths,2.0,49.0
22101,Honduras,2020-06-07,258,Deaths,8.0,46.0
22102,Honduras,2020-06-08,262,Deaths,4.0,45.0
22103,Honduras,2020-06-09,271,Deaths,9.0,46.0
22104,Honduras,2020-06-10,290,Deaths,19.0,56.0
22105,Honduras,2020-06-11,294,Deaths,4.0,51.0
22106,Honduras,2020-06-12,306,Deaths,12.0,58.0
22107,Honduras,2020-06-13,310,Deaths,4.0,60.0
22108,Honduras,2020-06-14,312,Deaths,2.0,54.0
22109,Honduras,2020-06-15,322,Deaths,10.0,60.0
22110,Honduras,2020-06-16,330,Deaths,8.0,59.0
22111,Honduras,2020-06-17,336,Deaths,6.0,46.0
22112,Honduras,2020-06-18,343,Deaths,7.0,49.0
22113,Honduras,2020-06-19,349,Deaths,6.0,43.0
22114,Honduras,2020-06-20,358,Deaths,9.0,48.0
22115,Honduras,2020-06-21,363,Deaths,5.0,51.0
22116,Honduras,2020-06-22,395,Deaths,32.0,73.0
22117,Honduras,2020-06-23,405,Deaths,10.0,75.0
22118,Honduras,2020-06-24,417,Deaths,12.0,81.0
22119,Honduras,2020-06-25,426,Deaths,9.0,83.0
22120,Honduras,2020-06-26,471,Deaths,45.0,122.0
22121,Honduras,2020-06-27,479,Deaths,8.0,121.0
22122,Honduras,2020-06-28,479,Deaths,0.0,116.0
22123,Honduras,2020-06-29,485,Deaths,6.0,90.0
22124,Honduras,2020-06-30,497,Deaths,12.0,92.0
22125,Honduras,2020-07-01,542,Deaths,45.0,125.0
22126,Honduras,2020-07-02,591,Deaths,49.0,165.0
22127,Honduras,2020-07-03,605,Deaths,14.0,134.0
22128,Honduras,2020-07-04,629,Deaths,24.0,150.0
22129,Honduras,2020-07-05,639,Deaths,10.0,160.0
22130,Honduras,2020-07-06,656,Deaths,17.0,171.0
22131,Honduras,2020-07-07,677,Deaths,21.0,180.0
22132,Honduras,2020-07-08,694,Deaths,17.0,152.0
22133,Honduras,2020-07-09,704,Deaths,10.0,113.0
22134,Honduras,2020-07-10,750,Deaths,46.0,145.0
22135,Honduras,2020-07-11,771,Deaths,21.0,142.0
22136,Honduras,2020-07-12,774,Deaths,3.0,135.0
22137,Honduras,2020-07-13,789,Deaths,15.0,133.0
22138,Honduras,2020-07-14,807,Deaths,18.0,130.0
22139,Honduras,2020-07-15,825,Deaths,18.0,131.0
22140,Honduras,2020-07-16,835,Deaths,10.0,131.0
22141,Honduras,2020-07-17,857,Deaths,22.0,107.0
22142,Honduras,2020-07-18,891,Deaths,34.0,120.0
22143,Honduras,2020-07-19,900,Deaths,9.0,126.0
22144,Honduras,2020-07-20,935,Deaths,35.0,146.0
22145,Honduras,2020-07-21,988,Deaths,53.0,181.0
22146,Honduras,2020-07-22,1006,Deaths,18.0,181.0
22147,Honduras,2020-07-23,1011,Deaths,5.0,176.0
22148,Honduras,2020-07-24,1061,Deaths,50.0,204.0
22149,Honduras,2020-07-25,1098,Deaths,37.0,207.0
22150,Honduras,2020-07-26,1116,Deaths,18.0,216.0
22151,Honduras,2020-07-27,1166,Deaths,50.0,231.0
22152,Honduras,2020-07-28,1214,Deaths,48.0,226.0
22153,Honduras,2020-07-29,1259,Deaths,45.0,253.0
22154,Honduras,2020-07-30,1312,Deaths,53.0,301.0
22155,Honduras,2020-07-31,1337,Deaths,25.0,276.0
22156,Honduras,2020-08-01,1368,Deaths,31.0,270.0
22157,Honduras,2020-08-02,1377,Deaths,9.0,261.0
22158,Honduras,2020-08-03,1384,Deaths,7.0,218.0
22159,Honduras,2020-08-04,1400,Deaths,16.0,186.0
22160,Honduras,2020-08-05,1423,Deaths,23.0,164.0
22161,Honduras,2020-08-06,1446,Deaths,23.0,134.0
22162,Honduras,2020-08-07,1465,Deaths,19.0,128.0
22163,Honduras,2020-08-08,1476,Deaths,11.0,108.0
22164,Honduras,2020-08-09,1495,Deaths,19.0,118.0
22165,Honduras,2020-08-10,1506,Deaths,11.0,122.0
22166,Honduras,2020-08-11,1515,Deaths,9.0,115.0
22167,Honduras,2020-08-12,1533,Deaths,18.0,110.0
22168,Honduras,2020-08-13,1542,Deaths,9.0,96.0
22169,Honduras,2020-08-14,1548,Deaths,6.0,83.0
22170,Honduras,2020-08-15,1567,Deaths,19.0,91.0
22171,Honduras,2020-08-16,1575,Deaths,8.0,80.0
22172,Honduras,2020-08-17,1583,Deaths,8.0,77.0
22173,Honduras,2020-08-18,1593,Deaths,10.0,78.0
22174,Honduras,2020-08-19,1608,Deaths,15.0,75.0
22175,Honduras,2020-08-20,1619,Deaths,11.0,77.0
22176,Honduras,2020-08-21,1632,Deaths,13.0,84.0
22177,Honduras,2020-08-22,1643,Deaths,11.0,76.0
22178,Honduras,2020-08-23,1654,Deaths,11.0,79.0
22179,Honduras,2020-08-24,1683,Deaths,29.0,100.0
22180,Honduras,2020-08-25,1703,Deaths,20.0,110.0
22181,Honduras,2020-08-26,1747,Deaths,44.0,139.0
22182,Honduras,2020-08-27,1803,Deaths,56.0,184.0
22183,Honduras,2020-08-28,1827,Deaths,24.0,195.0
22184,Honduras,2020-08-29,1842,Deaths,15.0,199.0
22185,Honduras,2020-08-30,1858,Deaths,16.0,204.0
22186,Honduras,2020-08-31,1873,Deaths,15.0,190.0
22187,Honduras,2020-09-01,1888,Deaths,15.0,185.0
22188,Honduras,2020-09-02,1924,Deaths,36.0,177.0
22189,Honduras,2020-09-03,1954,Deaths,30.0,151.0
22190,Honduras,2020-09-04,1984,Deaths,30.0,157.0
22191,Honduras,2020-09-05,2006,Deaths,22.0,164.0
22192,Honduras,2020-09-06,2007,Deaths,1.0,149.0
22193,Honduras,2020-09-07,2023,Deaths,16.0,150.0
22194,Honduras,2020-09-08,2034,Deaths,11.0,146.0
22195,Honduras,2020-09-09,2044,Deaths,10.0,120.0
22196,Honduras,2020-09-10,2049,Deaths,5.0,95.0
22197,Honduras,2020-09-11,2058,Deaths,9.0,74.0
22198,Honduras,2020-09-12,2065,Deaths,7.0,59.0
22199,Honduras,2020-09-13,2079,Deaths,14.0,72.0
22200,Honduras,2020-09-14,2087,Deaths,8.0,64.0
22201,Honduras,2020-09-15,2087,Deaths,0.0,53.0
22202,Honduras,2020-09-16,2102,Deaths,15.0,58.0
22203,Honduras,2020-09-17,2122,Deaths,20.0,73.0
22204,Honduras,2020-09-18,2146,Deaths,24.0,88.0
22205,Honduras,2020-09-19,2166,Deaths,20.0,101.0
22206,Honduras,2020-09-20,2184,Deaths,18.0,105.0
22207,Honduras,2020-09-21,2204,Deaths,20.0,117.0
22208,Honduras,2020-09-22,2206,Deaths,2.0,119.0
22209,Honduras,2020-09-23,2222,Deaths,16.0,120.0
22210,Honduras,2020-09-24,2249,Deaths,27.0,127.0
22211,Honduras,2020-09-25,2271,Deaths,22.0,125.0
22212,Honduras,2020-09-26,2288,Deaths,17.0,122.0
22213,Honduras,2020-09-27,2288,Deaths,0.0,104.0
22214,Honduras,2020-09-28,2301,Deaths,13.0,97.0
22215,Honduras,2020-09-29,2323,Deaths,22.0,117.0
22216,Honduras,2020-09-30,2353,Deaths,30.0,131.0
22217,Honduras,2020-10-01,2380,Deaths,27.0,131.0
22218,Honduras,2020-10-02,2386,Deaths,6.0,115.0
22219,Honduras,2020-10-03,2399,Deaths,13.0,111.0
22220,Honduras,2020-10-04,2422,Deaths,23.0,134.0
22221,Honduras,2020-10-05,2433,Deaths,11.0,132.0
22222,Honduras,2020-10-06,2447,Deaths,14.0,124.0
22223,Honduras,2020-10-07,2466,Deaths,19.0,113.0
22224,Honduras,2020-10-08,2477,Deaths,11.0,97.0
22225,Honduras,2020-10-09,2492,Deaths,15.0,106.0
22226,Honduras,2020-10-10,2504,Deaths,12.0,105.0
22227,Honduras,2020-10-11,2512,Deaths,8.0,90.0
22228,Honduras,2020-10-12,2521,Deaths,9.0,88.0
22229,Honduras,2020-10-13,2528,Deaths,7.0,81.0
22230,Honduras,2020-10-14,2533,Deaths,5.0,67.0
22231,Honduras,2020-10-15,2552,Deaths,19.0,75.0
22232,Honduras,2020-10-16,2556,Deaths,4.0,64.0
22233,Honduras,2020-10-17,2563,Deaths,7.0,59.0
22234,Honduras,2020-10-18,2568,Deaths,5.0,56.0
22235,Honduras,2020-10-19,2576,Deaths,8.0,55.0
22236,Honduras,2020-10-20,2582,Deaths,6.0,54.0
22237,Honduras,2020-10-21,2596,Deaths,14.0,63.0
22238,Honduras,2020-10-22,2604,Deaths,8.0,52.0
22239,Honduras,2020-10-23,2604,Deaths,0.0,48.0
22240,Honduras,2020-10-24,2617,Deaths,13.0,54.0
22241,Honduras,2020-10-25,2623,Deaths,6.0,55.0
22242,Honduras,2020-10-26,2633,Deaths,10.0,57.0
22243,Honduras,2020-10-27,2639,Deaths,6.0,57.0
22244,Honduras,2020-10-28,2652,Deaths,13.0,56.0
22245,Honduras,2020-10-29,2661,Deaths,9.0,57.0
22246,Honduras,2020-10-30,2669,Deaths,8.0,65.0
22247,Honduras,2020-10-31,2669,Deaths,0.0,52.0
22248,Honduras,2020-11-01,2675,Deaths,6.0,52.0
22249,Honduras,2020-11-02,2688,Deaths,13.0,55.0
22250,Honduras,2020-11-03,2706,Deaths,18.0,67.0
22251,Honduras,2020-11-04,2730,Deaths,24.0,78.0
22252,Honduras,2020-11-05,2736,Deaths,6.0,75.0
22253,Hungary,2020-01-22,0,Deaths,,
22254,Hungary,2020-01-23,0,Deaths,0.0,
22255,Hungary,2020-01-24,0,Deaths,0.0,
22256,Hungary,2020-01-25,0,Deaths,0.0,
22257,Hungary,2020-01-26,0,Deaths,0.0,
22258,Hungary,2020-01-27,0,Deaths,0.0,
22259,Hungary,2020-01-28,0,Deaths,0.0,
22260,Hungary,2020-01-29,0,Deaths,0.0,0.0
22261,Hungary,2020-01-30,0,Deaths,0.0,0.0
22262,Hungary,2020-01-31,0,Deaths,0.0,0.0
22263,Hungary,2020-02-01,0,Deaths,0.0,0.0
22264,Hungary,2020-02-02,0,Deaths,0.0,0.0
22265,Hungary,2020-02-03,0,Deaths,0.0,0.0
22266,Hungary,2020-02-04,0,Deaths,0.0,0.0
22267,Hungary,2020-02-05,0,Deaths,0.0,0.0
22268,Hungary,2020-02-06,0,Deaths,0.0,0.0
22269,Hungary,2020-02-07,0,Deaths,0.0,0.0
22270,Hungary,2020-02-08,0,Deaths,0.0,0.0
22271,Hungary,2020-02-09,0,Deaths,0.0,0.0
22272,Hungary,2020-02-10,0,Deaths,0.0,0.0
22273,Hungary,2020-02-11,0,Deaths,0.0,0.0
22274,Hungary,2020-02-12,0,Deaths,0.0,0.0
22275,Hungary,2020-02-13,0,Deaths,0.0,0.0
22276,Hungary,2020-02-14,0,Deaths,0.0,0.0
22277,Hungary,2020-02-15,0,Deaths,0.0,0.0
22278,Hungary,2020-02-16,0,Deaths,0.0,0.0
22279,Hungary,2020-02-17,0,Deaths,0.0,0.0
22280,Hungary,2020-02-18,0,Deaths,0.0,0.0
22281,Hungary,2020-02-19,0,Deaths,0.0,0.0
22282,Hungary,2020-02-20,0,Deaths,0.0,0.0
22283,Hungary,2020-02-21,0,Deaths,0.0,0.0
22284,Hungary,2020-02-22,0,Deaths,0.0,0.0
22285,Hungary,2020-02-23,0,Deaths,0.0,0.0
22286,Hungary,2020-02-24,0,Deaths,0.0,0.0
22287,Hungary,2020-02-25,0,Deaths,0.0,0.0
22288,Hungary,2020-02-26,0,Deaths,0.0,0.0
22289,Hungary,2020-02-27,0,Deaths,0.0,0.0
22290,Hungary,2020-02-28,0,Deaths,0.0,0.0
22291,Hungary,2020-02-29,0,Deaths,0.0,0.0
22292,Hungary,2020-03-01,0,Deaths,0.0,0.0
22293,Hungary,2020-03-02,0,Deaths,0.0,0.0
22294,Hungary,2020-03-03,0,Deaths,0.0,0.0
22295,Hungary,2020-03-04,0,Deaths,0.0,0.0
22296,Hungary,2020-03-05,0,Deaths,0.0,0.0
22297,Hungary,2020-03-06,0,Deaths,0.0,0.0
22298,Hungary,2020-03-07,0,Deaths,0.0,0.0
22299,Hungary,2020-03-08,0,Deaths,0.0,0.0
22300,Hungary,2020-03-09,0,Deaths,0.0,0.0
22301,Hungary,2020-03-10,0,Deaths,0.0,0.0
22302,Hungary,2020-03-11,0,Deaths,0.0,0.0
22303,Hungary,2020-03-12,0,Deaths,0.0,0.0
22304,Hungary,2020-03-13,0,Deaths,0.0,0.0
22305,Hungary,2020-03-14,0,Deaths,0.0,0.0
22306,Hungary,2020-03-15,1,Deaths,1.0,1.0
22307,Hungary,2020-03-16,1,Deaths,0.0,1.0
22308,Hungary,2020-03-17,1,Deaths,0.0,1.0
22309,Hungary,2020-03-18,1,Deaths,0.0,1.0
22310,Hungary,2020-03-19,1,Deaths,0.0,1.0
22311,Hungary,2020-03-20,3,Deaths,2.0,3.0
22312,Hungary,2020-03-21,4,Deaths,1.0,4.0
22313,Hungary,2020-03-22,6,Deaths,2.0,5.0
22314,Hungary,2020-03-23,7,Deaths,1.0,6.0
22315,Hungary,2020-03-24,9,Deaths,2.0,8.0
22316,Hungary,2020-03-25,10,Deaths,1.0,9.0
22317,Hungary,2020-03-26,10,Deaths,0.0,9.0
22318,Hungary,2020-03-27,10,Deaths,0.0,7.0
22319,Hungary,2020-03-28,11,Deaths,1.0,7.0
22320,Hungary,2020-03-29,13,Deaths,2.0,7.0
22321,Hungary,2020-03-30,15,Deaths,2.0,8.0
22322,Hungary,2020-03-31,16,Deaths,1.0,7.0
22323,Hungary,2020-04-01,20,Deaths,4.0,10.0
22324,Hungary,2020-04-02,21,Deaths,1.0,11.0
22325,Hungary,2020-04-03,26,Deaths,5.0,16.0
22326,Hungary,2020-04-04,32,Deaths,6.0,21.0
22327,Hungary,2020-04-05,34,Deaths,2.0,21.0
22328,Hungary,2020-04-06,38,Deaths,4.0,23.0
22329,Hungary,2020-04-07,47,Deaths,9.0,31.0
22330,Hungary,2020-04-08,58,Deaths,11.0,38.0
22331,Hungary,2020-04-09,66,Deaths,8.0,45.0
22332,Hungary,2020-04-10,77,Deaths,11.0,51.0
22333,Hungary,2020-04-11,85,Deaths,8.0,53.0
22334,Hungary,2020-04-12,99,Deaths,14.0,65.0
22335,Hungary,2020-04-13,109,Deaths,10.0,71.0
22336,Hungary,2020-04-14,122,Deaths,13.0,75.0
22337,Hungary,2020-04-15,134,Deaths,12.0,76.0
22338,Hungary,2020-04-16,142,Deaths,8.0,76.0
22339,Hungary,2020-04-17,156,Deaths,14.0,79.0
22340,Hungary,2020-04-18,172,Deaths,16.0,87.0
22341,Hungary,2020-04-19,189,Deaths,17.0,90.0
22342,Hungary,2020-04-20,199,Deaths,10.0,90.0
22343,Hungary,2020-04-21,213,Deaths,14.0,91.0
22344,Hungary,2020-04-22,225,Deaths,12.0,91.0
22345,Hungary,2020-04-23,239,Deaths,14.0,97.0
22346,Hungary,2020-04-24,262,Deaths,23.0,106.0
22347,Hungary,2020-04-25,262,Deaths,0.0,90.0
22348,Hungary,2020-04-26,272,Deaths,10.0,83.0
22349,Hungary,2020-04-27,280,Deaths,8.0,81.0
22350,Hungary,2020-04-28,291,Deaths,11.0,78.0
22351,Hungary,2020-04-29,300,Deaths,9.0,75.0
22352,Hungary,2020-04-30,312,Deaths,12.0,73.0
22353,Hungary,2020-05-01,323,Deaths,11.0,61.0
22354,Hungary,2020-05-02,335,Deaths,12.0,73.0
22355,Hungary,2020-05-03,340,Deaths,5.0,68.0
22356,Hungary,2020-05-04,351,Deaths,11.0,71.0
22357,Hungary,2020-05-05,363,Deaths,12.0,72.0
22358,Hungary,2020-05-06,373,Deaths,10.0,73.0
22359,Hungary,2020-05-07,383,Deaths,10.0,71.0
22360,Hungary,2020-05-08,392,Deaths,9.0,69.0
22361,Hungary,2020-05-09,405,Deaths,13.0,70.0
22362,Hungary,2020-05-10,413,Deaths,8.0,73.0
22363,Hungary,2020-05-11,421,Deaths,8.0,70.0
22364,Hungary,2020-05-12,425,Deaths,4.0,62.0
22365,Hungary,2020-05-13,430,Deaths,5.0,57.0
22366,Hungary,2020-05-14,436,Deaths,6.0,53.0
22367,Hungary,2020-05-15,442,Deaths,6.0,50.0
22368,Hungary,2020-05-16,448,Deaths,6.0,43.0
22369,Hungary,2020-05-17,451,Deaths,3.0,38.0
22370,Hungary,2020-05-18,462,Deaths,11.0,41.0
22371,Hungary,2020-05-19,467,Deaths,5.0,42.0
22372,Hungary,2020-05-20,470,Deaths,3.0,40.0
22373,Hungary,2020-05-21,473,Deaths,3.0,37.0
22374,Hungary,2020-05-22,476,Deaths,3.0,34.0
22375,Hungary,2020-05-23,482,Deaths,6.0,34.0
22376,Hungary,2020-05-24,486,Deaths,4.0,35.0
22377,Hungary,2020-05-25,491,Deaths,5.0,29.0
22378,Hungary,2020-05-26,499,Deaths,8.0,32.0
22379,Hungary,2020-05-27,505,Deaths,6.0,35.0
22380,Hungary,2020-05-28,509,Deaths,4.0,36.0
22381,Hungary,2020-05-29,517,Deaths,8.0,41.0
22382,Hungary,2020-05-30,524,Deaths,7.0,42.0
22383,Hungary,2020-05-31,526,Deaths,2.0,40.0
22384,Hungary,2020-06-01,527,Deaths,1.0,36.0
22385,Hungary,2020-06-02,532,Deaths,5.0,33.0
22386,Hungary,2020-06-03,534,Deaths,2.0,29.0
22387,Hungary,2020-06-04,539,Deaths,5.0,30.0
22388,Hungary,2020-06-05,542,Deaths,3.0,25.0
22389,Hungary,2020-06-06,545,Deaths,3.0,21.0
22390,Hungary,2020-06-07,546,Deaths,1.0,20.0
22391,Hungary,2020-06-08,548,Deaths,2.0,21.0
22392,Hungary,2020-06-09,550,Deaths,2.0,18.0
22393,Hungary,2020-06-10,551,Deaths,1.0,17.0
22394,Hungary,2020-06-11,553,Deaths,2.0,14.0
22395,Hungary,2020-06-12,555,Deaths,2.0,13.0
22396,Hungary,2020-06-13,559,Deaths,4.0,14.0
22397,Hungary,2020-06-14,562,Deaths,3.0,16.0
22398,Hungary,2020-06-15,563,Deaths,1.0,15.0
22399,Hungary,2020-06-16,565,Deaths,2.0,15.0
22400,Hungary,2020-06-17,567,Deaths,2.0,16.0
22401,Hungary,2020-06-18,568,Deaths,1.0,15.0
22402,Hungary,2020-06-19,568,Deaths,0.0,13.0
22403,Hungary,2020-06-20,570,Deaths,2.0,11.0
22404,Hungary,2020-06-21,570,Deaths,0.0,8.0
22405,Hungary,2020-06-22,572,Deaths,2.0,9.0
22406,Hungary,2020-06-23,573,Deaths,1.0,8.0
22407,Hungary,2020-06-24,576,Deaths,3.0,9.0
22408,Hungary,2020-06-25,577,Deaths,1.0,9.0
22409,Hungary,2020-06-26,578,Deaths,1.0,10.0
22410,Hungary,2020-06-27,578,Deaths,0.0,8.0
22411,Hungary,2020-06-28,581,Deaths,3.0,11.0
22412,Hungary,2020-06-29,585,Deaths,4.0,13.0
22413,Hungary,2020-06-30,585,Deaths,0.0,12.0
22414,Hungary,2020-07-01,586,Deaths,1.0,10.0
22415,Hungary,2020-07-02,587,Deaths,1.0,10.0
22416,Hungary,2020-07-03,588,Deaths,1.0,10.0
22417,Hungary,2020-07-04,589,Deaths,1.0,11.0
22418,Hungary,2020-07-05,589,Deaths,0.0,8.0
22419,Hungary,2020-07-06,589,Deaths,0.0,4.0
22420,Hungary,2020-07-07,589,Deaths,0.0,4.0
22421,Hungary,2020-07-08,589,Deaths,0.0,3.0
22422,Hungary,2020-07-09,591,Deaths,2.0,4.0
22423,Hungary,2020-07-10,593,Deaths,2.0,5.0
22424,Hungary,2020-07-11,595,Deaths,2.0,6.0
22425,Hungary,2020-07-12,595,Deaths,0.0,6.0
22426,Hungary,2020-07-13,595,Deaths,0.0,6.0
22427,Hungary,2020-07-14,595,Deaths,0.0,6.0
22428,Hungary,2020-07-15,595,Deaths,0.0,6.0
22429,Hungary,2020-07-16,595,Deaths,0.0,4.0
22430,Hungary,2020-07-17,595,Deaths,0.0,2.0
22431,Hungary,2020-07-18,596,Deaths,1.0,1.0
22432,Hungary,2020-07-19,596,Deaths,0.0,1.0
22433,Hungary,2020-07-20,596,Deaths,0.0,1.0
22434,Hungary,2020-07-21,596,Deaths,0.0,1.0
22435,Hungary,2020-07-22,596,Deaths,0.0,1.0
22436,Hungary,2020-07-23,596,Deaths,0.0,1.0
22437,Hungary,2020-07-24,596,Deaths,0.0,1.0
22438,Hungary,2020-07-25,596,Deaths,0.0,0.0
22439,Hungary,2020-07-26,596,Deaths,0.0,0.0
22440,Hungary,2020-07-27,596,Deaths,0.0,0.0
22441,Hungary,2020-07-28,596,Deaths,0.0,0.0
22442,Hungary,2020-07-29,596,Deaths,0.0,0.0
22443,Hungary,2020-07-30,596,Deaths,0.0,0.0
22444,Hungary,2020-07-31,596,Deaths,0.0,0.0
22445,Hungary,2020-08-01,597,Deaths,1.0,1.0
22446,Hungary,2020-08-02,597,Deaths,0.0,1.0
22447,Hungary,2020-08-03,597,Deaths,0.0,1.0
22448,Hungary,2020-08-04,598,Deaths,1.0,2.0
22449,Hungary,2020-08-05,599,Deaths,1.0,3.0
22450,Hungary,2020-08-06,600,Deaths,1.0,4.0
22451,Hungary,2020-08-07,602,Deaths,2.0,6.0
22452,Hungary,2020-08-08,602,Deaths,0.0,5.0
22453,Hungary,2020-08-09,602,Deaths,0.0,5.0
22454,Hungary,2020-08-10,605,Deaths,3.0,8.0
22455,Hungary,2020-08-11,605,Deaths,0.0,7.0
22456,Hungary,2020-08-12,605,Deaths,0.0,6.0
22457,Hungary,2020-08-13,607,Deaths,2.0,7.0
22458,Hungary,2020-08-14,607,Deaths,0.0,5.0
22459,Hungary,2020-08-15,607,Deaths,0.0,5.0
22460,Hungary,2020-08-16,608,Deaths,1.0,6.0
22461,Hungary,2020-08-17,608,Deaths,0.0,3.0
22462,Hungary,2020-08-18,609,Deaths,1.0,4.0
22463,Hungary,2020-08-19,609,Deaths,0.0,4.0
22464,Hungary,2020-08-20,609,Deaths,0.0,2.0
22465,Hungary,2020-08-21,611,Deaths,2.0,4.0
22466,Hungary,2020-08-22,611,Deaths,0.0,4.0
22467,Hungary,2020-08-23,613,Deaths,2.0,5.0
22468,Hungary,2020-08-24,613,Deaths,0.0,5.0
22469,Hungary,2020-08-25,614,Deaths,1.0,5.0
22470,Hungary,2020-08-26,614,Deaths,0.0,5.0
22471,Hungary,2020-08-27,614,Deaths,0.0,5.0
22472,Hungary,2020-08-28,614,Deaths,0.0,3.0
22473,Hungary,2020-08-29,614,Deaths,0.0,3.0
22474,Hungary,2020-08-30,614,Deaths,0.0,1.0
22475,Hungary,2020-08-31,615,Deaths,1.0,2.0
22476,Hungary,2020-09-01,616,Deaths,1.0,2.0
22477,Hungary,2020-09-02,619,Deaths,3.0,5.0
22478,Hungary,2020-09-03,620,Deaths,1.0,6.0
22479,Hungary,2020-09-04,621,Deaths,1.0,7.0
22480,Hungary,2020-09-05,624,Deaths,3.0,10.0
22481,Hungary,2020-09-06,624,Deaths,0.0,10.0
22482,Hungary,2020-09-07,625,Deaths,1.0,10.0
22483,Hungary,2020-09-08,626,Deaths,1.0,10.0
22484,Hungary,2020-09-09,628,Deaths,2.0,9.0
22485,Hungary,2020-09-10,630,Deaths,2.0,10.0
22486,Hungary,2020-09-11,631,Deaths,1.0,10.0
22487,Hungary,2020-09-12,633,Deaths,2.0,9.0
22488,Hungary,2020-09-13,637,Deaths,4.0,13.0
22489,Hungary,2020-09-14,642,Deaths,5.0,17.0
22490,Hungary,2020-09-15,646,Deaths,4.0,20.0
22491,Hungary,2020-09-16,654,Deaths,8.0,26.0
22492,Hungary,2020-09-17,663,Deaths,9.0,33.0
22493,Hungary,2020-09-18,669,Deaths,6.0,38.0
22494,Hungary,2020-09-19,675,Deaths,6.0,42.0
22495,Hungary,2020-09-20,683,Deaths,8.0,46.0
22496,Hungary,2020-09-21,686,Deaths,3.0,44.0
22497,Hungary,2020-09-22,694,Deaths,8.0,48.0
22498,Hungary,2020-09-23,702,Deaths,8.0,48.0
22499,Hungary,2020-09-24,709,Deaths,7.0,46.0
22500,Hungary,2020-09-25,718,Deaths,9.0,49.0
22501,Hungary,2020-09-26,730,Deaths,12.0,55.0
22502,Hungary,2020-09-27,736,Deaths,6.0,53.0
22503,Hungary,2020-09-28,749,Deaths,13.0,63.0
22504,Hungary,2020-09-29,757,Deaths,8.0,63.0
22505,Hungary,2020-09-30,765,Deaths,8.0,63.0
22506,Hungary,2020-10-01,781,Deaths,16.0,72.0
22507,Hungary,2020-10-02,798,Deaths,17.0,80.0
22508,Hungary,2020-10-03,812,Deaths,14.0,82.0
22509,Hungary,2020-10-04,822,Deaths,10.0,86.0
22510,Hungary,2020-10-05,833,Deaths,11.0,84.0
22511,Hungary,2020-10-06,853,Deaths,20.0,96.0
22512,Hungary,2020-10-07,877,Deaths,24.0,112.0
22513,Hungary,2020-10-08,898,Deaths,21.0,117.0
22514,Hungary,2020-10-09,913,Deaths,15.0,115.0
22515,Hungary,2020-10-10,933,Deaths,20.0,121.0
22516,Hungary,2020-10-11,954,Deaths,21.0,132.0
22517,Hungary,2020-10-12,968,Deaths,14.0,135.0
22518,Hungary,2020-10-13,996,Deaths,28.0,143.0
22519,Hungary,2020-10-14,1023,Deaths,27.0,146.0
22520,Hungary,2020-10-15,1052,Deaths,29.0,154.0
22521,Hungary,2020-10-16,1085,Deaths,33.0,172.0
22522,Hungary,2020-10-17,1109,Deaths,24.0,176.0
22523,Hungary,2020-10-18,1142,Deaths,33.0,188.0
22524,Hungary,2020-10-19,1173,Deaths,31.0,205.0
22525,Hungary,2020-10-20,1211,Deaths,38.0,215.0
22526,Hungary,2020-10-21,1259,Deaths,48.0,236.0
22527,Hungary,2020-10-22,1305,Deaths,46.0,253.0
22528,Hungary,2020-10-23,1352,Deaths,47.0,267.0
22529,Hungary,2020-10-24,1390,Deaths,38.0,281.0
22530,Hungary,2020-10-25,1425,Deaths,35.0,283.0
22531,Hungary,2020-10-26,1472,Deaths,47.0,299.0
22532,Hungary,2020-10-27,1535,Deaths,63.0,324.0
22533,Hungary,2020-10-28,1578,Deaths,43.0,319.0
22534,Hungary,2020-10-29,1634,Deaths,56.0,329.0
22535,Hungary,2020-10-30,1699,Deaths,65.0,347.0
22536,Hungary,2020-10-31,1750,Deaths,51.0,360.0
22537,Hungary,2020-11-01,1819,Deaths,69.0,394.0
22538,Hungary,2020-11-02,1889,Deaths,70.0,417.0
22539,Hungary,2020-11-03,1973,Deaths,84.0,438.0
22540,Hungary,2020-11-04,2063,Deaths,90.0,485.0
22541,Hungary,2020-11-05,2147,Deaths,84.0,513.0
22542,Iceland,2020-01-22,0,Deaths,,
22543,Iceland,2020-01-23,0,Deaths,0.0,
22544,Iceland,2020-01-24,0,Deaths,0.0,
22545,Iceland,2020-01-25,0,Deaths,0.0,
22546,Iceland,2020-01-26,0,Deaths,0.0,
22547,Iceland,2020-01-27,0,Deaths,0.0,
22548,Iceland,2020-01-28,0,Deaths,0.0,
22549,Iceland,2020-01-29,0,Deaths,0.0,0.0
22550,Iceland,2020-01-30,0,Deaths,0.0,0.0
22551,Iceland,2020-01-31,0,Deaths,0.0,0.0
22552,Iceland,2020-02-01,0,Deaths,0.0,0.0
22553,Iceland,2020-02-02,0,Deaths,0.0,0.0
22554,Iceland,2020-02-03,0,Deaths,0.0,0.0
22555,Iceland,2020-02-04,0,Deaths,0.0,0.0
22556,Iceland,2020-02-05,0,Deaths,0.0,0.0
22557,Iceland,2020-02-06,0,Deaths,0.0,0.0
22558,Iceland,2020-02-07,0,Deaths,0.0,0.0
22559,Iceland,2020-02-08,0,Deaths,0.0,0.0
22560,Iceland,2020-02-09,0,Deaths,0.0,0.0
22561,Iceland,2020-02-10,0,Deaths,0.0,0.0
22562,Iceland,2020-02-11,0,Deaths,0.0,0.0
22563,Iceland,2020-02-12,0,Deaths,0.0,0.0
22564,Iceland,2020-02-13,0,Deaths,0.0,0.0
22565,Iceland,2020-02-14,0,Deaths,0.0,0.0
22566,Iceland,2020-02-15,0,Deaths,0.0,0.0
22567,Iceland,2020-02-16,0,Deaths,0.0,0.0
22568,Iceland,2020-02-17,0,Deaths,0.0,0.0
22569,Iceland,2020-02-18,0,Deaths,0.0,0.0
22570,Iceland,2020-02-19,0,Deaths,0.0,0.0
22571,Iceland,2020-02-20,0,Deaths,0.0,0.0
22572,Iceland,2020-02-21,0,Deaths,0.0,0.0
22573,Iceland,2020-02-22,0,Deaths,0.0,0.0
22574,Iceland,2020-02-23,0,Deaths,0.0,0.0
22575,Iceland,2020-02-24,0,Deaths,0.0,0.0
22576,Iceland,2020-02-25,0,Deaths,0.0,0.0
22577,Iceland,2020-02-26,0,Deaths,0.0,0.0
22578,Iceland,2020-02-27,0,Deaths,0.0,0.0
22579,Iceland,2020-02-28,0,Deaths,0.0,0.0
22580,Iceland,2020-02-29,0,Deaths,0.0,0.0
22581,Iceland,2020-03-01,0,Deaths,0.0,0.0
22582,Iceland,2020-03-02,0,Deaths,0.0,0.0
22583,Iceland,2020-03-03,0,Deaths,0.0,0.0
22584,Iceland,2020-03-04,0,Deaths,0.0,0.0
22585,Iceland,2020-03-05,0,Deaths,0.0,0.0
22586,Iceland,2020-03-06,0,Deaths,0.0,0.0
22587,Iceland,2020-03-07,0,Deaths,0.0,0.0
22588,Iceland,2020-03-08,0,Deaths,0.0,0.0
22589,Iceland,2020-03-09,0,Deaths,0.0,0.0
22590,Iceland,2020-03-10,0,Deaths,0.0,0.0
22591,Iceland,2020-03-11,0,Deaths,0.0,0.0
22592,Iceland,2020-03-12,0,Deaths,0.0,0.0
22593,Iceland,2020-03-13,0,Deaths,0.0,0.0
22594,Iceland,2020-03-14,0,Deaths,0.0,0.0
22595,Iceland,2020-03-15,5,Deaths,5.0,5.0
22596,Iceland,2020-03-16,0,Deaths,-5.0,0.0
22597,Iceland,2020-03-17,1,Deaths,1.0,1.0
22598,Iceland,2020-03-18,1,Deaths,0.0,1.0
22599,Iceland,2020-03-19,1,Deaths,0.0,1.0
22600,Iceland,2020-03-20,0,Deaths,-1.0,0.0
22601,Iceland,2020-03-21,1,Deaths,1.0,1.0
22602,Iceland,2020-03-22,1,Deaths,0.0,-4.0
22603,Iceland,2020-03-23,1,Deaths,0.0,1.0
22604,Iceland,2020-03-24,2,Deaths,1.0,1.0
22605,Iceland,2020-03-25,2,Deaths,0.0,1.0
22606,Iceland,2020-03-26,2,Deaths,0.0,1.0
22607,Iceland,2020-03-27,2,Deaths,0.0,2.0
22608,Iceland,2020-03-28,2,Deaths,0.0,1.0
22609,Iceland,2020-03-29,2,Deaths,0.0,1.0
22610,Iceland,2020-03-30,2,Deaths,0.0,1.0
22611,Iceland,2020-03-31,2,Deaths,0.0,0.0
22612,Iceland,2020-04-01,2,Deaths,0.0,0.0
22613,Iceland,2020-04-02,4,Deaths,2.0,2.0
22614,Iceland,2020-04-03,4,Deaths,0.0,2.0
22615,Iceland,2020-04-04,4,Deaths,0.0,2.0
22616,Iceland,2020-04-05,4,Deaths,0.0,2.0
22617,Iceland,2020-04-06,6,Deaths,2.0,4.0
22618,Iceland,2020-04-07,6,Deaths,0.0,4.0
22619,Iceland,2020-04-08,6,Deaths,0.0,4.0
22620,Iceland,2020-04-09,6,Deaths,0.0,2.0
22621,Iceland,2020-04-10,7,Deaths,1.0,3.0
22622,Iceland,2020-04-11,8,Deaths,1.0,4.0
22623,Iceland,2020-04-12,8,Deaths,0.0,4.0
22624,Iceland,2020-04-13,8,Deaths,0.0,2.0
22625,Iceland,2020-04-14,8,Deaths,0.0,2.0
22626,Iceland,2020-04-15,8,Deaths,0.0,2.0
22627,Iceland,2020-04-16,8,Deaths,0.0,2.0
22628,Iceland,2020-04-17,9,Deaths,1.0,2.0
22629,Iceland,2020-04-18,9,Deaths,0.0,1.0
22630,Iceland,2020-04-19,9,Deaths,0.0,1.0
22631,Iceland,2020-04-20,10,Deaths,1.0,2.0
22632,Iceland,2020-04-21,10,Deaths,0.0,2.0
22633,Iceland,2020-04-22,10,Deaths,0.0,2.0
22634,Iceland,2020-04-23,10,Deaths,0.0,2.0
22635,Iceland,2020-04-24,10,Deaths,0.0,1.0
22636,Iceland,2020-04-25,10,Deaths,0.0,1.0
22637,Iceland,2020-04-26,10,Deaths,0.0,1.0
22638,Iceland,2020-04-27,10,Deaths,0.0,0.0
22639,Iceland,2020-04-28,10,Deaths,0.0,0.0
22640,Iceland,2020-04-29,10,Deaths,0.0,0.0
22641,Iceland,2020-04-30,10,Deaths,0.0,0.0
22642,Iceland,2020-05-01,10,Deaths,0.0,0.0
22643,Iceland,2020-05-02,10,Deaths,0.0,0.0
22644,Iceland,2020-05-03,10,Deaths,0.0,0.0
22645,Iceland,2020-05-04,10,Deaths,0.0,0.0
22646,Iceland,2020-05-05,10,Deaths,0.0,0.0
22647,Iceland,2020-05-06,10,Deaths,0.0,0.0
22648,Iceland,2020-05-07,10,Deaths,0.0,0.0
22649,Iceland,2020-05-08,10,Deaths,0.0,0.0
22650,Iceland,2020-05-09,10,Deaths,0.0,0.0
22651,Iceland,2020-05-10,10,Deaths,0.0,0.0
22652,Iceland,2020-05-11,10,Deaths,0.0,0.0
22653,Iceland,2020-05-12,10,Deaths,0.0,0.0
22654,Iceland,2020-05-13,10,Deaths,0.0,0.0
22655,Iceland,2020-05-14,10,Deaths,0.0,0.0
22656,Iceland,2020-05-15,10,Deaths,0.0,0.0
22657,Iceland,2020-05-16,10,Deaths,0.0,0.0
22658,Iceland,2020-05-17,10,Deaths,0.0,0.0
22659,Iceland,2020-05-18,10,Deaths,0.0,0.0
22660,Iceland,2020-05-19,10,Deaths,0.0,0.0
22661,Iceland,2020-05-20,10,Deaths,0.0,0.0
22662,Iceland,2020-05-21,10,Deaths,0.0,0.0
22663,Iceland,2020-05-22,10,Deaths,0.0,0.0
22664,Iceland,2020-05-23,10,Deaths,0.0,0.0
22665,Iceland,2020-05-24,10,Deaths,0.0,0.0
22666,Iceland,2020-05-25,10,Deaths,0.0,0.0
22667,Iceland,2020-05-26,10,Deaths,0.0,0.0
22668,Iceland,2020-05-27,10,Deaths,0.0,0.0
22669,Iceland,2020-05-28,10,Deaths,0.0,0.0
22670,Iceland,2020-05-29,10,Deaths,0.0,0.0
22671,Iceland,2020-05-30,10,Deaths,0.0,0.0
22672,Iceland,2020-05-31,10,Deaths,0.0,0.0
22673,Iceland,2020-06-01,10,Deaths,0.0,0.0
22674,Iceland,2020-06-02,10,Deaths,0.0,0.0
22675,Iceland,2020-06-03,10,Deaths,0.0,0.0
22676,Iceland,2020-06-04,10,Deaths,0.0,0.0
22677,Iceland,2020-06-05,10,Deaths,0.0,0.0
22678,Iceland,2020-06-06,10,Deaths,0.0,0.0
22679,Iceland,2020-06-07,10,Deaths,0.0,0.0
22680,Iceland,2020-06-08,10,Deaths,0.0,0.0
22681,Iceland,2020-06-09,10,Deaths,0.0,0.0
22682,Iceland,2020-06-10,10,Deaths,0.0,0.0
22683,Iceland,2020-06-11,10,Deaths,0.0,0.0
22684,Iceland,2020-06-12,10,Deaths,0.0,0.0
22685,Iceland,2020-06-13,10,Deaths,0.0,0.0
22686,Iceland,2020-06-14,10,Deaths,0.0,0.0
22687,Iceland,2020-06-15,10,Deaths,0.0,0.0
22688,Iceland,2020-06-16,10,Deaths,0.0,0.0
22689,Iceland,2020-06-17,10,Deaths,0.0,0.0
22690,Iceland,2020-06-18,10,Deaths,0.0,0.0
22691,Iceland,2020-06-19,10,Deaths,0.0,0.0
22692,Iceland,2020-06-20,10,Deaths,0.0,0.0
22693,Iceland,2020-06-21,10,Deaths,0.0,0.0
22694,Iceland,2020-06-22,10,Deaths,0.0,0.0
22695,Iceland,2020-06-23,10,Deaths,0.0,0.0
22696,Iceland,2020-06-24,10,Deaths,0.0,0.0
22697,Iceland,2020-06-25,10,Deaths,0.0,0.0
22698,Iceland,2020-06-26,10,Deaths,0.0,0.0
22699,Iceland,2020-06-27,10,Deaths,0.0,0.0
22700,Iceland,2020-06-28,10,Deaths,0.0,0.0
22701,Iceland,2020-06-29,10,Deaths,0.0,0.0
22702,Iceland,2020-06-30,10,Deaths,0.0,0.0
22703,Iceland,2020-07-01,10,Deaths,0.0,0.0
22704,Iceland,2020-07-02,10,Deaths,0.0,0.0
22705,Iceland,2020-07-03,10,Deaths,0.0,0.0
22706,Iceland,2020-07-04,10,Deaths,0.0,0.0
22707,Iceland,2020-07-05,10,Deaths,0.0,0.0
22708,Iceland,2020-07-06,10,Deaths,0.0,0.0
22709,Iceland,2020-07-07,10,Deaths,0.0,0.0
22710,Iceland,2020-07-08,10,Deaths,0.0,0.0
22711,Iceland,2020-07-09,10,Deaths,0.0,0.0
22712,Iceland,2020-07-10,10,Deaths,0.0,0.0
22713,Iceland,2020-07-11,10,Deaths,0.0,0.0
22714,Iceland,2020-07-12,10,Deaths,0.0,0.0
22715,Iceland,2020-07-13,10,Deaths,0.0,0.0
22716,Iceland,2020-07-14,10,Deaths,0.0,0.0
22717,Iceland,2020-07-15,10,Deaths,0.0,0.0
22718,Iceland,2020-07-16,10,Deaths,0.0,0.0
22719,Iceland,2020-07-17,10,Deaths,0.0,0.0
22720,Iceland,2020-07-18,10,Deaths,0.0,0.0
22721,Iceland,2020-07-19,10,Deaths,0.0,0.0
22722,Iceland,2020-07-20,10,Deaths,0.0,0.0
22723,Iceland,2020-07-21,10,Deaths,0.0,0.0
22724,Iceland,2020-07-22,10,Deaths,0.0,0.0
22725,Iceland,2020-07-23,10,Deaths,0.0,0.0
22726,Iceland,2020-07-24,10,Deaths,0.0,0.0
22727,Iceland,2020-07-25,10,Deaths,0.0,0.0
22728,Iceland,2020-07-26,10,Deaths,0.0,0.0
22729,Iceland,2020-07-27,10,Deaths,0.0,0.0
22730,Iceland,2020-07-28,10,Deaths,0.0,0.0
22731,Iceland,2020-07-29,10,Deaths,0.0,0.0
22732,Iceland,2020-07-30,10,Deaths,0.0,0.0
22733,Iceland,2020-07-31,10,Deaths,0.0,0.0
22734,Iceland,2020-08-01,10,Deaths,0.0,0.0
22735,Iceland,2020-08-02,10,Deaths,0.0,0.0
22736,Iceland,2020-08-03,10,Deaths,0.0,0.0
22737,Iceland,2020-08-04,10,Deaths,0.0,0.0
22738,Iceland,2020-08-05,10,Deaths,0.0,0.0
22739,Iceland,2020-08-06,10,Deaths,0.0,0.0
22740,Iceland,2020-08-07,10,Deaths,0.0,0.0
22741,Iceland,2020-08-08,10,Deaths,0.0,0.0
22742,Iceland,2020-08-09,10,Deaths,0.0,0.0
22743,Iceland,2020-08-10,10,Deaths,0.0,0.0
22744,Iceland,2020-08-11,10,Deaths,0.0,0.0
22745,Iceland,2020-08-12,10,Deaths,0.0,0.0
22746,Iceland,2020-08-13,10,Deaths,0.0,0.0
22747,Iceland,2020-08-14,10,Deaths,0.0,0.0
22748,Iceland,2020-08-15,10,Deaths,0.0,0.0
22749,Iceland,2020-08-16,10,Deaths,0.0,0.0
22750,Iceland,2020-08-17,10,Deaths,0.0,0.0
22751,Iceland,2020-08-18,10,Deaths,0.0,0.0
22752,Iceland,2020-08-19,10,Deaths,0.0,0.0
22753,Iceland,2020-08-20,10,Deaths,0.0,0.0
22754,Iceland,2020-08-21,10,Deaths,0.0,0.0
22755,Iceland,2020-08-22,10,Deaths,0.0,0.0
22756,Iceland,2020-08-23,10,Deaths,0.0,0.0
22757,Iceland,2020-08-24,10,Deaths,0.0,0.0
22758,Iceland,2020-08-25,10,Deaths,0.0,0.0
22759,Iceland,2020-08-26,10,Deaths,0.0,0.0
22760,Iceland,2020-08-27,10,Deaths,0.0,0.0
22761,Iceland,2020-08-28,10,Deaths,0.0,0.0
22762,Iceland,2020-08-29,10,Deaths,0.0,0.0
22763,Iceland,2020-08-30,10,Deaths,0.0,0.0
22764,Iceland,2020-08-31,10,Deaths,0.0,0.0
22765,Iceland,2020-09-01,10,Deaths,0.0,0.0
22766,Iceland,2020-09-02,10,Deaths,0.0,0.0
22767,Iceland,2020-09-03,10,Deaths,0.0,0.0
22768,Iceland,2020-09-04,10,Deaths,0.0,0.0
22769,Iceland,2020-09-05,10,Deaths,0.0,0.0
22770,Iceland,2020-09-06,10,Deaths,0.0,0.0
22771,Iceland,2020-09-07,10,Deaths,0.0,0.0
22772,Iceland,2020-09-08,10,Deaths,0.0,0.0
22773,Iceland,2020-09-09,10,Deaths,0.0,0.0
22774,Iceland,2020-09-10,10,Deaths,0.0,0.0
22775,Iceland,2020-09-11,10,Deaths,0.0,0.0
22776,Iceland,2020-09-12,10,Deaths,0.0,0.0
22777,Iceland,2020-09-13,10,Deaths,0.0,0.0
22778,Iceland,2020-09-14,10,Deaths,0.0,0.0
22779,Iceland,2020-09-15,10,Deaths,0.0,0.0
22780,Iceland,2020-09-16,10,Deaths,0.0,0.0
22781,Iceland,2020-09-17,10,Deaths,0.0,0.0
22782,Iceland,2020-09-18,10,Deaths,0.0,0.0
22783,Iceland,2020-09-19,10,Deaths,0.0,0.0
22784,Iceland,2020-09-20,10,Deaths,0.0,0.0
22785,Iceland,2020-09-21,10,Deaths,0.0,0.0
22786,Iceland,2020-09-22,10,Deaths,0.0,0.0
22787,Iceland,2020-09-23,10,Deaths,0.0,0.0
22788,Iceland,2020-09-24,10,Deaths,0.0,0.0
22789,Iceland,2020-09-25,10,Deaths,0.0,0.0
22790,Iceland,2020-09-26,10,Deaths,0.0,0.0
22791,Iceland,2020-09-27,10,Deaths,0.0,0.0
22792,Iceland,2020-09-28,10,Deaths,0.0,0.0
22793,Iceland,2020-09-29,10,Deaths,0.0,0.0
22794,Iceland,2020-09-30,10,Deaths,0.0,0.0
22795,Iceland,2020-10-01,10,Deaths,0.0,0.0
22796,Iceland,2020-10-02,10,Deaths,0.0,0.0
22797,Iceland,2020-10-03,10,Deaths,0.0,0.0
22798,Iceland,2020-10-04,10,Deaths,0.0,0.0
22799,Iceland,2020-10-05,10,Deaths,0.0,0.0
22800,Iceland,2020-10-06,10,Deaths,0.0,0.0
22801,Iceland,2020-10-07,10,Deaths,0.0,0.0
22802,Iceland,2020-10-08,10,Deaths,0.0,0.0
22803,Iceland,2020-10-09,10,Deaths,0.0,0.0
22804,Iceland,2020-10-10,10,Deaths,0.0,0.0
22805,Iceland,2020-10-11,10,Deaths,0.0,0.0
22806,Iceland,2020-10-12,10,Deaths,0.0,0.0
22807,Iceland,2020-10-13,10,Deaths,0.0,0.0
22808,Iceland,2020-10-14,10,Deaths,0.0,0.0
22809,Iceland,2020-10-15,10,Deaths,0.0,0.0
22810,Iceland,2020-10-16,11,Deaths,1.0,1.0
22811,Iceland,2020-10-17,11,Deaths,0.0,1.0
22812,Iceland,2020-10-18,11,Deaths,0.0,1.0
22813,Iceland,2020-10-19,11,Deaths,0.0,1.0
22814,Iceland,2020-10-20,11,Deaths,0.0,1.0
22815,Iceland,2020-10-21,11,Deaths,0.0,1.0
22816,Iceland,2020-10-22,11,Deaths,0.0,1.0
22817,Iceland,2020-10-23,11,Deaths,0.0,0.0
22818,Iceland,2020-10-24,11,Deaths,0.0,0.0
22819,Iceland,2020-10-25,11,Deaths,0.0,0.0
22820,Iceland,2020-10-26,11,Deaths,0.0,0.0
22821,Iceland,2020-10-27,11,Deaths,0.0,0.0
22822,Iceland,2020-10-28,12,Deaths,1.0,1.0
22823,Iceland,2020-10-29,12,Deaths,0.0,1.0
22824,Iceland,2020-10-30,12,Deaths,0.0,1.0
22825,Iceland,2020-10-31,12,Deaths,0.0,1.0
22826,Iceland,2020-11-01,12,Deaths,0.0,1.0
22827,Iceland,2020-11-02,12,Deaths,0.0,1.0
22828,Iceland,2020-11-03,17,Deaths,5.0,6.0
22829,Iceland,2020-11-04,17,Deaths,0.0,5.0
22830,Iceland,2020-11-05,18,Deaths,1.0,6.0
22831,India,2020-01-22,0,Deaths,,
22832,India,2020-01-23,0,Deaths,0.0,
22833,India,2020-01-24,0,Deaths,0.0,
22834,India,2020-01-25,0,Deaths,0.0,
22835,India,2020-01-26,0,Deaths,0.0,
22836,India,2020-01-27,0,Deaths,0.0,
22837,India,2020-01-28,0,Deaths,0.0,
22838,India,2020-01-29,0,Deaths,0.0,0.0
22839,India,2020-01-30,0,Deaths,0.0,0.0
22840,India,2020-01-31,0,Deaths,0.0,0.0
22841,India,2020-02-01,0,Deaths,0.0,0.0
22842,India,2020-02-02,0,Deaths,0.0,0.0
22843,India,2020-02-03,0,Deaths,0.0,0.0
22844,India,2020-02-04,0,Deaths,0.0,0.0
22845,India,2020-02-05,0,Deaths,0.0,0.0
22846,India,2020-02-06,0,Deaths,0.0,0.0
22847,India,2020-02-07,0,Deaths,0.0,0.0
22848,India,2020-02-08,0,Deaths,0.0,0.0
22849,India,2020-02-09,0,Deaths,0.0,0.0
22850,India,2020-02-10,0,Deaths,0.0,0.0
22851,India,2020-02-11,0,Deaths,0.0,0.0
22852,India,2020-02-12,0,Deaths,0.0,0.0
22853,India,2020-02-13,0,Deaths,0.0,0.0
22854,India,2020-02-14,0,Deaths,0.0,0.0
22855,India,2020-02-15,0,Deaths,0.0,0.0
22856,India,2020-02-16,0,Deaths,0.0,0.0
22857,India,2020-02-17,0,Deaths,0.0,0.0
22858,India,2020-02-18,0,Deaths,0.0,0.0
22859,India,2020-02-19,0,Deaths,0.0,0.0
22860,India,2020-02-20,0,Deaths,0.0,0.0
22861,India,2020-02-21,0,Deaths,0.0,0.0
22862,India,2020-02-22,0,Deaths,0.0,0.0
22863,India,2020-02-23,0,Deaths,0.0,0.0
22864,India,2020-02-24,0,Deaths,0.0,0.0
22865,India,2020-02-25,0,Deaths,0.0,0.0
22866,India,2020-02-26,0,Deaths,0.0,0.0
22867,India,2020-02-27,0,Deaths,0.0,0.0
22868,India,2020-02-28,0,Deaths,0.0,0.0
22869,India,2020-02-29,0,Deaths,0.0,0.0
22870,India,2020-03-01,0,Deaths,0.0,0.0
22871,India,2020-03-02,0,Deaths,0.0,0.0
22872,India,2020-03-03,0,Deaths,0.0,0.0
22873,India,2020-03-04,0,Deaths,0.0,0.0
22874,India,2020-03-05,0,Deaths,0.0,0.0
22875,India,2020-03-06,0,Deaths,0.0,0.0
22876,India,2020-03-07,0,Deaths,0.0,0.0
22877,India,2020-03-08,0,Deaths,0.0,0.0
22878,India,2020-03-09,0,Deaths,0.0,0.0
22879,India,2020-03-10,0,Deaths,0.0,0.0
22880,India,2020-03-11,1,Deaths,1.0,1.0
22881,India,2020-03-12,1,Deaths,0.0,1.0
22882,India,2020-03-13,2,Deaths,1.0,2.0
22883,India,2020-03-14,2,Deaths,0.0,2.0
22884,India,2020-03-15,2,Deaths,0.0,2.0
22885,India,2020-03-16,2,Deaths,0.0,2.0
22886,India,2020-03-17,3,Deaths,1.0,3.0
22887,India,2020-03-18,3,Deaths,0.0,2.0
22888,India,2020-03-19,4,Deaths,1.0,3.0
22889,India,2020-03-20,5,Deaths,1.0,3.0
22890,India,2020-03-21,4,Deaths,-1.0,2.0
22891,India,2020-03-22,7,Deaths,3.0,5.0
22892,India,2020-03-23,10,Deaths,3.0,8.0
22893,India,2020-03-24,10,Deaths,0.0,7.0
22894,India,2020-03-25,12,Deaths,2.0,9.0
22895,India,2020-03-26,20,Deaths,8.0,16.0
22896,India,2020-03-27,20,Deaths,0.0,15.0
22897,India,2020-03-28,24,Deaths,4.0,20.0
22898,India,2020-03-29,27,Deaths,3.0,20.0
22899,India,2020-03-30,32,Deaths,5.0,22.0
22900,India,2020-03-31,35,Deaths,3.0,25.0
22901,India,2020-04-01,58,Deaths,23.0,46.0
22902,India,2020-04-02,72,Deaths,14.0,52.0
22903,India,2020-04-03,72,Deaths,0.0,52.0
22904,India,2020-04-04,86,Deaths,14.0,62.0
22905,India,2020-04-05,99,Deaths,13.0,72.0
22906,India,2020-04-06,136,Deaths,37.0,104.0
22907,India,2020-04-07,150,Deaths,14.0,115.0
22908,India,2020-04-08,178,Deaths,28.0,120.0
22909,India,2020-04-09,226,Deaths,48.0,154.0
22910,India,2020-04-10,246,Deaths,20.0,174.0
22911,India,2020-04-11,288,Deaths,42.0,202.0
22912,India,2020-04-12,331,Deaths,43.0,232.0
22913,India,2020-04-13,358,Deaths,27.0,222.0
22914,India,2020-04-14,393,Deaths,35.0,243.0
22915,India,2020-04-15,405,Deaths,12.0,227.0
22916,India,2020-04-16,448,Deaths,43.0,222.0
22917,India,2020-04-17,486,Deaths,38.0,240.0
22918,India,2020-04-18,521,Deaths,35.0,233.0
22919,India,2020-04-19,559,Deaths,38.0,228.0
22920,India,2020-04-20,592,Deaths,33.0,234.0
22921,India,2020-04-21,645,Deaths,53.0,252.0
22922,India,2020-04-22,681,Deaths,36.0,276.0
22923,India,2020-04-23,721,Deaths,40.0,273.0
22924,India,2020-04-24,780,Deaths,59.0,294.0
22925,India,2020-04-25,825,Deaths,45.0,304.0
22926,India,2020-04-26,881,Deaths,56.0,322.0
22927,India,2020-04-27,939,Deaths,58.0,347.0
22928,India,2020-04-28,1008,Deaths,69.0,363.0
22929,India,2020-04-29,1079,Deaths,71.0,398.0
22930,India,2020-04-30,1154,Deaths,75.0,433.0
22931,India,2020-05-01,1223,Deaths,69.0,443.0
22932,India,2020-05-02,1323,Deaths,100.0,498.0
22933,India,2020-05-03,1391,Deaths,68.0,510.0
22934,India,2020-05-04,1566,Deaths,175.0,627.0
22935,India,2020-05-05,1693,Deaths,127.0,685.0
22936,India,2020-05-06,1785,Deaths,92.0,706.0
22937,India,2020-05-07,1889,Deaths,104.0,735.0
22938,India,2020-05-08,1985,Deaths,96.0,762.0
22939,India,2020-05-09,2101,Deaths,116.0,778.0
22940,India,2020-05-10,2212,Deaths,111.0,821.0
22941,India,2020-05-11,2294,Deaths,82.0,728.0
22942,India,2020-05-12,2415,Deaths,121.0,722.0
22943,India,2020-05-13,2551,Deaths,136.0,766.0
22944,India,2020-05-14,2649,Deaths,98.0,760.0
22945,India,2020-05-15,2753,Deaths,104.0,768.0
22946,India,2020-05-16,2871,Deaths,118.0,770.0
22947,India,2020-05-17,3025,Deaths,154.0,813.0
22948,India,2020-05-18,3156,Deaths,131.0,862.0
22949,India,2020-05-19,3302,Deaths,146.0,887.0
22950,India,2020-05-20,3434,Deaths,132.0,883.0
22951,India,2020-05-21,3584,Deaths,150.0,935.0
22952,India,2020-05-22,3726,Deaths,142.0,973.0
22953,India,2020-05-23,3868,Deaths,142.0,997.0
22954,India,2020-05-24,4024,Deaths,156.0,999.0
22955,India,2020-05-25,4172,Deaths,148.0,1016.0
22956,India,2020-05-26,4344,Deaths,172.0,1042.0
22957,India,2020-05-27,4534,Deaths,190.0,1100.0
22958,India,2020-05-28,4711,Deaths,177.0,1127.0
22959,India,2020-05-29,4980,Deaths,269.0,1254.0
22960,India,2020-05-30,5185,Deaths,205.0,1317.0
22961,India,2020-05-31,5408,Deaths,223.0,1384.0
22962,India,2020-06-01,5608,Deaths,200.0,1436.0
22963,India,2020-06-02,5829,Deaths,221.0,1485.0
22964,India,2020-06-03,6088,Deaths,259.0,1554.0
22965,India,2020-06-04,6363,Deaths,275.0,1652.0
22966,India,2020-06-05,6649,Deaths,286.0,1669.0
22967,India,2020-06-06,6946,Deaths,297.0,1761.0
22968,India,2020-06-07,7207,Deaths,261.0,1799.0
22969,India,2020-06-08,7473,Deaths,266.0,1865.0
22970,India,2020-06-09,7750,Deaths,277.0,1921.0
22971,India,2020-06-10,8102,Deaths,352.0,2014.0
22972,India,2020-06-11,8498,Deaths,396.0,2135.0
22973,India,2020-06-12,8884,Deaths,386.0,2235.0
22974,India,2020-06-13,9195,Deaths,311.0,2249.0
22975,India,2020-06-14,9520,Deaths,325.0,2313.0
22976,India,2020-06-15,9900,Deaths,380.0,2427.0
22977,India,2020-06-16,11903,Deaths,2003.0,4153.0
22978,India,2020-06-17,12237,Deaths,334.0,4135.0
22979,India,2020-06-18,12573,Deaths,336.0,4075.0
22980,India,2020-06-19,12948,Deaths,375.0,4064.0
22981,India,2020-06-20,13254,Deaths,306.0,4059.0
22982,India,2020-06-21,13699,Deaths,445.0,4179.0
22983,India,2020-06-22,14011,Deaths,312.0,4111.0
22984,India,2020-06-23,14476,Deaths,465.0,2573.0
22985,India,2020-06-24,14894,Deaths,418.0,2657.0
22986,India,2020-06-25,15301,Deaths,407.0,2728.0
22987,India,2020-06-26,15685,Deaths,384.0,2737.0
22988,India,2020-06-27,16095,Deaths,410.0,2841.0
22989,India,2020-06-28,16475,Deaths,380.0,2776.0
22990,India,2020-06-29,16893,Deaths,418.0,2882.0
22991,India,2020-06-30,17400,Deaths,507.0,2924.0
22992,India,2020-07-01,17834,Deaths,434.0,2940.0
22993,India,2020-07-02,18213,Deaths,379.0,2912.0
22994,India,2020-07-03,18655,Deaths,442.0,2970.0
22995,India,2020-07-04,19268,Deaths,613.0,3173.0
22996,India,2020-07-05,19693,Deaths,425.0,3218.0
22997,India,2020-07-06,20159,Deaths,466.0,3266.0
22998,India,2020-07-07,20642,Deaths,483.0,3242.0
22999,India,2020-07-08,21129,Deaths,487.0,3295.0
23000,India,2020-07-09,21604,Deaths,475.0,3391.0
23001,India,2020-07-10,22123,Deaths,519.0,3468.0
23002,India,2020-07-11,22673,Deaths,550.0,3405.0
23003,India,2020-07-12,23174,Deaths,501.0,3481.0
23004,India,2020-07-13,23727,Deaths,553.0,3568.0
23005,India,2020-07-14,24309,Deaths,582.0,3667.0
23006,India,2020-07-15,24914,Deaths,605.0,3785.0
23007,India,2020-07-16,25602,Deaths,688.0,3998.0
23008,India,2020-07-17,26273,Deaths,671.0,4150.0
23009,India,2020-07-18,26816,Deaths,543.0,4143.0
23010,India,2020-07-19,27497,Deaths,681.0,4323.0
23011,India,2020-07-20,28082,Deaths,585.0,4355.0
23012,India,2020-07-21,28732,Deaths,650.0,4423.0
23013,India,2020-07-22,29861,Deaths,1129.0,4947.0
23014,India,2020-07-23,30601,Deaths,740.0,4999.0
23015,India,2020-07-24,31358,Deaths,757.0,5085.0
23016,India,2020-07-25,32060,Deaths,702.0,5244.0
23017,India,2020-07-26,32771,Deaths,711.0,5274.0
23018,India,2020-07-27,33408,Deaths,637.0,5326.0
23019,India,2020-07-28,34193,Deaths,785.0,5461.0
23020,India,2020-07-29,34955,Deaths,762.0,5094.0
23021,India,2020-07-30,35718,Deaths,763.0,5117.0
23022,India,2020-07-31,36511,Deaths,793.0,5153.0
23023,India,2020-08-01,37364,Deaths,853.0,5304.0
23024,India,2020-08-02,38135,Deaths,771.0,5364.0
23025,India,2020-08-03,38938,Deaths,803.0,5530.0
23026,India,2020-08-04,39795,Deaths,857.0,5602.0
23027,India,2020-08-05,40699,Deaths,904.0,5744.0
23028,India,2020-08-06,41585,Deaths,886.0,5867.0
23029,India,2020-08-07,42518,Deaths,933.0,6007.0
23030,India,2020-08-08,43379,Deaths,861.0,6015.0
23031,India,2020-08-09,44386,Deaths,1007.0,6251.0
23032,India,2020-08-10,45257,Deaths,871.0,6319.0
23033,India,2020-08-11,46091,Deaths,834.0,6296.0
23034,India,2020-08-12,47033,Deaths,942.0,6334.0
23035,India,2020-08-13,48040,Deaths,1007.0,6455.0
23036,India,2020-08-14,49036,Deaths,996.0,6518.0
23037,India,2020-08-15,49980,Deaths,944.0,6601.0
23038,India,2020-08-16,50921,Deaths,941.0,6535.0
23039,India,2020-08-17,51797,Deaths,876.0,6540.0
23040,India,2020-08-18,52888,Deaths,1091.0,6797.0
23041,India,2020-08-19,53866,Deaths,978.0,6833.0
23042,India,2020-08-20,54849,Deaths,983.0,6809.0
23043,India,2020-08-21,55794,Deaths,945.0,6758.0
23044,India,2020-08-22,56706,Deaths,912.0,6726.0
23045,India,2020-08-23,57542,Deaths,836.0,6621.0
23046,India,2020-08-24,58390,Deaths,848.0,6593.0
23047,India,2020-08-25,59357,Deaths,967.0,6469.0
23048,India,2020-08-26,60472,Deaths,1115.0,6606.0
23049,India,2020-08-27,61529,Deaths,1057.0,6680.0
23050,India,2020-08-28,62550,Deaths,1021.0,6756.0
23051,India,2020-08-29,63498,Deaths,948.0,6792.0
23052,India,2020-08-30,64469,Deaths,971.0,6927.0
23053,India,2020-08-31,65288,Deaths,819.0,6898.0
23054,India,2020-09-01,66333,Deaths,1045.0,6976.0
23055,India,2020-09-02,67376,Deaths,1043.0,6904.0
23056,India,2020-09-03,68472,Deaths,1096.0,6943.0
23057,India,2020-09-04,69561,Deaths,1089.0,7011.0
23058,India,2020-09-05,70626,Deaths,1065.0,7128.0
23059,India,2020-09-06,71642,Deaths,1016.0,7173.0
23060,India,2020-09-07,72775,Deaths,1133.0,7487.0
23061,India,2020-09-08,73890,Deaths,1115.0,7557.0
23062,India,2020-09-09,75062,Deaths,1172.0,7686.0
23063,India,2020-09-10,76271,Deaths,1209.0,7799.0
23064,India,2020-09-11,77472,Deaths,1201.0,7911.0
23065,India,2020-09-12,78586,Deaths,1114.0,7960.0
23066,India,2020-09-13,79722,Deaths,1136.0,8080.0
23067,India,2020-09-14,80776,Deaths,1054.0,8001.0
23068,India,2020-09-15,82066,Deaths,1290.0,8176.0
23069,India,2020-09-16,83198,Deaths,1132.0,8136.0
23070,India,2020-09-17,84372,Deaths,1174.0,8101.0
23071,India,2020-09-18,85619,Deaths,1247.0,8147.0
23072,India,2020-09-19,86752,Deaths,1133.0,8166.0
23073,India,2020-09-20,87882,Deaths,1130.0,8160.0
23074,India,2020-09-21,88935,Deaths,1053.0,8159.0
23075,India,2020-09-22,90020,Deaths,1085.0,7954.0
23076,India,2020-09-23,91149,Deaths,1129.0,7951.0
23077,India,2020-09-24,92290,Deaths,1141.0,7918.0
23078,India,2020-09-25,93379,Deaths,1089.0,7760.0
23079,India,2020-09-26,94503,Deaths,1124.0,7751.0
23080,India,2020-09-27,95542,Deaths,1039.0,7660.0
23081,India,2020-09-28,96318,Deaths,776.0,7383.0
23082,India,2020-09-29,97497,Deaths,1179.0,7477.0
23083,India,2020-09-30,98678,Deaths,1181.0,7529.0
23084,India,2020-10-01,99773,Deaths,1095.0,7483.0
23085,India,2020-10-02,100842,Deaths,1069.0,7463.0
23086,India,2020-10-03,101782,Deaths,940.0,7279.0
23087,India,2020-10-04,102685,Deaths,903.0,7143.0
23088,India,2020-10-05,103569,Deaths,884.0,7251.0
23089,India,2020-10-06,104555,Deaths,986.0,7058.0
23090,India,2020-10-07,105526,Deaths,971.0,6848.0
23091,India,2020-10-08,106490,Deaths,964.0,6717.0
23092,India,2020-10-09,107416,Deaths,926.0,6574.0
23093,India,2020-10-10,108334,Deaths,918.0,6552.0
23094,India,2020-10-11,109150,Deaths,816.0,6465.0
23095,India,2020-10-12,109856,Deaths,706.0,6287.0
23096,India,2020-10-13,110586,Deaths,730.0,6031.0
23097,India,2020-10-14,111266,Deaths,680.0,5740.0
23098,India,2020-10-15,112161,Deaths,895.0,5671.0
23099,India,2020-10-16,112998,Deaths,837.0,5582.0
23100,India,2020-10-17,114031,Deaths,1033.0,5697.0
23101,India,2020-10-18,114610,Deaths,579.0,5460.0
23102,India,2020-10-19,115197,Deaths,587.0,5341.0
23103,India,2020-10-20,115914,Deaths,717.0,5328.0
23104,India,2020-10-21,116616,Deaths,702.0,5350.0
23105,India,2020-10-22,117306,Deaths,690.0,5145.0
23106,India,2020-10-23,117956,Deaths,650.0,4958.0
23107,India,2020-10-24,118534,Deaths,578.0,4503.0
23108,India,2020-10-25,119014,Deaths,480.0,4404.0
23109,India,2020-10-26,119502,Deaths,488.0,4305.0
23110,India,2020-10-27,120010,Deaths,508.0,4096.0
23111,India,2020-10-28,120527,Deaths,517.0,3911.0
23112,India,2020-10-29,121090,Deaths,563.0,3784.0
23113,India,2020-10-30,121641,Deaths,551.0,3685.0
23114,India,2020-10-31,122111,Deaths,470.0,3577.0
23115,India,2020-11-01,122607,Deaths,496.0,3593.0
23116,India,2020-11-02,123097,Deaths,490.0,3595.0
23117,India,2020-11-03,123611,Deaths,514.0,3601.0
23118,India,2020-11-04,124315,Deaths,704.0,3788.0
23119,India,2020-11-05,124985,Deaths,670.0,3895.0
23120,Indonesia,2020-01-22,0,Deaths,,
23121,Indonesia,2020-01-23,0,Deaths,0.0,
23122,Indonesia,2020-01-24,0,Deaths,0.0,
23123,Indonesia,2020-01-25,0,Deaths,0.0,
23124,Indonesia,2020-01-26,0,Deaths,0.0,
23125,Indonesia,2020-01-27,0,Deaths,0.0,
23126,Indonesia,2020-01-28,0,Deaths,0.0,
23127,Indonesia,2020-01-29,0,Deaths,0.0,0.0
23128,Indonesia,2020-01-30,0,Deaths,0.0,0.0
23129,Indonesia,2020-01-31,0,Deaths,0.0,0.0
23130,Indonesia,2020-02-01,0,Deaths,0.0,0.0
23131,Indonesia,2020-02-02,0,Deaths,0.0,0.0
23132,Indonesia,2020-02-03,0,Deaths,0.0,0.0
23133,Indonesia,2020-02-04,0,Deaths,0.0,0.0
23134,Indonesia,2020-02-05,0,Deaths,0.0,0.0
23135,Indonesia,2020-02-06,0,Deaths,0.0,0.0
23136,Indonesia,2020-02-07,0,Deaths,0.0,0.0
23137,Indonesia,2020-02-08,0,Deaths,0.0,0.0
23138,Indonesia,2020-02-09,0,Deaths,0.0,0.0
23139,Indonesia,2020-02-10,0,Deaths,0.0,0.0
23140,Indonesia,2020-02-11,0,Deaths,0.0,0.0
23141,Indonesia,2020-02-12,0,Deaths,0.0,0.0
23142,Indonesia,2020-02-13,0,Deaths,0.0,0.0
23143,Indonesia,2020-02-14,0,Deaths,0.0,0.0
23144,Indonesia,2020-02-15,0,Deaths,0.0,0.0
23145,Indonesia,2020-02-16,0,Deaths,0.0,0.0
23146,Indonesia,2020-02-17,0,Deaths,0.0,0.0
23147,Indonesia,2020-02-18,0,Deaths,0.0,0.0
23148,Indonesia,2020-02-19,0,Deaths,0.0,0.0
23149,Indonesia,2020-02-20,0,Deaths,0.0,0.0
23150,Indonesia,2020-02-21,0,Deaths,0.0,0.0
23151,Indonesia,2020-02-22,0,Deaths,0.0,0.0
23152,Indonesia,2020-02-23,0,Deaths,0.0,0.0
23153,Indonesia,2020-02-24,0,Deaths,0.0,0.0
23154,Indonesia,2020-02-25,0,Deaths,0.0,0.0
23155,Indonesia,2020-02-26,0,Deaths,0.0,0.0
23156,Indonesia,2020-02-27,0,Deaths,0.0,0.0
23157,Indonesia,2020-02-28,0,Deaths,0.0,0.0
23158,Indonesia,2020-02-29,0,Deaths,0.0,0.0
23159,Indonesia,2020-03-01,0,Deaths,0.0,0.0
23160,Indonesia,2020-03-02,0,Deaths,0.0,0.0
23161,Indonesia,2020-03-03,0,Deaths,0.0,0.0
23162,Indonesia,2020-03-04,0,Deaths,0.0,0.0
23163,Indonesia,2020-03-05,0,Deaths,0.0,0.0
23164,Indonesia,2020-03-06,0,Deaths,0.0,0.0
23165,Indonesia,2020-03-07,0,Deaths,0.0,0.0
23166,Indonesia,2020-03-08,0,Deaths,0.0,0.0
23167,Indonesia,2020-03-09,0,Deaths,0.0,0.0
23168,Indonesia,2020-03-10,0,Deaths,0.0,0.0
23169,Indonesia,2020-03-11,1,Deaths,1.0,1.0
23170,Indonesia,2020-03-12,1,Deaths,0.0,1.0
23171,Indonesia,2020-03-13,4,Deaths,3.0,4.0
23172,Indonesia,2020-03-14,5,Deaths,1.0,5.0
23173,Indonesia,2020-03-15,5,Deaths,0.0,5.0
23174,Indonesia,2020-03-16,5,Deaths,0.0,5.0
23175,Indonesia,2020-03-17,5,Deaths,0.0,5.0
23176,Indonesia,2020-03-18,19,Deaths,14.0,18.0
23177,Indonesia,2020-03-19,25,Deaths,6.0,24.0
23178,Indonesia,2020-03-20,32,Deaths,7.0,28.0
23179,Indonesia,2020-03-21,38,Deaths,6.0,33.0
23180,Indonesia,2020-03-22,48,Deaths,10.0,43.0
23181,Indonesia,2020-03-23,49,Deaths,1.0,44.0
23182,Indonesia,2020-03-24,55,Deaths,6.0,50.0
23183,Indonesia,2020-03-25,58,Deaths,3.0,39.0
23184,Indonesia,2020-03-26,78,Deaths,20.0,53.0
23185,Indonesia,2020-03-27,87,Deaths,9.0,55.0
23186,Indonesia,2020-03-28,102,Deaths,15.0,64.0
23187,Indonesia,2020-03-29,114,Deaths,12.0,66.0
23188,Indonesia,2020-03-30,122,Deaths,8.0,73.0
23189,Indonesia,2020-03-31,136,Deaths,14.0,81.0
23190,Indonesia,2020-04-01,157,Deaths,21.0,99.0
23191,Indonesia,2020-04-02,170,Deaths,13.0,92.0
23192,Indonesia,2020-04-03,181,Deaths,11.0,94.0
23193,Indonesia,2020-04-04,191,Deaths,10.0,89.0
23194,Indonesia,2020-04-05,198,Deaths,7.0,84.0
23195,Indonesia,2020-04-06,209,Deaths,11.0,87.0
23196,Indonesia,2020-04-07,221,Deaths,12.0,85.0
23197,Indonesia,2020-04-08,240,Deaths,19.0,83.0
23198,Indonesia,2020-04-09,280,Deaths,40.0,110.0
23199,Indonesia,2020-04-10,306,Deaths,26.0,125.0
23200,Indonesia,2020-04-11,327,Deaths,21.0,136.0
23201,Indonesia,2020-04-12,373,Deaths,46.0,175.0
23202,Indonesia,2020-04-13,399,Deaths,26.0,190.0
23203,Indonesia,2020-04-14,459,Deaths,60.0,238.0
23204,Indonesia,2020-04-15,469,Deaths,10.0,229.0
23205,Indonesia,2020-04-16,496,Deaths,27.0,216.0
23206,Indonesia,2020-04-17,520,Deaths,24.0,214.0
23207,Indonesia,2020-04-18,535,Deaths,15.0,208.0
23208,Indonesia,2020-04-19,582,Deaths,47.0,209.0
23209,Indonesia,2020-04-20,590,Deaths,8.0,191.0
23210,Indonesia,2020-04-21,616,Deaths,26.0,157.0
23211,Indonesia,2020-04-22,635,Deaths,19.0,166.0
23212,Indonesia,2020-04-23,647,Deaths,12.0,151.0
23213,Indonesia,2020-04-24,689,Deaths,42.0,169.0
23214,Indonesia,2020-04-25,720,Deaths,31.0,185.0
23215,Indonesia,2020-04-26,743,Deaths,23.0,161.0
23216,Indonesia,2020-04-27,765,Deaths,22.0,175.0
23217,Indonesia,2020-04-28,773,Deaths,8.0,157.0
23218,Indonesia,2020-04-29,784,Deaths,11.0,149.0
23219,Indonesia,2020-04-30,792,Deaths,8.0,145.0
23220,Indonesia,2020-05-01,800,Deaths,8.0,111.0
23221,Indonesia,2020-05-02,831,Deaths,31.0,111.0
23222,Indonesia,2020-05-03,845,Deaths,14.0,102.0
23223,Indonesia,2020-05-04,864,Deaths,19.0,99.0
23224,Indonesia,2020-05-05,872,Deaths,8.0,99.0
23225,Indonesia,2020-05-06,895,Deaths,23.0,111.0
23226,Indonesia,2020-05-07,930,Deaths,35.0,138.0
23227,Indonesia,2020-05-08,943,Deaths,13.0,143.0
23228,Indonesia,2020-05-09,959,Deaths,16.0,128.0
23229,Indonesia,2020-05-10,973,Deaths,14.0,128.0
23230,Indonesia,2020-05-11,991,Deaths,18.0,127.0
23231,Indonesia,2020-05-12,1007,Deaths,16.0,135.0
23232,Indonesia,2020-05-13,1028,Deaths,21.0,133.0
23233,Indonesia,2020-05-14,1043,Deaths,15.0,113.0
23234,Indonesia,2020-05-15,1076,Deaths,33.0,133.0
23235,Indonesia,2020-05-16,1089,Deaths,13.0,130.0
23236,Indonesia,2020-05-17,1148,Deaths,59.0,175.0
23237,Indonesia,2020-05-18,1191,Deaths,43.0,200.0
23238,Indonesia,2020-05-19,1221,Deaths,30.0,214.0
23239,Indonesia,2020-05-20,1242,Deaths,21.0,214.0
23240,Indonesia,2020-05-21,1278,Deaths,36.0,235.0
23241,Indonesia,2020-05-22,1326,Deaths,48.0,250.0
23242,Indonesia,2020-05-23,1351,Deaths,25.0,262.0
23243,Indonesia,2020-05-24,1372,Deaths,21.0,224.0
23244,Indonesia,2020-05-25,1391,Deaths,19.0,200.0
23245,Indonesia,2020-05-26,1418,Deaths,27.0,197.0
23246,Indonesia,2020-05-27,1473,Deaths,55.0,231.0
23247,Indonesia,2020-05-28,1496,Deaths,23.0,218.0
23248,Indonesia,2020-05-29,1520,Deaths,24.0,194.0
23249,Indonesia,2020-05-30,1573,Deaths,53.0,222.0
23250,Indonesia,2020-05-31,1613,Deaths,40.0,241.0
23251,Indonesia,2020-06-01,1641,Deaths,28.0,250.0
23252,Indonesia,2020-06-02,1663,Deaths,22.0,245.0
23253,Indonesia,2020-06-03,1698,Deaths,35.0,225.0
23254,Indonesia,2020-06-04,1721,Deaths,23.0,225.0
23255,Indonesia,2020-06-05,1770,Deaths,49.0,250.0
23256,Indonesia,2020-06-06,1801,Deaths,31.0,228.0
23257,Indonesia,2020-06-07,1851,Deaths,50.0,238.0
23258,Indonesia,2020-06-08,1883,Deaths,32.0,242.0
23259,Indonesia,2020-06-09,1923,Deaths,40.0,260.0
23260,Indonesia,2020-06-10,1959,Deaths,36.0,261.0
23261,Indonesia,2020-06-11,2000,Deaths,41.0,279.0
23262,Indonesia,2020-06-12,2048,Deaths,48.0,278.0
23263,Indonesia,2020-06-13,2091,Deaths,43.0,290.0
23264,Indonesia,2020-06-14,2134,Deaths,43.0,283.0
23265,Indonesia,2020-06-15,2198,Deaths,64.0,315.0
23266,Indonesia,2020-06-16,2231,Deaths,33.0,308.0
23267,Indonesia,2020-06-17,2276,Deaths,45.0,317.0
23268,Indonesia,2020-06-18,2339,Deaths,63.0,339.0
23269,Indonesia,2020-06-19,2373,Deaths,34.0,325.0
23270,Indonesia,2020-06-20,2429,Deaths,56.0,338.0
23271,Indonesia,2020-06-21,2465,Deaths,36.0,331.0
23272,Indonesia,2020-06-22,2500,Deaths,35.0,302.0
23273,Indonesia,2020-06-23,2535,Deaths,35.0,304.0
23274,Indonesia,2020-06-24,2573,Deaths,38.0,297.0
23275,Indonesia,2020-06-25,2620,Deaths,47.0,281.0
23276,Indonesia,2020-06-26,2683,Deaths,63.0,310.0
23277,Indonesia,2020-06-27,2720,Deaths,37.0,291.0
23278,Indonesia,2020-06-28,2754,Deaths,34.0,289.0
23279,Indonesia,2020-06-29,2805,Deaths,51.0,305.0
23280,Indonesia,2020-06-30,2876,Deaths,71.0,341.0
23281,Indonesia,2020-07-01,2934,Deaths,58.0,361.0
23282,Indonesia,2020-07-02,2987,Deaths,53.0,367.0
23283,Indonesia,2020-07-03,3036,Deaths,49.0,353.0
23284,Indonesia,2020-07-04,3089,Deaths,53.0,369.0
23285,Indonesia,2020-07-05,3171,Deaths,82.0,417.0
23286,Indonesia,2020-07-06,3241,Deaths,70.0,436.0
23287,Indonesia,2020-07-07,3309,Deaths,68.0,433.0
23288,Indonesia,2020-07-08,3359,Deaths,50.0,425.0
23289,Indonesia,2020-07-09,3417,Deaths,58.0,430.0
23290,Indonesia,2020-07-10,3469,Deaths,52.0,433.0
23291,Indonesia,2020-07-11,3535,Deaths,66.0,446.0
23292,Indonesia,2020-07-12,3606,Deaths,71.0,435.0
23293,Indonesia,2020-07-13,3656,Deaths,50.0,415.0
23294,Indonesia,2020-07-14,3710,Deaths,54.0,401.0
23295,Indonesia,2020-07-15,3797,Deaths,87.0,438.0
23296,Indonesia,2020-07-16,3873,Deaths,76.0,456.0
23297,Indonesia,2020-07-17,3957,Deaths,84.0,488.0
23298,Indonesia,2020-07-18,4016,Deaths,59.0,481.0
23299,Indonesia,2020-07-19,4143,Deaths,127.0,537.0
23300,Indonesia,2020-07-20,4239,Deaths,96.0,583.0
23301,Indonesia,2020-07-21,4320,Deaths,81.0,610.0
23302,Indonesia,2020-07-22,4459,Deaths,139.0,662.0
23303,Indonesia,2020-07-23,4576,Deaths,117.0,703.0
23304,Indonesia,2020-07-24,4665,Deaths,89.0,708.0
23305,Indonesia,2020-07-25,4714,Deaths,49.0,698.0
23306,Indonesia,2020-07-26,4781,Deaths,67.0,638.0
23307,Indonesia,2020-07-27,4838,Deaths,57.0,599.0
23308,Indonesia,2020-07-28,4901,Deaths,63.0,581.0
23309,Indonesia,2020-07-29,4975,Deaths,74.0,516.0
23310,Indonesia,2020-07-30,5058,Deaths,83.0,482.0
23311,Indonesia,2020-07-31,5131,Deaths,73.0,466.0
23312,Indonesia,2020-08-01,5193,Deaths,62.0,479.0
23313,Indonesia,2020-08-02,5236,Deaths,43.0,455.0
23314,Indonesia,2020-08-03,5302,Deaths,66.0,464.0
23315,Indonesia,2020-08-04,5388,Deaths,86.0,487.0
23316,Indonesia,2020-08-05,5452,Deaths,64.0,477.0
23317,Indonesia,2020-08-06,5521,Deaths,69.0,463.0
23318,Indonesia,2020-08-07,5593,Deaths,72.0,462.0
23319,Indonesia,2020-08-08,5658,Deaths,65.0,465.0
23320,Indonesia,2020-08-09,5723,Deaths,65.0,487.0
23321,Indonesia,2020-08-10,5765,Deaths,42.0,463.0
23322,Indonesia,2020-08-11,5824,Deaths,59.0,436.0
23323,Indonesia,2020-08-12,5903,Deaths,79.0,451.0
23324,Indonesia,2020-08-13,5968,Deaths,65.0,447.0
23325,Indonesia,2020-08-14,6021,Deaths,53.0,428.0
23326,Indonesia,2020-08-15,6071,Deaths,50.0,413.0
23327,Indonesia,2020-08-16,6150,Deaths,79.0,427.0
23328,Indonesia,2020-08-17,6207,Deaths,57.0,442.0
23329,Indonesia,2020-08-18,6277,Deaths,70.0,453.0
23330,Indonesia,2020-08-19,6346,Deaths,69.0,443.0
23331,Indonesia,2020-08-20,6418,Deaths,72.0,450.0
23332,Indonesia,2020-08-21,6500,Deaths,82.0,479.0
23333,Indonesia,2020-08-22,6594,Deaths,94.0,523.0
23334,Indonesia,2020-08-23,6680,Deaths,86.0,530.0
23335,Indonesia,2020-08-24,6759,Deaths,79.0,552.0
23336,Indonesia,2020-08-25,6858,Deaths,99.0,581.0
23337,Indonesia,2020-08-26,6944,Deaths,86.0,598.0
23338,Indonesia,2020-08-27,7064,Deaths,120.0,646.0
23339,Indonesia,2020-08-28,7169,Deaths,105.0,669.0
23340,Indonesia,2020-08-29,7261,Deaths,92.0,667.0
23341,Indonesia,2020-08-30,7343,Deaths,82.0,663.0
23342,Indonesia,2020-08-31,7417,Deaths,74.0,658.0
23343,Indonesia,2020-09-01,7505,Deaths,88.0,647.0
23344,Indonesia,2020-09-02,7616,Deaths,111.0,672.0
23345,Indonesia,2020-09-03,7750,Deaths,134.0,686.0
23346,Indonesia,2020-09-04,7832,Deaths,82.0,663.0
23347,Indonesia,2020-09-05,7940,Deaths,108.0,679.0
23348,Indonesia,2020-09-06,8025,Deaths,85.0,682.0
23349,Indonesia,2020-09-07,8130,Deaths,105.0,713.0
23350,Indonesia,2020-09-08,8230,Deaths,100.0,725.0
23351,Indonesia,2020-09-09,8336,Deaths,106.0,720.0
23352,Indonesia,2020-09-10,8456,Deaths,120.0,706.0
23353,Indonesia,2020-09-11,8544,Deaths,88.0,712.0
23354,Indonesia,2020-09-12,8650,Deaths,106.0,710.0
23355,Indonesia,2020-09-13,8723,Deaths,73.0,698.0
23356,Indonesia,2020-09-14,8841,Deaths,118.0,711.0
23357,Indonesia,2020-09-15,8965,Deaths,124.0,735.0
23358,Indonesia,2020-09-16,9100,Deaths,135.0,764.0
23359,Indonesia,2020-09-17,9222,Deaths,122.0,766.0
23360,Indonesia,2020-09-18,9336,Deaths,114.0,792.0
23361,Indonesia,2020-09-19,9448,Deaths,112.0,798.0
23362,Indonesia,2020-09-20,9553,Deaths,105.0,830.0
23363,Indonesia,2020-09-21,9677,Deaths,124.0,836.0
23364,Indonesia,2020-09-22,9837,Deaths,160.0,872.0
23365,Indonesia,2020-09-23,9977,Deaths,140.0,877.0
23366,Indonesia,2020-09-24,10105,Deaths,128.0,883.0
23367,Indonesia,2020-09-25,10218,Deaths,113.0,882.0
23368,Indonesia,2020-09-26,10308,Deaths,90.0,860.0
23369,Indonesia,2020-09-27,10386,Deaths,78.0,833.0
23370,Indonesia,2020-09-28,10473,Deaths,87.0,796.0
23371,Indonesia,2020-09-29,10601,Deaths,128.0,764.0
23372,Indonesia,2020-09-30,10740,Deaths,139.0,763.0
23373,Indonesia,2020-10-01,10856,Deaths,116.0,751.0
23374,Indonesia,2020-10-02,10972,Deaths,116.0,754.0
23375,Indonesia,2020-10-03,11055,Deaths,83.0,747.0
23376,Indonesia,2020-10-04,11151,Deaths,96.0,765.0
23377,Indonesia,2020-10-05,11253,Deaths,102.0,780.0
23378,Indonesia,2020-10-06,11374,Deaths,121.0,773.0
23379,Indonesia,2020-10-07,11472,Deaths,98.0,732.0
23380,Indonesia,2020-10-08,11580,Deaths,108.0,724.0
23381,Indonesia,2020-10-09,11677,Deaths,97.0,705.0
23382,Indonesia,2020-10-10,11765,Deaths,88.0,710.0
23383,Indonesia,2020-10-11,11844,Deaths,79.0,693.0
23384,Indonesia,2020-10-12,11935,Deaths,91.0,682.0
23385,Indonesia,2020-10-13,12027,Deaths,92.0,653.0
23386,Indonesia,2020-10-14,12156,Deaths,129.0,684.0
23387,Indonesia,2020-10-15,12268,Deaths,112.0,688.0
23388,Indonesia,2020-10-16,12347,Deaths,79.0,670.0
23389,Indonesia,2020-10-17,12431,Deaths,84.0,666.0
23390,Indonesia,2020-10-18,12511,Deaths,80.0,667.0
23391,Indonesia,2020-10-19,12617,Deaths,106.0,682.0
23392,Indonesia,2020-10-20,12734,Deaths,117.0,707.0
23393,Indonesia,2020-10-21,12857,Deaths,123.0,701.0
23394,Indonesia,2020-10-22,12959,Deaths,102.0,691.0
23395,Indonesia,2020-10-23,13077,Deaths,118.0,730.0
23396,Indonesia,2020-10-24,13205,Deaths,128.0,774.0
23397,Indonesia,2020-10-25,13299,Deaths,94.0,788.0
23398,Indonesia,2020-10-26,13411,Deaths,112.0,794.0
23399,Indonesia,2020-10-27,13512,Deaths,101.0,778.0
23400,Indonesia,2020-10-28,13612,Deaths,100.0,755.0
23401,Indonesia,2020-10-29,13701,Deaths,89.0,742.0
23402,Indonesia,2020-10-30,13782,Deaths,81.0,705.0
23403,Indonesia,2020-10-31,13869,Deaths,87.0,664.0
23404,Indonesia,2020-11-01,13943,Deaths,74.0,644.0
23405,Indonesia,2020-11-02,14044,Deaths,101.0,633.0
23406,Indonesia,2020-11-03,14146,Deaths,102.0,634.0
23407,Indonesia,2020-11-04,14259,Deaths,113.0,647.0
23408,Indonesia,2020-11-05,14348,Deaths,89.0,647.0
23409,Iran,2020-01-22,0,Deaths,,
23410,Iran,2020-01-23,0,Deaths,0.0,
23411,Iran,2020-01-24,0,Deaths,0.0,
23412,Iran,2020-01-25,0,Deaths,0.0,
23413,Iran,2020-01-26,0,Deaths,0.0,
23414,Iran,2020-01-27,0,Deaths,0.0,
23415,Iran,2020-01-28,0,Deaths,0.0,
23416,Iran,2020-01-29,0,Deaths,0.0,0.0
23417,Iran,2020-01-30,0,Deaths,0.0,0.0
23418,Iran,2020-01-31,0,Deaths,0.0,0.0
23419,Iran,2020-02-01,0,Deaths,0.0,0.0
23420,Iran,2020-02-02,0,Deaths,0.0,0.0
23421,Iran,2020-02-03,0,Deaths,0.0,0.0
23422,Iran,2020-02-04,0,Deaths,0.0,0.0
23423,Iran,2020-02-05,0,Deaths,0.0,0.0
23424,Iran,2020-02-06,0,Deaths,0.0,0.0
23425,Iran,2020-02-07,0,Deaths,0.0,0.0
23426,Iran,2020-02-08,0,Deaths,0.0,0.0
23427,Iran,2020-02-09,0,Deaths,0.0,0.0
23428,Iran,2020-02-10,0,Deaths,0.0,0.0
23429,Iran,2020-02-11,0,Deaths,0.0,0.0
23430,Iran,2020-02-12,0,Deaths,0.0,0.0
23431,Iran,2020-02-13,0,Deaths,0.0,0.0
23432,Iran,2020-02-14,0,Deaths,0.0,0.0
23433,Iran,2020-02-15,0,Deaths,0.0,0.0
23434,Iran,2020-02-16,0,Deaths,0.0,0.0
23435,Iran,2020-02-17,0,Deaths,0.0,0.0
23436,Iran,2020-02-18,0,Deaths,0.0,0.0
23437,Iran,2020-02-19,2,Deaths,2.0,2.0
23438,Iran,2020-02-20,2,Deaths,0.0,2.0
23439,Iran,2020-02-21,4,Deaths,2.0,4.0
23440,Iran,2020-02-22,5,Deaths,1.0,5.0
23441,Iran,2020-02-23,8,Deaths,3.0,8.0
23442,Iran,2020-02-24,12,Deaths,4.0,12.0
23443,Iran,2020-02-25,16,Deaths,4.0,16.0
23444,Iran,2020-02-26,19,Deaths,3.0,17.0
23445,Iran,2020-02-27,26,Deaths,7.0,24.0
23446,Iran,2020-02-28,34,Deaths,8.0,30.0
23447,Iran,2020-02-29,43,Deaths,9.0,38.0
23448,Iran,2020-03-01,54,Deaths,11.0,46.0
23449,Iran,2020-03-02,66,Deaths,12.0,54.0
23450,Iran,2020-03-03,77,Deaths,11.0,61.0
23451,Iran,2020-03-04,92,Deaths,15.0,73.0
23452,Iran,2020-03-05,107,Deaths,15.0,81.0
23453,Iran,2020-03-06,124,Deaths,17.0,90.0
23454,Iran,2020-03-07,145,Deaths,21.0,102.0
23455,Iran,2020-03-08,194,Deaths,49.0,140.0
23456,Iran,2020-03-09,237,Deaths,43.0,171.0
23457,Iran,2020-03-10,291,Deaths,54.0,214.0
23458,Iran,2020-03-11,354,Deaths,63.0,262.0
23459,Iran,2020-03-12,429,Deaths,75.0,322.0
23460,Iran,2020-03-13,514,Deaths,85.0,390.0
23461,Iran,2020-03-14,611,Deaths,97.0,466.0
23462,Iran,2020-03-15,724,Deaths,113.0,530.0
23463,Iran,2020-03-16,853,Deaths,129.0,616.0
23464,Iran,2020-03-17,988,Deaths,135.0,697.0
23465,Iran,2020-03-18,1135,Deaths,147.0,781.0
23466,Iran,2020-03-19,1284,Deaths,149.0,855.0
23467,Iran,2020-03-20,1433,Deaths,149.0,919.0
23468,Iran,2020-03-21,1556,Deaths,123.0,945.0
23469,Iran,2020-03-22,1685,Deaths,129.0,961.0
23470,Iran,2020-03-23,1812,Deaths,127.0,959.0
23471,Iran,2020-03-24,1934,Deaths,122.0,946.0
23472,Iran,2020-03-25,2077,Deaths,143.0,942.0
23473,Iran,2020-03-26,2234,Deaths,157.0,950.0
23474,Iran,2020-03-27,2378,Deaths,144.0,945.0
23475,Iran,2020-03-28,2517,Deaths,139.0,961.0
23476,Iran,2020-03-29,2640,Deaths,123.0,955.0
23477,Iran,2020-03-30,2757,Deaths,117.0,945.0
23478,Iran,2020-03-31,2898,Deaths,141.0,964.0
23479,Iran,2020-04-01,3036,Deaths,138.0,959.0
23480,Iran,2020-04-02,3160,Deaths,124.0,926.0
23481,Iran,2020-04-03,3294,Deaths,134.0,916.0
23482,Iran,2020-04-04,3452,Deaths,158.0,935.0
23483,Iran,2020-04-05,3603,Deaths,151.0,963.0
23484,Iran,2020-04-06,3739,Deaths,136.0,982.0
23485,Iran,2020-04-07,3872,Deaths,133.0,974.0
23486,Iran,2020-04-08,3993,Deaths,121.0,957.0
23487,Iran,2020-04-09,4110,Deaths,117.0,950.0
23488,Iran,2020-04-10,4232,Deaths,122.0,938.0
23489,Iran,2020-04-11,4357,Deaths,125.0,905.0
23490,Iran,2020-04-12,4474,Deaths,117.0,871.0
23491,Iran,2020-04-13,4585,Deaths,111.0,846.0
23492,Iran,2020-04-14,4683,Deaths,98.0,811.0
23493,Iran,2020-04-15,4777,Deaths,94.0,784.0
23494,Iran,2020-04-16,4869,Deaths,92.0,759.0
23495,Iran,2020-04-17,4958,Deaths,89.0,726.0
23496,Iran,2020-04-18,5031,Deaths,73.0,674.0
23497,Iran,2020-04-19,5118,Deaths,87.0,644.0
23498,Iran,2020-04-20,5209,Deaths,91.0,624.0
23499,Iran,2020-04-21,5297,Deaths,88.0,614.0
23500,Iran,2020-04-22,5391,Deaths,94.0,614.0
23501,Iran,2020-04-23,5481,Deaths,90.0,612.0
23502,Iran,2020-04-24,5574,Deaths,93.0,616.0
23503,Iran,2020-04-25,5650,Deaths,76.0,619.0
23504,Iran,2020-04-26,5710,Deaths,60.0,592.0
23505,Iran,2020-04-27,5806,Deaths,96.0,597.0
23506,Iran,2020-04-28,5877,Deaths,71.0,580.0
23507,Iran,2020-04-29,5957,Deaths,80.0,566.0
23508,Iran,2020-04-30,6028,Deaths,71.0,547.0
23509,Iran,2020-05-01,6091,Deaths,63.0,517.0
23510,Iran,2020-05-02,6156,Deaths,65.0,506.0
23511,Iran,2020-05-03,6203,Deaths,47.0,493.0
23512,Iran,2020-05-04,6277,Deaths,74.0,471.0
23513,Iran,2020-05-05,6340,Deaths,63.0,463.0
23514,Iran,2020-05-06,6418,Deaths,78.0,461.0
23515,Iran,2020-05-07,6486,Deaths,68.0,458.0
23516,Iran,2020-05-08,6541,Deaths,55.0,450.0
23517,Iran,2020-05-09,6589,Deaths,48.0,433.0
23518,Iran,2020-05-10,6640,Deaths,51.0,437.0
23519,Iran,2020-05-11,6685,Deaths,45.0,408.0
23520,Iran,2020-05-12,6733,Deaths,48.0,393.0
23521,Iran,2020-05-13,6783,Deaths,50.0,365.0
23522,Iran,2020-05-14,6854,Deaths,71.0,368.0
23523,Iran,2020-05-15,6902,Deaths,48.0,361.0
23524,Iran,2020-05-16,6937,Deaths,35.0,348.0
23525,Iran,2020-05-17,6988,Deaths,51.0,348.0
23526,Iran,2020-05-18,7057,Deaths,69.0,372.0
23527,Iran,2020-05-19,7119,Deaths,62.0,386.0
23528,Iran,2020-05-20,7183,Deaths,64.0,400.0
23529,Iran,2020-05-21,7249,Deaths,66.0,395.0
23530,Iran,2020-05-22,7300,Deaths,51.0,398.0
23531,Iran,2020-05-23,7359,Deaths,59.0,422.0
23532,Iran,2020-05-24,7417,Deaths,58.0,429.0
23533,Iran,2020-05-25,7451,Deaths,34.0,394.0
23534,Iran,2020-05-26,7508,Deaths,57.0,389.0
23535,Iran,2020-05-27,7564,Deaths,56.0,381.0
23536,Iran,2020-05-28,7627,Deaths,63.0,378.0
23537,Iran,2020-05-29,7677,Deaths,50.0,377.0
23538,Iran,2020-05-30,7734,Deaths,57.0,375.0
23539,Iran,2020-05-31,7797,Deaths,63.0,380.0
23540,Iran,2020-06-01,7878,Deaths,81.0,427.0
23541,Iran,2020-06-02,7942,Deaths,64.0,434.0
23542,Iran,2020-06-03,8012,Deaths,70.0,448.0
23543,Iran,2020-06-04,8071,Deaths,59.0,444.0
23544,Iran,2020-06-05,8134,Deaths,63.0,457.0
23545,Iran,2020-06-06,8209,Deaths,75.0,475.0
23546,Iran,2020-06-07,8281,Deaths,72.0,484.0
23547,Iran,2020-06-08,8351,Deaths,70.0,473.0
23548,Iran,2020-06-09,8425,Deaths,74.0,483.0
23549,Iran,2020-06-10,8506,Deaths,81.0,494.0
23550,Iran,2020-06-11,8584,Deaths,78.0,513.0
23551,Iran,2020-06-12,8659,Deaths,75.0,525.0
23552,Iran,2020-06-13,8730,Deaths,71.0,521.0
23553,Iran,2020-06-14,8837,Deaths,107.0,556.0
23554,Iran,2020-06-15,8950,Deaths,113.0,599.0
23555,Iran,2020-06-16,9065,Deaths,115.0,640.0
23556,Iran,2020-06-17,9185,Deaths,120.0,679.0
23557,Iran,2020-06-18,9272,Deaths,87.0,688.0
23558,Iran,2020-06-19,9392,Deaths,120.0,733.0
23559,Iran,2020-06-20,9507,Deaths,115.0,777.0
23560,Iran,2020-06-21,9623,Deaths,116.0,786.0
23561,Iran,2020-06-22,9742,Deaths,119.0,792.0
23562,Iran,2020-06-23,9863,Deaths,121.0,798.0
23563,Iran,2020-06-24,9996,Deaths,133.0,811.0
23564,Iran,2020-06-25,10130,Deaths,134.0,858.0
23565,Iran,2020-06-26,10239,Deaths,109.0,847.0
23566,Iran,2020-06-27,10364,Deaths,125.0,857.0
23567,Iran,2020-06-28,10508,Deaths,144.0,885.0
23568,Iran,2020-06-29,10670,Deaths,162.0,928.0
23569,Iran,2020-06-30,10817,Deaths,147.0,954.0
23570,Iran,2020-07-01,10958,Deaths,141.0,962.0
23571,Iran,2020-07-02,11106,Deaths,148.0,976.0
23572,Iran,2020-07-03,11260,Deaths,154.0,1021.0
23573,Iran,2020-07-04,11408,Deaths,148.0,1044.0
23574,Iran,2020-07-05,11571,Deaths,163.0,1063.0
23575,Iran,2020-07-06,11731,Deaths,160.0,1061.0
23576,Iran,2020-07-07,11931,Deaths,200.0,1114.0
23577,Iran,2020-07-08,12084,Deaths,153.0,1126.0
23578,Iran,2020-07-09,12305,Deaths,221.0,1199.0
23579,Iran,2020-07-10,12447,Deaths,142.0,1187.0
23580,Iran,2020-07-11,12635,Deaths,188.0,1227.0
23581,Iran,2020-07-12,12829,Deaths,194.0,1258.0
23582,Iran,2020-07-13,13032,Deaths,203.0,1301.0
23583,Iran,2020-07-14,13211,Deaths,179.0,1280.0
23584,Iran,2020-07-15,13410,Deaths,199.0,1326.0
23585,Iran,2020-07-16,13608,Deaths,198.0,1303.0
23586,Iran,2020-07-17,13791,Deaths,183.0,1344.0
23587,Iran,2020-07-18,13979,Deaths,188.0,1344.0
23588,Iran,2020-07-19,14188,Deaths,209.0,1359.0
23589,Iran,2020-07-20,14405,Deaths,217.0,1373.0
23590,Iran,2020-07-21,14634,Deaths,229.0,1423.0
23591,Iran,2020-07-22,14853,Deaths,219.0,1443.0
23592,Iran,2020-07-23,15074,Deaths,221.0,1466.0
23593,Iran,2020-07-24,15289,Deaths,215.0,1498.0
23594,Iran,2020-07-25,15484,Deaths,195.0,1505.0
23595,Iran,2020-07-26,15700,Deaths,216.0,1512.0
23596,Iran,2020-07-27,15912,Deaths,212.0,1507.0
23597,Iran,2020-07-28,16147,Deaths,235.0,1513.0
23598,Iran,2020-07-29,16343,Deaths,196.0,1490.0
23599,Iran,2020-07-30,16569,Deaths,226.0,1495.0
23600,Iran,2020-07-31,16766,Deaths,197.0,1477.0
23601,Iran,2020-08-01,16982,Deaths,216.0,1498.0
23602,Iran,2020-08-02,17190,Deaths,208.0,1490.0
23603,Iran,2020-08-03,17405,Deaths,215.0,1493.0
23604,Iran,2020-08-04,17617,Deaths,212.0,1470.0
23605,Iran,2020-08-05,17802,Deaths,185.0,1459.0
23606,Iran,2020-08-06,17976,Deaths,174.0,1407.0
23607,Iran,2020-08-07,18132,Deaths,156.0,1366.0
23608,Iran,2020-08-08,18264,Deaths,132.0,1282.0
23609,Iran,2020-08-09,18427,Deaths,163.0,1237.0
23610,Iran,2020-08-10,18616,Deaths,189.0,1211.0
23611,Iran,2020-08-11,18800,Deaths,184.0,1183.0
23612,Iran,2020-08-12,18988,Deaths,188.0,1186.0
23613,Iran,2020-08-13,19162,Deaths,174.0,1186.0
23614,Iran,2020-08-14,19331,Deaths,169.0,1199.0
23615,Iran,2020-08-15,19492,Deaths,161.0,1228.0
23616,Iran,2020-08-16,19639,Deaths,147.0,1212.0
23617,Iran,2020-08-17,19804,Deaths,165.0,1188.0
23618,Iran,2020-08-18,19972,Deaths,168.0,1172.0
23619,Iran,2020-08-19,20125,Deaths,153.0,1137.0
23620,Iran,2020-08-20,20264,Deaths,139.0,1102.0
23621,Iran,2020-08-21,20376,Deaths,112.0,1045.0
23622,Iran,2020-08-22,20502,Deaths,126.0,1010.0
23623,Iran,2020-08-23,20643,Deaths,141.0,1004.0
23624,Iran,2020-08-24,20776,Deaths,133.0,972.0
23625,Iran,2020-08-25,20901,Deaths,125.0,929.0
23626,Iran,2020-08-26,21020,Deaths,119.0,895.0
23627,Iran,2020-08-27,21137,Deaths,117.0,873.0
23628,Iran,2020-08-28,21249,Deaths,112.0,873.0
23629,Iran,2020-08-29,21359,Deaths,110.0,857.0
23630,Iran,2020-08-30,21462,Deaths,103.0,819.0
23631,Iran,2020-08-31,21571,Deaths,109.0,795.0
23632,Iran,2020-09-01,21672,Deaths,101.0,771.0
23633,Iran,2020-09-02,21797,Deaths,125.0,777.0
23634,Iran,2020-09-03,21926,Deaths,129.0,789.0
23635,Iran,2020-09-04,22044,Deaths,118.0,795.0
23636,Iran,2020-09-05,22154,Deaths,110.0,795.0
23637,Iran,2020-09-06,22293,Deaths,139.0,831.0
23638,Iran,2020-09-07,22410,Deaths,117.0,839.0
23639,Iran,2020-09-08,22542,Deaths,132.0,870.0
23640,Iran,2020-09-09,22669,Deaths,127.0,872.0
23641,Iran,2020-09-10,22798,Deaths,129.0,872.0
23642,Iran,2020-09-11,22913,Deaths,115.0,869.0
23643,Iran,2020-09-12,23029,Deaths,116.0,875.0
23644,Iran,2020-09-13,23157,Deaths,128.0,864.0
23645,Iran,2020-09-14,23313,Deaths,156.0,903.0
23646,Iran,2020-09-15,23453,Deaths,140.0,911.0
23647,Iran,2020-09-16,23632,Deaths,179.0,963.0
23648,Iran,2020-09-17,23808,Deaths,176.0,1010.0
23649,Iran,2020-09-18,23952,Deaths,144.0,1039.0
23650,Iran,2020-09-19,24118,Deaths,166.0,1089.0
23651,Iran,2020-09-20,24301,Deaths,183.0,1144.0
23652,Iran,2020-09-21,24478,Deaths,177.0,1165.0
23653,Iran,2020-09-22,24656,Deaths,178.0,1203.0
23654,Iran,2020-09-23,24840,Deaths,184.0,1208.0
23655,Iran,2020-09-24,25015,Deaths,175.0,1207.0
23656,Iran,2020-09-25,25222,Deaths,207.0,1270.0
23657,Iran,2020-09-26,25394,Deaths,172.0,1276.0
23658,Iran,2020-09-27,25589,Deaths,195.0,1288.0
23659,Iran,2020-09-28,25779,Deaths,190.0,1301.0
23660,Iran,2020-09-29,25986,Deaths,207.0,1330.0
23661,Iran,2020-09-30,26169,Deaths,183.0,1329.0
23662,Iran,2020-10-01,26380,Deaths,211.0,1365.0
23663,Iran,2020-10-02,26567,Deaths,187.0,1345.0
23664,Iran,2020-10-03,26746,Deaths,179.0,1352.0
23665,Iran,2020-10-04,26957,Deaths,211.0,1368.0
23666,Iran,2020-10-05,27192,Deaths,235.0,1413.0
23667,Iran,2020-10-06,27419,Deaths,227.0,1433.0
23668,Iran,2020-10-07,27658,Deaths,239.0,1489.0
23669,Iran,2020-10-08,27888,Deaths,230.0,1508.0
23670,Iran,2020-10-09,28098,Deaths,210.0,1531.0
23671,Iran,2020-10-10,28293,Deaths,195.0,1547.0
23672,Iran,2020-10-11,28544,Deaths,251.0,1587.0
23673,Iran,2020-10-12,28816,Deaths,272.0,1624.0
23674,Iran,2020-10-13,29070,Deaths,254.0,1651.0
23675,Iran,2020-10-14,29349,Deaths,279.0,1691.0
23676,Iran,2020-10-15,29605,Deaths,256.0,1717.0
23677,Iran,2020-10-16,29870,Deaths,265.0,1772.0
23678,Iran,2020-10-17,30123,Deaths,253.0,1830.0
23679,Iran,2020-10-18,30375,Deaths,252.0,1831.0
23680,Iran,2020-10-19,30712,Deaths,337.0,1896.0
23681,Iran,2020-10-20,31034,Deaths,322.0,1964.0
23682,Iran,2020-10-21,31346,Deaths,312.0,1997.0
23683,Iran,2020-10-22,31650,Deaths,304.0,2045.0
23684,Iran,2020-10-23,31985,Deaths,335.0,2115.0
23685,Iran,2020-10-24,32320,Deaths,335.0,2197.0
23686,Iran,2020-10-25,32616,Deaths,296.0,2241.0
23687,Iran,2020-10-26,32953,Deaths,337.0,2241.0
23688,Iran,2020-10-27,33299,Deaths,346.0,2265.0
23689,Iran,2020-10-28,33714,Deaths,415.0,2368.0
23690,Iran,2020-10-29,34113,Deaths,399.0,2463.0
23691,Iran,2020-10-30,34478,Deaths,365.0,2493.0
23692,Iran,2020-10-31,34864,Deaths,386.0,2544.0
23693,Iran,2020-11-01,35298,Deaths,434.0,2682.0
23694,Iran,2020-11-02,35738,Deaths,440.0,2785.0
23695,Iran,2020-11-03,36160,Deaths,422.0,2861.0
23696,Iran,2020-11-04,36579,Deaths,419.0,2865.0
23697,Iran,2020-11-05,36985,Deaths,406.0,2872.0
23698,Iraq,2020-01-22,0,Deaths,,
23699,Iraq,2020-01-23,0,Deaths,0.0,
23700,Iraq,2020-01-24,0,Deaths,0.0,
23701,Iraq,2020-01-25,0,Deaths,0.0,
23702,Iraq,2020-01-26,0,Deaths,0.0,
23703,Iraq,2020-01-27,0,Deaths,0.0,
23704,Iraq,2020-01-28,0,Deaths,0.0,
23705,Iraq,2020-01-29,0,Deaths,0.0,0.0
23706,Iraq,2020-01-30,0,Deaths,0.0,0.0
23707,Iraq,2020-01-31,0,Deaths,0.0,0.0
23708,Iraq,2020-02-01,0,Deaths,0.0,0.0
23709,Iraq,2020-02-02,0,Deaths,0.0,0.0
23710,Iraq,2020-02-03,0,Deaths,0.0,0.0
23711,Iraq,2020-02-04,0,Deaths,0.0,0.0
23712,Iraq,2020-02-05,0,Deaths,0.0,0.0
23713,Iraq,2020-02-06,0,Deaths,0.0,0.0
23714,Iraq,2020-02-07,0,Deaths,0.0,0.0
23715,Iraq,2020-02-08,0,Deaths,0.0,0.0
23716,Iraq,2020-02-09,0,Deaths,0.0,0.0
23717,Iraq,2020-02-10,0,Deaths,0.0,0.0
23718,Iraq,2020-02-11,0,Deaths,0.0,0.0
23719,Iraq,2020-02-12,0,Deaths,0.0,0.0
23720,Iraq,2020-02-13,0,Deaths,0.0,0.0
23721,Iraq,2020-02-14,0,Deaths,0.0,0.0
23722,Iraq,2020-02-15,0,Deaths,0.0,0.0
23723,Iraq,2020-02-16,0,Deaths,0.0,0.0
23724,Iraq,2020-02-17,0,Deaths,0.0,0.0
23725,Iraq,2020-02-18,0,Deaths,0.0,0.0
23726,Iraq,2020-02-19,0,Deaths,0.0,0.0
23727,Iraq,2020-02-20,0,Deaths,0.0,0.0
23728,Iraq,2020-02-21,0,Deaths,0.0,0.0
23729,Iraq,2020-02-22,0,Deaths,0.0,0.0
23730,Iraq,2020-02-23,0,Deaths,0.0,0.0
23731,Iraq,2020-02-24,0,Deaths,0.0,0.0
23732,Iraq,2020-02-25,0,Deaths,0.0,0.0
23733,Iraq,2020-02-26,0,Deaths,0.0,0.0
23734,Iraq,2020-02-27,0,Deaths,0.0,0.0
23735,Iraq,2020-02-28,0,Deaths,0.0,0.0
23736,Iraq,2020-02-29,0,Deaths,0.0,0.0
23737,Iraq,2020-03-01,0,Deaths,0.0,0.0
23738,Iraq,2020-03-02,0,Deaths,0.0,0.0
23739,Iraq,2020-03-03,0,Deaths,0.0,0.0
23740,Iraq,2020-03-04,2,Deaths,2.0,2.0
23741,Iraq,2020-03-05,2,Deaths,0.0,2.0
23742,Iraq,2020-03-06,3,Deaths,1.0,3.0
23743,Iraq,2020-03-07,4,Deaths,1.0,4.0
23744,Iraq,2020-03-08,6,Deaths,2.0,6.0
23745,Iraq,2020-03-09,6,Deaths,0.0,6.0
23746,Iraq,2020-03-10,7,Deaths,1.0,7.0
23747,Iraq,2020-03-11,7,Deaths,0.0,5.0
23748,Iraq,2020-03-12,8,Deaths,1.0,6.0
23749,Iraq,2020-03-13,9,Deaths,1.0,6.0
23750,Iraq,2020-03-14,10,Deaths,1.0,6.0
23751,Iraq,2020-03-15,10,Deaths,0.0,4.0
23752,Iraq,2020-03-16,10,Deaths,0.0,4.0
23753,Iraq,2020-03-17,11,Deaths,1.0,4.0
23754,Iraq,2020-03-18,12,Deaths,1.0,5.0
23755,Iraq,2020-03-19,13,Deaths,1.0,5.0
23756,Iraq,2020-03-20,17,Deaths,4.0,8.0
23757,Iraq,2020-03-21,17,Deaths,0.0,7.0
23758,Iraq,2020-03-22,20,Deaths,3.0,10.0
23759,Iraq,2020-03-23,23,Deaths,3.0,13.0
23760,Iraq,2020-03-24,27,Deaths,4.0,16.0
23761,Iraq,2020-03-25,29,Deaths,2.0,17.0
23762,Iraq,2020-03-26,36,Deaths,7.0,23.0
23763,Iraq,2020-03-27,40,Deaths,4.0,23.0
23764,Iraq,2020-03-28,42,Deaths,2.0,25.0
23765,Iraq,2020-03-29,42,Deaths,0.0,22.0
23766,Iraq,2020-03-30,46,Deaths,4.0,23.0
23767,Iraq,2020-03-31,50,Deaths,4.0,23.0
23768,Iraq,2020-04-01,52,Deaths,2.0,23.0
23769,Iraq,2020-04-02,54,Deaths,2.0,18.0
23770,Iraq,2020-04-03,54,Deaths,0.0,14.0
23771,Iraq,2020-04-04,56,Deaths,2.0,14.0
23772,Iraq,2020-04-05,61,Deaths,5.0,19.0
23773,Iraq,2020-04-06,64,Deaths,3.0,18.0
23774,Iraq,2020-04-07,65,Deaths,1.0,15.0
23775,Iraq,2020-04-08,69,Deaths,4.0,17.0
23776,Iraq,2020-04-09,69,Deaths,0.0,15.0
23777,Iraq,2020-04-10,70,Deaths,1.0,16.0
23778,Iraq,2020-04-11,72,Deaths,2.0,16.0
23779,Iraq,2020-04-12,76,Deaths,4.0,15.0
23780,Iraq,2020-04-13,78,Deaths,2.0,14.0
23781,Iraq,2020-04-14,78,Deaths,0.0,13.0
23782,Iraq,2020-04-15,79,Deaths,1.0,10.0
23783,Iraq,2020-04-16,80,Deaths,1.0,11.0
23784,Iraq,2020-04-17,81,Deaths,1.0,11.0
23785,Iraq,2020-04-18,82,Deaths,1.0,10.0
23786,Iraq,2020-04-19,82,Deaths,0.0,6.0
23787,Iraq,2020-04-20,82,Deaths,0.0,4.0
23788,Iraq,2020-04-21,83,Deaths,1.0,5.0
23789,Iraq,2020-04-22,83,Deaths,0.0,4.0
23790,Iraq,2020-04-23,83,Deaths,0.0,3.0
23791,Iraq,2020-04-24,86,Deaths,3.0,5.0
23792,Iraq,2020-04-25,86,Deaths,0.0,4.0
23793,Iraq,2020-04-26,87,Deaths,1.0,5.0
23794,Iraq,2020-04-27,88,Deaths,1.0,6.0
23795,Iraq,2020-04-28,90,Deaths,2.0,7.0
23796,Iraq,2020-04-29,92,Deaths,2.0,9.0
23797,Iraq,2020-04-30,93,Deaths,1.0,10.0
23798,Iraq,2020-05-01,94,Deaths,1.0,8.0
23799,Iraq,2020-05-02,95,Deaths,1.0,9.0
23800,Iraq,2020-05-03,97,Deaths,2.0,10.0
23801,Iraq,2020-05-04,98,Deaths,1.0,10.0
23802,Iraq,2020-05-05,102,Deaths,4.0,12.0
23803,Iraq,2020-05-06,102,Deaths,0.0,10.0
23804,Iraq,2020-05-07,102,Deaths,0.0,9.0
23805,Iraq,2020-05-08,104,Deaths,2.0,10.0
23806,Iraq,2020-05-09,107,Deaths,3.0,12.0
23807,Iraq,2020-05-10,109,Deaths,2.0,12.0
23808,Iraq,2020-05-11,110,Deaths,1.0,12.0
23809,Iraq,2020-05-12,112,Deaths,2.0,10.0
23810,Iraq,2020-05-13,115,Deaths,3.0,13.0
23811,Iraq,2020-05-14,115,Deaths,0.0,13.0
23812,Iraq,2020-05-15,117,Deaths,2.0,13.0
23813,Iraq,2020-05-16,121,Deaths,4.0,14.0
23814,Iraq,2020-05-17,123,Deaths,2.0,14.0
23815,Iraq,2020-05-18,127,Deaths,4.0,17.0
23816,Iraq,2020-05-19,131,Deaths,4.0,19.0
23817,Iraq,2020-05-20,134,Deaths,3.0,19.0
23818,Iraq,2020-05-21,140,Deaths,6.0,25.0
23819,Iraq,2020-05-22,147,Deaths,7.0,30.0
23820,Iraq,2020-05-23,152,Deaths,5.0,31.0
23821,Iraq,2020-05-24,160,Deaths,8.0,37.0
23822,Iraq,2020-05-25,163,Deaths,3.0,36.0
23823,Iraq,2020-05-26,169,Deaths,6.0,38.0
23824,Iraq,2020-05-27,175,Deaths,6.0,41.0
23825,Iraq,2020-05-28,179,Deaths,4.0,39.0
23826,Iraq,2020-05-29,185,Deaths,6.0,38.0
23827,Iraq,2020-05-30,195,Deaths,10.0,43.0
23828,Iraq,2020-05-31,205,Deaths,10.0,45.0
23829,Iraq,2020-06-01,215,Deaths,10.0,52.0
23830,Iraq,2020-06-02,235,Deaths,20.0,66.0
23831,Iraq,2020-06-03,256,Deaths,21.0,81.0
23832,Iraq,2020-06-04,271,Deaths,15.0,92.0
23833,Iraq,2020-06-05,285,Deaths,14.0,100.0
23834,Iraq,2020-06-06,318,Deaths,33.0,123.0
23835,Iraq,2020-06-07,346,Deaths,28.0,141.0
23836,Iraq,2020-06-08,370,Deaths,24.0,155.0
23837,Iraq,2020-06-09,392,Deaths,22.0,157.0
23838,Iraq,2020-06-10,426,Deaths,34.0,170.0
23839,Iraq,2020-06-11,457,Deaths,31.0,186.0
23840,Iraq,2020-06-12,496,Deaths,39.0,211.0
23841,Iraq,2020-06-13,549,Deaths,53.0,231.0
23842,Iraq,2020-06-14,607,Deaths,58.0,261.0
23843,Iraq,2020-06-15,652,Deaths,45.0,282.0
23844,Iraq,2020-06-16,712,Deaths,60.0,320.0
23845,Iraq,2020-06-17,773,Deaths,61.0,347.0
23846,Iraq,2020-06-18,856,Deaths,83.0,399.0
23847,Iraq,2020-06-19,925,Deaths,69.0,429.0
23848,Iraq,2020-06-20,1013,Deaths,88.0,464.0
23849,Iraq,2020-06-21,1100,Deaths,87.0,493.0
23850,Iraq,2020-06-22,1167,Deaths,67.0,515.0
23851,Iraq,2020-06-23,1251,Deaths,84.0,539.0
23852,Iraq,2020-06-24,1330,Deaths,79.0,557.0
23853,Iraq,2020-06-25,1437,Deaths,107.0,581.0
23854,Iraq,2020-06-26,1559,Deaths,122.0,634.0
23855,Iraq,2020-06-27,1660,Deaths,101.0,647.0
23856,Iraq,2020-06-28,1756,Deaths,96.0,656.0
23857,Iraq,2020-06-29,1839,Deaths,83.0,672.0
23858,Iraq,2020-06-30,1943,Deaths,104.0,692.0
23859,Iraq,2020-07-01,2050,Deaths,107.0,720.0
23860,Iraq,2020-07-02,2160,Deaths,110.0,723.0
23861,Iraq,2020-07-03,2262,Deaths,102.0,703.0
23862,Iraq,2020-07-04,2368,Deaths,106.0,708.0
23863,Iraq,2020-07-05,2473,Deaths,105.0,717.0
23864,Iraq,2020-07-06,2567,Deaths,94.0,728.0
23865,Iraq,2020-07-07,2685,Deaths,118.0,742.0
23866,Iraq,2020-07-08,2779,Deaths,94.0,729.0
23867,Iraq,2020-07-09,2882,Deaths,103.0,722.0
23868,Iraq,2020-07-10,2960,Deaths,78.0,698.0
23869,Iraq,2020-07-11,3055,Deaths,95.0,687.0
23870,Iraq,2020-07-12,3150,Deaths,95.0,677.0
23871,Iraq,2020-07-13,3250,Deaths,100.0,683.0
23872,Iraq,2020-07-14,3345,Deaths,95.0,660.0
23873,Iraq,2020-07-15,3432,Deaths,87.0,653.0
23874,Iraq,2020-07-16,3522,Deaths,90.0,640.0
23875,Iraq,2020-07-17,3616,Deaths,94.0,656.0
23876,Iraq,2020-07-18,3691,Deaths,75.0,636.0
23877,Iraq,2020-07-19,3781,Deaths,90.0,631.0
23878,Iraq,2020-07-20,3869,Deaths,88.0,619.0
23879,Iraq,2020-07-21,3950,Deaths,81.0,605.0
23880,Iraq,2020-07-22,4042,Deaths,92.0,610.0
23881,Iraq,2020-07-23,4122,Deaths,80.0,600.0
23882,Iraq,2020-07-24,4212,Deaths,90.0,596.0
23883,Iraq,2020-07-25,4284,Deaths,72.0,593.0
23884,Iraq,2020-07-26,4362,Deaths,78.0,581.0
23885,Iraq,2020-07-27,4458,Deaths,96.0,589.0
23886,Iraq,2020-07-28,4535,Deaths,77.0,585.0
23887,Iraq,2020-07-29,4603,Deaths,68.0,561.0
23888,Iraq,2020-07-30,4671,Deaths,68.0,549.0
23889,Iraq,2020-07-31,4741,Deaths,70.0,529.0
23890,Iraq,2020-08-01,4805,Deaths,64.0,521.0
23891,Iraq,2020-08-02,4868,Deaths,63.0,506.0
23892,Iraq,2020-08-03,4934,Deaths,66.0,476.0
23893,Iraq,2020-08-04,5017,Deaths,83.0,482.0
23894,Iraq,2020-08-05,5094,Deaths,77.0,491.0
23895,Iraq,2020-08-06,5161,Deaths,67.0,490.0
23896,Iraq,2020-08-07,5236,Deaths,75.0,495.0
23897,Iraq,2020-08-08,5310,Deaths,74.0,505.0
23898,Iraq,2020-08-09,5392,Deaths,82.0,524.0
23899,Iraq,2020-08-10,5464,Deaths,72.0,530.0
23900,Iraq,2020-08-11,5531,Deaths,67.0,514.0
23901,Iraq,2020-08-12,5588,Deaths,57.0,494.0
23902,Iraq,2020-08-13,5641,Deaths,53.0,480.0
23903,Iraq,2020-08-14,5709,Deaths,68.0,473.0
23904,Iraq,2020-08-15,5785,Deaths,76.0,475.0
23905,Iraq,2020-08-16,5860,Deaths,75.0,468.0
23906,Iraq,2020-08-17,5954,Deaths,94.0,490.0
23907,Iraq,2020-08-18,6036,Deaths,82.0,505.0
23908,Iraq,2020-08-19,6121,Deaths,85.0,533.0
23909,Iraq,2020-08-20,6208,Deaths,87.0,567.0
23910,Iraq,2020-08-21,6283,Deaths,75.0,574.0
23911,Iraq,2020-08-22,6353,Deaths,70.0,568.0
23912,Iraq,2020-08-23,6428,Deaths,75.0,568.0
23913,Iraq,2020-08-24,6519,Deaths,91.0,565.0
23914,Iraq,2020-08-25,6596,Deaths,77.0,560.0
23915,Iraq,2020-08-26,6668,Deaths,72.0,547.0
23916,Iraq,2020-08-27,6740,Deaths,72.0,532.0
23917,Iraq,2020-08-28,6814,Deaths,74.0,531.0
23918,Iraq,2020-08-29,6891,Deaths,77.0,538.0
23919,Iraq,2020-08-30,6959,Deaths,68.0,531.0
23920,Iraq,2020-08-31,7042,Deaths,83.0,523.0
23921,Iraq,2020-09-01,7123,Deaths,81.0,527.0
23922,Iraq,2020-09-02,7201,Deaths,78.0,533.0
23923,Iraq,2020-09-03,7275,Deaths,74.0,535.0
23924,Iraq,2020-09-04,7359,Deaths,84.0,545.0
23925,Iraq,2020-09-05,7422,Deaths,63.0,531.0
23926,Iraq,2020-09-06,7512,Deaths,90.0,553.0
23927,Iraq,2020-09-07,7589,Deaths,77.0,547.0
23928,Iraq,2020-09-08,7657,Deaths,68.0,534.0
23929,Iraq,2020-09-09,7732,Deaths,75.0,531.0
23930,Iraq,2020-09-10,7814,Deaths,82.0,539.0
23931,Iraq,2020-09-11,7881,Deaths,67.0,522.0
23932,Iraq,2020-09-12,7941,Deaths,60.0,519.0
23933,Iraq,2020-09-13,8014,Deaths,73.0,502.0
23934,Iraq,2020-09-14,8086,Deaths,72.0,497.0
23935,Iraq,2020-09-15,8166,Deaths,80.0,509.0
23936,Iraq,2020-09-16,8248,Deaths,82.0,516.0
23937,Iraq,2020-09-17,8332,Deaths,84.0,518.0
23938,Iraq,2020-09-18,8408,Deaths,76.0,527.0
23939,Iraq,2020-09-19,8491,Deaths,83.0,550.0
23940,Iraq,2020-09-20,8555,Deaths,64.0,541.0
23941,Iraq,2020-09-21,8625,Deaths,70.0,539.0
23942,Iraq,2020-09-22,8682,Deaths,57.0,516.0
23943,Iraq,2020-09-23,8754,Deaths,72.0,506.0
23944,Iraq,2020-09-24,8799,Deaths,45.0,467.0
23945,Iraq,2020-09-25,8867,Deaths,68.0,459.0
23946,Iraq,2020-09-26,8935,Deaths,68.0,444.0
23947,Iraq,2020-09-27,8990,Deaths,55.0,435.0
23948,Iraq,2020-09-28,9052,Deaths,62.0,427.0
23949,Iraq,2020-09-29,9122,Deaths,70.0,440.0
23950,Iraq,2020-09-30,9181,Deaths,59.0,427.0
23951,Iraq,2020-10-01,9231,Deaths,50.0,432.0
23952,Iraq,2020-10-02,9298,Deaths,67.0,431.0
23953,Iraq,2020-10-03,9347,Deaths,49.0,412.0
23954,Iraq,2020-10-04,9399,Deaths,52.0,409.0
23955,Iraq,2020-10-05,9464,Deaths,65.0,412.0
23956,Iraq,2020-10-06,9531,Deaths,67.0,409.0
23957,Iraq,2020-10-07,9604,Deaths,73.0,423.0
23958,Iraq,2020-10-08,9683,Deaths,79.0,452.0
23959,Iraq,2020-10-09,9735,Deaths,52.0,437.0
23960,Iraq,2020-10-10,9790,Deaths,55.0,443.0
23961,Iraq,2020-10-11,9852,Deaths,62.0,453.0
23962,Iraq,2020-10-12,9912,Deaths,60.0,448.0
23963,Iraq,2020-10-13,9970,Deaths,58.0,439.0
23964,Iraq,2020-10-14,10021,Deaths,51.0,417.0
23965,Iraq,2020-10-15,10086,Deaths,65.0,403.0
23966,Iraq,2020-10-16,10142,Deaths,56.0,407.0
23967,Iraq,2020-10-17,10198,Deaths,56.0,408.0
23968,Iraq,2020-10-18,10254,Deaths,56.0,402.0
23969,Iraq,2020-10-19,10317,Deaths,63.0,405.0
23970,Iraq,2020-10-20,10366,Deaths,49.0,396.0
23971,Iraq,2020-10-21,10418,Deaths,52.0,397.0
23972,Iraq,2020-10-22,10465,Deaths,47.0,379.0
23973,Iraq,2020-10-23,10513,Deaths,48.0,371.0
23974,Iraq,2020-10-24,10568,Deaths,55.0,370.0
23975,Iraq,2020-10-25,10623,Deaths,55.0,369.0
23976,Iraq,2020-10-26,10671,Deaths,48.0,354.0
23977,Iraq,2020-10-27,10724,Deaths,53.0,358.0
23978,Iraq,2020-10-28,10770,Deaths,46.0,352.0
23979,Iraq,2020-10-29,10815,Deaths,45.0,350.0
23980,Iraq,2020-10-30,10862,Deaths,47.0,349.0
23981,Iraq,2020-10-31,10910,Deaths,48.0,342.0
23982,Iraq,2020-11-01,10966,Deaths,56.0,343.0
23983,Iraq,2020-11-02,11017,Deaths,51.0,346.0
23984,Iraq,2020-11-03,11068,Deaths,51.0,344.0
23985,Iraq,2020-11-04,11128,Deaths,60.0,358.0
23986,Iraq,2020-11-05,11175,Deaths,47.0,360.0
23987,Ireland,2020-01-22,0,Deaths,,
23988,Ireland,2020-01-23,0,Deaths,0.0,
23989,Ireland,2020-01-24,0,Deaths,0.0,
23990,Ireland,2020-01-25,0,Deaths,0.0,
23991,Ireland,2020-01-26,0,Deaths,0.0,
23992,Ireland,2020-01-27,0,Deaths,0.0,
23993,Ireland,2020-01-28,0,Deaths,0.0,
23994,Ireland,2020-01-29,0,Deaths,0.0,0.0
23995,Ireland,2020-01-30,0,Deaths,0.0,0.0
23996,Ireland,2020-01-31,0,Deaths,0.0,0.0
23997,Ireland,2020-02-01,0,Deaths,0.0,0.0
23998,Ireland,2020-02-02,0,Deaths,0.0,0.0
23999,Ireland,2020-02-03,0,Deaths,0.0,0.0
24000,Ireland,2020-02-04,0,Deaths,0.0,0.0
24001,Ireland,2020-02-05,0,Deaths,0.0,0.0
24002,Ireland,2020-02-06,0,Deaths,0.0,0.0
24003,Ireland,2020-02-07,0,Deaths,0.0,0.0
24004,Ireland,2020-02-08,0,Deaths,0.0,0.0
24005,Ireland,2020-02-09,0,Deaths,0.0,0.0
24006,Ireland,2020-02-10,0,Deaths,0.0,0.0
24007,Ireland,2020-02-11,0,Deaths,0.0,0.0
24008,Ireland,2020-02-12,0,Deaths,0.0,0.0
24009,Ireland,2020-02-13,0,Deaths,0.0,0.0
24010,Ireland,2020-02-14,0,Deaths,0.0,0.0
24011,Ireland,2020-02-15,0,Deaths,0.0,0.0
24012,Ireland,2020-02-16,0,Deaths,0.0,0.0
24013,Ireland,2020-02-17,0,Deaths,0.0,0.0
24014,Ireland,2020-02-18,0,Deaths,0.0,0.0
24015,Ireland,2020-02-19,0,Deaths,0.0,0.0
24016,Ireland,2020-02-20,0,Deaths,0.0,0.0
24017,Ireland,2020-02-21,0,Deaths,0.0,0.0
24018,Ireland,2020-02-22,0,Deaths,0.0,0.0
24019,Ireland,2020-02-23,0,Deaths,0.0,0.0
24020,Ireland,2020-02-24,0,Deaths,0.0,0.0
24021,Ireland,2020-02-25,0,Deaths,0.0,0.0
24022,Ireland,2020-02-26,0,Deaths,0.0,0.0
24023,Ireland,2020-02-27,0,Deaths,0.0,0.0
24024,Ireland,2020-02-28,0,Deaths,0.0,0.0
24025,Ireland,2020-02-29,0,Deaths,0.0,0.0
24026,Ireland,2020-03-01,0,Deaths,0.0,0.0
24027,Ireland,2020-03-02,0,Deaths,0.0,0.0
24028,Ireland,2020-03-03,0,Deaths,0.0,0.0
24029,Ireland,2020-03-04,0,Deaths,0.0,0.0
24030,Ireland,2020-03-05,0,Deaths,0.0,0.0
24031,Ireland,2020-03-06,0,Deaths,0.0,0.0
24032,Ireland,2020-03-07,0,Deaths,0.0,0.0
24033,Ireland,2020-03-08,0,Deaths,0.0,0.0
24034,Ireland,2020-03-09,0,Deaths,0.0,0.0
24035,Ireland,2020-03-10,0,Deaths,0.0,0.0
24036,Ireland,2020-03-11,1,Deaths,1.0,1.0
24037,Ireland,2020-03-12,1,Deaths,0.0,1.0
24038,Ireland,2020-03-13,1,Deaths,0.0,1.0
24039,Ireland,2020-03-14,2,Deaths,1.0,2.0
24040,Ireland,2020-03-15,2,Deaths,0.0,2.0
24041,Ireland,2020-03-16,2,Deaths,0.0,2.0
24042,Ireland,2020-03-17,2,Deaths,0.0,2.0
24043,Ireland,2020-03-18,2,Deaths,0.0,1.0
24044,Ireland,2020-03-19,3,Deaths,1.0,2.0
24045,Ireland,2020-03-20,3,Deaths,0.0,2.0
24046,Ireland,2020-03-21,3,Deaths,0.0,1.0
24047,Ireland,2020-03-22,4,Deaths,1.0,2.0
24048,Ireland,2020-03-23,6,Deaths,2.0,4.0
24049,Ireland,2020-03-24,7,Deaths,1.0,5.0
24050,Ireland,2020-03-25,9,Deaths,2.0,7.0
24051,Ireland,2020-03-26,19,Deaths,10.0,16.0
24052,Ireland,2020-03-27,22,Deaths,3.0,19.0
24053,Ireland,2020-03-28,36,Deaths,14.0,33.0
24054,Ireland,2020-03-29,46,Deaths,10.0,42.0
24055,Ireland,2020-03-30,54,Deaths,8.0,48.0
24056,Ireland,2020-03-31,71,Deaths,17.0,64.0
24057,Ireland,2020-04-01,85,Deaths,14.0,76.0
24058,Ireland,2020-04-02,98,Deaths,13.0,79.0
24059,Ireland,2020-04-03,120,Deaths,22.0,98.0
24060,Ireland,2020-04-04,137,Deaths,17.0,101.0
24061,Ireland,2020-04-05,158,Deaths,21.0,112.0
24062,Ireland,2020-04-06,174,Deaths,16.0,120.0
24063,Ireland,2020-04-07,210,Deaths,36.0,139.0
24064,Ireland,2020-04-08,235,Deaths,25.0,150.0
24065,Ireland,2020-04-09,263,Deaths,28.0,165.0
24066,Ireland,2020-04-10,287,Deaths,24.0,167.0
24067,Ireland,2020-04-11,320,Deaths,33.0,183.0
24068,Ireland,2020-04-12,334,Deaths,14.0,176.0
24069,Ireland,2020-04-13,365,Deaths,31.0,191.0
24070,Ireland,2020-04-14,406,Deaths,41.0,196.0
24071,Ireland,2020-04-15,444,Deaths,38.0,209.0
24072,Ireland,2020-04-16,486,Deaths,42.0,223.0
24073,Ireland,2020-04-17,530,Deaths,44.0,243.0
24074,Ireland,2020-04-18,571,Deaths,41.0,251.0
24075,Ireland,2020-04-19,610,Deaths,39.0,276.0
24076,Ireland,2020-04-20,687,Deaths,77.0,322.0
24077,Ireland,2020-04-21,730,Deaths,43.0,324.0
24078,Ireland,2020-04-22,769,Deaths,39.0,325.0
24079,Ireland,2020-04-23,794,Deaths,25.0,308.0
24080,Ireland,2020-04-24,1014,Deaths,220.0,484.0
24081,Ireland,2020-04-25,1063,Deaths,49.0,492.0
24082,Ireland,2020-04-26,1087,Deaths,24.0,477.0
24083,Ireland,2020-04-27,1102,Deaths,15.0,415.0
24084,Ireland,2020-04-28,1159,Deaths,57.0,429.0
24085,Ireland,2020-04-29,1190,Deaths,31.0,421.0
24086,Ireland,2020-04-30,1232,Deaths,42.0,438.0
24087,Ireland,2020-05-01,1265,Deaths,33.0,251.0
24088,Ireland,2020-05-02,1286,Deaths,21.0,223.0
24089,Ireland,2020-05-03,1303,Deaths,17.0,216.0
24090,Ireland,2020-05-04,1319,Deaths,16.0,217.0
24091,Ireland,2020-05-05,1339,Deaths,20.0,180.0
24092,Ireland,2020-05-06,1375,Deaths,36.0,185.0
24093,Ireland,2020-05-07,1403,Deaths,28.0,171.0
24094,Ireland,2020-05-08,1429,Deaths,26.0,164.0
24095,Ireland,2020-05-09,1446,Deaths,17.0,160.0
24096,Ireland,2020-05-10,1458,Deaths,12.0,155.0
24097,Ireland,2020-05-11,1467,Deaths,9.0,148.0
24098,Ireland,2020-05-12,1488,Deaths,21.0,149.0
24099,Ireland,2020-05-13,1497,Deaths,9.0,122.0
24100,Ireland,2020-05-14,1506,Deaths,9.0,103.0
24101,Ireland,2020-05-15,1518,Deaths,12.0,89.0
24102,Ireland,2020-05-16,1533,Deaths,15.0,87.0
24103,Ireland,2020-05-17,1543,Deaths,10.0,85.0
24104,Ireland,2020-05-18,1547,Deaths,4.0,80.0
24105,Ireland,2020-05-19,1561,Deaths,14.0,73.0
24106,Ireland,2020-05-20,1571,Deaths,10.0,74.0
24107,Ireland,2020-05-21,1583,Deaths,12.0,77.0
24108,Ireland,2020-05-22,1592,Deaths,9.0,74.0
24109,Ireland,2020-05-23,1604,Deaths,12.0,71.0
24110,Ireland,2020-05-24,1608,Deaths,4.0,65.0
24111,Ireland,2020-05-25,1606,Deaths,-2.0,59.0
24112,Ireland,2020-05-26,1615,Deaths,9.0,54.0
24113,Ireland,2020-05-27,1631,Deaths,16.0,60.0
24114,Ireland,2020-05-28,1639,Deaths,8.0,56.0
24115,Ireland,2020-05-29,1645,Deaths,6.0,53.0
24116,Ireland,2020-05-30,1651,Deaths,6.0,47.0
24117,Ireland,2020-05-31,1652,Deaths,1.0,44.0
24118,Ireland,2020-06-01,1650,Deaths,-2.0,44.0
24119,Ireland,2020-06-02,1658,Deaths,8.0,43.0
24120,Ireland,2020-06-03,1659,Deaths,1.0,28.0
24121,Ireland,2020-06-04,1664,Deaths,5.0,25.0
24122,Ireland,2020-06-05,1670,Deaths,6.0,25.0
24123,Ireland,2020-06-06,1678,Deaths,8.0,27.0
24124,Ireland,2020-06-07,1679,Deaths,1.0,27.0
24125,Ireland,2020-06-08,1683,Deaths,4.0,33.0
24126,Ireland,2020-06-09,1691,Deaths,8.0,33.0
24127,Ireland,2020-06-10,1695,Deaths,4.0,36.0
24128,Ireland,2020-06-11,1703,Deaths,8.0,39.0
24129,Ireland,2020-06-12,1705,Deaths,2.0,35.0
24130,Ireland,2020-06-13,1705,Deaths,0.0,27.0
24131,Ireland,2020-06-14,1706,Deaths,1.0,27.0
24132,Ireland,2020-06-15,1706,Deaths,0.0,23.0
24133,Ireland,2020-06-16,1709,Deaths,3.0,18.0
24134,Ireland,2020-06-17,1710,Deaths,1.0,15.0
24135,Ireland,2020-06-18,1714,Deaths,4.0,11.0
24136,Ireland,2020-06-19,1714,Deaths,0.0,9.0
24137,Ireland,2020-06-20,1715,Deaths,1.0,10.0
24138,Ireland,2020-06-21,1715,Deaths,0.0,9.0
24139,Ireland,2020-06-22,1717,Deaths,2.0,11.0
24140,Ireland,2020-06-23,1720,Deaths,3.0,11.0
24141,Ireland,2020-06-24,1726,Deaths,6.0,16.0
24142,Ireland,2020-06-25,1727,Deaths,1.0,13.0
24143,Ireland,2020-06-26,1730,Deaths,3.0,16.0
24144,Ireland,2020-06-27,1734,Deaths,4.0,19.0
24145,Ireland,2020-06-28,1735,Deaths,1.0,20.0
24146,Ireland,2020-06-29,1735,Deaths,0.0,18.0
24147,Ireland,2020-06-30,1736,Deaths,1.0,16.0
24148,Ireland,2020-07-01,1738,Deaths,2.0,12.0
24149,Ireland,2020-07-02,1738,Deaths,0.0,11.0
24150,Ireland,2020-07-03,1740,Deaths,2.0,10.0
24151,Ireland,2020-07-04,1741,Deaths,1.0,7.0
24152,Ireland,2020-07-05,1741,Deaths,0.0,6.0
24153,Ireland,2020-07-06,1741,Deaths,0.0,6.0
24154,Ireland,2020-07-07,1742,Deaths,1.0,6.0
24155,Ireland,2020-07-08,1738,Deaths,-4.0,0.0
24156,Ireland,2020-07-09,1743,Deaths,5.0,5.0
24157,Ireland,2020-07-10,1744,Deaths,1.0,4.0
24158,Ireland,2020-07-11,1746,Deaths,2.0,5.0
24159,Ireland,2020-07-12,1746,Deaths,0.0,5.0
24160,Ireland,2020-07-13,1746,Deaths,0.0,5.0
24161,Ireland,2020-07-14,1746,Deaths,0.0,4.0
24162,Ireland,2020-07-15,1748,Deaths,2.0,10.0
24163,Ireland,2020-07-16,1749,Deaths,1.0,6.0
24164,Ireland,2020-07-17,1752,Deaths,3.0,8.0
24165,Ireland,2020-07-18,1753,Deaths,1.0,7.0
24166,Ireland,2020-07-19,1753,Deaths,0.0,7.0
24167,Ireland,2020-07-20,1753,Deaths,0.0,7.0
24168,Ireland,2020-07-21,1753,Deaths,0.0,7.0
24169,Ireland,2020-07-22,1754,Deaths,1.0,6.0
24170,Ireland,2020-07-23,1763,Deaths,9.0,14.0
24171,Ireland,2020-07-24,1763,Deaths,0.0,11.0
24172,Ireland,2020-07-25,1764,Deaths,1.0,11.0
24173,Ireland,2020-07-26,1764,Deaths,0.0,11.0
24174,Ireland,2020-07-27,1764,Deaths,0.0,11.0
24175,Ireland,2020-07-28,1764,Deaths,0.0,11.0
24176,Ireland,2020-07-29,1764,Deaths,0.0,10.0
24177,Ireland,2020-07-30,1763,Deaths,-1.0,0.0
24178,Ireland,2020-07-31,1763,Deaths,0.0,0.0
24179,Ireland,2020-08-01,1763,Deaths,0.0,-1.0
24180,Ireland,2020-08-02,1763,Deaths,0.0,-1.0
24181,Ireland,2020-08-03,1763,Deaths,0.0,-1.0
24182,Ireland,2020-08-04,1763,Deaths,0.0,-1.0
24183,Ireland,2020-08-05,1763,Deaths,0.0,-1.0
24184,Ireland,2020-08-06,1768,Deaths,5.0,5.0
24185,Ireland,2020-08-07,1772,Deaths,4.0,9.0
24186,Ireland,2020-08-08,1772,Deaths,0.0,9.0
24187,Ireland,2020-08-09,1772,Deaths,0.0,9.0
24188,Ireland,2020-08-10,1772,Deaths,0.0,9.0
24189,Ireland,2020-08-11,1773,Deaths,1.0,10.0
24190,Ireland,2020-08-12,1774,Deaths,1.0,11.0
24191,Ireland,2020-08-13,1774,Deaths,0.0,6.0
24192,Ireland,2020-08-14,1774,Deaths,0.0,2.0
24193,Ireland,2020-08-15,1774,Deaths,0.0,2.0
24194,Ireland,2020-08-16,1774,Deaths,0.0,2.0
24195,Ireland,2020-08-17,1774,Deaths,0.0,2.0
24196,Ireland,2020-08-18,1775,Deaths,1.0,2.0
24197,Ireland,2020-08-19,1775,Deaths,0.0,1.0
24198,Ireland,2020-08-20,1776,Deaths,1.0,2.0
24199,Ireland,2020-08-21,1776,Deaths,0.0,2.0
24200,Ireland,2020-08-22,1777,Deaths,1.0,3.0
24201,Ireland,2020-08-23,1777,Deaths,0.0,3.0
24202,Ireland,2020-08-24,1777,Deaths,0.0,3.0
24203,Ireland,2020-08-25,1777,Deaths,0.0,2.0
24204,Ireland,2020-08-26,1777,Deaths,0.0,2.0
24205,Ireland,2020-08-27,1777,Deaths,0.0,1.0
24206,Ireland,2020-08-28,1777,Deaths,0.0,1.0
24207,Ireland,2020-08-29,1777,Deaths,0.0,0.0
24208,Ireland,2020-08-30,1777,Deaths,0.0,0.0
24209,Ireland,2020-08-31,1777,Deaths,0.0,0.0
24210,Ireland,2020-09-01,1777,Deaths,0.0,0.0
24211,Ireland,2020-09-02,1777,Deaths,0.0,0.0
24212,Ireland,2020-09-03,1777,Deaths,0.0,0.0
24213,Ireland,2020-09-04,1777,Deaths,0.0,0.0
24214,Ireland,2020-09-05,1777,Deaths,0.0,0.0
24215,Ireland,2020-09-06,1777,Deaths,0.0,0.0
24216,Ireland,2020-09-07,1777,Deaths,0.0,0.0
24217,Ireland,2020-09-08,1778,Deaths,1.0,1.0
24218,Ireland,2020-09-09,1781,Deaths,3.0,4.0
24219,Ireland,2020-09-10,1781,Deaths,0.0,4.0
24220,Ireland,2020-09-11,1781,Deaths,0.0,4.0
24221,Ireland,2020-09-12,1783,Deaths,2.0,6.0
24222,Ireland,2020-09-13,1784,Deaths,1.0,7.0
24223,Ireland,2020-09-14,1784,Deaths,0.0,7.0
24224,Ireland,2020-09-15,1787,Deaths,3.0,9.0
24225,Ireland,2020-09-16,1788,Deaths,1.0,7.0
24226,Ireland,2020-09-17,1789,Deaths,1.0,8.0
24227,Ireland,2020-09-18,1792,Deaths,3.0,11.0
24228,Ireland,2020-09-19,1792,Deaths,0.0,9.0
24229,Ireland,2020-09-20,1792,Deaths,0.0,8.0
24230,Ireland,2020-09-21,1792,Deaths,0.0,8.0
24231,Ireland,2020-09-22,1792,Deaths,0.0,5.0
24232,Ireland,2020-09-23,1794,Deaths,2.0,6.0
24233,Ireland,2020-09-24,1797,Deaths,3.0,8.0
24234,Ireland,2020-09-25,1797,Deaths,0.0,5.0
24235,Ireland,2020-09-26,1802,Deaths,5.0,10.0
24236,Ireland,2020-09-27,1802,Deaths,0.0,10.0
24237,Ireland,2020-09-28,1802,Deaths,0.0,10.0
24238,Ireland,2020-09-29,1803,Deaths,1.0,11.0
24239,Ireland,2020-09-30,1804,Deaths,1.0,10.0
24240,Ireland,2020-10-01,1806,Deaths,2.0,9.0
24241,Ireland,2020-10-02,1801,Deaths,-5.0,4.0
24242,Ireland,2020-10-03,1810,Deaths,9.0,8.0
24243,Ireland,2020-10-04,1810,Deaths,0.0,8.0
24244,Ireland,2020-10-05,1810,Deaths,0.0,8.0
24245,Ireland,2020-10-06,1811,Deaths,1.0,8.0
24246,Ireland,2020-10-07,1816,Deaths,5.0,12.0
24247,Ireland,2020-10-08,1817,Deaths,1.0,11.0
24248,Ireland,2020-10-09,1821,Deaths,4.0,20.0
24249,Ireland,2020-10-10,1824,Deaths,3.0,14.0
24250,Ireland,2020-10-11,1826,Deaths,2.0,16.0
24251,Ireland,2020-10-12,1827,Deaths,1.0,17.0
24252,Ireland,2020-10-13,1830,Deaths,3.0,19.0
24253,Ireland,2020-10-14,1835,Deaths,5.0,19.0
24254,Ireland,2020-10-15,1838,Deaths,3.0,21.0
24255,Ireland,2020-10-16,1841,Deaths,3.0,20.0
24256,Ireland,2020-10-17,1849,Deaths,8.0,25.0
24257,Ireland,2020-10-18,1852,Deaths,3.0,26.0
24258,Ireland,2020-10-19,1852,Deaths,0.0,25.0
24259,Ireland,2020-10-20,1865,Deaths,13.0,35.0
24260,Ireland,2020-10-21,1868,Deaths,3.0,33.0
24261,Ireland,2020-10-22,1871,Deaths,3.0,33.0
24262,Ireland,2020-10-23,1878,Deaths,7.0,37.0
24263,Ireland,2020-10-24,1882,Deaths,4.0,33.0
24264,Ireland,2020-10-25,1882,Deaths,0.0,30.0
24265,Ireland,2020-10-26,1885,Deaths,3.0,33.0
24266,Ireland,2020-10-27,1890,Deaths,5.0,25.0
24267,Ireland,2020-10-28,1896,Deaths,6.0,28.0
24268,Ireland,2020-10-29,1902,Deaths,6.0,31.0
24269,Ireland,2020-10-30,1908,Deaths,6.0,30.0
24270,Ireland,2020-10-31,1913,Deaths,5.0,31.0
24271,Ireland,2020-11-01,1915,Deaths,2.0,33.0
24272,Ireland,2020-11-02,1917,Deaths,2.0,32.0
24273,Ireland,2020-11-03,1922,Deaths,5.0,32.0
24274,Ireland,2020-11-04,1930,Deaths,8.0,34.0
24275,Ireland,2020-11-05,1933,Deaths,3.0,31.0
24276,Israel,2020-01-22,0,Deaths,,
24277,Israel,2020-01-23,0,Deaths,0.0,
24278,Israel,2020-01-24,0,Deaths,0.0,
24279,Israel,2020-01-25,0,Deaths,0.0,
24280,Israel,2020-01-26,0,Deaths,0.0,
24281,Israel,2020-01-27,0,Deaths,0.0,
24282,Israel,2020-01-28,0,Deaths,0.0,
24283,Israel,2020-01-29,0,Deaths,0.0,0.0
24284,Israel,2020-01-30,0,Deaths,0.0,0.0
24285,Israel,2020-01-31,0,Deaths,0.0,0.0
24286,Israel,2020-02-01,0,Deaths,0.0,0.0
24287,Israel,2020-02-02,0,Deaths,0.0,0.0
24288,Israel,2020-02-03,0,Deaths,0.0,0.0
24289,Israel,2020-02-04,0,Deaths,0.0,0.0
24290,Israel,2020-02-05,0,Deaths,0.0,0.0
24291,Israel,2020-02-06,0,Deaths,0.0,0.0
24292,Israel,2020-02-07,0,Deaths,0.0,0.0
24293,Israel,2020-02-08,0,Deaths,0.0,0.0
24294,Israel,2020-02-09,0,Deaths,0.0,0.0
24295,Israel,2020-02-10,0,Deaths,0.0,0.0
24296,Israel,2020-02-11,0,Deaths,0.0,0.0
24297,Israel,2020-02-12,0,Deaths,0.0,0.0
24298,Israel,2020-02-13,0,Deaths,0.0,0.0
24299,Israel,2020-02-14,0,Deaths,0.0,0.0
24300,Israel,2020-02-15,0,Deaths,0.0,0.0
24301,Israel,2020-02-16,0,Deaths,0.0,0.0
24302,Israel,2020-02-17,0,Deaths,0.0,0.0
24303,Israel,2020-02-18,0,Deaths,0.0,0.0
24304,Israel,2020-02-19,0,Deaths,0.0,0.0
24305,Israel,2020-02-20,0,Deaths,0.0,0.0
24306,Israel,2020-02-21,0,Deaths,0.0,0.0
24307,Israel,2020-02-22,0,Deaths,0.0,0.0
24308,Israel,2020-02-23,0,Deaths,0.0,0.0
24309,Israel,2020-02-24,0,Deaths,0.0,0.0
24310,Israel,2020-02-25,0,Deaths,0.0,0.0
24311,Israel,2020-02-26,0,Deaths,0.0,0.0
24312,Israel,2020-02-27,0,Deaths,0.0,0.0
24313,Israel,2020-02-28,0,Deaths,0.0,0.0
24314,Israel,2020-02-29,0,Deaths,0.0,0.0
24315,Israel,2020-03-01,0,Deaths,0.0,0.0
24316,Israel,2020-03-02,0,Deaths,0.0,0.0
24317,Israel,2020-03-03,0,Deaths,0.0,0.0
24318,Israel,2020-03-04,0,Deaths,0.0,0.0
24319,Israel,2020-03-05,0,Deaths,0.0,0.0
24320,Israel,2020-03-06,0,Deaths,0.0,0.0
24321,Israel,2020-03-07,0,Deaths,0.0,0.0
24322,Israel,2020-03-08,0,Deaths,0.0,0.0
24323,Israel,2020-03-09,0,Deaths,0.0,0.0
24324,Israel,2020-03-10,0,Deaths,0.0,0.0
24325,Israel,2020-03-11,0,Deaths,0.0,0.0
24326,Israel,2020-03-12,0,Deaths,0.0,0.0
24327,Israel,2020-03-13,0,Deaths,0.0,0.0
24328,Israel,2020-03-14,0,Deaths,0.0,0.0
24329,Israel,2020-03-15,0,Deaths,0.0,0.0
24330,Israel,2020-03-16,0,Deaths,0.0,0.0
24331,Israel,2020-03-17,0,Deaths,0.0,0.0
24332,Israel,2020-03-18,0,Deaths,0.0,0.0
24333,Israel,2020-03-19,0,Deaths,0.0,0.0
24334,Israel,2020-03-20,0,Deaths,0.0,0.0
24335,Israel,2020-03-21,1,Deaths,1.0,1.0
24336,Israel,2020-03-22,1,Deaths,0.0,1.0
24337,Israel,2020-03-23,1,Deaths,0.0,1.0
24338,Israel,2020-03-24,3,Deaths,2.0,3.0
24339,Israel,2020-03-25,5,Deaths,2.0,5.0
24340,Israel,2020-03-26,8,Deaths,3.0,8.0
24341,Israel,2020-03-27,12,Deaths,4.0,12.0
24342,Israel,2020-03-28,12,Deaths,0.0,11.0
24343,Israel,2020-03-29,15,Deaths,3.0,14.0
24344,Israel,2020-03-30,16,Deaths,1.0,15.0
24345,Israel,2020-03-31,20,Deaths,4.0,17.0
24346,Israel,2020-04-01,26,Deaths,6.0,21.0
24347,Israel,2020-04-02,36,Deaths,10.0,28.0
24348,Israel,2020-04-03,40,Deaths,4.0,28.0
24349,Israel,2020-04-04,44,Deaths,4.0,32.0
24350,Israel,2020-04-05,49,Deaths,5.0,34.0
24351,Israel,2020-04-06,57,Deaths,8.0,41.0
24352,Israel,2020-04-07,65,Deaths,8.0,45.0
24353,Israel,2020-04-08,73,Deaths,8.0,47.0
24354,Israel,2020-04-09,86,Deaths,13.0,50.0
24355,Israel,2020-04-10,95,Deaths,9.0,55.0
24356,Israel,2020-04-11,101,Deaths,6.0,57.0
24357,Israel,2020-04-12,103,Deaths,2.0,54.0
24358,Israel,2020-04-13,116,Deaths,13.0,59.0
24359,Israel,2020-04-14,123,Deaths,7.0,58.0
24360,Israel,2020-04-15,130,Deaths,7.0,57.0
24361,Israel,2020-04-16,142,Deaths,12.0,56.0
24362,Israel,2020-04-17,151,Deaths,9.0,56.0
24363,Israel,2020-04-18,164,Deaths,13.0,63.0
24364,Israel,2020-04-19,172,Deaths,8.0,69.0
24365,Israel,2020-04-20,177,Deaths,5.0,61.0
24366,Israel,2020-04-21,184,Deaths,7.0,61.0
24367,Israel,2020-04-22,189,Deaths,5.0,59.0
24368,Israel,2020-04-23,192,Deaths,3.0,50.0
24369,Israel,2020-04-24,194,Deaths,2.0,43.0
24370,Israel,2020-04-25,199,Deaths,5.0,35.0
24371,Israel,2020-04-26,201,Deaths,2.0,29.0
24372,Israel,2020-04-27,204,Deaths,3.0,27.0
24373,Israel,2020-04-28,210,Deaths,6.0,26.0
24374,Israel,2020-04-29,215,Deaths,5.0,26.0
24375,Israel,2020-04-30,222,Deaths,7.0,30.0
24376,Israel,2020-05-01,225,Deaths,3.0,31.0
24377,Israel,2020-05-02,229,Deaths,4.0,30.0
24378,Israel,2020-05-03,232,Deaths,3.0,31.0
24379,Israel,2020-05-04,235,Deaths,3.0,31.0
24380,Israel,2020-05-05,238,Deaths,3.0,28.0
24381,Israel,2020-05-06,239,Deaths,1.0,24.0
24382,Israel,2020-05-07,240,Deaths,1.0,18.0
24383,Israel,2020-05-08,245,Deaths,5.0,20.0
24384,Israel,2020-05-09,247,Deaths,2.0,18.0
24385,Israel,2020-05-10,252,Deaths,5.0,20.0
24386,Israel,2020-05-11,258,Deaths,6.0,23.0
24387,Israel,2020-05-12,260,Deaths,2.0,22.0
24388,Israel,2020-05-13,264,Deaths,4.0,25.0
24389,Israel,2020-05-14,265,Deaths,1.0,25.0
24390,Israel,2020-05-15,266,Deaths,1.0,21.0
24391,Israel,2020-05-16,268,Deaths,2.0,21.0
24392,Israel,2020-05-17,272,Deaths,4.0,20.0
24393,Israel,2020-05-18,276,Deaths,4.0,18.0
24394,Israel,2020-05-19,278,Deaths,2.0,18.0
24395,Israel,2020-05-20,279,Deaths,1.0,15.0
24396,Israel,2020-05-21,279,Deaths,0.0,14.0
24397,Israel,2020-05-22,279,Deaths,0.0,13.0
24398,Israel,2020-05-23,279,Deaths,0.0,11.0
24399,Israel,2020-05-24,279,Deaths,0.0,7.0
24400,Israel,2020-05-25,281,Deaths,2.0,5.0
24401,Israel,2020-05-26,281,Deaths,0.0,3.0
24402,Israel,2020-05-27,281,Deaths,0.0,2.0
24403,Israel,2020-05-28,284,Deaths,3.0,5.0
24404,Israel,2020-05-29,284,Deaths,0.0,5.0
24405,Israel,2020-05-30,284,Deaths,0.0,5.0
24406,Israel,2020-05-31,285,Deaths,1.0,6.0
24407,Israel,2020-06-01,285,Deaths,0.0,4.0
24408,Israel,2020-06-02,290,Deaths,5.0,9.0
24409,Israel,2020-06-03,291,Deaths,1.0,10.0
24410,Israel,2020-06-04,291,Deaths,0.0,7.0
24411,Israel,2020-06-05,291,Deaths,0.0,7.0
24412,Israel,2020-06-06,295,Deaths,4.0,11.0
24413,Israel,2020-06-07,298,Deaths,3.0,13.0
24414,Israel,2020-06-08,298,Deaths,0.0,13.0
24415,Israel,2020-06-09,299,Deaths,1.0,9.0
24416,Israel,2020-06-10,299,Deaths,0.0,8.0
24417,Israel,2020-06-11,300,Deaths,1.0,9.0
24418,Israel,2020-06-12,300,Deaths,0.0,9.0
24419,Israel,2020-06-13,300,Deaths,0.0,5.0
24420,Israel,2020-06-14,300,Deaths,0.0,2.0
24421,Israel,2020-06-15,302,Deaths,2.0,4.0
24422,Israel,2020-06-16,302,Deaths,0.0,3.0
24423,Israel,2020-06-17,303,Deaths,1.0,4.0
24424,Israel,2020-06-18,303,Deaths,0.0,3.0
24425,Israel,2020-06-19,304,Deaths,1.0,4.0
24426,Israel,2020-06-20,305,Deaths,1.0,5.0
24427,Israel,2020-06-21,306,Deaths,1.0,6.0
24428,Israel,2020-06-22,307,Deaths,1.0,5.0
24429,Israel,2020-06-23,308,Deaths,1.0,6.0
24430,Israel,2020-06-24,308,Deaths,0.0,5.0
24431,Israel,2020-06-25,309,Deaths,1.0,6.0
24432,Israel,2020-06-26,314,Deaths,5.0,10.0
24433,Israel,2020-06-27,317,Deaths,3.0,12.0
24434,Israel,2020-06-28,318,Deaths,1.0,12.0
24435,Israel,2020-06-29,319,Deaths,1.0,12.0
24436,Israel,2020-06-30,320,Deaths,1.0,12.0
24437,Israel,2020-07-01,322,Deaths,2.0,14.0
24438,Israel,2020-07-02,324,Deaths,2.0,15.0
24439,Israel,2020-07-03,326,Deaths,2.0,12.0
24440,Israel,2020-07-04,330,Deaths,4.0,13.0
24441,Israel,2020-07-05,331,Deaths,1.0,13.0
24442,Israel,2020-07-06,334,Deaths,3.0,15.0
24443,Israel,2020-07-07,342,Deaths,8.0,22.0
24444,Israel,2020-07-08,344,Deaths,2.0,22.0
24445,Israel,2020-07-09,348,Deaths,4.0,24.0
24446,Israel,2020-07-10,351,Deaths,3.0,25.0
24447,Israel,2020-07-11,354,Deaths,3.0,24.0
24448,Israel,2020-07-12,362,Deaths,8.0,31.0
24449,Israel,2020-07-13,365,Deaths,3.0,31.0
24450,Israel,2020-07-14,371,Deaths,6.0,29.0
24451,Israel,2020-07-15,376,Deaths,5.0,32.0
24452,Israel,2020-07-16,384,Deaths,8.0,36.0
24453,Israel,2020-07-17,392,Deaths,8.0,41.0
24454,Israel,2020-07-18,401,Deaths,9.0,47.0
24455,Israel,2020-07-19,409,Deaths,8.0,47.0
24456,Israel,2020-07-20,415,Deaths,6.0,50.0
24457,Israel,2020-07-21,425,Deaths,10.0,54.0
24458,Israel,2020-07-22,430,Deaths,5.0,54.0
24459,Israel,2020-07-23,442,Deaths,12.0,58.0
24460,Israel,2020-07-24,448,Deaths,6.0,56.0
24461,Israel,2020-07-25,457,Deaths,9.0,56.0
24462,Israel,2020-07-26,470,Deaths,13.0,61.0
24463,Israel,2020-07-27,474,Deaths,4.0,59.0
24464,Israel,2020-07-28,486,Deaths,12.0,61.0
24465,Israel,2020-07-29,491,Deaths,5.0,61.0
24466,Israel,2020-07-30,500,Deaths,9.0,58.0
24467,Israel,2020-07-31,512,Deaths,12.0,64.0
24468,Israel,2020-08-01,526,Deaths,14.0,69.0
24469,Israel,2020-08-02,536,Deaths,10.0,66.0
24470,Israel,2020-08-03,546,Deaths,10.0,72.0
24471,Israel,2020-08-04,561,Deaths,15.0,75.0
24472,Israel,2020-08-05,565,Deaths,4.0,74.0
24473,Israel,2020-08-06,576,Deaths,11.0,76.0
24474,Israel,2020-08-07,581,Deaths,5.0,69.0
24475,Israel,2020-08-08,593,Deaths,12.0,67.0
24476,Israel,2020-08-09,600,Deaths,7.0,64.0
24477,Israel,2020-08-10,613,Deaths,13.0,67.0
24478,Israel,2020-08-11,622,Deaths,9.0,61.0
24479,Israel,2020-08-12,639,Deaths,17.0,74.0
24480,Israel,2020-08-13,651,Deaths,12.0,75.0
24481,Israel,2020-08-14,665,Deaths,14.0,84.0
24482,Israel,2020-08-15,674,Deaths,9.0,81.0
24483,Israel,2020-08-16,685,Deaths,11.0,85.0
24484,Israel,2020-08-17,692,Deaths,7.0,79.0
24485,Israel,2020-08-18,708,Deaths,16.0,86.0
24486,Israel,2020-08-19,781,Deaths,73.0,142.0
24487,Israel,2020-08-20,795,Deaths,14.0,144.0
24488,Israel,2020-08-21,809,Deaths,14.0,144.0
24489,Israel,2020-08-22,819,Deaths,10.0,145.0
24490,Israel,2020-08-23,834,Deaths,15.0,149.0
24491,Israel,2020-08-24,847,Deaths,13.0,155.0
24492,Israel,2020-08-25,859,Deaths,12.0,151.0
24493,Israel,2020-08-26,875,Deaths,16.0,94.0
24494,Israel,2020-08-27,884,Deaths,9.0,89.0
24495,Israel,2020-08-28,894,Deaths,10.0,85.0
24496,Israel,2020-08-29,906,Deaths,12.0,87.0
24497,Israel,2020-08-30,919,Deaths,13.0,85.0
24498,Israel,2020-08-31,939,Deaths,20.0,92.0
24499,Israel,2020-09-01,957,Deaths,18.0,98.0
24500,Israel,2020-09-02,969,Deaths,12.0,94.0
24501,Israel,2020-09-03,985,Deaths,16.0,101.0
24502,Israel,2020-09-04,993,Deaths,8.0,99.0
24503,Israel,2020-09-05,1007,Deaths,14.0,101.0
24504,Israel,2020-09-06,1019,Deaths,12.0,100.0
24505,Israel,2020-09-07,1026,Deaths,7.0,87.0
24506,Israel,2020-09-08,1040,Deaths,14.0,83.0
24507,Israel,2020-09-09,1054,Deaths,14.0,85.0
24508,Israel,2020-09-10,1077,Deaths,23.0,92.0
24509,Israel,2020-09-11,1090,Deaths,13.0,97.0
24510,Israel,2020-09-12,1103,Deaths,13.0,96.0
24511,Israel,2020-09-13,1119,Deaths,16.0,100.0
24512,Israel,2020-09-14,1136,Deaths,17.0,110.0
24513,Israel,2020-09-15,1147,Deaths,11.0,107.0
24514,Israel,2020-09-16,1165,Deaths,18.0,111.0
24515,Israel,2020-09-17,1169,Deaths,4.0,92.0
24516,Israel,2020-09-18,1196,Deaths,27.0,106.0
24517,Israel,2020-09-19,1226,Deaths,30.0,123.0
24518,Israel,2020-09-20,1256,Deaths,30.0,137.0
24519,Israel,2020-09-21,1273,Deaths,17.0,137.0
24520,Israel,2020-09-22,1285,Deaths,12.0,138.0
24521,Israel,2020-09-23,1325,Deaths,40.0,160.0
24522,Israel,2020-09-24,1378,Deaths,53.0,209.0
24523,Israel,2020-09-25,1412,Deaths,34.0,216.0
24524,Israel,2020-09-26,1441,Deaths,29.0,215.0
24525,Israel,2020-09-27,1466,Deaths,25.0,210.0
24526,Israel,2020-09-28,1507,Deaths,41.0,234.0
24527,Israel,2020-09-29,1528,Deaths,21.0,243.0
24528,Israel,2020-09-30,1569,Deaths,41.0,244.0
24529,Israel,2020-10-01,1622,Deaths,53.0,244.0
24530,Israel,2020-10-02,1633,Deaths,11.0,221.0
24531,Israel,2020-10-03,1682,Deaths,49.0,241.0
24532,Israel,2020-10-04,1719,Deaths,37.0,253.0
24533,Israel,2020-10-05,1757,Deaths,38.0,250.0
24534,Israel,2020-10-06,1797,Deaths,40.0,269.0
24535,Israel,2020-10-07,1824,Deaths,27.0,255.0
24536,Israel,2020-10-08,1864,Deaths,40.0,242.0
24537,Israel,2020-10-09,1886,Deaths,22.0,253.0
24538,Israel,2020-10-10,1941,Deaths,55.0,259.0
24539,Israel,2020-10-11,1980,Deaths,39.0,261.0
24540,Israel,2020-10-12,2021,Deaths,41.0,264.0
24541,Israel,2020-10-13,2055,Deaths,34.0,258.0
24542,Israel,2020-10-14,2098,Deaths,43.0,274.0
24543,Israel,2020-10-15,2127,Deaths,29.0,263.0
24544,Israel,2020-10-16,2141,Deaths,14.0,255.0
24545,Israel,2020-10-17,2190,Deaths,49.0,249.0
24546,Israel,2020-10-18,2209,Deaths,19.0,229.0
24547,Israel,2020-10-19,2263,Deaths,54.0,242.0
24548,Israel,2020-10-20,2278,Deaths,15.0,223.0
24549,Israel,2020-10-21,2291,Deaths,13.0,193.0
24550,Israel,2020-10-22,2319,Deaths,28.0,192.0
24551,Israel,2020-10-23,2329,Deaths,10.0,188.0
24552,Israel,2020-10-24,2372,Deaths,43.0,182.0
24553,Israel,2020-10-25,2397,Deaths,25.0,188.0
24554,Israel,2020-10-26,2453,Deaths,56.0,190.0
24555,Israel,2020-10-27,2483,Deaths,30.0,205.0
24556,Israel,2020-10-28,2494,Deaths,11.0,203.0
24557,Israel,2020-10-29,2508,Deaths,14.0,189.0
24558,Israel,2020-10-30,2514,Deaths,6.0,185.0
24559,Israel,2020-10-31,2539,Deaths,25.0,167.0
24560,Israel,2020-11-01,2554,Deaths,15.0,157.0
24561,Israel,2020-11-02,2580,Deaths,26.0,127.0
24562,Israel,2020-11-03,2592,Deaths,12.0,109.0
24563,Israel,2020-11-04,2597,Deaths,5.0,103.0
24564,Israel,2020-11-05,2639,Deaths,42.0,131.0
24565,Italy,2020-01-22,0,Deaths,,
24566,Italy,2020-01-23,0,Deaths,0.0,
24567,Italy,2020-01-24,0,Deaths,0.0,
24568,Italy,2020-01-25,0,Deaths,0.0,
24569,Italy,2020-01-26,0,Deaths,0.0,
24570,Italy,2020-01-27,0,Deaths,0.0,
24571,Italy,2020-01-28,0,Deaths,0.0,
24572,Italy,2020-01-29,0,Deaths,0.0,0.0
24573,Italy,2020-01-30,0,Deaths,0.0,0.0
24574,Italy,2020-01-31,0,Deaths,0.0,0.0
24575,Italy,2020-02-01,0,Deaths,0.0,0.0
24576,Italy,2020-02-02,0,Deaths,0.0,0.0
24577,Italy,2020-02-03,0,Deaths,0.0,0.0
24578,Italy,2020-02-04,0,Deaths,0.0,0.0
24579,Italy,2020-02-05,0,Deaths,0.0,0.0
24580,Italy,2020-02-06,0,Deaths,0.0,0.0
24581,Italy,2020-02-07,0,Deaths,0.0,0.0
24582,Italy,2020-02-08,0,Deaths,0.0,0.0
24583,Italy,2020-02-09,0,Deaths,0.0,0.0
24584,Italy,2020-02-10,0,Deaths,0.0,0.0
24585,Italy,2020-02-11,0,Deaths,0.0,0.0
24586,Italy,2020-02-12,0,Deaths,0.0,0.0
24587,Italy,2020-02-13,0,Deaths,0.0,0.0
24588,Italy,2020-02-14,0,Deaths,0.0,0.0
24589,Italy,2020-02-15,0,Deaths,0.0,0.0
24590,Italy,2020-02-16,0,Deaths,0.0,0.0
24591,Italy,2020-02-17,0,Deaths,0.0,0.0
24592,Italy,2020-02-18,0,Deaths,0.0,0.0
24593,Italy,2020-02-19,0,Deaths,0.0,0.0
24594,Italy,2020-02-20,0,Deaths,0.0,0.0
24595,Italy,2020-02-21,1,Deaths,1.0,1.0
24596,Italy,2020-02-22,2,Deaths,1.0,2.0
24597,Italy,2020-02-23,3,Deaths,1.0,3.0
24598,Italy,2020-02-24,7,Deaths,4.0,7.0
24599,Italy,2020-02-25,10,Deaths,3.0,10.0
24600,Italy,2020-02-26,12,Deaths,2.0,12.0
24601,Italy,2020-02-27,17,Deaths,5.0,17.0
24602,Italy,2020-02-28,21,Deaths,4.0,20.0
24603,Italy,2020-02-29,29,Deaths,8.0,27.0
24604,Italy,2020-03-01,34,Deaths,5.0,31.0
24605,Italy,2020-03-02,52,Deaths,18.0,45.0
24606,Italy,2020-03-03,79,Deaths,27.0,69.0
24607,Italy,2020-03-04,107,Deaths,28.0,95.0
24608,Italy,2020-03-05,148,Deaths,41.0,131.0
24609,Italy,2020-03-06,197,Deaths,49.0,176.0
24610,Italy,2020-03-07,233,Deaths,36.0,204.0
24611,Italy,2020-03-08,366,Deaths,133.0,332.0
24612,Italy,2020-03-09,463,Deaths,97.0,411.0
24613,Italy,2020-03-10,631,Deaths,168.0,552.0
24614,Italy,2020-03-11,827,Deaths,196.0,720.0
24615,Italy,2020-03-12,1016,Deaths,189.0,868.0
24616,Italy,2020-03-13,1266,Deaths,250.0,1069.0
24617,Italy,2020-03-14,1441,Deaths,175.0,1208.0
24618,Italy,2020-03-15,1809,Deaths,368.0,1443.0
24619,Italy,2020-03-16,2158,Deaths,349.0,1695.0
24620,Italy,2020-03-17,2503,Deaths,345.0,1872.0
24621,Italy,2020-03-18,2978,Deaths,475.0,2151.0
24622,Italy,2020-03-19,3405,Deaths,427.0,2389.0
24623,Italy,2020-03-20,4032,Deaths,627.0,2766.0
24624,Italy,2020-03-21,4825,Deaths,793.0,3384.0
24625,Italy,2020-03-22,5476,Deaths,651.0,3667.0
24626,Italy,2020-03-23,6077,Deaths,601.0,3919.0
24627,Italy,2020-03-24,6820,Deaths,743.0,4317.0
24628,Italy,2020-03-25,7503,Deaths,683.0,4525.0
24629,Italy,2020-03-26,8215,Deaths,712.0,4810.0
24630,Italy,2020-03-27,9134,Deaths,919.0,5102.0
24631,Italy,2020-03-28,10023,Deaths,889.0,5198.0
24632,Italy,2020-03-29,10779,Deaths,756.0,5303.0
24633,Italy,2020-03-30,11591,Deaths,812.0,5514.0
24634,Italy,2020-03-31,12428,Deaths,837.0,5608.0
24635,Italy,2020-04-01,13155,Deaths,727.0,5652.0
24636,Italy,2020-04-02,13915,Deaths,760.0,5700.0
24637,Italy,2020-04-03,14681,Deaths,766.0,5547.0
24638,Italy,2020-04-04,15362,Deaths,681.0,5339.0
24639,Italy,2020-04-05,15887,Deaths,525.0,5108.0
24640,Italy,2020-04-06,16523,Deaths,636.0,4932.0
24641,Italy,2020-04-07,17127,Deaths,604.0,4699.0
24642,Italy,2020-04-08,17669,Deaths,542.0,4514.0
24643,Italy,2020-04-09,18279,Deaths,610.0,4364.0
24644,Italy,2020-04-10,18849,Deaths,570.0,4168.0
24645,Italy,2020-04-11,19468,Deaths,619.0,4106.0
24646,Italy,2020-04-12,19899,Deaths,431.0,4012.0
24647,Italy,2020-04-13,20465,Deaths,566.0,3942.0
24648,Italy,2020-04-14,21067,Deaths,602.0,3940.0
24649,Italy,2020-04-15,21645,Deaths,578.0,3976.0
24650,Italy,2020-04-16,22170,Deaths,525.0,3891.0
24651,Italy,2020-04-17,22745,Deaths,575.0,3896.0
24652,Italy,2020-04-18,23227,Deaths,482.0,3759.0
24653,Italy,2020-04-19,23660,Deaths,433.0,3761.0
24654,Italy,2020-04-20,24114,Deaths,454.0,3649.0
24655,Italy,2020-04-21,24648,Deaths,534.0,3581.0
24656,Italy,2020-04-22,25085,Deaths,437.0,3440.0
24657,Italy,2020-04-23,25549,Deaths,464.0,3379.0
24658,Italy,2020-04-24,25969,Deaths,420.0,3224.0
24659,Italy,2020-04-25,26384,Deaths,415.0,3157.0
24660,Italy,2020-04-26,26644,Deaths,260.0,2984.0
24661,Italy,2020-04-27,26977,Deaths,333.0,2863.0
24662,Italy,2020-04-28,27359,Deaths,382.0,2711.0
24663,Italy,2020-04-29,27682,Deaths,323.0,2597.0
24664,Italy,2020-04-30,27967,Deaths,285.0,2418.0
24665,Italy,2020-05-01,28236,Deaths,269.0,2267.0
24666,Italy,2020-05-02,28710,Deaths,474.0,2326.0
24667,Italy,2020-05-03,28884,Deaths,174.0,2240.0
24668,Italy,2020-05-04,29079,Deaths,195.0,2102.0
24669,Italy,2020-05-05,29315,Deaths,236.0,1956.0
24670,Italy,2020-05-06,29684,Deaths,369.0,2002.0
24671,Italy,2020-05-07,29958,Deaths,274.0,1991.0
24672,Italy,2020-05-08,30201,Deaths,243.0,1965.0
24673,Italy,2020-05-09,30395,Deaths,194.0,1685.0
24674,Italy,2020-05-10,30560,Deaths,165.0,1676.0
24675,Italy,2020-05-11,30739,Deaths,179.0,1660.0
24676,Italy,2020-05-12,30911,Deaths,172.0,1596.0
24677,Italy,2020-05-13,31106,Deaths,195.0,1422.0
24678,Italy,2020-05-14,31368,Deaths,262.0,1410.0
24679,Italy,2020-05-15,31610,Deaths,242.0,1409.0
24680,Italy,2020-05-16,31763,Deaths,153.0,1368.0
24681,Italy,2020-05-17,31908,Deaths,145.0,1348.0
24682,Italy,2020-05-18,32007,Deaths,99.0,1268.0
24683,Italy,2020-05-19,32169,Deaths,162.0,1258.0
24684,Italy,2020-05-20,32330,Deaths,161.0,1224.0
24685,Italy,2020-05-21,32486,Deaths,156.0,1118.0
24686,Italy,2020-05-22,32616,Deaths,130.0,1006.0
24687,Italy,2020-05-23,32735,Deaths,119.0,972.0
24688,Italy,2020-05-24,32785,Deaths,50.0,877.0
24689,Italy,2020-05-25,32877,Deaths,92.0,870.0
24690,Italy,2020-05-26,32955,Deaths,78.0,786.0
24691,Italy,2020-05-27,33072,Deaths,117.0,742.0
24692,Italy,2020-05-28,33142,Deaths,70.0,656.0
24693,Italy,2020-05-29,33229,Deaths,87.0,613.0
24694,Italy,2020-05-30,33340,Deaths,111.0,605.0
24695,Italy,2020-05-31,33415,Deaths,75.0,630.0
24696,Italy,2020-06-01,33475,Deaths,60.0,598.0
24697,Italy,2020-06-02,33530,Deaths,55.0,575.0
24698,Italy,2020-06-03,33601,Deaths,71.0,529.0
24699,Italy,2020-06-04,33689,Deaths,88.0,547.0
24700,Italy,2020-06-05,33774,Deaths,85.0,545.0
24701,Italy,2020-06-06,33846,Deaths,72.0,506.0
24702,Italy,2020-06-07,33899,Deaths,53.0,484.0
24703,Italy,2020-06-08,33964,Deaths,65.0,489.0
24704,Italy,2020-06-09,34043,Deaths,79.0,513.0
24705,Italy,2020-06-10,34114,Deaths,71.0,513.0
24706,Italy,2020-06-11,34167,Deaths,53.0,478.0
24707,Italy,2020-06-12,34223,Deaths,56.0,449.0
24708,Italy,2020-06-13,34301,Deaths,78.0,455.0
24709,Italy,2020-06-14,34345,Deaths,44.0,446.0
24710,Italy,2020-06-15,34371,Deaths,26.0,407.0
24711,Italy,2020-06-16,34405,Deaths,34.0,362.0
24712,Italy,2020-06-17,34448,Deaths,43.0,334.0
24713,Italy,2020-06-18,34514,Deaths,66.0,347.0
24714,Italy,2020-06-19,34561,Deaths,47.0,338.0
24715,Italy,2020-06-20,34610,Deaths,49.0,309.0
24716,Italy,2020-06-21,34634,Deaths,24.0,289.0
24717,Italy,2020-06-22,34657,Deaths,23.0,286.0
24718,Italy,2020-06-23,34675,Deaths,18.0,270.0
24719,Italy,2020-06-24,34644,Deaths,-31.0,196.0
24720,Italy,2020-06-25,34678,Deaths,34.0,164.0
24721,Italy,2020-06-26,34708,Deaths,30.0,147.0
24722,Italy,2020-06-27,34716,Deaths,8.0,106.0
24723,Italy,2020-06-28,34738,Deaths,22.0,104.0
24724,Italy,2020-06-29,34744,Deaths,6.0,87.0
24725,Italy,2020-06-30,34767,Deaths,23.0,92.0
24726,Italy,2020-07-01,34788,Deaths,21.0,144.0
24727,Italy,2020-07-02,34818,Deaths,30.0,140.0
24728,Italy,2020-07-03,34833,Deaths,15.0,125.0
24729,Italy,2020-07-04,34854,Deaths,21.0,138.0
24730,Italy,2020-07-05,34861,Deaths,7.0,123.0
24731,Italy,2020-07-06,34869,Deaths,8.0,125.0
24732,Italy,2020-07-07,34899,Deaths,30.0,132.0
24733,Italy,2020-07-08,34914,Deaths,15.0,126.0
24734,Italy,2020-07-09,34926,Deaths,12.0,108.0
24735,Italy,2020-07-10,34938,Deaths,12.0,105.0
24736,Italy,2020-07-11,34945,Deaths,7.0,91.0
24737,Italy,2020-07-12,34954,Deaths,9.0,93.0
24738,Italy,2020-07-13,34967,Deaths,13.0,98.0
24739,Italy,2020-07-14,34984,Deaths,17.0,85.0
24740,Italy,2020-07-15,34997,Deaths,13.0,83.0
24741,Italy,2020-07-16,35017,Deaths,20.0,91.0
24742,Italy,2020-07-17,35028,Deaths,11.0,90.0
24743,Italy,2020-07-18,35042,Deaths,14.0,97.0
24744,Italy,2020-07-19,35045,Deaths,3.0,91.0
24745,Italy,2020-07-20,35058,Deaths,13.0,91.0
24746,Italy,2020-07-21,35073,Deaths,15.0,89.0
24747,Italy,2020-07-22,35082,Deaths,9.0,85.0
24748,Italy,2020-07-23,35092,Deaths,10.0,75.0
24749,Italy,2020-07-24,35097,Deaths,5.0,69.0
24750,Italy,2020-07-25,35102,Deaths,5.0,60.0
24751,Italy,2020-07-26,35107,Deaths,5.0,62.0
24752,Italy,2020-07-27,35112,Deaths,5.0,54.0
24753,Italy,2020-07-28,35123,Deaths,11.0,50.0
24754,Italy,2020-07-29,35129,Deaths,6.0,47.0
24755,Italy,2020-07-30,35132,Deaths,3.0,40.0
24756,Italy,2020-07-31,35141,Deaths,9.0,44.0
24757,Italy,2020-08-01,35146,Deaths,5.0,44.0
24758,Italy,2020-08-02,35154,Deaths,8.0,47.0
24759,Italy,2020-08-03,35166,Deaths,12.0,54.0
24760,Italy,2020-08-04,35171,Deaths,5.0,48.0
24761,Italy,2020-08-05,35181,Deaths,10.0,52.0
24762,Italy,2020-08-06,35187,Deaths,6.0,55.0
24763,Italy,2020-08-07,35190,Deaths,3.0,49.0
24764,Italy,2020-08-08,35203,Deaths,13.0,57.0
24765,Italy,2020-08-09,35205,Deaths,2.0,51.0
24766,Italy,2020-08-10,35209,Deaths,4.0,43.0
24767,Italy,2020-08-11,35215,Deaths,6.0,44.0
24768,Italy,2020-08-12,35225,Deaths,10.0,44.0
24769,Italy,2020-08-13,35231,Deaths,6.0,44.0
24770,Italy,2020-08-14,35234,Deaths,3.0,44.0
24771,Italy,2020-08-15,35392,Deaths,158.0,189.0
24772,Italy,2020-08-16,35396,Deaths,4.0,191.0
24773,Italy,2020-08-17,35400,Deaths,4.0,191.0
24774,Italy,2020-08-18,35405,Deaths,5.0,190.0
24775,Italy,2020-08-19,35412,Deaths,7.0,187.0
24776,Italy,2020-08-20,35418,Deaths,6.0,187.0
24777,Italy,2020-08-21,35427,Deaths,9.0,193.0
24778,Italy,2020-08-22,35430,Deaths,3.0,38.0
24779,Italy,2020-08-23,35437,Deaths,7.0,41.0
24780,Italy,2020-08-24,35441,Deaths,4.0,41.0
24781,Italy,2020-08-25,35445,Deaths,4.0,40.0
24782,Italy,2020-08-26,35458,Deaths,13.0,46.0
24783,Italy,2020-08-27,35463,Deaths,5.0,45.0
24784,Italy,2020-08-28,35472,Deaths,9.0,45.0
24785,Italy,2020-08-29,35473,Deaths,1.0,43.0
24786,Italy,2020-08-30,35477,Deaths,4.0,40.0
24787,Italy,2020-08-31,35483,Deaths,6.0,42.0
24788,Italy,2020-09-01,35491,Deaths,8.0,46.0
24789,Italy,2020-09-02,35497,Deaths,6.0,39.0
24790,Italy,2020-09-03,35507,Deaths,10.0,44.0
24791,Italy,2020-09-04,35518,Deaths,11.0,46.0
24792,Italy,2020-09-05,35534,Deaths,16.0,61.0
24793,Italy,2020-09-06,35541,Deaths,7.0,64.0
24794,Italy,2020-09-07,35553,Deaths,12.0,70.0
24795,Italy,2020-09-08,35563,Deaths,10.0,72.0
24796,Italy,2020-09-09,35577,Deaths,14.0,80.0
24797,Italy,2020-09-10,35587,Deaths,10.0,80.0
24798,Italy,2020-09-11,35597,Deaths,10.0,79.0
24799,Italy,2020-09-12,35603,Deaths,6.0,69.0
24800,Italy,2020-09-13,35610,Deaths,7.0,69.0
24801,Italy,2020-09-14,35624,Deaths,14.0,71.0
24802,Italy,2020-09-15,35633,Deaths,9.0,70.0
24803,Italy,2020-09-16,35645,Deaths,12.0,68.0
24804,Italy,2020-09-17,35658,Deaths,13.0,71.0
24805,Italy,2020-09-18,35668,Deaths,10.0,71.0
24806,Italy,2020-09-19,35692,Deaths,24.0,89.0
24807,Italy,2020-09-20,35707,Deaths,15.0,97.0
24808,Italy,2020-09-21,35724,Deaths,17.0,100.0
24809,Italy,2020-09-22,35738,Deaths,14.0,105.0
24810,Italy,2020-09-23,35758,Deaths,20.0,113.0
24811,Italy,2020-09-24,35781,Deaths,23.0,123.0
24812,Italy,2020-09-25,35801,Deaths,20.0,133.0
24813,Italy,2020-09-26,35818,Deaths,17.0,126.0
24814,Italy,2020-09-27,35835,Deaths,17.0,128.0
24815,Italy,2020-09-28,35851,Deaths,16.0,127.0
24816,Italy,2020-09-29,35875,Deaths,24.0,137.0
24817,Italy,2020-09-30,35894,Deaths,19.0,136.0
24818,Italy,2020-10-01,35918,Deaths,24.0,137.0
24819,Italy,2020-10-02,35941,Deaths,23.0,140.0
24820,Italy,2020-10-03,35968,Deaths,27.0,150.0
24821,Italy,2020-10-04,35986,Deaths,18.0,151.0
24822,Italy,2020-10-05,36002,Deaths,16.0,151.0
24823,Italy,2020-10-06,36030,Deaths,28.0,155.0
24824,Italy,2020-10-07,36061,Deaths,31.0,167.0
24825,Italy,2020-10-08,36083,Deaths,22.0,165.0
24826,Italy,2020-10-09,36111,Deaths,28.0,170.0
24827,Italy,2020-10-10,36140,Deaths,29.0,172.0
24828,Italy,2020-10-11,36166,Deaths,26.0,180.0
24829,Italy,2020-10-12,36205,Deaths,39.0,203.0
24830,Italy,2020-10-13,36246,Deaths,41.0,216.0
24831,Italy,2020-10-14,36289,Deaths,43.0,228.0
24832,Italy,2020-10-15,36372,Deaths,83.0,289.0
24833,Italy,2020-10-16,36427,Deaths,55.0,316.0
24834,Italy,2020-10-17,36474,Deaths,47.0,334.0
24835,Italy,2020-10-18,36543,Deaths,69.0,377.0
24836,Italy,2020-10-19,36616,Deaths,73.0,411.0
24837,Italy,2020-10-20,36705,Deaths,89.0,459.0
24838,Italy,2020-10-21,36832,Deaths,127.0,543.0
24839,Italy,2020-10-22,36968,Deaths,136.0,596.0
24840,Italy,2020-10-23,37059,Deaths,91.0,632.0
24841,Italy,2020-10-24,37210,Deaths,151.0,736.0
24842,Italy,2020-10-25,37338,Deaths,128.0,795.0
24843,Italy,2020-10-26,37479,Deaths,141.0,863.0
24844,Italy,2020-10-27,37700,Deaths,221.0,995.0
24845,Italy,2020-10-28,37905,Deaths,205.0,1073.0
24846,Italy,2020-10-29,38122,Deaths,217.0,1154.0
24847,Italy,2020-10-30,38321,Deaths,199.0,1262.0
24848,Italy,2020-10-31,38618,Deaths,297.0,1408.0
24849,Italy,2020-11-01,38826,Deaths,208.0,1488.0
24850,Italy,2020-11-02,39059,Deaths,233.0,1580.0
24851,Italy,2020-11-03,39412,Deaths,353.0,1712.0
24852,Italy,2020-11-04,39764,Deaths,352.0,1859.0
24853,Italy,2020-11-05,40192,Deaths,428.0,2070.0
24854,Jamaica,2020-01-22,0,Deaths,,
24855,Jamaica,2020-01-23,0,Deaths,0.0,
24856,Jamaica,2020-01-24,0,Deaths,0.0,
24857,Jamaica,2020-01-25,0,Deaths,0.0,
24858,Jamaica,2020-01-26,0,Deaths,0.0,
24859,Jamaica,2020-01-27,0,Deaths,0.0,
24860,Jamaica,2020-01-28,0,Deaths,0.0,
24861,Jamaica,2020-01-29,0,Deaths,0.0,0.0
24862,Jamaica,2020-01-30,0,Deaths,0.0,0.0
24863,Jamaica,2020-01-31,0,Deaths,0.0,0.0
24864,Jamaica,2020-02-01,0,Deaths,0.0,0.0
24865,Jamaica,2020-02-02,0,Deaths,0.0,0.0
24866,Jamaica,2020-02-03,0,Deaths,0.0,0.0
24867,Jamaica,2020-02-04,0,Deaths,0.0,0.0
24868,Jamaica,2020-02-05,0,Deaths,0.0,0.0
24869,Jamaica,2020-02-06,0,Deaths,0.0,0.0
24870,Jamaica,2020-02-07,0,Deaths,0.0,0.0
24871,Jamaica,2020-02-08,0,Deaths,0.0,0.0
24872,Jamaica,2020-02-09,0,Deaths,0.0,0.0
24873,Jamaica,2020-02-10,0,Deaths,0.0,0.0
24874,Jamaica,2020-02-11,0,Deaths,0.0,0.0
24875,Jamaica,2020-02-12,0,Deaths,0.0,0.0
24876,Jamaica,2020-02-13,0,Deaths,0.0,0.0
24877,Jamaica,2020-02-14,0,Deaths,0.0,0.0
24878,Jamaica,2020-02-15,0,Deaths,0.0,0.0
24879,Jamaica,2020-02-16,0,Deaths,0.0,0.0
24880,Jamaica,2020-02-17,0,Deaths,0.0,0.0
24881,Jamaica,2020-02-18,0,Deaths,0.0,0.0
24882,Jamaica,2020-02-19,0,Deaths,0.0,0.0
24883,Jamaica,2020-02-20,0,Deaths,0.0,0.0
24884,Jamaica,2020-02-21,0,Deaths,0.0,0.0
24885,Jamaica,2020-02-22,0,Deaths,0.0,0.0
24886,Jamaica,2020-02-23,0,Deaths,0.0,0.0
24887,Jamaica,2020-02-24,0,Deaths,0.0,0.0
24888,Jamaica,2020-02-25,0,Deaths,0.0,0.0
24889,Jamaica,2020-02-26,0,Deaths,0.0,0.0
24890,Jamaica,2020-02-27,0,Deaths,0.0,0.0
24891,Jamaica,2020-02-28,0,Deaths,0.0,0.0
24892,Jamaica,2020-02-29,0,Deaths,0.0,0.0
24893,Jamaica,2020-03-01,0,Deaths,0.0,0.0
24894,Jamaica,2020-03-02,0,Deaths,0.0,0.0
24895,Jamaica,2020-03-03,0,Deaths,0.0,0.0
24896,Jamaica,2020-03-04,0,Deaths,0.0,0.0
24897,Jamaica,2020-03-05,0,Deaths,0.0,0.0
24898,Jamaica,2020-03-06,0,Deaths,0.0,0.0
24899,Jamaica,2020-03-07,0,Deaths,0.0,0.0
24900,Jamaica,2020-03-08,0,Deaths,0.0,0.0
24901,Jamaica,2020-03-09,0,Deaths,0.0,0.0
24902,Jamaica,2020-03-10,0,Deaths,0.0,0.0
24903,Jamaica,2020-03-11,0,Deaths,0.0,0.0
24904,Jamaica,2020-03-12,0,Deaths,0.0,0.0
24905,Jamaica,2020-03-13,0,Deaths,0.0,0.0
24906,Jamaica,2020-03-14,0,Deaths,0.0,0.0
24907,Jamaica,2020-03-15,0,Deaths,0.0,0.0
24908,Jamaica,2020-03-16,0,Deaths,0.0,0.0
24909,Jamaica,2020-03-17,0,Deaths,0.0,0.0
24910,Jamaica,2020-03-18,0,Deaths,0.0,0.0
24911,Jamaica,2020-03-19,1,Deaths,1.0,1.0
24912,Jamaica,2020-03-20,1,Deaths,0.0,1.0
24913,Jamaica,2020-03-21,1,Deaths,0.0,1.0
24914,Jamaica,2020-03-22,1,Deaths,0.0,1.0
24915,Jamaica,2020-03-23,1,Deaths,0.0,1.0
24916,Jamaica,2020-03-24,1,Deaths,0.0,1.0
24917,Jamaica,2020-03-25,1,Deaths,0.0,1.0
24918,Jamaica,2020-03-26,1,Deaths,0.0,0.0
24919,Jamaica,2020-03-27,1,Deaths,0.0,0.0
24920,Jamaica,2020-03-28,1,Deaths,0.0,0.0
24921,Jamaica,2020-03-29,1,Deaths,0.0,0.0
24922,Jamaica,2020-03-30,1,Deaths,0.0,0.0
24923,Jamaica,2020-03-31,1,Deaths,0.0,0.0
24924,Jamaica,2020-04-01,3,Deaths,2.0,2.0
24925,Jamaica,2020-04-02,3,Deaths,0.0,2.0
24926,Jamaica,2020-04-03,3,Deaths,0.0,2.0
24927,Jamaica,2020-04-04,3,Deaths,0.0,2.0
24928,Jamaica,2020-04-05,3,Deaths,0.0,2.0
24929,Jamaica,2020-04-06,3,Deaths,0.0,2.0
24930,Jamaica,2020-04-07,3,Deaths,0.0,2.0
24931,Jamaica,2020-04-08,4,Deaths,1.0,1.0
24932,Jamaica,2020-04-09,4,Deaths,0.0,1.0
24933,Jamaica,2020-04-10,4,Deaths,0.0,1.0
24934,Jamaica,2020-04-11,4,Deaths,0.0,1.0
24935,Jamaica,2020-04-12,4,Deaths,0.0,1.0
24936,Jamaica,2020-04-13,4,Deaths,0.0,1.0
24937,Jamaica,2020-04-14,4,Deaths,0.0,1.0
24938,Jamaica,2020-04-15,5,Deaths,1.0,1.0
24939,Jamaica,2020-04-16,5,Deaths,0.0,1.0
24940,Jamaica,2020-04-17,5,Deaths,0.0,1.0
24941,Jamaica,2020-04-18,5,Deaths,0.0,1.0
24942,Jamaica,2020-04-19,5,Deaths,0.0,1.0
24943,Jamaica,2020-04-20,5,Deaths,0.0,1.0
24944,Jamaica,2020-04-21,6,Deaths,1.0,2.0
24945,Jamaica,2020-04-22,6,Deaths,0.0,1.0
24946,Jamaica,2020-04-23,6,Deaths,0.0,1.0
24947,Jamaica,2020-04-24,7,Deaths,1.0,2.0
24948,Jamaica,2020-04-25,7,Deaths,0.0,2.0
24949,Jamaica,2020-04-26,7,Deaths,0.0,2.0
24950,Jamaica,2020-04-27,7,Deaths,0.0,2.0
24951,Jamaica,2020-04-28,7,Deaths,0.0,1.0
24952,Jamaica,2020-04-29,7,Deaths,0.0,1.0
24953,Jamaica,2020-04-30,8,Deaths,1.0,2.0
24954,Jamaica,2020-05-01,8,Deaths,0.0,1.0
24955,Jamaica,2020-05-02,8,Deaths,0.0,1.0
24956,Jamaica,2020-05-03,9,Deaths,1.0,2.0
24957,Jamaica,2020-05-04,9,Deaths,0.0,2.0
24958,Jamaica,2020-05-05,9,Deaths,0.0,2.0
24959,Jamaica,2020-05-06,9,Deaths,0.0,2.0
24960,Jamaica,2020-05-07,9,Deaths,0.0,1.0
24961,Jamaica,2020-05-08,9,Deaths,0.0,1.0
24962,Jamaica,2020-05-09,9,Deaths,0.0,1.0
24963,Jamaica,2020-05-10,9,Deaths,0.0,0.0
24964,Jamaica,2020-05-11,9,Deaths,0.0,0.0
24965,Jamaica,2020-05-12,9,Deaths,0.0,0.0
24966,Jamaica,2020-05-13,9,Deaths,0.0,0.0
24967,Jamaica,2020-05-14,9,Deaths,0.0,0.0
24968,Jamaica,2020-05-15,9,Deaths,0.0,0.0
24969,Jamaica,2020-05-16,9,Deaths,0.0,0.0
24970,Jamaica,2020-05-17,9,Deaths,0.0,0.0
24971,Jamaica,2020-05-18,9,Deaths,0.0,0.0
24972,Jamaica,2020-05-19,9,Deaths,0.0,0.0
24973,Jamaica,2020-05-20,9,Deaths,0.0,0.0
24974,Jamaica,2020-05-21,9,Deaths,0.0,0.0
24975,Jamaica,2020-05-22,9,Deaths,0.0,0.0
24976,Jamaica,2020-05-23,9,Deaths,0.0,0.0
24977,Jamaica,2020-05-24,9,Deaths,0.0,0.0
24978,Jamaica,2020-05-25,9,Deaths,0.0,0.0
24979,Jamaica,2020-05-26,9,Deaths,0.0,0.0
24980,Jamaica,2020-05-27,9,Deaths,0.0,0.0
24981,Jamaica,2020-05-28,9,Deaths,0.0,0.0
24982,Jamaica,2020-05-29,9,Deaths,0.0,0.0
24983,Jamaica,2020-05-30,9,Deaths,0.0,0.0
24984,Jamaica,2020-05-31,9,Deaths,0.0,0.0
24985,Jamaica,2020-06-01,9,Deaths,0.0,0.0
24986,Jamaica,2020-06-02,9,Deaths,0.0,0.0
24987,Jamaica,2020-06-03,10,Deaths,1.0,1.0
24988,Jamaica,2020-06-04,10,Deaths,0.0,1.0
24989,Jamaica,2020-06-05,10,Deaths,0.0,1.0
24990,Jamaica,2020-06-06,10,Deaths,0.0,1.0
24991,Jamaica,2020-06-07,10,Deaths,0.0,1.0
24992,Jamaica,2020-06-08,10,Deaths,0.0,1.0
24993,Jamaica,2020-06-09,10,Deaths,0.0,1.0
24994,Jamaica,2020-06-10,10,Deaths,0.0,0.0
24995,Jamaica,2020-06-11,10,Deaths,0.0,0.0
24996,Jamaica,2020-06-12,10,Deaths,0.0,0.0
24997,Jamaica,2020-06-13,10,Deaths,0.0,0.0
24998,Jamaica,2020-06-14,10,Deaths,0.0,0.0
24999,Jamaica,2020-06-15,10,Deaths,0.0,0.0
25000,Jamaica,2020-06-16,10,Deaths,0.0,0.0
25001,Jamaica,2020-06-17,10,Deaths,0.0,0.0
25002,Jamaica,2020-06-18,10,Deaths,0.0,0.0
25003,Jamaica,2020-06-19,10,Deaths,0.0,0.0
25004,Jamaica,2020-06-20,10,Deaths,0.0,0.0
25005,Jamaica,2020-06-21,10,Deaths,0.0,0.0
25006,Jamaica,2020-06-22,10,Deaths,0.0,0.0
25007,Jamaica,2020-06-23,10,Deaths,0.0,0.0
25008,Jamaica,2020-06-24,10,Deaths,0.0,0.0
25009,Jamaica,2020-06-25,10,Deaths,0.0,0.0
25010,Jamaica,2020-06-26,10,Deaths,0.0,0.0
25011,Jamaica,2020-06-27,10,Deaths,0.0,0.0
25012,Jamaica,2020-06-28,10,Deaths,0.0,0.0
25013,Jamaica,2020-06-29,10,Deaths,0.0,0.0
25014,Jamaica,2020-06-30,10,Deaths,0.0,0.0
25015,Jamaica,2020-07-01,10,Deaths,0.0,0.0
25016,Jamaica,2020-07-02,10,Deaths,0.0,0.0
25017,Jamaica,2020-07-03,10,Deaths,0.0,0.0
25018,Jamaica,2020-07-04,10,Deaths,0.0,0.0
25019,Jamaica,2020-07-05,10,Deaths,0.0,0.0
25020,Jamaica,2020-07-06,10,Deaths,0.0,0.0
25021,Jamaica,2020-07-07,10,Deaths,0.0,0.0
25022,Jamaica,2020-07-08,10,Deaths,0.0,0.0
25023,Jamaica,2020-07-09,10,Deaths,0.0,0.0
25024,Jamaica,2020-07-10,10,Deaths,0.0,0.0
25025,Jamaica,2020-07-11,10,Deaths,0.0,0.0
25026,Jamaica,2020-07-12,10,Deaths,0.0,0.0
25027,Jamaica,2020-07-13,10,Deaths,0.0,0.0
25028,Jamaica,2020-07-14,10,Deaths,0.0,0.0
25029,Jamaica,2020-07-15,10,Deaths,0.0,0.0
25030,Jamaica,2020-07-16,10,Deaths,0.0,0.0
25031,Jamaica,2020-07-17,10,Deaths,0.0,0.0
25032,Jamaica,2020-07-18,10,Deaths,0.0,0.0
25033,Jamaica,2020-07-19,10,Deaths,0.0,0.0
25034,Jamaica,2020-07-20,10,Deaths,0.0,0.0
25035,Jamaica,2020-07-21,10,Deaths,0.0,0.0
25036,Jamaica,2020-07-22,10,Deaths,0.0,0.0
25037,Jamaica,2020-07-23,10,Deaths,0.0,0.0
25038,Jamaica,2020-07-24,10,Deaths,0.0,0.0
25039,Jamaica,2020-07-25,10,Deaths,0.0,0.0
25040,Jamaica,2020-07-26,10,Deaths,0.0,0.0
25041,Jamaica,2020-07-27,10,Deaths,0.0,0.0
25042,Jamaica,2020-07-28,10,Deaths,0.0,0.0
25043,Jamaica,2020-07-29,10,Deaths,0.0,0.0
25044,Jamaica,2020-07-30,10,Deaths,0.0,0.0
25045,Jamaica,2020-07-31,10,Deaths,0.0,0.0
25046,Jamaica,2020-08-01,10,Deaths,0.0,0.0
25047,Jamaica,2020-08-02,12,Deaths,2.0,2.0
25048,Jamaica,2020-08-03,12,Deaths,0.0,2.0
25049,Jamaica,2020-08-04,12,Deaths,0.0,2.0
25050,Jamaica,2020-08-05,12,Deaths,0.0,2.0
25051,Jamaica,2020-08-06,12,Deaths,0.0,2.0
25052,Jamaica,2020-08-07,13,Deaths,1.0,3.0
25053,Jamaica,2020-08-08,13,Deaths,0.0,3.0
25054,Jamaica,2020-08-09,14,Deaths,1.0,2.0
25055,Jamaica,2020-08-10,14,Deaths,0.0,2.0
25056,Jamaica,2020-08-11,14,Deaths,0.0,2.0
25057,Jamaica,2020-08-12,14,Deaths,0.0,2.0
25058,Jamaica,2020-08-13,14,Deaths,0.0,2.0
25059,Jamaica,2020-08-14,14,Deaths,0.0,1.0
25060,Jamaica,2020-08-15,14,Deaths,0.0,1.0
25061,Jamaica,2020-08-16,14,Deaths,0.0,0.0
25062,Jamaica,2020-08-17,14,Deaths,0.0,0.0
25063,Jamaica,2020-08-18,14,Deaths,0.0,0.0
25064,Jamaica,2020-08-19,14,Deaths,0.0,0.0
25065,Jamaica,2020-08-20,15,Deaths,1.0,1.0
25066,Jamaica,2020-08-21,16,Deaths,1.0,2.0
25067,Jamaica,2020-08-22,16,Deaths,0.0,2.0
25068,Jamaica,2020-08-23,16,Deaths,0.0,2.0
25069,Jamaica,2020-08-24,16,Deaths,0.0,2.0
25070,Jamaica,2020-08-25,19,Deaths,3.0,5.0
25071,Jamaica,2020-08-26,19,Deaths,0.0,5.0
25072,Jamaica,2020-08-27,19,Deaths,0.0,4.0
25073,Jamaica,2020-08-28,19,Deaths,0.0,3.0
25074,Jamaica,2020-08-29,20,Deaths,1.0,4.0
25075,Jamaica,2020-08-30,21,Deaths,1.0,5.0
25076,Jamaica,2020-08-31,21,Deaths,0.0,5.0
25077,Jamaica,2020-09-01,21,Deaths,0.0,2.0
25078,Jamaica,2020-09-02,24,Deaths,3.0,5.0
25079,Jamaica,2020-09-03,29,Deaths,5.0,10.0
25080,Jamaica,2020-09-04,30,Deaths,1.0,11.0
25081,Jamaica,2020-09-05,32,Deaths,2.0,12.0
25082,Jamaica,2020-09-06,33,Deaths,1.0,12.0
25083,Jamaica,2020-09-07,34,Deaths,1.0,13.0
25084,Jamaica,2020-09-08,36,Deaths,2.0,15.0
25085,Jamaica,2020-09-09,38,Deaths,2.0,14.0
25086,Jamaica,2020-09-10,40,Deaths,2.0,11.0
25087,Jamaica,2020-09-11,40,Deaths,0.0,10.0
25088,Jamaica,2020-09-12,40,Deaths,0.0,8.0
25089,Jamaica,2020-09-13,42,Deaths,2.0,9.0
25090,Jamaica,2020-09-14,44,Deaths,2.0,10.0
25091,Jamaica,2020-09-15,46,Deaths,2.0,10.0
25092,Jamaica,2020-09-16,46,Deaths,0.0,8.0
25093,Jamaica,2020-09-17,51,Deaths,5.0,11.0
25094,Jamaica,2020-09-18,55,Deaths,4.0,15.0
25095,Jamaica,2020-09-19,60,Deaths,5.0,20.0
25096,Jamaica,2020-09-20,67,Deaths,7.0,25.0
25097,Jamaica,2020-09-21,70,Deaths,3.0,26.0
25098,Jamaica,2020-09-22,75,Deaths,5.0,29.0
25099,Jamaica,2020-09-23,76,Deaths,1.0,30.0
25100,Jamaica,2020-09-24,77,Deaths,1.0,26.0
25101,Jamaica,2020-09-25,80,Deaths,3.0,25.0
25102,Jamaica,2020-09-26,88,Deaths,8.0,28.0
25103,Jamaica,2020-09-27,89,Deaths,1.0,22.0
25104,Jamaica,2020-09-28,93,Deaths,4.0,23.0
25105,Jamaica,2020-09-29,101,Deaths,8.0,26.0
25106,Jamaica,2020-09-30,107,Deaths,6.0,31.0
25107,Jamaica,2020-10-01,111,Deaths,4.0,34.0
25108,Jamaica,2020-10-02,116,Deaths,5.0,36.0
25109,Jamaica,2020-10-03,119,Deaths,3.0,31.0
25110,Jamaica,2020-10-04,120,Deaths,1.0,31.0
25111,Jamaica,2020-10-05,120,Deaths,0.0,27.0
25112,Jamaica,2020-10-06,123,Deaths,3.0,22.0
25113,Jamaica,2020-10-07,126,Deaths,3.0,19.0
25114,Jamaica,2020-10-08,128,Deaths,2.0,17.0
25115,Jamaica,2020-10-09,132,Deaths,4.0,16.0
25116,Jamaica,2020-10-10,138,Deaths,6.0,19.0
25117,Jamaica,2020-10-11,139,Deaths,1.0,19.0
25118,Jamaica,2020-10-12,146,Deaths,7.0,26.0
25119,Jamaica,2020-10-13,146,Deaths,0.0,23.0
25120,Jamaica,2020-10-14,151,Deaths,5.0,25.0
25121,Jamaica,2020-10-15,160,Deaths,9.0,32.0
25122,Jamaica,2020-10-16,162,Deaths,2.0,30.0
25123,Jamaica,2020-10-17,168,Deaths,6.0,30.0
25124,Jamaica,2020-10-18,171,Deaths,3.0,32.0
25125,Jamaica,2020-10-19,173,Deaths,2.0,27.0
25126,Jamaica,2020-10-20,174,Deaths,1.0,28.0
25127,Jamaica,2020-10-21,174,Deaths,0.0,23.0
25128,Jamaica,2020-10-22,179,Deaths,5.0,19.0
25129,Jamaica,2020-10-23,182,Deaths,3.0,20.0
25130,Jamaica,2020-10-24,186,Deaths,4.0,18.0
25131,Jamaica,2020-10-25,188,Deaths,2.0,17.0
25132,Jamaica,2020-10-26,192,Deaths,4.0,19.0
25133,Jamaica,2020-10-27,196,Deaths,4.0,22.0
25134,Jamaica,2020-10-28,198,Deaths,2.0,24.0
25135,Jamaica,2020-10-29,202,Deaths,4.0,23.0
25136,Jamaica,2020-10-30,205,Deaths,3.0,23.0
25137,Jamaica,2020-10-31,206,Deaths,1.0,20.0
25138,Jamaica,2020-11-01,208,Deaths,2.0,20.0
25139,Jamaica,2020-11-02,210,Deaths,2.0,18.0
25140,Jamaica,2020-11-03,214,Deaths,4.0,18.0
25141,Jamaica,2020-11-04,215,Deaths,1.0,17.0
25142,Jamaica,2020-11-05,217,Deaths,2.0,15.0
25143,Japan,2020-01-22,0,Deaths,,
25144,Japan,2020-01-23,0,Deaths,0.0,
25145,Japan,2020-01-24,0,Deaths,0.0,
25146,Japan,2020-01-25,0,Deaths,0.0,
25147,Japan,2020-01-26,0,Deaths,0.0,
25148,Japan,2020-01-27,0,Deaths,0.0,
25149,Japan,2020-01-28,0,Deaths,0.0,
25150,Japan,2020-01-29,0,Deaths,0.0,0.0
25151,Japan,2020-01-30,0,Deaths,0.0,0.0
25152,Japan,2020-01-31,0,Deaths,0.0,0.0
25153,Japan,2020-02-01,0,Deaths,0.0,0.0
25154,Japan,2020-02-02,0,Deaths,0.0,0.0
25155,Japan,2020-02-03,0,Deaths,0.0,0.0
25156,Japan,2020-02-04,0,Deaths,0.0,0.0
25157,Japan,2020-02-05,0,Deaths,0.0,0.0
25158,Japan,2020-02-06,0,Deaths,0.0,0.0
25159,Japan,2020-02-07,0,Deaths,0.0,0.0
25160,Japan,2020-02-08,0,Deaths,0.0,0.0
25161,Japan,2020-02-09,0,Deaths,0.0,0.0
25162,Japan,2020-02-10,0,Deaths,0.0,0.0
25163,Japan,2020-02-11,0,Deaths,0.0,0.0
25164,Japan,2020-02-12,0,Deaths,0.0,0.0
25165,Japan,2020-02-13,1,Deaths,1.0,1.0
25166,Japan,2020-02-14,1,Deaths,0.0,1.0
25167,Japan,2020-02-15,1,Deaths,0.0,1.0
25168,Japan,2020-02-16,1,Deaths,0.0,1.0
25169,Japan,2020-02-17,1,Deaths,0.0,1.0
25170,Japan,2020-02-18,2,Deaths,1.0,2.0
25171,Japan,2020-02-19,2,Deaths,0.0,2.0
25172,Japan,2020-02-20,2,Deaths,0.0,1.0
25173,Japan,2020-02-21,2,Deaths,0.0,1.0
25174,Japan,2020-02-22,2,Deaths,0.0,1.0
25175,Japan,2020-02-23,2,Deaths,0.0,1.0
25176,Japan,2020-02-24,2,Deaths,0.0,1.0
25177,Japan,2020-02-25,3,Deaths,1.0,1.0
25178,Japan,2020-02-26,3,Deaths,0.0,1.0
25179,Japan,2020-02-27,4,Deaths,1.0,2.0
25180,Japan,2020-02-28,5,Deaths,1.0,3.0
25181,Japan,2020-02-29,6,Deaths,1.0,4.0
25182,Japan,2020-03-01,6,Deaths,0.0,4.0
25183,Japan,2020-03-02,6,Deaths,0.0,4.0
25184,Japan,2020-03-03,6,Deaths,0.0,3.0
25185,Japan,2020-03-04,7,Deaths,1.0,4.0
25186,Japan,2020-03-05,7,Deaths,0.0,3.0
25187,Japan,2020-03-06,7,Deaths,0.0,2.0
25188,Japan,2020-03-07,7,Deaths,0.0,1.0
25189,Japan,2020-03-08,8,Deaths,1.0,2.0
25190,Japan,2020-03-09,10,Deaths,2.0,4.0
25191,Japan,2020-03-10,13,Deaths,3.0,7.0
25192,Japan,2020-03-11,15,Deaths,2.0,8.0
25193,Japan,2020-03-12,19,Deaths,4.0,12.0
25194,Japan,2020-03-13,21,Deaths,2.0,14.0
25195,Japan,2020-03-14,22,Deaths,1.0,15.0
25196,Japan,2020-03-15,24,Deaths,2.0,16.0
25197,Japan,2020-03-16,30,Deaths,6.0,20.0
25198,Japan,2020-03-17,30,Deaths,0.0,17.0
25199,Japan,2020-03-18,32,Deaths,2.0,17.0
25200,Japan,2020-03-19,33,Deaths,1.0,14.0
25201,Japan,2020-03-20,34,Deaths,1.0,13.0
25202,Japan,2020-03-21,36,Deaths,2.0,14.0
25203,Japan,2020-03-22,40,Deaths,4.0,16.0
25204,Japan,2020-03-23,41,Deaths,1.0,11.0
25205,Japan,2020-03-24,42,Deaths,1.0,12.0
25206,Japan,2020-03-25,45,Deaths,3.0,13.0
25207,Japan,2020-03-26,47,Deaths,2.0,14.0
25208,Japan,2020-03-27,53,Deaths,6.0,19.0
25209,Japan,2020-03-28,56,Deaths,3.0,20.0
25210,Japan,2020-03-29,63,Deaths,7.0,23.0
25211,Japan,2020-03-30,65,Deaths,2.0,24.0
25212,Japan,2020-03-31,67,Deaths,2.0,25.0
25213,Japan,2020-04-01,72,Deaths,5.0,27.0
25214,Japan,2020-04-02,75,Deaths,3.0,28.0
25215,Japan,2020-04-03,81,Deaths,6.0,28.0
25216,Japan,2020-04-04,87,Deaths,6.0,31.0
25217,Japan,2020-04-05,93,Deaths,6.0,30.0
25218,Japan,2020-04-06,96,Deaths,3.0,31.0
25219,Japan,2020-04-07,98,Deaths,2.0,31.0
25220,Japan,2020-04-08,105,Deaths,7.0,33.0
25221,Japan,2020-04-09,113,Deaths,8.0,38.0
25222,Japan,2020-04-10,125,Deaths,12.0,44.0
25223,Japan,2020-04-11,138,Deaths,13.0,51.0
25224,Japan,2020-04-12,147,Deaths,9.0,54.0
25225,Japan,2020-04-13,156,Deaths,9.0,60.0
25226,Japan,2020-04-14,170,Deaths,14.0,72.0
25227,Japan,2020-04-15,186,Deaths,16.0,81.0
25228,Japan,2020-04-16,204,Deaths,18.0,91.0
25229,Japan,2020-04-17,217,Deaths,13.0,92.0
25230,Japan,2020-04-18,236,Deaths,19.0,98.0
25231,Japan,2020-04-19,255,Deaths,19.0,108.0
25232,Japan,2020-04-20,275,Deaths,20.0,119.0
25233,Japan,2020-04-21,303,Deaths,28.0,133.0
25234,Japan,2020-04-22,323,Deaths,20.0,137.0
25235,Japan,2020-04-23,351,Deaths,28.0,147.0
25236,Japan,2020-04-24,360,Deaths,9.0,143.0
25237,Japan,2020-04-25,379,Deaths,19.0,143.0
25238,Japan,2020-04-26,395,Deaths,16.0,140.0
25239,Japan,2020-04-27,417,Deaths,22.0,142.0
25240,Japan,2020-04-28,436,Deaths,19.0,133.0
25241,Japan,2020-04-29,454,Deaths,18.0,131.0
25242,Japan,2020-04-30,481,Deaths,27.0,130.0
25243,Japan,2020-05-01,510,Deaths,29.0,150.0
25244,Japan,2020-05-02,536,Deaths,26.0,157.0
25245,Japan,2020-05-03,560,Deaths,24.0,165.0
25246,Japan,2020-05-04,582,Deaths,22.0,165.0
25247,Japan,2020-05-05,593,Deaths,11.0,157.0
25248,Japan,2020-05-06,605,Deaths,12.0,151.0
25249,Japan,2020-05-07,617,Deaths,12.0,136.0
25250,Japan,2020-05-08,634,Deaths,17.0,124.0
25251,Japan,2020-05-09,654,Deaths,20.0,118.0
25252,Japan,2020-05-10,666,Deaths,12.0,106.0
25253,Japan,2020-05-11,685,Deaths,19.0,103.0
25254,Japan,2020-05-12,707,Deaths,22.0,114.0
25255,Japan,2020-05-13,726,Deaths,19.0,121.0
25256,Japan,2020-05-14,742,Deaths,16.0,125.0
25257,Japan,2020-05-15,760,Deaths,18.0,126.0
25258,Japan,2020-05-16,778,Deaths,18.0,124.0
25259,Japan,2020-05-17,787,Deaths,9.0,121.0
25260,Japan,2020-05-18,796,Deaths,9.0,111.0
25261,Japan,2020-05-19,805,Deaths,9.0,98.0
25262,Japan,2020-05-20,818,Deaths,13.0,92.0
25263,Japan,2020-05-21,826,Deaths,8.0,84.0
25264,Japan,2020-05-22,836,Deaths,10.0,76.0
25265,Japan,2020-05-23,845,Deaths,9.0,67.0
25266,Japan,2020-05-24,852,Deaths,7.0,65.0
25267,Japan,2020-05-25,857,Deaths,5.0,61.0
25268,Japan,2020-05-26,863,Deaths,6.0,58.0
25269,Japan,2020-05-27,870,Deaths,7.0,52.0
25270,Japan,2020-05-28,881,Deaths,11.0,55.0
25271,Japan,2020-05-29,887,Deaths,6.0,51.0
25272,Japan,2020-05-30,894,Deaths,7.0,49.0
25273,Japan,2020-05-31,898,Deaths,4.0,46.0
25274,Japan,2020-06-01,899,Deaths,1.0,42.0
25275,Japan,2020-06-02,902,Deaths,3.0,39.0
25276,Japan,2020-06-03,905,Deaths,3.0,35.0
25277,Japan,2020-06-04,911,Deaths,6.0,30.0
25278,Japan,2020-06-05,916,Deaths,5.0,29.0
25279,Japan,2020-06-06,915,Deaths,-1.0,21.0
25280,Japan,2020-06-07,917,Deaths,2.0,19.0
25281,Japan,2020-06-08,920,Deaths,3.0,21.0
25282,Japan,2020-06-09,920,Deaths,0.0,18.0
25283,Japan,2020-06-10,922,Deaths,2.0,17.0
25284,Japan,2020-06-11,922,Deaths,0.0,11.0
25285,Japan,2020-06-12,924,Deaths,2.0,8.0
25286,Japan,2020-06-13,927,Deaths,3.0,12.0
25287,Japan,2020-06-14,927,Deaths,0.0,10.0
25288,Japan,2020-06-15,929,Deaths,2.0,9.0
25289,Japan,2020-06-16,934,Deaths,5.0,14.0
25290,Japan,2020-06-17,935,Deaths,1.0,13.0
25291,Japan,2020-06-18,935,Deaths,0.0,13.0
25292,Japan,2020-06-19,951,Deaths,16.0,27.0
25293,Japan,2020-06-20,955,Deaths,4.0,28.0
25294,Japan,2020-06-21,955,Deaths,0.0,28.0
25295,Japan,2020-06-22,955,Deaths,0.0,26.0
25296,Japan,2020-06-23,965,Deaths,10.0,31.0
25297,Japan,2020-06-24,967,Deaths,2.0,32.0
25298,Japan,2020-06-25,971,Deaths,4.0,36.0
25299,Japan,2020-06-26,971,Deaths,0.0,20.0
25300,Japan,2020-06-27,971,Deaths,0.0,16.0
25301,Japan,2020-06-28,972,Deaths,1.0,17.0
25302,Japan,2020-06-29,972,Deaths,0.0,17.0
25303,Japan,2020-06-30,972,Deaths,0.0,7.0
25304,Japan,2020-07-01,976,Deaths,4.0,9.0
25305,Japan,2020-07-02,977,Deaths,1.0,6.0
25306,Japan,2020-07-03,977,Deaths,0.0,6.0
25307,Japan,2020-07-04,977,Deaths,0.0,6.0
25308,Japan,2020-07-05,977,Deaths,0.0,5.0
25309,Japan,2020-07-06,978,Deaths,1.0,6.0
25310,Japan,2020-07-07,981,Deaths,3.0,9.0
25311,Japan,2020-07-08,982,Deaths,1.0,6.0
25312,Japan,2020-07-09,982,Deaths,0.0,5.0
25313,Japan,2020-07-10,982,Deaths,0.0,5.0
25314,Japan,2020-07-11,982,Deaths,0.0,5.0
25315,Japan,2020-07-12,983,Deaths,1.0,6.0
25316,Japan,2020-07-13,984,Deaths,1.0,6.0
25317,Japan,2020-07-14,984,Deaths,0.0,3.0
25318,Japan,2020-07-15,984,Deaths,0.0,2.0
25319,Japan,2020-07-16,985,Deaths,1.0,3.0
25320,Japan,2020-07-17,985,Deaths,0.0,3.0
25321,Japan,2020-07-18,986,Deaths,1.0,4.0
25322,Japan,2020-07-19,986,Deaths,0.0,3.0
25323,Japan,2020-07-20,988,Deaths,2.0,4.0
25324,Japan,2020-07-21,988,Deaths,0.0,4.0
25325,Japan,2020-07-22,990,Deaths,2.0,6.0
25326,Japan,2020-07-23,992,Deaths,2.0,7.0
25327,Japan,2020-07-24,994,Deaths,2.0,9.0
25328,Japan,2020-07-25,996,Deaths,2.0,10.0
25329,Japan,2020-07-26,998,Deaths,2.0,12.0
25330,Japan,2020-07-27,998,Deaths,0.0,10.0
25331,Japan,2020-07-28,1001,Deaths,3.0,13.0
25332,Japan,2020-07-29,1001,Deaths,0.0,11.0
25333,Japan,2020-07-30,1007,Deaths,6.0,15.0
25334,Japan,2020-07-31,1008,Deaths,1.0,14.0
25335,Japan,2020-08-01,1012,Deaths,4.0,16.0
25336,Japan,2020-08-02,1013,Deaths,1.0,15.0
25337,Japan,2020-08-03,1018,Deaths,5.0,20.0
25338,Japan,2020-08-04,1023,Deaths,5.0,22.0
25339,Japan,2020-08-05,1028,Deaths,5.0,27.0
25340,Japan,2020-08-06,1034,Deaths,6.0,27.0
25341,Japan,2020-08-07,1042,Deaths,8.0,34.0
25342,Japan,2020-08-08,1042,Deaths,0.0,30.0
25343,Japan,2020-08-09,1047,Deaths,5.0,34.0
25344,Japan,2020-08-10,1052,Deaths,5.0,34.0
25345,Japan,2020-08-11,1058,Deaths,6.0,35.0
25346,Japan,2020-08-12,1066,Deaths,8.0,38.0
25347,Japan,2020-08-13,1073,Deaths,7.0,39.0
25348,Japan,2020-08-14,1080,Deaths,7.0,38.0
25349,Japan,2020-08-15,1093,Deaths,13.0,51.0
25350,Japan,2020-08-16,1103,Deaths,10.0,56.0
25351,Japan,2020-08-17,1112,Deaths,9.0,60.0
25352,Japan,2020-08-18,1135,Deaths,23.0,77.0
25353,Japan,2020-08-19,1148,Deaths,13.0,82.0
25354,Japan,2020-08-20,1157,Deaths,9.0,84.0
25355,Japan,2020-08-21,1175,Deaths,18.0,95.0
25356,Japan,2020-08-22,1179,Deaths,4.0,86.0
25357,Japan,2020-08-23,1188,Deaths,9.0,85.0
25358,Japan,2020-08-24,1201,Deaths,13.0,89.0
25359,Japan,2020-08-25,1219,Deaths,18.0,84.0
25360,Japan,2020-08-26,1230,Deaths,11.0,82.0
25361,Japan,2020-08-27,1241,Deaths,11.0,84.0
25362,Japan,2020-08-28,1251,Deaths,10.0,76.0
25363,Japan,2020-08-29,1271,Deaths,20.0,92.0
25364,Japan,2020-08-30,1285,Deaths,14.0,97.0
25365,Japan,2020-08-31,1298,Deaths,13.0,97.0
25366,Japan,2020-09-01,1313,Deaths,15.0,94.0
25367,Japan,2020-09-02,1327,Deaths,14.0,97.0
25368,Japan,2020-09-03,1334,Deaths,7.0,93.0
25369,Japan,2020-09-04,1352,Deaths,18.0,101.0
25370,Japan,2020-09-05,1361,Deaths,9.0,90.0
25371,Japan,2020-09-06,1366,Deaths,5.0,81.0
25372,Japan,2020-09-07,1377,Deaths,11.0,79.0
25373,Japan,2020-09-08,1398,Deaths,21.0,85.0
25374,Japan,2020-09-09,1412,Deaths,14.0,85.0
25375,Japan,2020-09-10,1416,Deaths,4.0,82.0
25376,Japan,2020-09-11,1428,Deaths,12.0,76.0
25377,Japan,2020-09-12,1441,Deaths,13.0,80.0
25378,Japan,2020-09-13,1448,Deaths,7.0,82.0
25379,Japan,2020-09-14,1455,Deaths,7.0,78.0
25380,Japan,2020-09-15,1463,Deaths,8.0,65.0
25381,Japan,2020-09-16,1481,Deaths,18.0,69.0
25382,Japan,2020-09-17,1490,Deaths,9.0,74.0
25383,Japan,2020-09-18,1500,Deaths,10.0,72.0
25384,Japan,2020-09-19,1504,Deaths,4.0,63.0
25385,Japan,2020-09-20,1508,Deaths,4.0,60.0
25386,Japan,2020-09-21,1518,Deaths,10.0,63.0
25387,Japan,2020-09-22,1519,Deaths,1.0,56.0
25388,Japan,2020-09-23,1525,Deaths,6.0,44.0
25389,Japan,2020-09-24,1540,Deaths,15.0,50.0
25390,Japan,2020-09-25,1544,Deaths,4.0,44.0
25391,Japan,2020-09-26,1547,Deaths,3.0,43.0
25392,Japan,2020-09-27,1549,Deaths,2.0,41.0
25393,Japan,2020-09-28,1561,Deaths,12.0,43.0
25394,Japan,2020-09-29,1568,Deaths,7.0,49.0
25395,Japan,2020-09-30,1575,Deaths,7.0,50.0
25396,Japan,2020-10-01,1580,Deaths,5.0,40.0
25397,Japan,2020-10-02,1591,Deaths,11.0,47.0
25398,Japan,2020-10-03,1594,Deaths,3.0,47.0
25399,Japan,2020-10-04,1598,Deaths,4.0,49.0
25400,Japan,2020-10-05,1602,Deaths,4.0,41.0
25401,Japan,2020-10-06,1609,Deaths,7.0,41.0
25402,Japan,2020-10-07,1614,Deaths,5.0,39.0
25403,Japan,2020-10-08,1617,Deaths,3.0,37.0
25404,Japan,2020-10-09,1623,Deaths,6.0,32.0
25405,Japan,2020-10-10,1626,Deaths,3.0,32.0
25406,Japan,2020-10-11,1628,Deaths,2.0,30.0
25407,Japan,2020-10-12,1631,Deaths,3.0,29.0
25408,Japan,2020-10-13,1635,Deaths,4.0,26.0
25409,Japan,2020-10-14,1646,Deaths,11.0,32.0
25410,Japan,2020-10-15,1650,Deaths,4.0,33.0
25411,Japan,2020-10-16,1664,Deaths,14.0,41.0
25412,Japan,2020-10-17,1670,Deaths,6.0,44.0
25413,Japan,2020-10-18,1672,Deaths,2.0,44.0
25414,Japan,2020-10-19,1676,Deaths,4.0,45.0
25415,Japan,2020-10-20,1679,Deaths,3.0,44.0
25416,Japan,2020-10-21,1686,Deaths,7.0,40.0
25417,Japan,2020-10-22,1697,Deaths,11.0,47.0
25418,Japan,2020-10-23,1706,Deaths,9.0,42.0
25419,Japan,2020-10-24,1710,Deaths,4.0,40.0
25420,Japan,2020-10-25,1716,Deaths,6.0,44.0
25421,Japan,2020-10-26,1721,Deaths,5.0,45.0
25422,Japan,2020-10-27,1726,Deaths,5.0,47.0
25423,Japan,2020-10-28,1731,Deaths,5.0,45.0
25424,Japan,2020-10-29,1748,Deaths,17.0,51.0
25425,Japan,2020-10-30,1756,Deaths,8.0,50.0
25426,Japan,2020-10-31,1769,Deaths,13.0,59.0
25427,Japan,2020-11-01,1776,Deaths,7.0,60.0
25428,Japan,2020-11-02,1787,Deaths,11.0,66.0
25429,Japan,2020-11-03,1794,Deaths,7.0,68.0
25430,Japan,2020-11-04,1799,Deaths,5.0,68.0
25431,Japan,2020-11-05,1806,Deaths,7.0,58.0
25432,Jordan,2020-01-22,0,Deaths,,
25433,Jordan,2020-01-23,0,Deaths,0.0,
25434,Jordan,2020-01-24,0,Deaths,0.0,
25435,Jordan,2020-01-25,0,Deaths,0.0,
25436,Jordan,2020-01-26,0,Deaths,0.0,
25437,Jordan,2020-01-27,0,Deaths,0.0,
25438,Jordan,2020-01-28,0,Deaths,0.0,
25439,Jordan,2020-01-29,0,Deaths,0.0,0.0
25440,Jordan,2020-01-30,0,Deaths,0.0,0.0
25441,Jordan,2020-01-31,0,Deaths,0.0,0.0
25442,Jordan,2020-02-01,0,Deaths,0.0,0.0
25443,Jordan,2020-02-02,0,Deaths,0.0,0.0
25444,Jordan,2020-02-03,0,Deaths,0.0,0.0
25445,Jordan,2020-02-04,0,Deaths,0.0,0.0
25446,Jordan,2020-02-05,0,Deaths,0.0,0.0
25447,Jordan,2020-02-06,0,Deaths,0.0,0.0
25448,Jordan,2020-02-07,0,Deaths,0.0,0.0
25449,Jordan,2020-02-08,0,Deaths,0.0,0.0
25450,Jordan,2020-02-09,0,Deaths,0.0,0.0
25451,Jordan,2020-02-10,0,Deaths,0.0,0.0
25452,Jordan,2020-02-11,0,Deaths,0.0,0.0
25453,Jordan,2020-02-12,0,Deaths,0.0,0.0
25454,Jordan,2020-02-13,0,Deaths,0.0,0.0
25455,Jordan,2020-02-14,0,Deaths,0.0,0.0
25456,Jordan,2020-02-15,0,Deaths,0.0,0.0
25457,Jordan,2020-02-16,0,Deaths,0.0,0.0
25458,Jordan,2020-02-17,0,Deaths,0.0,0.0
25459,Jordan,2020-02-18,0,Deaths,0.0,0.0
25460,Jordan,2020-02-19,0,Deaths,0.0,0.0
25461,Jordan,2020-02-20,0,Deaths,0.0,0.0
25462,Jordan,2020-02-21,0,Deaths,0.0,0.0
25463,Jordan,2020-02-22,0,Deaths,0.0,0.0
25464,Jordan,2020-02-23,0,Deaths,0.0,0.0
25465,Jordan,2020-02-24,0,Deaths,0.0,0.0
25466,Jordan,2020-02-25,0,Deaths,0.0,0.0
25467,Jordan,2020-02-26,0,Deaths,0.0,0.0
25468,Jordan,2020-02-27,0,Deaths,0.0,0.0
25469,Jordan,2020-02-28,0,Deaths,0.0,0.0
25470,Jordan,2020-02-29,0,Deaths,0.0,0.0
25471,Jordan,2020-03-01,0,Deaths,0.0,0.0
25472,Jordan,2020-03-02,0,Deaths,0.0,0.0
25473,Jordan,2020-03-03,0,Deaths,0.0,0.0
25474,Jordan,2020-03-04,0,Deaths,0.0,0.0
25475,Jordan,2020-03-05,0,Deaths,0.0,0.0
25476,Jordan,2020-03-06,0,Deaths,0.0,0.0
25477,Jordan,2020-03-07,0,Deaths,0.0,0.0
25478,Jordan,2020-03-08,0,Deaths,0.0,0.0
25479,Jordan,2020-03-09,0,Deaths,0.0,0.0
25480,Jordan,2020-03-10,0,Deaths,0.0,0.0
25481,Jordan,2020-03-11,0,Deaths,0.0,0.0
25482,Jordan,2020-03-12,0,Deaths,0.0,0.0
25483,Jordan,2020-03-13,0,Deaths,0.0,0.0
25484,Jordan,2020-03-14,0,Deaths,0.0,0.0
25485,Jordan,2020-03-15,0,Deaths,0.0,0.0
25486,Jordan,2020-03-16,0,Deaths,0.0,0.0
25487,Jordan,2020-03-17,0,Deaths,0.0,0.0
25488,Jordan,2020-03-18,0,Deaths,0.0,0.0
25489,Jordan,2020-03-19,0,Deaths,0.0,0.0
25490,Jordan,2020-03-20,0,Deaths,0.0,0.0
25491,Jordan,2020-03-21,0,Deaths,0.0,0.0
25492,Jordan,2020-03-22,0,Deaths,0.0,0.0
25493,Jordan,2020-03-23,0,Deaths,0.0,0.0
25494,Jordan,2020-03-24,0,Deaths,0.0,0.0
25495,Jordan,2020-03-25,0,Deaths,0.0,0.0
25496,Jordan,2020-03-26,0,Deaths,0.0,0.0
25497,Jordan,2020-03-27,1,Deaths,1.0,1.0
25498,Jordan,2020-03-28,1,Deaths,0.0,1.0
25499,Jordan,2020-03-29,3,Deaths,2.0,3.0
25500,Jordan,2020-03-30,5,Deaths,2.0,5.0
25501,Jordan,2020-03-31,5,Deaths,0.0,5.0
25502,Jordan,2020-04-01,5,Deaths,0.0,5.0
25503,Jordan,2020-04-02,5,Deaths,0.0,5.0
25504,Jordan,2020-04-03,5,Deaths,0.0,4.0
25505,Jordan,2020-04-04,5,Deaths,0.0,4.0
25506,Jordan,2020-04-05,5,Deaths,0.0,2.0
25507,Jordan,2020-04-06,6,Deaths,1.0,1.0
25508,Jordan,2020-04-07,6,Deaths,0.0,1.0
25509,Jordan,2020-04-08,6,Deaths,0.0,1.0
25510,Jordan,2020-04-09,7,Deaths,1.0,2.0
25511,Jordan,2020-04-10,7,Deaths,0.0,2.0
25512,Jordan,2020-04-11,7,Deaths,0.0,2.0
25513,Jordan,2020-04-12,7,Deaths,0.0,2.0
25514,Jordan,2020-04-13,7,Deaths,0.0,1.0
25515,Jordan,2020-04-14,7,Deaths,0.0,1.0
25516,Jordan,2020-04-15,7,Deaths,0.0,1.0
25517,Jordan,2020-04-16,7,Deaths,0.0,0.0
25518,Jordan,2020-04-17,7,Deaths,0.0,0.0
25519,Jordan,2020-04-18,7,Deaths,0.0,0.0
25520,Jordan,2020-04-19,7,Deaths,0.0,0.0
25521,Jordan,2020-04-20,7,Deaths,0.0,0.0
25522,Jordan,2020-04-21,7,Deaths,0.0,0.0
25523,Jordan,2020-04-22,7,Deaths,0.0,0.0
25524,Jordan,2020-04-23,7,Deaths,0.0,0.0
25525,Jordan,2020-04-24,7,Deaths,0.0,0.0
25526,Jordan,2020-04-25,7,Deaths,0.0,0.0
25527,Jordan,2020-04-26,7,Deaths,0.0,0.0
25528,Jordan,2020-04-27,7,Deaths,0.0,0.0
25529,Jordan,2020-04-28,8,Deaths,1.0,1.0
25530,Jordan,2020-04-29,8,Deaths,0.0,1.0
25531,Jordan,2020-04-30,8,Deaths,0.0,1.0
25532,Jordan,2020-05-01,8,Deaths,0.0,1.0
25533,Jordan,2020-05-02,9,Deaths,1.0,2.0
25534,Jordan,2020-05-03,9,Deaths,0.0,2.0
25535,Jordan,2020-05-04,9,Deaths,0.0,2.0
25536,Jordan,2020-05-05,9,Deaths,0.0,1.0
25537,Jordan,2020-05-06,9,Deaths,0.0,1.0
25538,Jordan,2020-05-07,9,Deaths,0.0,1.0
25539,Jordan,2020-05-08,9,Deaths,0.0,1.0
25540,Jordan,2020-05-09,9,Deaths,0.0,0.0
25541,Jordan,2020-05-10,9,Deaths,0.0,0.0
25542,Jordan,2020-05-11,9,Deaths,0.0,0.0
25543,Jordan,2020-05-12,9,Deaths,0.0,0.0
25544,Jordan,2020-05-13,9,Deaths,0.0,0.0
25545,Jordan,2020-05-14,9,Deaths,0.0,0.0
25546,Jordan,2020-05-15,9,Deaths,0.0,0.0
25547,Jordan,2020-05-16,9,Deaths,0.0,0.0
25548,Jordan,2020-05-17,9,Deaths,0.0,0.0
25549,Jordan,2020-05-18,9,Deaths,0.0,0.0
25550,Jordan,2020-05-19,9,Deaths,0.0,0.0
25551,Jordan,2020-05-20,9,Deaths,0.0,0.0
25552,Jordan,2020-05-21,9,Deaths,0.0,0.0
25553,Jordan,2020-05-22,9,Deaths,0.0,0.0
25554,Jordan,2020-05-23,9,Deaths,0.0,0.0
25555,Jordan,2020-05-24,9,Deaths,0.0,0.0
25556,Jordan,2020-05-25,9,Deaths,0.0,0.0
25557,Jordan,2020-05-26,9,Deaths,0.0,0.0
25558,Jordan,2020-05-27,9,Deaths,0.0,0.0
25559,Jordan,2020-05-28,9,Deaths,0.0,0.0
25560,Jordan,2020-05-29,9,Deaths,0.0,0.0
25561,Jordan,2020-05-30,9,Deaths,0.0,0.0
25562,Jordan,2020-05-31,9,Deaths,0.0,0.0
25563,Jordan,2020-06-01,9,Deaths,0.0,0.0
25564,Jordan,2020-06-02,9,Deaths,0.0,0.0
25565,Jordan,2020-06-03,9,Deaths,0.0,0.0
25566,Jordan,2020-06-04,9,Deaths,0.0,0.0
25567,Jordan,2020-06-05,9,Deaths,0.0,0.0
25568,Jordan,2020-06-06,9,Deaths,0.0,0.0
25569,Jordan,2020-06-07,9,Deaths,0.0,0.0
25570,Jordan,2020-06-08,9,Deaths,0.0,0.0
25571,Jordan,2020-06-09,9,Deaths,0.0,0.0
25572,Jordan,2020-06-10,9,Deaths,0.0,0.0
25573,Jordan,2020-06-11,9,Deaths,0.0,0.0
25574,Jordan,2020-06-12,9,Deaths,0.0,0.0
25575,Jordan,2020-06-13,9,Deaths,0.0,0.0
25576,Jordan,2020-06-14,9,Deaths,0.0,0.0
25577,Jordan,2020-06-15,9,Deaths,0.0,0.0
25578,Jordan,2020-06-16,9,Deaths,0.0,0.0
25579,Jordan,2020-06-17,9,Deaths,0.0,0.0
25580,Jordan,2020-06-18,9,Deaths,0.0,0.0
25581,Jordan,2020-06-19,9,Deaths,0.0,0.0
25582,Jordan,2020-06-20,9,Deaths,0.0,0.0
25583,Jordan,2020-06-21,9,Deaths,0.0,0.0
25584,Jordan,2020-06-22,9,Deaths,0.0,0.0
25585,Jordan,2020-06-23,9,Deaths,0.0,0.0
25586,Jordan,2020-06-24,9,Deaths,0.0,0.0
25587,Jordan,2020-06-25,9,Deaths,0.0,0.0
25588,Jordan,2020-06-26,9,Deaths,0.0,0.0
25589,Jordan,2020-06-27,9,Deaths,0.0,0.0
25590,Jordan,2020-06-28,9,Deaths,0.0,0.0
25591,Jordan,2020-06-29,9,Deaths,0.0,0.0
25592,Jordan,2020-06-30,9,Deaths,0.0,0.0
25593,Jordan,2020-07-01,9,Deaths,0.0,0.0
25594,Jordan,2020-07-02,9,Deaths,0.0,0.0
25595,Jordan,2020-07-03,10,Deaths,1.0,1.0
25596,Jordan,2020-07-04,10,Deaths,0.0,1.0
25597,Jordan,2020-07-05,10,Deaths,0.0,1.0
25598,Jordan,2020-07-06,10,Deaths,0.0,1.0
25599,Jordan,2020-07-07,10,Deaths,0.0,1.0
25600,Jordan,2020-07-08,10,Deaths,0.0,1.0
25601,Jordan,2020-07-09,10,Deaths,0.0,1.0
25602,Jordan,2020-07-10,10,Deaths,0.0,0.0
25603,Jordan,2020-07-11,10,Deaths,0.0,0.0
25604,Jordan,2020-07-12,10,Deaths,0.0,0.0
25605,Jordan,2020-07-13,10,Deaths,0.0,0.0
25606,Jordan,2020-07-14,10,Deaths,0.0,0.0
25607,Jordan,2020-07-15,10,Deaths,0.0,0.0
25608,Jordan,2020-07-16,10,Deaths,0.0,0.0
25609,Jordan,2020-07-17,10,Deaths,0.0,0.0
25610,Jordan,2020-07-18,11,Deaths,1.0,1.0
25611,Jordan,2020-07-19,11,Deaths,0.0,1.0
25612,Jordan,2020-07-20,11,Deaths,0.0,1.0
25613,Jordan,2020-07-21,11,Deaths,0.0,1.0
25614,Jordan,2020-07-22,11,Deaths,0.0,1.0
25615,Jordan,2020-07-23,11,Deaths,0.0,1.0
25616,Jordan,2020-07-24,11,Deaths,0.0,1.0
25617,Jordan,2020-07-25,11,Deaths,0.0,0.0
25618,Jordan,2020-07-26,11,Deaths,0.0,0.0
25619,Jordan,2020-07-27,11,Deaths,0.0,0.0
25620,Jordan,2020-07-28,11,Deaths,0.0,0.0
25621,Jordan,2020-07-29,11,Deaths,0.0,0.0
25622,Jordan,2020-07-30,11,Deaths,0.0,0.0
25623,Jordan,2020-07-31,11,Deaths,0.0,0.0
25624,Jordan,2020-08-01,11,Deaths,0.0,0.0
25625,Jordan,2020-08-02,11,Deaths,0.0,0.0
25626,Jordan,2020-08-03,11,Deaths,0.0,0.0
25627,Jordan,2020-08-04,11,Deaths,0.0,0.0
25628,Jordan,2020-08-05,11,Deaths,0.0,0.0
25629,Jordan,2020-08-06,11,Deaths,0.0,0.0
25630,Jordan,2020-08-07,11,Deaths,0.0,0.0
25631,Jordan,2020-08-08,11,Deaths,0.0,0.0
25632,Jordan,2020-08-09,11,Deaths,0.0,0.0
25633,Jordan,2020-08-10,11,Deaths,0.0,0.0
25634,Jordan,2020-08-11,11,Deaths,0.0,0.0
25635,Jordan,2020-08-12,11,Deaths,0.0,0.0
25636,Jordan,2020-08-13,11,Deaths,0.0,0.0
25637,Jordan,2020-08-14,11,Deaths,0.0,0.0
25638,Jordan,2020-08-15,11,Deaths,0.0,0.0
25639,Jordan,2020-08-16,11,Deaths,0.0,0.0
25640,Jordan,2020-08-17,11,Deaths,0.0,0.0
25641,Jordan,2020-08-18,11,Deaths,0.0,0.0
25642,Jordan,2020-08-19,11,Deaths,0.0,0.0
25643,Jordan,2020-08-20,11,Deaths,0.0,0.0
25644,Jordan,2020-08-21,11,Deaths,0.0,0.0
25645,Jordan,2020-08-22,11,Deaths,0.0,0.0
25646,Jordan,2020-08-23,12,Deaths,1.0,1.0
25647,Jordan,2020-08-24,14,Deaths,2.0,3.0
25648,Jordan,2020-08-25,14,Deaths,0.0,3.0
25649,Jordan,2020-08-26,15,Deaths,1.0,4.0
25650,Jordan,2020-08-27,15,Deaths,0.0,4.0
25651,Jordan,2020-08-28,15,Deaths,0.0,4.0
25652,Jordan,2020-08-29,15,Deaths,0.0,4.0
25653,Jordan,2020-08-30,15,Deaths,0.0,3.0
25654,Jordan,2020-08-31,15,Deaths,0.0,1.0
25655,Jordan,2020-09-01,15,Deaths,0.0,1.0
25656,Jordan,2020-09-02,15,Deaths,0.0,0.0
25657,Jordan,2020-09-03,15,Deaths,0.0,0.0
25658,Jordan,2020-09-04,16,Deaths,1.0,1.0
25659,Jordan,2020-09-05,16,Deaths,0.0,1.0
25660,Jordan,2020-09-06,16,Deaths,0.0,1.0
25661,Jordan,2020-09-07,17,Deaths,1.0,2.0
25662,Jordan,2020-09-08,19,Deaths,2.0,4.0
25663,Jordan,2020-09-09,19,Deaths,0.0,4.0
25664,Jordan,2020-09-10,20,Deaths,1.0,5.0
25665,Jordan,2020-09-11,21,Deaths,1.0,5.0
25666,Jordan,2020-09-12,22,Deaths,1.0,6.0
25667,Jordan,2020-09-13,24,Deaths,2.0,8.0
25668,Jordan,2020-09-14,26,Deaths,2.0,9.0
25669,Jordan,2020-09-15,26,Deaths,0.0,7.0
25670,Jordan,2020-09-16,26,Deaths,0.0,7.0
25671,Jordan,2020-09-17,26,Deaths,0.0,6.0
25672,Jordan,2020-09-18,29,Deaths,3.0,8.0
25673,Jordan,2020-09-19,30,Deaths,1.0,8.0
25674,Jordan,2020-09-20,30,Deaths,0.0,6.0
25675,Jordan,2020-09-21,32,Deaths,2.0,6.0
25676,Jordan,2020-09-22,33,Deaths,1.0,7.0
25677,Jordan,2020-09-23,35,Deaths,2.0,9.0
25678,Jordan,2020-09-24,36,Deaths,1.0,10.0
25679,Jordan,2020-09-25,39,Deaths,3.0,10.0
25680,Jordan,2020-09-26,43,Deaths,4.0,13.0
25681,Jordan,2020-09-27,45,Deaths,2.0,15.0
25682,Jordan,2020-09-28,51,Deaths,6.0,19.0
25683,Jordan,2020-09-29,57,Deaths,6.0,24.0
25684,Jordan,2020-09-30,61,Deaths,4.0,26.0
25685,Jordan,2020-10-01,69,Deaths,8.0,33.0
25686,Jordan,2020-10-02,79,Deaths,10.0,40.0
25687,Jordan,2020-10-03,88,Deaths,9.0,45.0
25688,Jordan,2020-10-04,101,Deaths,13.0,56.0
25689,Jordan,2020-10-05,110,Deaths,9.0,59.0
25690,Jordan,2020-10-06,122,Deaths,12.0,65.0
25691,Jordan,2020-10-07,131,Deaths,9.0,70.0
25692,Jordan,2020-10-08,144,Deaths,13.0,75.0
25693,Jordan,2020-10-09,166,Deaths,22.0,87.0
25694,Jordan,2020-10-10,181,Deaths,15.0,93.0
25695,Jordan,2020-10-11,191,Deaths,10.0,90.0
25696,Jordan,2020-10-12,207,Deaths,16.0,97.0
25697,Jordan,2020-10-13,225,Deaths,18.0,103.0
25698,Jordan,2020-10-14,257,Deaths,32.0,126.0
25699,Jordan,2020-10-15,282,Deaths,25.0,138.0
25700,Jordan,2020-10-16,310,Deaths,28.0,144.0
25701,Jordan,2020-10-17,330,Deaths,20.0,149.0
25702,Jordan,2020-10-18,345,Deaths,15.0,154.0
25703,Jordan,2020-10-19,380,Deaths,35.0,173.0
25704,Jordan,2020-10-20,414,Deaths,34.0,189.0
25705,Jordan,2020-10-21,443,Deaths,29.0,186.0
25706,Jordan,2020-10-22,481,Deaths,38.0,199.0
25707,Jordan,2020-10-23,508,Deaths,27.0,198.0
25708,Jordan,2020-10-24,540,Deaths,32.0,210.0
25709,Jordan,2020-10-25,579,Deaths,39.0,234.0
25710,Jordan,2020-10-26,624,Deaths,45.0,244.0
25711,Jordan,2020-10-27,668,Deaths,44.0,254.0
25712,Jordan,2020-10-28,700,Deaths,32.0,257.0
25713,Jordan,2020-10-29,740,Deaths,40.0,259.0
25714,Jordan,2020-10-30,772,Deaths,32.0,264.0
25715,Jordan,2020-10-31,829,Deaths,57.0,289.0
25716,Jordan,2020-11-01,866,Deaths,37.0,287.0
25717,Jordan,2020-11-02,913,Deaths,47.0,289.0
25718,Jordan,2020-11-03,967,Deaths,54.0,299.0
25719,Jordan,2020-11-04,1029,Deaths,62.0,329.0
25720,Jordan,2020-11-05,1069,Deaths,40.0,329.0
25721,Kazakhstan,2020-01-22,0,Deaths,,
25722,Kazakhstan,2020-01-23,0,Deaths,0.0,
25723,Kazakhstan,2020-01-24,0,Deaths,0.0,
25724,Kazakhstan,2020-01-25,0,Deaths,0.0,
25725,Kazakhstan,2020-01-26,0,Deaths,0.0,
25726,Kazakhstan,2020-01-27,0,Deaths,0.0,
25727,Kazakhstan,2020-01-28,0,Deaths,0.0,
25728,Kazakhstan,2020-01-29,0,Deaths,0.0,0.0
25729,Kazakhstan,2020-01-30,0,Deaths,0.0,0.0
25730,Kazakhstan,2020-01-31,0,Deaths,0.0,0.0
25731,Kazakhstan,2020-02-01,0,Deaths,0.0,0.0
25732,Kazakhstan,2020-02-02,0,Deaths,0.0,0.0
25733,Kazakhstan,2020-02-03,0,Deaths,0.0,0.0
25734,Kazakhstan,2020-02-04,0,Deaths,0.0,0.0
25735,Kazakhstan,2020-02-05,0,Deaths,0.0,0.0
25736,Kazakhstan,2020-02-06,0,Deaths,0.0,0.0
25737,Kazakhstan,2020-02-07,0,Deaths,0.0,0.0
25738,Kazakhstan,2020-02-08,0,Deaths,0.0,0.0
25739,Kazakhstan,2020-02-09,0,Deaths,0.0,0.0
25740,Kazakhstan,2020-02-10,0,Deaths,0.0,0.0
25741,Kazakhstan,2020-02-11,0,Deaths,0.0,0.0
25742,Kazakhstan,2020-02-12,0,Deaths,0.0,0.0
25743,Kazakhstan,2020-02-13,0,Deaths,0.0,0.0
25744,Kazakhstan,2020-02-14,0,Deaths,0.0,0.0
25745,Kazakhstan,2020-02-15,0,Deaths,0.0,0.0
25746,Kazakhstan,2020-02-16,0,Deaths,0.0,0.0
25747,Kazakhstan,2020-02-17,0,Deaths,0.0,0.0
25748,Kazakhstan,2020-02-18,0,Deaths,0.0,0.0
25749,Kazakhstan,2020-02-19,0,Deaths,0.0,0.0
25750,Kazakhstan,2020-02-20,0,Deaths,0.0,0.0
25751,Kazakhstan,2020-02-21,0,Deaths,0.0,0.0
25752,Kazakhstan,2020-02-22,0,Deaths,0.0,0.0
25753,Kazakhstan,2020-02-23,0,Deaths,0.0,0.0
25754,Kazakhstan,2020-02-24,0,Deaths,0.0,0.0
25755,Kazakhstan,2020-02-25,0,Deaths,0.0,0.0
25756,Kazakhstan,2020-02-26,0,Deaths,0.0,0.0
25757,Kazakhstan,2020-02-27,0,Deaths,0.0,0.0
25758,Kazakhstan,2020-02-28,0,Deaths,0.0,0.0
25759,Kazakhstan,2020-02-29,0,Deaths,0.0,0.0
25760,Kazakhstan,2020-03-01,0,Deaths,0.0,0.0
25761,Kazakhstan,2020-03-02,0,Deaths,0.0,0.0
25762,Kazakhstan,2020-03-03,0,Deaths,0.0,0.0
25763,Kazakhstan,2020-03-04,0,Deaths,0.0,0.0
25764,Kazakhstan,2020-03-05,0,Deaths,0.0,0.0
25765,Kazakhstan,2020-03-06,0,Deaths,0.0,0.0
25766,Kazakhstan,2020-03-07,0,Deaths,0.0,0.0
25767,Kazakhstan,2020-03-08,0,Deaths,0.0,0.0
25768,Kazakhstan,2020-03-09,0,Deaths,0.0,0.0
25769,Kazakhstan,2020-03-10,0,Deaths,0.0,0.0
25770,Kazakhstan,2020-03-11,0,Deaths,0.0,0.0
25771,Kazakhstan,2020-03-12,0,Deaths,0.0,0.0
25772,Kazakhstan,2020-03-13,0,Deaths,0.0,0.0
25773,Kazakhstan,2020-03-14,0,Deaths,0.0,0.0
25774,Kazakhstan,2020-03-15,0,Deaths,0.0,0.0
25775,Kazakhstan,2020-03-16,0,Deaths,0.0,0.0
25776,Kazakhstan,2020-03-17,0,Deaths,0.0,0.0
25777,Kazakhstan,2020-03-18,0,Deaths,0.0,0.0
25778,Kazakhstan,2020-03-19,0,Deaths,0.0,0.0
25779,Kazakhstan,2020-03-20,3,Deaths,3.0,3.0
25780,Kazakhstan,2020-03-21,0,Deaths,-3.0,0.0
25781,Kazakhstan,2020-03-22,0,Deaths,0.0,0.0
25782,Kazakhstan,2020-03-23,0,Deaths,0.0,0.0
25783,Kazakhstan,2020-03-24,0,Deaths,0.0,0.0
25784,Kazakhstan,2020-03-25,0,Deaths,0.0,0.0
25785,Kazakhstan,2020-03-26,1,Deaths,1.0,1.0
25786,Kazakhstan,2020-03-27,1,Deaths,0.0,-2.0
25787,Kazakhstan,2020-03-28,1,Deaths,0.0,1.0
25788,Kazakhstan,2020-03-29,1,Deaths,0.0,1.0
25789,Kazakhstan,2020-03-30,1,Deaths,0.0,1.0
25790,Kazakhstan,2020-03-31,2,Deaths,1.0,2.0
25791,Kazakhstan,2020-04-01,3,Deaths,1.0,3.0
25792,Kazakhstan,2020-04-02,3,Deaths,0.0,2.0
25793,Kazakhstan,2020-04-03,6,Deaths,3.0,5.0
25794,Kazakhstan,2020-04-04,5,Deaths,-1.0,4.0
25795,Kazakhstan,2020-04-05,6,Deaths,1.0,5.0
25796,Kazakhstan,2020-04-06,6,Deaths,0.0,5.0
25797,Kazakhstan,2020-04-07,6,Deaths,0.0,4.0
25798,Kazakhstan,2020-04-08,7,Deaths,1.0,4.0
25799,Kazakhstan,2020-04-09,8,Deaths,1.0,5.0
25800,Kazakhstan,2020-04-10,10,Deaths,2.0,4.0
25801,Kazakhstan,2020-04-11,10,Deaths,0.0,5.0
25802,Kazakhstan,2020-04-12,10,Deaths,0.0,4.0
25803,Kazakhstan,2020-04-13,12,Deaths,2.0,6.0
25804,Kazakhstan,2020-04-14,14,Deaths,2.0,8.0
25805,Kazakhstan,2020-04-15,16,Deaths,2.0,9.0
25806,Kazakhstan,2020-04-16,17,Deaths,1.0,9.0
25807,Kazakhstan,2020-04-17,17,Deaths,0.0,7.0
25808,Kazakhstan,2020-04-18,17,Deaths,0.0,7.0
25809,Kazakhstan,2020-04-19,17,Deaths,0.0,7.0
25810,Kazakhstan,2020-04-20,19,Deaths,2.0,7.0
25811,Kazakhstan,2020-04-21,19,Deaths,0.0,5.0
25812,Kazakhstan,2020-04-22,19,Deaths,0.0,3.0
25813,Kazakhstan,2020-04-23,20,Deaths,1.0,3.0
25814,Kazakhstan,2020-04-24,25,Deaths,5.0,8.0
25815,Kazakhstan,2020-04-25,25,Deaths,0.0,8.0
25816,Kazakhstan,2020-04-26,25,Deaths,0.0,8.0
25817,Kazakhstan,2020-04-27,25,Deaths,0.0,6.0
25818,Kazakhstan,2020-04-28,25,Deaths,0.0,6.0
25819,Kazakhstan,2020-04-29,25,Deaths,0.0,6.0
25820,Kazakhstan,2020-04-30,25,Deaths,0.0,5.0
25821,Kazakhstan,2020-05-01,25,Deaths,0.0,0.0
25822,Kazakhstan,2020-05-02,25,Deaths,0.0,0.0
25823,Kazakhstan,2020-05-03,27,Deaths,2.0,2.0
25824,Kazakhstan,2020-05-04,29,Deaths,2.0,4.0
25825,Kazakhstan,2020-05-05,29,Deaths,0.0,4.0
25826,Kazakhstan,2020-05-06,30,Deaths,1.0,5.0
25827,Kazakhstan,2020-05-07,30,Deaths,0.0,5.0
25828,Kazakhstan,2020-05-08,31,Deaths,1.0,6.0
25829,Kazakhstan,2020-05-09,31,Deaths,0.0,6.0
25830,Kazakhstan,2020-05-10,31,Deaths,0.0,4.0
25831,Kazakhstan,2020-05-11,32,Deaths,1.0,3.0
25832,Kazakhstan,2020-05-12,32,Deaths,0.0,3.0
25833,Kazakhstan,2020-05-13,32,Deaths,0.0,2.0
25834,Kazakhstan,2020-05-14,32,Deaths,0.0,2.0
25835,Kazakhstan,2020-05-15,34,Deaths,2.0,3.0
25836,Kazakhstan,2020-05-16,34,Deaths,0.0,3.0
25837,Kazakhstan,2020-05-17,34,Deaths,0.0,3.0
25838,Kazakhstan,2020-05-18,35,Deaths,1.0,3.0
25839,Kazakhstan,2020-05-19,35,Deaths,0.0,3.0
25840,Kazakhstan,2020-05-20,35,Deaths,0.0,3.0
25841,Kazakhstan,2020-05-21,35,Deaths,0.0,3.0
25842,Kazakhstan,2020-05-22,35,Deaths,0.0,1.0
25843,Kazakhstan,2020-05-23,35,Deaths,0.0,1.0
25844,Kazakhstan,2020-05-24,35,Deaths,0.0,1.0
25845,Kazakhstan,2020-05-25,35,Deaths,0.0,0.0
25846,Kazakhstan,2020-05-26,37,Deaths,2.0,2.0
25847,Kazakhstan,2020-05-27,37,Deaths,0.0,2.0
25848,Kazakhstan,2020-05-28,37,Deaths,0.0,2.0
25849,Kazakhstan,2020-05-29,37,Deaths,0.0,2.0
25850,Kazakhstan,2020-05-30,38,Deaths,1.0,3.0
25851,Kazakhstan,2020-05-31,40,Deaths,2.0,5.0
25852,Kazakhstan,2020-06-01,41,Deaths,1.0,6.0
25853,Kazakhstan,2020-06-02,44,Deaths,3.0,7.0
25854,Kazakhstan,2020-06-03,48,Deaths,4.0,11.0
25855,Kazakhstan,2020-06-04,52,Deaths,4.0,15.0
25856,Kazakhstan,2020-06-05,52,Deaths,0.0,15.0
25857,Kazakhstan,2020-06-06,53,Deaths,1.0,15.0
25858,Kazakhstan,2020-06-07,56,Deaths,3.0,16.0
25859,Kazakhstan,2020-06-08,56,Deaths,0.0,15.0
25860,Kazakhstan,2020-06-09,61,Deaths,5.0,17.0
25861,Kazakhstan,2020-06-10,67,Deaths,6.0,19.0
25862,Kazakhstan,2020-06-11,67,Deaths,0.0,15.0
25863,Kazakhstan,2020-06-12,70,Deaths,3.0,18.0
25864,Kazakhstan,2020-06-13,73,Deaths,3.0,20.0
25865,Kazakhstan,2020-06-14,77,Deaths,4.0,21.0
25866,Kazakhstan,2020-06-15,81,Deaths,4.0,25.0
25867,Kazakhstan,2020-06-16,88,Deaths,7.0,27.0
25868,Kazakhstan,2020-06-17,97,Deaths,9.0,30.0
25869,Kazakhstan,2020-06-18,100,Deaths,3.0,33.0
25870,Kazakhstan,2020-06-19,113,Deaths,13.0,43.0
25871,Kazakhstan,2020-06-20,118,Deaths,5.0,45.0
25872,Kazakhstan,2020-06-21,120,Deaths,2.0,43.0
25873,Kazakhstan,2020-06-22,127,Deaths,7.0,46.0
25874,Kazakhstan,2020-06-23,134,Deaths,7.0,46.0
25875,Kazakhstan,2020-06-24,136,Deaths,2.0,39.0
25876,Kazakhstan,2020-06-25,140,Deaths,4.0,40.0
25877,Kazakhstan,2020-06-26,150,Deaths,10.0,37.0
25878,Kazakhstan,2020-06-27,166,Deaths,16.0,48.0
25879,Kazakhstan,2020-06-28,178,Deaths,12.0,58.0
25880,Kazakhstan,2020-06-29,188,Deaths,10.0,61.0
25881,Kazakhstan,2020-06-30,188,Deaths,0.0,54.0
25882,Kazakhstan,2020-07-01,188,Deaths,0.0,52.0
25883,Kazakhstan,2020-07-02,188,Deaths,0.0,48.0
25884,Kazakhstan,2020-07-03,188,Deaths,0.0,38.0
25885,Kazakhstan,2020-07-04,188,Deaths,0.0,22.0
25886,Kazakhstan,2020-07-05,188,Deaths,0.0,10.0
25887,Kazakhstan,2020-07-06,264,Deaths,76.0,76.0
25888,Kazakhstan,2020-07-07,264,Deaths,0.0,76.0
25889,Kazakhstan,2020-07-08,264,Deaths,0.0,76.0
25890,Kazakhstan,2020-07-09,264,Deaths,0.0,76.0
25891,Kazakhstan,2020-07-10,264,Deaths,0.0,76.0
25892,Kazakhstan,2020-07-11,264,Deaths,0.0,76.0
25893,Kazakhstan,2020-07-12,375,Deaths,111.0,187.0
25894,Kazakhstan,2020-07-13,375,Deaths,0.0,111.0
25895,Kazakhstan,2020-07-14,375,Deaths,0.0,111.0
25896,Kazakhstan,2020-07-15,375,Deaths,0.0,111.0
25897,Kazakhstan,2020-07-16,375,Deaths,0.0,111.0
25898,Kazakhstan,2020-07-17,375,Deaths,0.0,111.0
25899,Kazakhstan,2020-07-18,375,Deaths,0.0,111.0
25900,Kazakhstan,2020-07-19,375,Deaths,0.0,0.0
25901,Kazakhstan,2020-07-20,585,Deaths,210.0,210.0
25902,Kazakhstan,2020-07-21,585,Deaths,0.0,210.0
25903,Kazakhstan,2020-07-22,585,Deaths,0.0,210.0
25904,Kazakhstan,2020-07-23,585,Deaths,0.0,210.0
25905,Kazakhstan,2020-07-24,585,Deaths,0.0,210.0
25906,Kazakhstan,2020-07-25,585,Deaths,0.0,210.0
25907,Kazakhstan,2020-07-26,585,Deaths,0.0,210.0
25908,Kazakhstan,2020-07-27,585,Deaths,0.0,0.0
25909,Kazakhstan,2020-07-28,793,Deaths,208.0,208.0
25910,Kazakhstan,2020-07-29,793,Deaths,0.0,208.0
25911,Kazakhstan,2020-07-30,793,Deaths,0.0,208.0
25912,Kazakhstan,2020-07-31,793,Deaths,0.0,208.0
25913,Kazakhstan,2020-08-01,793,Deaths,0.0,208.0
25914,Kazakhstan,2020-08-02,793,Deaths,0.0,208.0
25915,Kazakhstan,2020-08-03,793,Deaths,0.0,208.0
25916,Kazakhstan,2020-08-04,1058,Deaths,265.0,265.0
25917,Kazakhstan,2020-08-05,1058,Deaths,0.0,265.0
25918,Kazakhstan,2020-08-06,1058,Deaths,0.0,265.0
25919,Kazakhstan,2020-08-07,1058,Deaths,0.0,265.0
25920,Kazakhstan,2020-08-08,1058,Deaths,0.0,265.0
25921,Kazakhstan,2020-08-09,1058,Deaths,0.0,265.0
25922,Kazakhstan,2020-08-10,1058,Deaths,0.0,265.0
25923,Kazakhstan,2020-08-11,1269,Deaths,211.0,211.0
25924,Kazakhstan,2020-08-12,1269,Deaths,0.0,211.0
25925,Kazakhstan,2020-08-13,1269,Deaths,0.0,211.0
25926,Kazakhstan,2020-08-14,1269,Deaths,0.0,211.0
25927,Kazakhstan,2020-08-15,1269,Deaths,0.0,211.0
25928,Kazakhstan,2020-08-16,1269,Deaths,0.0,211.0
25929,Kazakhstan,2020-08-17,1269,Deaths,0.0,211.0
25930,Kazakhstan,2020-08-18,1415,Deaths,146.0,146.0
25931,Kazakhstan,2020-08-19,1415,Deaths,0.0,146.0
25932,Kazakhstan,2020-08-20,1415,Deaths,0.0,146.0
25933,Kazakhstan,2020-08-21,1415,Deaths,0.0,146.0
25934,Kazakhstan,2020-08-22,1415,Deaths,0.0,146.0
25935,Kazakhstan,2020-08-23,1415,Deaths,0.0,146.0
25936,Kazakhstan,2020-08-24,1415,Deaths,0.0,146.0
25937,Kazakhstan,2020-08-25,1523,Deaths,108.0,108.0
25938,Kazakhstan,2020-08-26,1523,Deaths,0.0,108.0
25939,Kazakhstan,2020-08-27,1523,Deaths,0.0,108.0
25940,Kazakhstan,2020-08-28,1523,Deaths,0.0,108.0
25941,Kazakhstan,2020-08-29,1523,Deaths,0.0,108.0
25942,Kazakhstan,2020-08-30,1523,Deaths,0.0,108.0
25943,Kazakhstan,2020-08-31,1523,Deaths,0.0,108.0
25944,Kazakhstan,2020-09-01,1588,Deaths,65.0,65.0
25945,Kazakhstan,2020-09-02,1588,Deaths,0.0,65.0
25946,Kazakhstan,2020-09-03,1588,Deaths,0.0,65.0
25947,Kazakhstan,2020-09-04,1588,Deaths,0.0,65.0
25948,Kazakhstan,2020-09-05,1588,Deaths,0.0,65.0
25949,Kazakhstan,2020-09-06,1588,Deaths,0.0,65.0
25950,Kazakhstan,2020-09-07,1588,Deaths,0.0,65.0
25951,Kazakhstan,2020-09-08,1634,Deaths,46.0,46.0
25952,Kazakhstan,2020-09-09,1634,Deaths,0.0,46.0
25953,Kazakhstan,2020-09-10,1634,Deaths,0.0,46.0
25954,Kazakhstan,2020-09-11,1634,Deaths,0.0,46.0
25955,Kazakhstan,2020-09-12,1634,Deaths,0.0,46.0
25956,Kazakhstan,2020-09-13,1634,Deaths,0.0,46.0
25957,Kazakhstan,2020-09-14,1634,Deaths,0.0,46.0
25958,Kazakhstan,2020-09-15,1671,Deaths,37.0,37.0
25959,Kazakhstan,2020-09-16,1671,Deaths,0.0,37.0
25960,Kazakhstan,2020-09-17,1671,Deaths,0.0,37.0
25961,Kazakhstan,2020-09-18,1671,Deaths,0.0,37.0
25962,Kazakhstan,2020-09-19,1671,Deaths,0.0,37.0
25963,Kazakhstan,2020-09-20,1671,Deaths,0.0,37.0
25964,Kazakhstan,2020-09-21,1671,Deaths,0.0,37.0
25965,Kazakhstan,2020-09-22,1699,Deaths,28.0,28.0
25966,Kazakhstan,2020-09-23,1699,Deaths,0.0,28.0
25967,Kazakhstan,2020-09-24,1699,Deaths,0.0,28.0
25968,Kazakhstan,2020-09-25,1699,Deaths,0.0,28.0
25969,Kazakhstan,2020-09-26,1699,Deaths,0.0,28.0
25970,Kazakhstan,2020-09-27,1699,Deaths,0.0,28.0
25971,Kazakhstan,2020-09-28,1699,Deaths,0.0,28.0
25972,Kazakhstan,2020-09-29,1725,Deaths,26.0,26.0
25973,Kazakhstan,2020-09-30,1725,Deaths,0.0,26.0
25974,Kazakhstan,2020-10-01,1725,Deaths,0.0,26.0
25975,Kazakhstan,2020-10-02,1725,Deaths,0.0,26.0
25976,Kazakhstan,2020-10-03,1725,Deaths,0.0,26.0
25977,Kazakhstan,2020-10-04,1725,Deaths,0.0,26.0
25978,Kazakhstan,2020-10-05,1725,Deaths,0.0,26.0
25979,Kazakhstan,2020-10-06,1746,Deaths,21.0,21.0
25980,Kazakhstan,2020-10-07,1746,Deaths,0.0,21.0
25981,Kazakhstan,2020-10-08,1746,Deaths,0.0,21.0
25982,Kazakhstan,2020-10-09,1746,Deaths,0.0,21.0
25983,Kazakhstan,2020-10-10,1746,Deaths,0.0,21.0
25984,Kazakhstan,2020-10-11,1746,Deaths,0.0,21.0
25985,Kazakhstan,2020-10-12,1746,Deaths,0.0,21.0
25986,Kazakhstan,2020-10-13,1768,Deaths,22.0,22.0
25987,Kazakhstan,2020-10-14,1768,Deaths,0.0,22.0
25988,Kazakhstan,2020-10-15,1768,Deaths,0.0,22.0
25989,Kazakhstan,2020-10-16,1768,Deaths,0.0,22.0
25990,Kazakhstan,2020-10-17,1768,Deaths,0.0,22.0
25991,Kazakhstan,2020-10-18,1768,Deaths,0.0,22.0
25992,Kazakhstan,2020-10-19,1768,Deaths,0.0,22.0
25993,Kazakhstan,2020-10-20,1796,Deaths,28.0,28.0
25994,Kazakhstan,2020-10-21,1796,Deaths,0.0,28.0
25995,Kazakhstan,2020-10-22,1796,Deaths,0.0,28.0
25996,Kazakhstan,2020-10-23,1796,Deaths,0.0,28.0
25997,Kazakhstan,2020-10-24,1796,Deaths,0.0,28.0
25998,Kazakhstan,2020-10-25,1796,Deaths,0.0,28.0
25999,Kazakhstan,2020-10-26,1796,Deaths,0.0,28.0
26000,Kazakhstan,2020-10-27,1825,Deaths,29.0,29.0
26001,Kazakhstan,2020-10-28,1825,Deaths,0.0,29.0
26002,Kazakhstan,2020-10-29,1825,Deaths,0.0,29.0
26003,Kazakhstan,2020-10-30,1825,Deaths,0.0,29.0
26004,Kazakhstan,2020-10-31,1825,Deaths,0.0,29.0
26005,Kazakhstan,2020-11-01,1825,Deaths,0.0,29.0
26006,Kazakhstan,2020-11-02,1857,Deaths,32.0,61.0
26007,Kazakhstan,2020-11-03,1857,Deaths,0.0,32.0
26008,Kazakhstan,2020-11-04,1857,Deaths,0.0,32.0
26009,Kazakhstan,2020-11-05,1857,Deaths,0.0,32.0
26010,Kenya,2020-01-22,0,Deaths,,
26011,Kenya,2020-01-23,0,Deaths,0.0,
26012,Kenya,2020-01-24,0,Deaths,0.0,
26013,Kenya,2020-01-25,0,Deaths,0.0,
26014,Kenya,2020-01-26,0,Deaths,0.0,
26015,Kenya,2020-01-27,0,Deaths,0.0,
26016,Kenya,2020-01-28,0,Deaths,0.0,
26017,Kenya,2020-01-29,0,Deaths,0.0,0.0
26018,Kenya,2020-01-30,0,Deaths,0.0,0.0
26019,Kenya,2020-01-31,0,Deaths,0.0,0.0
26020,Kenya,2020-02-01,0,Deaths,0.0,0.0
26021,Kenya,2020-02-02,0,Deaths,0.0,0.0
26022,Kenya,2020-02-03,0,Deaths,0.0,0.0
26023,Kenya,2020-02-04,0,Deaths,0.0,0.0
26024,Kenya,2020-02-05,0,Deaths,0.0,0.0
26025,Kenya,2020-02-06,0,Deaths,0.0,0.0
26026,Kenya,2020-02-07,0,Deaths,0.0,0.0
26027,Kenya,2020-02-08,0,Deaths,0.0,0.0
26028,Kenya,2020-02-09,0,Deaths,0.0,0.0
26029,Kenya,2020-02-10,0,Deaths,0.0,0.0
26030,Kenya,2020-02-11,0,Deaths,0.0,0.0
26031,Kenya,2020-02-12,0,Deaths,0.0,0.0
26032,Kenya,2020-02-13,0,Deaths,0.0,0.0
26033,Kenya,2020-02-14,0,Deaths,0.0,0.0
26034,Kenya,2020-02-15,0,Deaths,0.0,0.0
26035,Kenya,2020-02-16,0,Deaths,0.0,0.0
26036,Kenya,2020-02-17,0,Deaths,0.0,0.0
26037,Kenya,2020-02-18,0,Deaths,0.0,0.0
26038,Kenya,2020-02-19,0,Deaths,0.0,0.0
26039,Kenya,2020-02-20,0,Deaths,0.0,0.0
26040,Kenya,2020-02-21,0,Deaths,0.0,0.0
26041,Kenya,2020-02-22,0,Deaths,0.0,0.0
26042,Kenya,2020-02-23,0,Deaths,0.0,0.0
26043,Kenya,2020-02-24,0,Deaths,0.0,0.0
26044,Kenya,2020-02-25,0,Deaths,0.0,0.0
26045,Kenya,2020-02-26,0,Deaths,0.0,0.0
26046,Kenya,2020-02-27,0,Deaths,0.0,0.0
26047,Kenya,2020-02-28,0,Deaths,0.0,0.0
26048,Kenya,2020-02-29,0,Deaths,0.0,0.0
26049,Kenya,2020-03-01,0,Deaths,0.0,0.0
26050,Kenya,2020-03-02,0,Deaths,0.0,0.0
26051,Kenya,2020-03-03,0,Deaths,0.0,0.0
26052,Kenya,2020-03-04,0,Deaths,0.0,0.0
26053,Kenya,2020-03-05,0,Deaths,0.0,0.0
26054,Kenya,2020-03-06,0,Deaths,0.0,0.0
26055,Kenya,2020-03-07,0,Deaths,0.0,0.0
26056,Kenya,2020-03-08,0,Deaths,0.0,0.0
26057,Kenya,2020-03-09,0,Deaths,0.0,0.0
26058,Kenya,2020-03-10,0,Deaths,0.0,0.0
26059,Kenya,2020-03-11,0,Deaths,0.0,0.0
26060,Kenya,2020-03-12,0,Deaths,0.0,0.0
26061,Kenya,2020-03-13,0,Deaths,0.0,0.0
26062,Kenya,2020-03-14,0,Deaths,0.0,0.0
26063,Kenya,2020-03-15,0,Deaths,0.0,0.0
26064,Kenya,2020-03-16,0,Deaths,0.0,0.0
26065,Kenya,2020-03-17,0,Deaths,0.0,0.0
26066,Kenya,2020-03-18,0,Deaths,0.0,0.0
26067,Kenya,2020-03-19,0,Deaths,0.0,0.0
26068,Kenya,2020-03-20,0,Deaths,0.0,0.0
26069,Kenya,2020-03-21,0,Deaths,0.0,0.0
26070,Kenya,2020-03-22,0,Deaths,0.0,0.0
26071,Kenya,2020-03-23,0,Deaths,0.0,0.0
26072,Kenya,2020-03-24,0,Deaths,0.0,0.0
26073,Kenya,2020-03-25,0,Deaths,0.0,0.0
26074,Kenya,2020-03-26,1,Deaths,1.0,1.0
26075,Kenya,2020-03-27,1,Deaths,0.0,1.0
26076,Kenya,2020-03-28,1,Deaths,0.0,1.0
26077,Kenya,2020-03-29,1,Deaths,0.0,1.0
26078,Kenya,2020-03-30,1,Deaths,0.0,1.0
26079,Kenya,2020-03-31,1,Deaths,0.0,1.0
26080,Kenya,2020-04-01,1,Deaths,0.0,1.0
26081,Kenya,2020-04-02,3,Deaths,2.0,2.0
26082,Kenya,2020-04-03,4,Deaths,1.0,3.0
26083,Kenya,2020-04-04,4,Deaths,0.0,3.0
26084,Kenya,2020-04-05,4,Deaths,0.0,3.0
26085,Kenya,2020-04-06,6,Deaths,2.0,5.0
26086,Kenya,2020-04-07,6,Deaths,0.0,5.0
26087,Kenya,2020-04-08,6,Deaths,0.0,5.0
26088,Kenya,2020-04-09,7,Deaths,1.0,4.0
26089,Kenya,2020-04-10,7,Deaths,0.0,3.0
26090,Kenya,2020-04-11,7,Deaths,0.0,3.0
26091,Kenya,2020-04-12,8,Deaths,1.0,4.0
26092,Kenya,2020-04-13,9,Deaths,1.0,3.0
26093,Kenya,2020-04-14,9,Deaths,0.0,3.0
26094,Kenya,2020-04-15,10,Deaths,1.0,4.0
26095,Kenya,2020-04-16,11,Deaths,1.0,4.0
26096,Kenya,2020-04-17,11,Deaths,0.0,4.0
26097,Kenya,2020-04-18,12,Deaths,1.0,5.0
26098,Kenya,2020-04-19,14,Deaths,2.0,6.0
26099,Kenya,2020-04-20,14,Deaths,0.0,5.0
26100,Kenya,2020-04-21,14,Deaths,0.0,5.0
26101,Kenya,2020-04-22,14,Deaths,0.0,4.0
26102,Kenya,2020-04-23,14,Deaths,0.0,3.0
26103,Kenya,2020-04-24,14,Deaths,0.0,3.0
26104,Kenya,2020-04-25,14,Deaths,0.0,2.0
26105,Kenya,2020-04-26,14,Deaths,0.0,0.0
26106,Kenya,2020-04-27,14,Deaths,0.0,0.0
26107,Kenya,2020-04-28,14,Deaths,0.0,0.0
26108,Kenya,2020-04-29,15,Deaths,1.0,1.0
26109,Kenya,2020-04-30,17,Deaths,2.0,3.0
26110,Kenya,2020-05-01,21,Deaths,4.0,7.0
26111,Kenya,2020-05-02,22,Deaths,1.0,8.0
26112,Kenya,2020-05-03,24,Deaths,2.0,10.0
26113,Kenya,2020-05-04,24,Deaths,0.0,10.0
26114,Kenya,2020-05-05,24,Deaths,0.0,10.0
26115,Kenya,2020-05-06,26,Deaths,2.0,11.0
26116,Kenya,2020-05-07,29,Deaths,3.0,12.0
26117,Kenya,2020-05-08,29,Deaths,0.0,8.0
26118,Kenya,2020-05-09,30,Deaths,1.0,8.0
26119,Kenya,2020-05-10,32,Deaths,2.0,8.0
26120,Kenya,2020-05-11,33,Deaths,1.0,9.0
26121,Kenya,2020-05-12,36,Deaths,3.0,12.0
26122,Kenya,2020-05-13,40,Deaths,4.0,14.0
26123,Kenya,2020-05-14,42,Deaths,2.0,13.0
26124,Kenya,2020-05-15,45,Deaths,3.0,16.0
26125,Kenya,2020-05-16,50,Deaths,5.0,20.0
26126,Kenya,2020-05-17,50,Deaths,0.0,18.0
26127,Kenya,2020-05-18,50,Deaths,0.0,17.0
26128,Kenya,2020-05-19,50,Deaths,0.0,14.0
26129,Kenya,2020-05-20,50,Deaths,0.0,10.0
26130,Kenya,2020-05-21,50,Deaths,0.0,8.0
26131,Kenya,2020-05-22,50,Deaths,0.0,5.0
26132,Kenya,2020-05-23,50,Deaths,0.0,0.0
26133,Kenya,2020-05-24,51,Deaths,1.0,1.0
26134,Kenya,2020-05-25,52,Deaths,1.0,2.0
26135,Kenya,2020-05-26,52,Deaths,0.0,2.0
26136,Kenya,2020-05-27,55,Deaths,3.0,5.0
26137,Kenya,2020-05-28,58,Deaths,3.0,8.0
26138,Kenya,2020-05-29,62,Deaths,4.0,12.0
26139,Kenya,2020-05-30,63,Deaths,1.0,13.0
26140,Kenya,2020-05-31,64,Deaths,1.0,13.0
26141,Kenya,2020-06-01,69,Deaths,5.0,17.0
26142,Kenya,2020-06-02,71,Deaths,2.0,19.0
26143,Kenya,2020-06-03,74,Deaths,3.0,19.0
26144,Kenya,2020-06-04,78,Deaths,4.0,20.0
26145,Kenya,2020-06-05,79,Deaths,1.0,17.0
26146,Kenya,2020-06-06,83,Deaths,4.0,20.0
26147,Kenya,2020-06-07,84,Deaths,1.0,20.0
26148,Kenya,2020-06-08,85,Deaths,1.0,16.0
26149,Kenya,2020-06-09,88,Deaths,3.0,17.0
26150,Kenya,2020-06-10,89,Deaths,1.0,15.0
26151,Kenya,2020-06-11,92,Deaths,3.0,14.0
26152,Kenya,2020-06-12,96,Deaths,4.0,17.0
26153,Kenya,2020-06-13,100,Deaths,4.0,17.0
26154,Kenya,2020-06-14,103,Deaths,3.0,19.0
26155,Kenya,2020-06-15,104,Deaths,1.0,19.0
26156,Kenya,2020-06-16,105,Deaths,1.0,17.0
26157,Kenya,2020-06-17,107,Deaths,2.0,18.0
26158,Kenya,2020-06-18,117,Deaths,10.0,25.0
26159,Kenya,2020-06-19,119,Deaths,2.0,23.0
26160,Kenya,2020-06-20,121,Deaths,2.0,21.0
26161,Kenya,2020-06-21,123,Deaths,2.0,20.0
26162,Kenya,2020-06-22,125,Deaths,2.0,21.0
26163,Kenya,2020-06-23,128,Deaths,3.0,23.0
26164,Kenya,2020-06-24,130,Deaths,2.0,23.0
26165,Kenya,2020-06-25,132,Deaths,2.0,15.0
26166,Kenya,2020-06-26,137,Deaths,5.0,18.0
26167,Kenya,2020-06-27,141,Deaths,4.0,20.0
26168,Kenya,2020-06-28,143,Deaths,2.0,20.0
26169,Kenya,2020-06-29,144,Deaths,1.0,19.0
26170,Kenya,2020-06-30,148,Deaths,4.0,20.0
26171,Kenya,2020-07-01,149,Deaths,1.0,19.0
26172,Kenya,2020-07-02,152,Deaths,3.0,20.0
26173,Kenya,2020-07-03,154,Deaths,2.0,17.0
26174,Kenya,2020-07-04,159,Deaths,5.0,18.0
26175,Kenya,2020-07-05,160,Deaths,1.0,17.0
26176,Kenya,2020-07-06,164,Deaths,4.0,20.0
26177,Kenya,2020-07-07,167,Deaths,3.0,19.0
26178,Kenya,2020-07-08,169,Deaths,2.0,20.0
26179,Kenya,2020-07-09,173,Deaths,4.0,21.0
26180,Kenya,2020-07-10,181,Deaths,8.0,27.0
26181,Kenya,2020-07-11,184,Deaths,3.0,25.0
26182,Kenya,2020-07-12,185,Deaths,1.0,25.0
26183,Kenya,2020-07-13,197,Deaths,12.0,33.0
26184,Kenya,2020-07-14,202,Deaths,5.0,35.0
26185,Kenya,2020-07-15,209,Deaths,7.0,40.0
26186,Kenya,2020-07-16,217,Deaths,8.0,44.0
26187,Kenya,2020-07-17,222,Deaths,5.0,41.0
26188,Kenya,2020-07-18,225,Deaths,3.0,41.0
26189,Kenya,2020-07-19,234,Deaths,9.0,49.0
26190,Kenya,2020-07-20,238,Deaths,4.0,41.0
26191,Kenya,2020-07-21,250,Deaths,12.0,48.0
26192,Kenya,2020-07-22,260,Deaths,10.0,51.0
26193,Kenya,2020-07-23,263,Deaths,3.0,46.0
26194,Kenya,2020-07-24,274,Deaths,11.0,52.0
26195,Kenya,2020-07-25,278,Deaths,4.0,53.0
26196,Kenya,2020-07-26,280,Deaths,2.0,46.0
26197,Kenya,2020-07-27,285,Deaths,5.0,47.0
26198,Kenya,2020-07-28,299,Deaths,14.0,49.0
26199,Kenya,2020-07-29,311,Deaths,12.0,51.0
26200,Kenya,2020-07-30,325,Deaths,14.0,62.0
26201,Kenya,2020-07-31,341,Deaths,16.0,67.0
26202,Kenya,2020-08-01,364,Deaths,23.0,86.0
26203,Kenya,2020-08-02,369,Deaths,5.0,89.0
26204,Kenya,2020-08-03,382,Deaths,13.0,97.0
26205,Kenya,2020-08-04,388,Deaths,6.0,89.0
26206,Kenya,2020-08-05,391,Deaths,3.0,80.0
26207,Kenya,2020-08-06,399,Deaths,8.0,74.0
26208,Kenya,2020-08-07,413,Deaths,14.0,72.0
26209,Kenya,2020-08-08,418,Deaths,5.0,54.0
26210,Kenya,2020-08-09,420,Deaths,2.0,51.0
26211,Kenya,2020-08-10,423,Deaths,3.0,41.0
26212,Kenya,2020-08-11,438,Deaths,15.0,50.0
26213,Kenya,2020-08-12,456,Deaths,18.0,65.0
26214,Kenya,2020-08-13,460,Deaths,4.0,61.0
26215,Kenya,2020-08-14,465,Deaths,5.0,52.0
26216,Kenya,2020-08-15,472,Deaths,7.0,54.0
26217,Kenya,2020-08-16,474,Deaths,2.0,54.0
26218,Kenya,2020-08-17,482,Deaths,8.0,59.0
26219,Kenya,2020-08-18,487,Deaths,5.0,49.0
26220,Kenya,2020-08-19,506,Deaths,19.0,50.0
26221,Kenya,2020-08-20,516,Deaths,10.0,56.0
26222,Kenya,2020-08-21,532,Deaths,16.0,67.0
26223,Kenya,2020-08-22,542,Deaths,10.0,70.0
26224,Kenya,2020-08-23,548,Deaths,6.0,74.0
26225,Kenya,2020-08-24,554,Deaths,6.0,72.0
26226,Kenya,2020-08-25,559,Deaths,5.0,72.0
26227,Kenya,2020-08-26,564,Deaths,5.0,58.0
26228,Kenya,2020-08-27,567,Deaths,3.0,51.0
26229,Kenya,2020-08-28,567,Deaths,0.0,35.0
26230,Kenya,2020-08-29,572,Deaths,5.0,30.0
26231,Kenya,2020-08-30,574,Deaths,2.0,26.0
26232,Kenya,2020-08-31,577,Deaths,3.0,23.0
26233,Kenya,2020-09-01,577,Deaths,0.0,18.0
26234,Kenya,2020-09-02,581,Deaths,4.0,17.0
26235,Kenya,2020-09-03,585,Deaths,4.0,18.0
26236,Kenya,2020-09-04,589,Deaths,4.0,22.0
26237,Kenya,2020-09-05,594,Deaths,5.0,22.0
26238,Kenya,2020-09-06,597,Deaths,3.0,23.0
26239,Kenya,2020-09-07,599,Deaths,2.0,22.0
26240,Kenya,2020-09-08,599,Deaths,0.0,22.0
26241,Kenya,2020-09-09,607,Deaths,8.0,26.0
26242,Kenya,2020-09-10,612,Deaths,5.0,27.0
26243,Kenya,2020-09-11,616,Deaths,4.0,27.0
26244,Kenya,2020-09-12,619,Deaths,3.0,25.0
26245,Kenya,2020-09-13,622,Deaths,3.0,25.0
26246,Kenya,2020-09-14,624,Deaths,2.0,25.0
26247,Kenya,2020-09-15,634,Deaths,10.0,35.0
26248,Kenya,2020-09-16,634,Deaths,0.0,27.0
26249,Kenya,2020-09-17,642,Deaths,8.0,30.0
26250,Kenya,2020-09-18,646,Deaths,4.0,30.0
26251,Kenya,2020-09-19,646,Deaths,0.0,27.0
26252,Kenya,2020-09-20,648,Deaths,2.0,26.0
26253,Kenya,2020-09-21,650,Deaths,2.0,26.0
26254,Kenya,2020-09-22,659,Deaths,9.0,25.0
26255,Kenya,2020-09-23,664,Deaths,5.0,30.0
26256,Kenya,2020-09-24,669,Deaths,5.0,27.0
26257,Kenya,2020-09-25,682,Deaths,13.0,36.0
26258,Kenya,2020-09-26,689,Deaths,7.0,43.0
26259,Kenya,2020-09-27,691,Deaths,2.0,43.0
26260,Kenya,2020-09-28,700,Deaths,9.0,50.0
26261,Kenya,2020-09-29,707,Deaths,7.0,48.0
26262,Kenya,2020-09-30,711,Deaths,4.0,47.0
26263,Kenya,2020-10-01,711,Deaths,0.0,42.0
26264,Kenya,2020-10-02,725,Deaths,14.0,43.0
26265,Kenya,2020-10-03,728,Deaths,3.0,39.0
26266,Kenya,2020-10-04,731,Deaths,3.0,40.0
26267,Kenya,2020-10-05,735,Deaths,4.0,35.0
26268,Kenya,2020-10-06,743,Deaths,8.0,36.0
26269,Kenya,2020-10-07,748,Deaths,5.0,37.0
26270,Kenya,2020-10-08,751,Deaths,3.0,40.0
26271,Kenya,2020-10-09,755,Deaths,4.0,30.0
26272,Kenya,2020-10-10,760,Deaths,5.0,32.0
26273,Kenya,2020-10-11,766,Deaths,6.0,35.0
26274,Kenya,2020-10-12,777,Deaths,11.0,42.0
26275,Kenya,2020-10-13,787,Deaths,10.0,44.0
26276,Kenya,2020-10-14,797,Deaths,10.0,49.0
26277,Kenya,2020-10-15,805,Deaths,8.0,54.0
26278,Kenya,2020-10-16,813,Deaths,8.0,58.0
26279,Kenya,2020-10-17,825,Deaths,12.0,65.0
26280,Kenya,2020-10-18,832,Deaths,7.0,66.0
26281,Kenya,2020-10-19,839,Deaths,7.0,62.0
26282,Kenya,2020-10-20,842,Deaths,3.0,55.0
26283,Kenya,2020-10-21,858,Deaths,16.0,61.0
26284,Kenya,2020-10-22,870,Deaths,12.0,65.0
26285,Kenya,2020-10-23,884,Deaths,14.0,71.0
26286,Kenya,2020-10-24,896,Deaths,12.0,71.0
26287,Kenya,2020-10-25,902,Deaths,6.0,70.0
26288,Kenya,2020-10-26,920,Deaths,18.0,81.0
26289,Kenya,2020-10-27,934,Deaths,14.0,92.0
26290,Kenya,2020-10-28,934,Deaths,0.0,76.0
26291,Kenya,2020-10-29,964,Deaths,30.0,94.0
26292,Kenya,2020-10-30,981,Deaths,17.0,97.0
26293,Kenya,2020-10-31,981,Deaths,0.0,85.0
26294,Kenya,2020-11-01,1013,Deaths,32.0,111.0
26295,Kenya,2020-11-02,1027,Deaths,14.0,107.0
26296,Kenya,2020-11-03,1039,Deaths,12.0,105.0
26297,Kenya,2020-11-04,1051,Deaths,12.0,117.0
26298,Kenya,2020-11-05,1072,Deaths,21.0,108.0
26299,"Korea, South",2020-01-22,0,Deaths,,
26300,"Korea, South",2020-01-23,0,Deaths,0.0,
26301,"Korea, South",2020-01-24,0,Deaths,0.0,
26302,"Korea, South",2020-01-25,0,Deaths,0.0,
26303,"Korea, South",2020-01-26,0,Deaths,0.0,
26304,"Korea, South",2020-01-27,0,Deaths,0.0,
26305,"Korea, South",2020-01-28,0,Deaths,0.0,
26306,"Korea, South",2020-01-29,0,Deaths,0.0,0.0
26307,"Korea, South",2020-01-30,0,Deaths,0.0,0.0
26308,"Korea, South",2020-01-31,0,Deaths,0.0,0.0
26309,"Korea, South",2020-02-01,0,Deaths,0.0,0.0
26310,"Korea, South",2020-02-02,0,Deaths,0.0,0.0
26311,"Korea, South",2020-02-03,0,Deaths,0.0,0.0
26312,"Korea, South",2020-02-04,0,Deaths,0.0,0.0
26313,"Korea, South",2020-02-05,0,Deaths,0.0,0.0
26314,"Korea, South",2020-02-06,0,Deaths,0.0,0.0
26315,"Korea, South",2020-02-07,0,Deaths,0.0,0.0
26316,"Korea, South",2020-02-08,0,Deaths,0.0,0.0
26317,"Korea, South",2020-02-09,0,Deaths,0.0,0.0
26318,"Korea, South",2020-02-10,0,Deaths,0.0,0.0
26319,"Korea, South",2020-02-11,0,Deaths,0.0,0.0
26320,"Korea, South",2020-02-12,0,Deaths,0.0,0.0
26321,"Korea, South",2020-02-13,0,Deaths,0.0,0.0
26322,"Korea, South",2020-02-14,0,Deaths,0.0,0.0
26323,"Korea, South",2020-02-15,0,Deaths,0.0,0.0
26324,"Korea, South",2020-02-16,0,Deaths,0.0,0.0
26325,"Korea, South",2020-02-17,0,Deaths,0.0,0.0
26326,"Korea, South",2020-02-18,0,Deaths,0.0,0.0
26327,"Korea, South",2020-02-19,0,Deaths,0.0,0.0
26328,"Korea, South",2020-02-20,1,Deaths,1.0,1.0
26329,"Korea, South",2020-02-21,2,Deaths,1.0,2.0
26330,"Korea, South",2020-02-22,2,Deaths,0.0,2.0
26331,"Korea, South",2020-02-23,6,Deaths,4.0,6.0
26332,"Korea, South",2020-02-24,8,Deaths,2.0,8.0
26333,"Korea, South",2020-02-25,10,Deaths,2.0,10.0
26334,"Korea, South",2020-02-26,12,Deaths,2.0,12.0
26335,"Korea, South",2020-02-27,13,Deaths,1.0,12.0
26336,"Korea, South",2020-02-28,13,Deaths,0.0,11.0
26337,"Korea, South",2020-02-29,16,Deaths,3.0,14.0
26338,"Korea, South",2020-03-01,17,Deaths,1.0,11.0
26339,"Korea, South",2020-03-02,28,Deaths,11.0,20.0
26340,"Korea, South",2020-03-03,28,Deaths,0.0,18.0
26341,"Korea, South",2020-03-04,35,Deaths,7.0,23.0
26342,"Korea, South",2020-03-05,35,Deaths,0.0,22.0
26343,"Korea, South",2020-03-06,42,Deaths,7.0,29.0
26344,"Korea, South",2020-03-07,44,Deaths,2.0,28.0
26345,"Korea, South",2020-03-08,50,Deaths,6.0,33.0
26346,"Korea, South",2020-03-09,53,Deaths,3.0,25.0
26347,"Korea, South",2020-03-10,54,Deaths,1.0,26.0
26348,"Korea, South",2020-03-11,60,Deaths,6.0,25.0
26349,"Korea, South",2020-03-12,66,Deaths,6.0,31.0
26350,"Korea, South",2020-03-13,66,Deaths,0.0,24.0
26351,"Korea, South",2020-03-14,72,Deaths,6.0,28.0
26352,"Korea, South",2020-03-15,75,Deaths,3.0,25.0
26353,"Korea, South",2020-03-16,75,Deaths,0.0,22.0
26354,"Korea, South",2020-03-17,81,Deaths,6.0,27.0
26355,"Korea, South",2020-03-18,84,Deaths,3.0,24.0
26356,"Korea, South",2020-03-19,91,Deaths,7.0,25.0
26357,"Korea, South",2020-03-20,94,Deaths,3.0,28.0
26358,"Korea, South",2020-03-21,102,Deaths,8.0,30.0
26359,"Korea, South",2020-03-22,111,Deaths,9.0,36.0
26360,"Korea, South",2020-03-23,111,Deaths,0.0,36.0
26361,"Korea, South",2020-03-24,120,Deaths,9.0,39.0
26362,"Korea, South",2020-03-25,126,Deaths,6.0,42.0
26363,"Korea, South",2020-03-26,131,Deaths,5.0,40.0
26364,"Korea, South",2020-03-27,139,Deaths,8.0,45.0
26365,"Korea, South",2020-03-28,144,Deaths,5.0,42.0
26366,"Korea, South",2020-03-29,152,Deaths,8.0,41.0
26367,"Korea, South",2020-03-30,158,Deaths,6.0,47.0
26368,"Korea, South",2020-03-31,162,Deaths,4.0,42.0
26369,"Korea, South",2020-04-01,165,Deaths,3.0,39.0
26370,"Korea, South",2020-04-02,169,Deaths,4.0,38.0
26371,"Korea, South",2020-04-03,174,Deaths,5.0,35.0
26372,"Korea, South",2020-04-04,177,Deaths,3.0,33.0
26373,"Korea, South",2020-04-05,183,Deaths,6.0,31.0
26374,"Korea, South",2020-04-06,186,Deaths,3.0,28.0
26375,"Korea, South",2020-04-07,192,Deaths,6.0,30.0
26376,"Korea, South",2020-04-08,200,Deaths,8.0,35.0
26377,"Korea, South",2020-04-09,204,Deaths,4.0,35.0
26378,"Korea, South",2020-04-10,208,Deaths,4.0,34.0
26379,"Korea, South",2020-04-11,211,Deaths,3.0,34.0
26380,"Korea, South",2020-04-12,214,Deaths,3.0,31.0
26381,"Korea, South",2020-04-13,217,Deaths,3.0,31.0
26382,"Korea, South",2020-04-14,222,Deaths,5.0,30.0
26383,"Korea, South",2020-04-15,225,Deaths,3.0,25.0
26384,"Korea, South",2020-04-16,229,Deaths,4.0,25.0
26385,"Korea, South",2020-04-17,230,Deaths,1.0,22.0
26386,"Korea, South",2020-04-18,232,Deaths,2.0,21.0
26387,"Korea, South",2020-04-19,234,Deaths,2.0,20.0
26388,"Korea, South",2020-04-20,236,Deaths,2.0,19.0
26389,"Korea, South",2020-04-21,237,Deaths,1.0,15.0
26390,"Korea, South",2020-04-22,238,Deaths,1.0,13.0
26391,"Korea, South",2020-04-23,240,Deaths,2.0,11.0
26392,"Korea, South",2020-04-24,240,Deaths,0.0,10.0
26393,"Korea, South",2020-04-25,242,Deaths,2.0,10.0
26394,"Korea, South",2020-04-26,243,Deaths,1.0,9.0
26395,"Korea, South",2020-04-27,244,Deaths,1.0,8.0
26396,"Korea, South",2020-04-28,246,Deaths,2.0,9.0
26397,"Korea, South",2020-04-29,247,Deaths,1.0,9.0
26398,"Korea, South",2020-04-30,248,Deaths,1.0,8.0
26399,"Korea, South",2020-05-01,250,Deaths,2.0,10.0
26400,"Korea, South",2020-05-02,250,Deaths,0.0,8.0
26401,"Korea, South",2020-05-03,252,Deaths,2.0,9.0
26402,"Korea, South",2020-05-04,254,Deaths,2.0,10.0
26403,"Korea, South",2020-05-05,255,Deaths,1.0,9.0
26404,"Korea, South",2020-05-06,256,Deaths,1.0,9.0
26405,"Korea, South",2020-05-07,256,Deaths,0.0,8.0
26406,"Korea, South",2020-05-08,256,Deaths,0.0,6.0
26407,"Korea, South",2020-05-09,256,Deaths,0.0,6.0
26408,"Korea, South",2020-05-10,256,Deaths,0.0,4.0
26409,"Korea, South",2020-05-11,258,Deaths,2.0,4.0
26410,"Korea, South",2020-05-12,259,Deaths,1.0,4.0
26411,"Korea, South",2020-05-13,260,Deaths,1.0,4.0
26412,"Korea, South",2020-05-14,260,Deaths,0.0,4.0
26413,"Korea, South",2020-05-15,262,Deaths,2.0,6.0
26414,"Korea, South",2020-05-16,262,Deaths,0.0,6.0
26415,"Korea, South",2020-05-17,263,Deaths,1.0,7.0
26416,"Korea, South",2020-05-18,263,Deaths,0.0,5.0
26417,"Korea, South",2020-05-19,263,Deaths,0.0,4.0
26418,"Korea, South",2020-05-20,264,Deaths,1.0,4.0
26419,"Korea, South",2020-05-21,264,Deaths,0.0,4.0
26420,"Korea, South",2020-05-22,266,Deaths,2.0,4.0
26421,"Korea, South",2020-05-23,266,Deaths,0.0,4.0
26422,"Korea, South",2020-05-24,267,Deaths,1.0,4.0
26423,"Korea, South",2020-05-25,269,Deaths,2.0,6.0
26424,"Korea, South",2020-05-26,269,Deaths,0.0,6.0
26425,"Korea, South",2020-05-27,269,Deaths,0.0,5.0
26426,"Korea, South",2020-05-28,269,Deaths,0.0,5.0
26427,"Korea, South",2020-05-29,269,Deaths,0.0,3.0
26428,"Korea, South",2020-05-30,270,Deaths,1.0,4.0
26429,"Korea, South",2020-05-31,271,Deaths,1.0,4.0
26430,"Korea, South",2020-06-01,272,Deaths,1.0,3.0
26431,"Korea, South",2020-06-02,273,Deaths,1.0,4.0
26432,"Korea, South",2020-06-03,273,Deaths,0.0,4.0
26433,"Korea, South",2020-06-04,273,Deaths,0.0,4.0
26434,"Korea, South",2020-06-05,273,Deaths,0.0,4.0
26435,"Korea, South",2020-06-06,273,Deaths,0.0,3.0
26436,"Korea, South",2020-06-07,273,Deaths,0.0,2.0
26437,"Korea, South",2020-06-08,274,Deaths,1.0,2.0
26438,"Korea, South",2020-06-09,276,Deaths,2.0,3.0
26439,"Korea, South",2020-06-10,276,Deaths,0.0,3.0
26440,"Korea, South",2020-06-11,277,Deaths,1.0,4.0
26441,"Korea, South",2020-06-12,277,Deaths,0.0,4.0
26442,"Korea, South",2020-06-13,277,Deaths,0.0,4.0
26443,"Korea, South",2020-06-14,277,Deaths,0.0,4.0
26444,"Korea, South",2020-06-15,278,Deaths,1.0,4.0
26445,"Korea, South",2020-06-16,279,Deaths,1.0,3.0
26446,"Korea, South",2020-06-17,280,Deaths,1.0,4.0
26447,"Korea, South",2020-06-18,280,Deaths,0.0,3.0
26448,"Korea, South",2020-06-19,280,Deaths,0.0,3.0
26449,"Korea, South",2020-06-20,280,Deaths,0.0,3.0
26450,"Korea, South",2020-06-21,280,Deaths,0.0,3.0
26451,"Korea, South",2020-06-22,281,Deaths,1.0,3.0
26452,"Korea, South",2020-06-23,281,Deaths,0.0,2.0
26453,"Korea, South",2020-06-24,282,Deaths,1.0,2.0
26454,"Korea, South",2020-06-25,282,Deaths,0.0,2.0
26455,"Korea, South",2020-06-26,282,Deaths,0.0,2.0
26456,"Korea, South",2020-06-27,282,Deaths,0.0,2.0
26457,"Korea, South",2020-06-28,282,Deaths,0.0,2.0
26458,"Korea, South",2020-06-29,282,Deaths,0.0,1.0
26459,"Korea, South",2020-06-30,282,Deaths,0.0,1.0
26460,"Korea, South",2020-07-01,282,Deaths,0.0,0.0
26461,"Korea, South",2020-07-02,282,Deaths,0.0,0.0
26462,"Korea, South",2020-07-03,283,Deaths,1.0,1.0
26463,"Korea, South",2020-07-04,283,Deaths,0.0,1.0
26464,"Korea, South",2020-07-05,284,Deaths,1.0,2.0
26465,"Korea, South",2020-07-06,285,Deaths,1.0,3.0
26466,"Korea, South",2020-07-07,285,Deaths,0.0,3.0
26467,"Korea, South",2020-07-08,287,Deaths,2.0,5.0
26468,"Korea, South",2020-07-09,288,Deaths,1.0,6.0
26469,"Korea, South",2020-07-10,288,Deaths,0.0,5.0
26470,"Korea, South",2020-07-11,289,Deaths,1.0,6.0
26471,"Korea, South",2020-07-12,289,Deaths,0.0,5.0
26472,"Korea, South",2020-07-13,289,Deaths,0.0,4.0
26473,"Korea, South",2020-07-14,289,Deaths,0.0,4.0
26474,"Korea, South",2020-07-15,291,Deaths,2.0,4.0
26475,"Korea, South",2020-07-16,293,Deaths,2.0,5.0
26476,"Korea, South",2020-07-17,294,Deaths,1.0,6.0
26477,"Korea, South",2020-07-18,295,Deaths,1.0,6.0
26478,"Korea, South",2020-07-19,296,Deaths,1.0,7.0
26479,"Korea, South",2020-07-20,296,Deaths,0.0,7.0
26480,"Korea, South",2020-07-21,297,Deaths,1.0,8.0
26481,"Korea, South",2020-07-22,297,Deaths,0.0,6.0
26482,"Korea, South",2020-07-23,298,Deaths,1.0,5.0
26483,"Korea, South",2020-07-24,298,Deaths,0.0,4.0
26484,"Korea, South",2020-07-25,298,Deaths,0.0,3.0
26485,"Korea, South",2020-07-26,299,Deaths,1.0,3.0
26486,"Korea, South",2020-07-27,300,Deaths,1.0,4.0
26487,"Korea, South",2020-07-28,300,Deaths,0.0,3.0
26488,"Korea, South",2020-07-29,300,Deaths,0.0,3.0
26489,"Korea, South",2020-07-30,301,Deaths,1.0,3.0
26490,"Korea, South",2020-07-31,301,Deaths,0.0,3.0
26491,"Korea, South",2020-08-01,301,Deaths,0.0,3.0
26492,"Korea, South",2020-08-02,301,Deaths,0.0,2.0
26493,"Korea, South",2020-08-03,301,Deaths,0.0,1.0
26494,"Korea, South",2020-08-04,302,Deaths,1.0,2.0
26495,"Korea, South",2020-08-05,302,Deaths,0.0,2.0
26496,"Korea, South",2020-08-06,303,Deaths,1.0,2.0
26497,"Korea, South",2020-08-07,304,Deaths,1.0,3.0
26498,"Korea, South",2020-08-08,305,Deaths,1.0,4.0
26499,"Korea, South",2020-08-09,305,Deaths,0.0,4.0
26500,"Korea, South",2020-08-10,305,Deaths,0.0,4.0
26501,"Korea, South",2020-08-11,305,Deaths,0.0,3.0
26502,"Korea, South",2020-08-12,305,Deaths,0.0,3.0
26503,"Korea, South",2020-08-13,305,Deaths,0.0,2.0
26504,"Korea, South",2020-08-14,305,Deaths,0.0,1.0
26505,"Korea, South",2020-08-15,305,Deaths,0.0,0.0
26506,"Korea, South",2020-08-16,305,Deaths,0.0,0.0
26507,"Korea, South",2020-08-17,306,Deaths,1.0,1.0
26508,"Korea, South",2020-08-18,306,Deaths,0.0,1.0
26509,"Korea, South",2020-08-19,307,Deaths,1.0,2.0
26510,"Korea, South",2020-08-20,309,Deaths,2.0,4.0
26511,"Korea, South",2020-08-21,309,Deaths,0.0,4.0
26512,"Korea, South",2020-08-22,309,Deaths,0.0,4.0
26513,"Korea, South",2020-08-23,309,Deaths,0.0,4.0
26514,"Korea, South",2020-08-24,310,Deaths,1.0,4.0
26515,"Korea, South",2020-08-25,312,Deaths,2.0,6.0
26516,"Korea, South",2020-08-26,313,Deaths,1.0,6.0
26517,"Korea, South",2020-08-27,316,Deaths,3.0,7.0
26518,"Korea, South",2020-08-28,321,Deaths,5.0,12.0
26519,"Korea, South",2020-08-29,323,Deaths,2.0,14.0
26520,"Korea, South",2020-08-30,324,Deaths,1.0,15.0
26521,"Korea, South",2020-08-31,324,Deaths,0.0,14.0
26522,"Korea, South",2020-09-01,326,Deaths,2.0,14.0
26523,"Korea, South",2020-09-02,329,Deaths,3.0,16.0
26524,"Korea, South",2020-09-03,331,Deaths,2.0,15.0
26525,"Korea, South",2020-09-04,333,Deaths,2.0,12.0
26526,"Korea, South",2020-09-05,334,Deaths,1.0,11.0
26527,"Korea, South",2020-09-06,336,Deaths,2.0,12.0
26528,"Korea, South",2020-09-07,341,Deaths,5.0,17.0
26529,"Korea, South",2020-09-08,344,Deaths,3.0,18.0
26530,"Korea, South",2020-09-09,346,Deaths,2.0,17.0
26531,"Korea, South",2020-09-10,350,Deaths,4.0,19.0
26532,"Korea, South",2020-09-11,355,Deaths,5.0,22.0
26533,"Korea, South",2020-09-12,358,Deaths,3.0,24.0
26534,"Korea, South",2020-09-13,363,Deaths,5.0,27.0
26535,"Korea, South",2020-09-14,367,Deaths,4.0,26.0
26536,"Korea, South",2020-09-15,367,Deaths,0.0,23.0
26537,"Korea, South",2020-09-16,372,Deaths,5.0,26.0
26538,"Korea, South",2020-09-17,377,Deaths,5.0,27.0
26539,"Korea, South",2020-09-18,378,Deaths,1.0,23.0
26540,"Korea, South",2020-09-19,383,Deaths,5.0,25.0
26541,"Korea, South",2020-09-20,385,Deaths,2.0,22.0
26542,"Korea, South",2020-09-21,388,Deaths,3.0,21.0
26543,"Korea, South",2020-09-22,388,Deaths,0.0,21.0
26544,"Korea, South",2020-09-23,393,Deaths,5.0,21.0
26545,"Korea, South",2020-09-24,395,Deaths,2.0,18.0
26546,"Korea, South",2020-09-25,399,Deaths,4.0,21.0
26547,"Korea, South",2020-09-26,401,Deaths,2.0,18.0
26548,"Korea, South",2020-09-27,406,Deaths,5.0,21.0
26549,"Korea, South",2020-09-28,407,Deaths,1.0,19.0
26550,"Korea, South",2020-09-29,413,Deaths,6.0,25.0
26551,"Korea, South",2020-09-30,415,Deaths,2.0,22.0
26552,"Korea, South",2020-10-01,416,Deaths,1.0,21.0
26553,"Korea, South",2020-10-02,420,Deaths,4.0,21.0
26554,"Korea, South",2020-10-03,421,Deaths,1.0,20.0
26555,"Korea, South",2020-10-04,422,Deaths,1.0,16.0
26556,"Korea, South",2020-10-05,422,Deaths,0.0,15.0
26557,"Korea, South",2020-10-06,425,Deaths,3.0,12.0
26558,"Korea, South",2020-10-07,427,Deaths,2.0,12.0
26559,"Korea, South",2020-10-08,428,Deaths,1.0,12.0
26560,"Korea, South",2020-10-09,430,Deaths,2.0,10.0
26561,"Korea, South",2020-10-10,432,Deaths,2.0,11.0
26562,"Korea, South",2020-10-11,433,Deaths,1.0,11.0
26563,"Korea, South",2020-10-12,434,Deaths,1.0,12.0
26564,"Korea, South",2020-10-13,438,Deaths,4.0,13.0
26565,"Korea, South",2020-10-14,439,Deaths,1.0,12.0
26566,"Korea, South",2020-10-15,441,Deaths,2.0,13.0
26567,"Korea, South",2020-10-16,443,Deaths,2.0,13.0
26568,"Korea, South",2020-10-17,444,Deaths,1.0,12.0
26569,"Korea, South",2020-10-18,444,Deaths,0.0,11.0
26570,"Korea, South",2020-10-19,447,Deaths,3.0,13.0
26571,"Korea, South",2020-10-20,450,Deaths,3.0,12.0
26572,"Korea, South",2020-10-21,453,Deaths,3.0,14.0
26573,"Korea, South",2020-10-22,455,Deaths,2.0,14.0
26574,"Korea, South",2020-10-23,457,Deaths,2.0,14.0
26575,"Korea, South",2020-10-24,457,Deaths,0.0,13.0
26576,"Korea, South",2020-10-25,457,Deaths,0.0,13.0
26577,"Korea, South",2020-10-26,460,Deaths,3.0,13.0
26578,"Korea, South",2020-10-27,461,Deaths,1.0,11.0
26579,"Korea, South",2020-10-28,462,Deaths,1.0,9.0
26580,"Korea, South",2020-10-29,463,Deaths,1.0,8.0
26581,"Korea, South",2020-10-30,464,Deaths,1.0,7.0
26582,"Korea, South",2020-10-31,466,Deaths,2.0,9.0
26583,"Korea, South",2020-11-01,468,Deaths,2.0,11.0
26584,"Korea, South",2020-11-02,472,Deaths,4.0,12.0
26585,"Korea, South",2020-11-03,474,Deaths,2.0,13.0
26586,"Korea, South",2020-11-04,475,Deaths,1.0,13.0
26587,"Korea, South",2020-11-05,476,Deaths,1.0,13.0
26588,Kosovo,2020-01-22,0,Deaths,,
26589,Kosovo,2020-01-23,0,Deaths,0.0,
26590,Kosovo,2020-01-24,0,Deaths,0.0,
26591,Kosovo,2020-01-25,0,Deaths,0.0,
26592,Kosovo,2020-01-26,0,Deaths,0.0,
26593,Kosovo,2020-01-27,0,Deaths,0.0,
26594,Kosovo,2020-01-28,0,Deaths,0.0,
26595,Kosovo,2020-01-29,0,Deaths,0.0,0.0
26596,Kosovo,2020-01-30,0,Deaths,0.0,0.0
26597,Kosovo,2020-01-31,0,Deaths,0.0,0.0
26598,Kosovo,2020-02-01,0,Deaths,0.0,0.0
26599,Kosovo,2020-02-02,0,Deaths,0.0,0.0
26600,Kosovo,2020-02-03,0,Deaths,0.0,0.0
26601,Kosovo,2020-02-04,0,Deaths,0.0,0.0
26602,Kosovo,2020-02-05,0,Deaths,0.0,0.0
26603,Kosovo,2020-02-06,0,Deaths,0.0,0.0
26604,Kosovo,2020-02-07,0,Deaths,0.0,0.0
26605,Kosovo,2020-02-08,0,Deaths,0.0,0.0
26606,Kosovo,2020-02-09,0,Deaths,0.0,0.0
26607,Kosovo,2020-02-10,0,Deaths,0.0,0.0
26608,Kosovo,2020-02-11,0,Deaths,0.0,0.0
26609,Kosovo,2020-02-12,0,Deaths,0.0,0.0
26610,Kosovo,2020-02-13,0,Deaths,0.0,0.0
26611,Kosovo,2020-02-14,0,Deaths,0.0,0.0
26612,Kosovo,2020-02-15,0,Deaths,0.0,0.0
26613,Kosovo,2020-02-16,0,Deaths,0.0,0.0
26614,Kosovo,2020-02-17,0,Deaths,0.0,0.0
26615,Kosovo,2020-02-18,0,Deaths,0.0,0.0
26616,Kosovo,2020-02-19,0,Deaths,0.0,0.0
26617,Kosovo,2020-02-20,0,Deaths,0.0,0.0
26618,Kosovo,2020-02-21,0,Deaths,0.0,0.0
26619,Kosovo,2020-02-22,0,Deaths,0.0,0.0
26620,Kosovo,2020-02-23,0,Deaths,0.0,0.0
26621,Kosovo,2020-02-24,0,Deaths,0.0,0.0
26622,Kosovo,2020-02-25,0,Deaths,0.0,0.0
26623,Kosovo,2020-02-26,0,Deaths,0.0,0.0
26624,Kosovo,2020-02-27,0,Deaths,0.0,0.0
26625,Kosovo,2020-02-28,0,Deaths,0.0,0.0
26626,Kosovo,2020-02-29,0,Deaths,0.0,0.0
26627,Kosovo,2020-03-01,0,Deaths,0.0,0.0
26628,Kosovo,2020-03-02,0,Deaths,0.0,0.0
26629,Kosovo,2020-03-03,0,Deaths,0.0,0.0
26630,Kosovo,2020-03-04,0,Deaths,0.0,0.0
26631,Kosovo,2020-03-05,0,Deaths,0.0,0.0
26632,Kosovo,2020-03-06,0,Deaths,0.0,0.0
26633,Kosovo,2020-03-07,0,Deaths,0.0,0.0
26634,Kosovo,2020-03-08,0,Deaths,0.0,0.0
26635,Kosovo,2020-03-09,0,Deaths,0.0,0.0
26636,Kosovo,2020-03-10,0,Deaths,0.0,0.0
26637,Kosovo,2020-03-11,0,Deaths,0.0,0.0
26638,Kosovo,2020-03-12,0,Deaths,0.0,0.0
26639,Kosovo,2020-03-13,0,Deaths,0.0,0.0
26640,Kosovo,2020-03-14,0,Deaths,0.0,0.0
26641,Kosovo,2020-03-15,0,Deaths,0.0,0.0
26642,Kosovo,2020-03-16,0,Deaths,0.0,0.0
26643,Kosovo,2020-03-17,0,Deaths,0.0,0.0
26644,Kosovo,2020-03-18,0,Deaths,0.0,0.0
26645,Kosovo,2020-03-19,0,Deaths,0.0,0.0
26646,Kosovo,2020-03-20,0,Deaths,0.0,0.0
26647,Kosovo,2020-03-21,0,Deaths,0.0,0.0
26648,Kosovo,2020-03-22,0,Deaths,0.0,0.0
26649,Kosovo,2020-03-23,1,Deaths,1.0,1.0
26650,Kosovo,2020-03-24,1,Deaths,0.0,1.0
26651,Kosovo,2020-03-25,1,Deaths,0.0,1.0
26652,Kosovo,2020-03-26,1,Deaths,0.0,1.0
26653,Kosovo,2020-03-27,1,Deaths,0.0,1.0
26654,Kosovo,2020-03-28,1,Deaths,0.0,1.0
26655,Kosovo,2020-03-29,1,Deaths,0.0,1.0
26656,Kosovo,2020-03-30,1,Deaths,0.0,0.0
26657,Kosovo,2020-03-31,1,Deaths,0.0,0.0
26658,Kosovo,2020-04-01,1,Deaths,0.0,0.0
26659,Kosovo,2020-04-02,1,Deaths,0.0,0.0
26660,Kosovo,2020-04-03,1,Deaths,0.0,0.0
26661,Kosovo,2020-04-04,1,Deaths,0.0,0.0
26662,Kosovo,2020-04-05,1,Deaths,0.0,0.0
26663,Kosovo,2020-04-06,1,Deaths,0.0,0.0
26664,Kosovo,2020-04-07,3,Deaths,2.0,2.0
26665,Kosovo,2020-04-08,5,Deaths,2.0,4.0
26666,Kosovo,2020-04-09,6,Deaths,1.0,5.0
26667,Kosovo,2020-04-10,7,Deaths,1.0,6.0
26668,Kosovo,2020-04-11,7,Deaths,0.0,6.0
26669,Kosovo,2020-04-12,7,Deaths,0.0,6.0
26670,Kosovo,2020-04-13,7,Deaths,0.0,6.0
26671,Kosovo,2020-04-14,8,Deaths,1.0,5.0
26672,Kosovo,2020-04-15,8,Deaths,0.0,3.0
26673,Kosovo,2020-04-16,9,Deaths,1.0,3.0
26674,Kosovo,2020-04-17,11,Deaths,2.0,4.0
26675,Kosovo,2020-04-18,12,Deaths,1.0,5.0
26676,Kosovo,2020-04-19,12,Deaths,0.0,5.0
26677,Kosovo,2020-04-20,12,Deaths,0.0,5.0
26678,Kosovo,2020-04-21,15,Deaths,3.0,7.0
26679,Kosovo,2020-04-22,18,Deaths,3.0,10.0
26680,Kosovo,2020-04-23,18,Deaths,0.0,9.0
26681,Kosovo,2020-04-24,19,Deaths,1.0,8.0
26682,Kosovo,2020-04-25,19,Deaths,0.0,7.0
26683,Kosovo,2020-04-26,20,Deaths,1.0,8.0
26684,Kosovo,2020-04-27,21,Deaths,1.0,9.0
26685,Kosovo,2020-04-28,22,Deaths,1.0,7.0
26686,Kosovo,2020-04-29,22,Deaths,0.0,4.0
26687,Kosovo,2020-04-30,22,Deaths,0.0,4.0
26688,Kosovo,2020-05-01,22,Deaths,0.0,3.0
26689,Kosovo,2020-05-02,22,Deaths,0.0,3.0
26690,Kosovo,2020-05-03,22,Deaths,0.0,2.0
26691,Kosovo,2020-05-04,22,Deaths,0.0,1.0
26692,Kosovo,2020-05-05,26,Deaths,4.0,4.0
26693,Kosovo,2020-05-06,26,Deaths,0.0,4.0
26694,Kosovo,2020-05-07,26,Deaths,0.0,4.0
26695,Kosovo,2020-05-08,27,Deaths,1.0,5.0
26696,Kosovo,2020-05-09,28,Deaths,1.0,6.0
26697,Kosovo,2020-05-10,28,Deaths,0.0,6.0
26698,Kosovo,2020-05-11,28,Deaths,0.0,6.0
26699,Kosovo,2020-05-12,28,Deaths,0.0,2.0
26700,Kosovo,2020-05-13,29,Deaths,1.0,3.0
26701,Kosovo,2020-05-14,29,Deaths,0.0,3.0
26702,Kosovo,2020-05-15,29,Deaths,0.0,2.0
26703,Kosovo,2020-05-16,29,Deaths,0.0,1.0
26704,Kosovo,2020-05-17,29,Deaths,0.0,1.0
26705,Kosovo,2020-05-18,29,Deaths,0.0,1.0
26706,Kosovo,2020-05-19,29,Deaths,0.0,1.0
26707,Kosovo,2020-05-20,29,Deaths,0.0,0.0
26708,Kosovo,2020-05-21,29,Deaths,0.0,0.0
26709,Kosovo,2020-05-22,29,Deaths,0.0,0.0
26710,Kosovo,2020-05-23,29,Deaths,0.0,0.0
26711,Kosovo,2020-05-24,29,Deaths,0.0,0.0
26712,Kosovo,2020-05-25,30,Deaths,1.0,1.0
26713,Kosovo,2020-05-26,30,Deaths,0.0,1.0
26714,Kosovo,2020-05-27,30,Deaths,0.0,1.0
26715,Kosovo,2020-05-28,30,Deaths,0.0,1.0
26716,Kosovo,2020-05-29,30,Deaths,0.0,1.0
26717,Kosovo,2020-05-30,30,Deaths,0.0,1.0
26718,Kosovo,2020-05-31,30,Deaths,0.0,1.0
26719,Kosovo,2020-06-01,30,Deaths,0.0,0.0
26720,Kosovo,2020-06-02,30,Deaths,0.0,0.0
26721,Kosovo,2020-06-03,30,Deaths,0.0,0.0
26722,Kosovo,2020-06-04,30,Deaths,0.0,0.0
26723,Kosovo,2020-06-05,30,Deaths,0.0,0.0
26724,Kosovo,2020-06-06,30,Deaths,0.0,0.0
26725,Kosovo,2020-06-07,30,Deaths,0.0,0.0
26726,Kosovo,2020-06-08,31,Deaths,1.0,1.0
26727,Kosovo,2020-06-09,31,Deaths,0.0,1.0
26728,Kosovo,2020-06-10,31,Deaths,0.0,1.0
26729,Kosovo,2020-06-11,31,Deaths,0.0,1.0
26730,Kosovo,2020-06-12,31,Deaths,0.0,1.0
26731,Kosovo,2020-06-13,31,Deaths,0.0,1.0
26732,Kosovo,2020-06-14,32,Deaths,1.0,2.0
26733,Kosovo,2020-06-15,33,Deaths,1.0,2.0
26734,Kosovo,2020-06-16,33,Deaths,0.0,2.0
26735,Kosovo,2020-06-17,34,Deaths,1.0,3.0
26736,Kosovo,2020-06-18,34,Deaths,0.0,3.0
26737,Kosovo,2020-06-19,34,Deaths,0.0,3.0
26738,Kosovo,2020-06-20,34,Deaths,0.0,3.0
26739,Kosovo,2020-06-21,35,Deaths,1.0,3.0
26740,Kosovo,2020-06-22,36,Deaths,1.0,3.0
26741,Kosovo,2020-06-23,37,Deaths,1.0,4.0
26742,Kosovo,2020-06-24,38,Deaths,1.0,4.0
26743,Kosovo,2020-06-25,40,Deaths,2.0,6.0
26744,Kosovo,2020-06-26,42,Deaths,2.0,8.0
26745,Kosovo,2020-06-27,44,Deaths,2.0,10.0
26746,Kosovo,2020-06-28,48,Deaths,4.0,13.0
26747,Kosovo,2020-06-29,49,Deaths,1.0,13.0
26748,Kosovo,2020-06-30,49,Deaths,0.0,12.0
26749,Kosovo,2020-07-01,51,Deaths,2.0,13.0
26750,Kosovo,2020-07-02,54,Deaths,3.0,14.0
26751,Kosovo,2020-07-03,55,Deaths,1.0,13.0
26752,Kosovo,2020-07-04,58,Deaths,3.0,14.0
26753,Kosovo,2020-07-05,66,Deaths,8.0,18.0
26754,Kosovo,2020-07-06,75,Deaths,9.0,26.0
26755,Kosovo,2020-07-07,79,Deaths,4.0,30.0
26756,Kosovo,2020-07-08,82,Deaths,3.0,31.0
26757,Kosovo,2020-07-09,86,Deaths,4.0,32.0
26758,Kosovo,2020-07-10,94,Deaths,8.0,39.0
26759,Kosovo,2020-07-11,97,Deaths,3.0,39.0
26760,Kosovo,2020-07-12,101,Deaths,4.0,35.0
26761,Kosovo,2020-07-13,102,Deaths,1.0,27.0
26762,Kosovo,2020-07-14,108,Deaths,6.0,29.0
26763,Kosovo,2020-07-15,112,Deaths,4.0,30.0
26764,Kosovo,2020-07-16,118,Deaths,6.0,32.0
26765,Kosovo,2020-07-17,124,Deaths,6.0,30.0
26766,Kosovo,2020-07-18,130,Deaths,6.0,33.0
26767,Kosovo,2020-07-19,135,Deaths,5.0,34.0
26768,Kosovo,2020-07-20,139,Deaths,4.0,37.0
26769,Kosovo,2020-07-21,144,Deaths,5.0,36.0
26770,Kosovo,2020-07-22,150,Deaths,6.0,38.0
26771,Kosovo,2020-07-23,158,Deaths,8.0,40.0
26772,Kosovo,2020-07-24,164,Deaths,6.0,40.0
26773,Kosovo,2020-07-25,169,Deaths,5.0,39.0
26774,Kosovo,2020-07-26,177,Deaths,8.0,42.0
26775,Kosovo,2020-07-27,185,Deaths,8.0,46.0
26776,Kosovo,2020-07-28,192,Deaths,7.0,48.0
26777,Kosovo,2020-07-29,196,Deaths,4.0,46.0
26778,Kosovo,2020-07-30,212,Deaths,16.0,54.0
26779,Kosovo,2020-07-31,227,Deaths,15.0,63.0
26780,Kosovo,2020-08-01,236,Deaths,9.0,67.0
26781,Kosovo,2020-08-02,249,Deaths,13.0,72.0
26782,Kosovo,2020-08-03,256,Deaths,7.0,71.0
26783,Kosovo,2020-08-04,269,Deaths,13.0,77.0
26784,Kosovo,2020-08-05,284,Deaths,15.0,88.0
26785,Kosovo,2020-08-06,300,Deaths,16.0,88.0
26786,Kosovo,2020-08-07,303,Deaths,3.0,76.0
26787,Kosovo,2020-08-08,316,Deaths,13.0,80.0
26788,Kosovo,2020-08-09,328,Deaths,12.0,79.0
26789,Kosovo,2020-08-10,341,Deaths,13.0,85.0
26790,Kosovo,2020-08-11,354,Deaths,13.0,85.0
26791,Kosovo,2020-08-12,365,Deaths,11.0,81.0
26792,Kosovo,2020-08-13,373,Deaths,8.0,73.0
26793,Kosovo,2020-08-14,381,Deaths,8.0,78.0
26794,Kosovo,2020-08-15,390,Deaths,9.0,74.0
26795,Kosovo,2020-08-16,401,Deaths,11.0,73.0
26796,Kosovo,2020-08-17,410,Deaths,9.0,69.0
26797,Kosovo,2020-08-18,416,Deaths,6.0,62.0
26798,Kosovo,2020-08-19,425,Deaths,9.0,60.0
26799,Kosovo,2020-08-20,438,Deaths,13.0,65.0
26800,Kosovo,2020-08-21,448,Deaths,10.0,67.0
26801,Kosovo,2020-08-22,457,Deaths,9.0,67.0
26802,Kosovo,2020-08-23,467,Deaths,10.0,66.0
26803,Kosovo,2020-08-24,480,Deaths,13.0,70.0
26804,Kosovo,2020-08-25,488,Deaths,8.0,72.0
26805,Kosovo,2020-08-26,492,Deaths,4.0,67.0
26806,Kosovo,2020-08-27,498,Deaths,6.0,60.0
26807,Kosovo,2020-08-28,499,Deaths,1.0,51.0
26808,Kosovo,2020-08-29,508,Deaths,9.0,51.0
26809,Kosovo,2020-08-30,516,Deaths,8.0,49.0
26810,Kosovo,2020-08-31,525,Deaths,9.0,45.0
26811,Kosovo,2020-09-01,533,Deaths,8.0,45.0
26812,Kosovo,2020-09-02,539,Deaths,6.0,47.0
26813,Kosovo,2020-09-03,548,Deaths,9.0,50.0
26814,Kosovo,2020-09-04,551,Deaths,3.0,52.0
26815,Kosovo,2020-09-05,556,Deaths,5.0,48.0
26816,Kosovo,2020-09-06,563,Deaths,7.0,47.0
26817,Kosovo,2020-09-07,568,Deaths,5.0,43.0
26818,Kosovo,2020-09-08,568,Deaths,0.0,35.0
26819,Kosovo,2020-09-09,574,Deaths,6.0,35.0
26820,Kosovo,2020-09-10,581,Deaths,7.0,33.0
26821,Kosovo,2020-09-11,586,Deaths,5.0,35.0
26822,Kosovo,2020-09-12,589,Deaths,3.0,33.0
26823,Kosovo,2020-09-13,596,Deaths,7.0,33.0
26824,Kosovo,2020-09-14,600,Deaths,4.0,32.0
26825,Kosovo,2020-09-15,601,Deaths,1.0,33.0
26826,Kosovo,2020-09-16,604,Deaths,3.0,30.0
26827,Kosovo,2020-09-17,607,Deaths,3.0,26.0
26828,Kosovo,2020-09-18,611,Deaths,4.0,25.0
26829,Kosovo,2020-09-19,614,Deaths,3.0,25.0
26830,Kosovo,2020-09-20,614,Deaths,0.0,18.0
26831,Kosovo,2020-09-21,615,Deaths,1.0,15.0
26832,Kosovo,2020-09-22,615,Deaths,0.0,14.0
26833,Kosovo,2020-09-23,616,Deaths,1.0,12.0
26834,Kosovo,2020-09-24,616,Deaths,0.0,9.0
26835,Kosovo,2020-09-25,617,Deaths,1.0,6.0
26836,Kosovo,2020-09-26,619,Deaths,2.0,5.0
26837,Kosovo,2020-09-27,622,Deaths,3.0,8.0
26838,Kosovo,2020-09-28,625,Deaths,3.0,10.0
26839,Kosovo,2020-09-29,625,Deaths,0.0,10.0
26840,Kosovo,2020-09-30,625,Deaths,0.0,9.0
26841,Kosovo,2020-10-01,627,Deaths,2.0,11.0
26842,Kosovo,2020-10-02,627,Deaths,0.0,10.0
26843,Kosovo,2020-10-03,630,Deaths,3.0,11.0
26844,Kosovo,2020-10-04,630,Deaths,0.0,8.0
26845,Kosovo,2020-10-05,633,Deaths,3.0,8.0
26846,Kosovo,2020-10-06,635,Deaths,2.0,10.0
26847,Kosovo,2020-10-07,638,Deaths,3.0,13.0
26848,Kosovo,2020-10-08,638,Deaths,0.0,11.0
26849,Kosovo,2020-10-09,641,Deaths,3.0,14.0
26850,Kosovo,2020-10-10,645,Deaths,4.0,15.0
26851,Kosovo,2020-10-11,647,Deaths,2.0,17.0
26852,Kosovo,2020-10-12,648,Deaths,1.0,15.0
26853,Kosovo,2020-10-13,649,Deaths,1.0,14.0
26854,Kosovo,2020-10-14,650,Deaths,1.0,12.0
26855,Kosovo,2020-10-15,650,Deaths,0.0,12.0
26856,Kosovo,2020-10-16,652,Deaths,2.0,11.0
26857,Kosovo,2020-10-17,652,Deaths,0.0,7.0
26858,Kosovo,2020-10-18,653,Deaths,1.0,6.0
26859,Kosovo,2020-10-19,656,Deaths,3.0,8.0
26860,Kosovo,2020-10-20,657,Deaths,1.0,8.0
26861,Kosovo,2020-10-21,657,Deaths,0.0,7.0
26862,Kosovo,2020-10-22,657,Deaths,0.0,7.0
26863,Kosovo,2020-10-23,659,Deaths,2.0,7.0
26864,Kosovo,2020-10-24,661,Deaths,2.0,9.0
26865,Kosovo,2020-10-25,663,Deaths,2.0,10.0
26866,Kosovo,2020-10-26,663,Deaths,0.0,7.0
26867,Kosovo,2020-10-27,663,Deaths,0.0,6.0
26868,Kosovo,2020-10-28,673,Deaths,10.0,16.0
26869,Kosovo,2020-10-29,673,Deaths,0.0,16.0
26870,Kosovo,2020-10-30,678,Deaths,5.0,19.0
26871,Kosovo,2020-10-31,678,Deaths,0.0,17.0
26872,Kosovo,2020-11-01,678,Deaths,0.0,15.0
26873,Kosovo,2020-11-02,688,Deaths,10.0,25.0
26874,Kosovo,2020-11-03,705,Deaths,17.0,42.0
26875,Kosovo,2020-11-04,714,Deaths,9.0,41.0
26876,Kosovo,2020-11-05,720,Deaths,6.0,47.0
26877,Kuwait,2020-01-22,0,Deaths,,
26878,Kuwait,2020-01-23,0,Deaths,0.0,
26879,Kuwait,2020-01-24,0,Deaths,0.0,
26880,Kuwait,2020-01-25,0,Deaths,0.0,
26881,Kuwait,2020-01-26,0,Deaths,0.0,
26882,Kuwait,2020-01-27,0,Deaths,0.0,
26883,Kuwait,2020-01-28,0,Deaths,0.0,
26884,Kuwait,2020-01-29,0,Deaths,0.0,0.0
26885,Kuwait,2020-01-30,0,Deaths,0.0,0.0
26886,Kuwait,2020-01-31,0,Deaths,0.0,0.0
26887,Kuwait,2020-02-01,0,Deaths,0.0,0.0
26888,Kuwait,2020-02-02,0,Deaths,0.0,0.0
26889,Kuwait,2020-02-03,0,Deaths,0.0,0.0
26890,Kuwait,2020-02-04,0,Deaths,0.0,0.0
26891,Kuwait,2020-02-05,0,Deaths,0.0,0.0
26892,Kuwait,2020-02-06,0,Deaths,0.0,0.0
26893,Kuwait,2020-02-07,0,Deaths,0.0,0.0
26894,Kuwait,2020-02-08,0,Deaths,0.0,0.0
26895,Kuwait,2020-02-09,0,Deaths,0.0,0.0
26896,Kuwait,2020-02-10,0,Deaths,0.0,0.0
26897,Kuwait,2020-02-11,0,Deaths,0.0,0.0
26898,Kuwait,2020-02-12,0,Deaths,0.0,0.0
26899,Kuwait,2020-02-13,0,Deaths,0.0,0.0
26900,Kuwait,2020-02-14,0,Deaths,0.0,0.0
26901,Kuwait,2020-02-15,0,Deaths,0.0,0.0
26902,Kuwait,2020-02-16,0,Deaths,0.0,0.0
26903,Kuwait,2020-02-17,0,Deaths,0.0,0.0
26904,Kuwait,2020-02-18,0,Deaths,0.0,0.0
26905,Kuwait,2020-02-19,0,Deaths,0.0,0.0
26906,Kuwait,2020-02-20,0,Deaths,0.0,0.0
26907,Kuwait,2020-02-21,0,Deaths,0.0,0.0
26908,Kuwait,2020-02-22,0,Deaths,0.0,0.0
26909,Kuwait,2020-02-23,0,Deaths,0.0,0.0
26910,Kuwait,2020-02-24,0,Deaths,0.0,0.0
26911,Kuwait,2020-02-25,0,Deaths,0.0,0.0
26912,Kuwait,2020-02-26,0,Deaths,0.0,0.0
26913,Kuwait,2020-02-27,0,Deaths,0.0,0.0
26914,Kuwait,2020-02-28,0,Deaths,0.0,0.0
26915,Kuwait,2020-02-29,0,Deaths,0.0,0.0
26916,Kuwait,2020-03-01,0,Deaths,0.0,0.0
26917,Kuwait,2020-03-02,0,Deaths,0.0,0.0
26918,Kuwait,2020-03-03,0,Deaths,0.0,0.0
26919,Kuwait,2020-03-04,0,Deaths,0.0,0.0
26920,Kuwait,2020-03-05,0,Deaths,0.0,0.0
26921,Kuwait,2020-03-06,0,Deaths,0.0,0.0
26922,Kuwait,2020-03-07,0,Deaths,0.0,0.0
26923,Kuwait,2020-03-08,0,Deaths,0.0,0.0
26924,Kuwait,2020-03-09,0,Deaths,0.0,0.0
26925,Kuwait,2020-03-10,0,Deaths,0.0,0.0
26926,Kuwait,2020-03-11,0,Deaths,0.0,0.0
26927,Kuwait,2020-03-12,0,Deaths,0.0,0.0
26928,Kuwait,2020-03-13,0,Deaths,0.0,0.0
26929,Kuwait,2020-03-14,0,Deaths,0.0,0.0
26930,Kuwait,2020-03-15,0,Deaths,0.0,0.0
26931,Kuwait,2020-03-16,0,Deaths,0.0,0.0
26932,Kuwait,2020-03-17,0,Deaths,0.0,0.0
26933,Kuwait,2020-03-18,0,Deaths,0.0,0.0
26934,Kuwait,2020-03-19,0,Deaths,0.0,0.0
26935,Kuwait,2020-03-20,0,Deaths,0.0,0.0
26936,Kuwait,2020-03-21,0,Deaths,0.0,0.0
26937,Kuwait,2020-03-22,0,Deaths,0.0,0.0
26938,Kuwait,2020-03-23,0,Deaths,0.0,0.0
26939,Kuwait,2020-03-24,0,Deaths,0.0,0.0
26940,Kuwait,2020-03-25,0,Deaths,0.0,0.0
26941,Kuwait,2020-03-26,0,Deaths,0.0,0.0
26942,Kuwait,2020-03-27,0,Deaths,0.0,0.0
26943,Kuwait,2020-03-28,0,Deaths,0.0,0.0
26944,Kuwait,2020-03-29,0,Deaths,0.0,0.0
26945,Kuwait,2020-03-30,0,Deaths,0.0,0.0
26946,Kuwait,2020-03-31,0,Deaths,0.0,0.0
26947,Kuwait,2020-04-01,0,Deaths,0.0,0.0
26948,Kuwait,2020-04-02,0,Deaths,0.0,0.0
26949,Kuwait,2020-04-03,0,Deaths,0.0,0.0
26950,Kuwait,2020-04-04,1,Deaths,1.0,1.0
26951,Kuwait,2020-04-05,1,Deaths,0.0,1.0
26952,Kuwait,2020-04-06,1,Deaths,0.0,1.0
26953,Kuwait,2020-04-07,1,Deaths,0.0,1.0
26954,Kuwait,2020-04-08,1,Deaths,0.0,1.0
26955,Kuwait,2020-04-09,1,Deaths,0.0,1.0
26956,Kuwait,2020-04-10,1,Deaths,0.0,1.0
26957,Kuwait,2020-04-11,1,Deaths,0.0,0.0
26958,Kuwait,2020-04-12,1,Deaths,0.0,0.0
26959,Kuwait,2020-04-13,2,Deaths,1.0,1.0
26960,Kuwait,2020-04-14,3,Deaths,1.0,2.0
26961,Kuwait,2020-04-15,3,Deaths,0.0,2.0
26962,Kuwait,2020-04-16,3,Deaths,0.0,2.0
26963,Kuwait,2020-04-17,5,Deaths,2.0,4.0
26964,Kuwait,2020-04-18,6,Deaths,1.0,5.0
26965,Kuwait,2020-04-19,7,Deaths,1.0,6.0
26966,Kuwait,2020-04-20,9,Deaths,2.0,7.0
26967,Kuwait,2020-04-21,11,Deaths,2.0,8.0
26968,Kuwait,2020-04-22,13,Deaths,2.0,10.0
26969,Kuwait,2020-04-23,14,Deaths,1.0,11.0
26970,Kuwait,2020-04-24,15,Deaths,1.0,10.0
26971,Kuwait,2020-04-25,19,Deaths,4.0,13.0
26972,Kuwait,2020-04-26,20,Deaths,1.0,13.0
26973,Kuwait,2020-04-27,22,Deaths,2.0,13.0
26974,Kuwait,2020-04-28,23,Deaths,1.0,12.0
26975,Kuwait,2020-04-29,24,Deaths,1.0,11.0
26976,Kuwait,2020-04-30,26,Deaths,2.0,12.0
26977,Kuwait,2020-05-01,30,Deaths,4.0,15.0
26978,Kuwait,2020-05-02,33,Deaths,3.0,14.0
26979,Kuwait,2020-05-03,38,Deaths,5.0,18.0
26980,Kuwait,2020-05-04,40,Deaths,2.0,18.0
26981,Kuwait,2020-05-05,40,Deaths,0.0,17.0
26982,Kuwait,2020-05-06,42,Deaths,2.0,18.0
26983,Kuwait,2020-05-07,44,Deaths,2.0,18.0
26984,Kuwait,2020-05-08,47,Deaths,3.0,17.0
26985,Kuwait,2020-05-09,49,Deaths,2.0,16.0
26986,Kuwait,2020-05-10,58,Deaths,9.0,20.0
26987,Kuwait,2020-05-11,65,Deaths,7.0,25.0
26988,Kuwait,2020-05-12,75,Deaths,10.0,35.0
26989,Kuwait,2020-05-13,82,Deaths,7.0,40.0
26990,Kuwait,2020-05-14,88,Deaths,6.0,44.0
26991,Kuwait,2020-05-15,96,Deaths,8.0,49.0
26992,Kuwait,2020-05-16,107,Deaths,11.0,58.0
26993,Kuwait,2020-05-17,112,Deaths,5.0,54.0
26994,Kuwait,2020-05-18,118,Deaths,6.0,53.0
26995,Kuwait,2020-05-19,121,Deaths,3.0,46.0
26996,Kuwait,2020-05-20,124,Deaths,3.0,42.0
26997,Kuwait,2020-05-21,129,Deaths,5.0,41.0
26998,Kuwait,2020-05-22,138,Deaths,9.0,42.0
26999,Kuwait,2020-05-23,148,Deaths,10.0,41.0
27000,Kuwait,2020-05-24,156,Deaths,8.0,44.0
27001,Kuwait,2020-05-25,165,Deaths,9.0,47.0
27002,Kuwait,2020-05-26,172,Deaths,7.0,51.0
27003,Kuwait,2020-05-27,175,Deaths,3.0,51.0
27004,Kuwait,2020-05-28,185,Deaths,10.0,56.0
27005,Kuwait,2020-05-29,194,Deaths,9.0,56.0
27006,Kuwait,2020-05-30,205,Deaths,11.0,57.0
27007,Kuwait,2020-05-31,212,Deaths,7.0,56.0
27008,Kuwait,2020-06-01,220,Deaths,8.0,55.0
27009,Kuwait,2020-06-02,226,Deaths,6.0,54.0
27010,Kuwait,2020-06-03,230,Deaths,4.0,55.0
27011,Kuwait,2020-06-04,236,Deaths,6.0,51.0
27012,Kuwait,2020-06-05,244,Deaths,8.0,50.0
27013,Kuwait,2020-06-06,254,Deaths,10.0,49.0
27014,Kuwait,2020-06-07,264,Deaths,10.0,52.0
27015,Kuwait,2020-06-08,269,Deaths,5.0,49.0
27016,Kuwait,2020-06-09,273,Deaths,4.0,47.0
27017,Kuwait,2020-06-10,275,Deaths,2.0,45.0
27018,Kuwait,2020-06-11,279,Deaths,4.0,43.0
27019,Kuwait,2020-06-12,285,Deaths,6.0,41.0
27020,Kuwait,2020-06-13,289,Deaths,4.0,35.0
27021,Kuwait,2020-06-14,296,Deaths,7.0,32.0
27022,Kuwait,2020-06-15,298,Deaths,2.0,29.0
27023,Kuwait,2020-06-16,303,Deaths,5.0,30.0
27024,Kuwait,2020-06-17,306,Deaths,3.0,31.0
27025,Kuwait,2020-06-18,308,Deaths,2.0,29.0
27026,Kuwait,2020-06-19,313,Deaths,5.0,28.0
27027,Kuwait,2020-06-20,319,Deaths,6.0,30.0
27028,Kuwait,2020-06-21,326,Deaths,7.0,30.0
27029,Kuwait,2020-06-22,330,Deaths,4.0,32.0
27030,Kuwait,2020-06-23,334,Deaths,4.0,31.0
27031,Kuwait,2020-06-24,337,Deaths,3.0,31.0
27032,Kuwait,2020-06-25,339,Deaths,2.0,31.0
27033,Kuwait,2020-06-26,341,Deaths,2.0,28.0
27034,Kuwait,2020-06-27,344,Deaths,3.0,25.0
27035,Kuwait,2020-06-28,348,Deaths,4.0,22.0
27036,Kuwait,2020-06-29,350,Deaths,2.0,20.0
27037,Kuwait,2020-06-30,354,Deaths,4.0,20.0
27038,Kuwait,2020-07-01,358,Deaths,4.0,21.0
27039,Kuwait,2020-07-02,359,Deaths,1.0,20.0
27040,Kuwait,2020-07-03,360,Deaths,1.0,19.0
27041,Kuwait,2020-07-04,365,Deaths,5.0,21.0
27042,Kuwait,2020-07-05,368,Deaths,3.0,20.0
27043,Kuwait,2020-07-06,373,Deaths,5.0,23.0
27044,Kuwait,2020-07-07,377,Deaths,4.0,23.0
27045,Kuwait,2020-07-08,379,Deaths,2.0,21.0
27046,Kuwait,2020-07-09,382,Deaths,3.0,23.0
27047,Kuwait,2020-07-10,383,Deaths,1.0,23.0
27048,Kuwait,2020-07-11,386,Deaths,3.0,21.0
27049,Kuwait,2020-07-12,390,Deaths,4.0,22.0
27050,Kuwait,2020-07-13,393,Deaths,3.0,20.0
27051,Kuwait,2020-07-14,396,Deaths,3.0,19.0
27052,Kuwait,2020-07-15,399,Deaths,3.0,20.0
27053,Kuwait,2020-07-16,402,Deaths,3.0,20.0
27054,Kuwait,2020-07-17,404,Deaths,2.0,21.0
27055,Kuwait,2020-07-18,407,Deaths,3.0,21.0
27056,Kuwait,2020-07-19,408,Deaths,1.0,18.0
27057,Kuwait,2020-07-20,408,Deaths,0.0,15.0
27058,Kuwait,2020-07-21,412,Deaths,4.0,16.0
27059,Kuwait,2020-07-22,417,Deaths,5.0,18.0
27060,Kuwait,2020-07-23,421,Deaths,4.0,19.0
27061,Kuwait,2020-07-24,425,Deaths,4.0,21.0
27062,Kuwait,2020-07-25,429,Deaths,4.0,22.0
27063,Kuwait,2020-07-26,433,Deaths,4.0,25.0
27064,Kuwait,2020-07-27,438,Deaths,5.0,30.0
27065,Kuwait,2020-07-28,442,Deaths,4.0,30.0
27066,Kuwait,2020-07-29,444,Deaths,2.0,27.0
27067,Kuwait,2020-07-30,445,Deaths,1.0,24.0
27068,Kuwait,2020-07-31,447,Deaths,2.0,22.0
27069,Kuwait,2020-08-01,453,Deaths,6.0,24.0
27070,Kuwait,2020-08-02,457,Deaths,4.0,24.0
27071,Kuwait,2020-08-03,461,Deaths,4.0,23.0
27072,Kuwait,2020-08-04,465,Deaths,4.0,23.0
27073,Kuwait,2020-08-05,468,Deaths,3.0,24.0
27074,Kuwait,2020-08-06,469,Deaths,1.0,24.0
27075,Kuwait,2020-08-07,471,Deaths,2.0,24.0
27076,Kuwait,2020-08-08,474,Deaths,3.0,21.0
27077,Kuwait,2020-08-09,478,Deaths,4.0,21.0
27078,Kuwait,2020-08-10,482,Deaths,4.0,21.0
27079,Kuwait,2020-08-11,486,Deaths,4.0,21.0
27080,Kuwait,2020-08-12,489,Deaths,3.0,21.0
27081,Kuwait,2020-08-13,489,Deaths,0.0,20.0
27082,Kuwait,2020-08-14,494,Deaths,5.0,23.0
27083,Kuwait,2020-08-15,498,Deaths,4.0,24.0
27084,Kuwait,2020-08-16,501,Deaths,3.0,23.0
27085,Kuwait,2020-08-17,502,Deaths,1.0,20.0
27086,Kuwait,2020-08-18,505,Deaths,3.0,19.0
27087,Kuwait,2020-08-19,507,Deaths,2.0,18.0
27088,Kuwait,2020-08-20,509,Deaths,2.0,20.0
27089,Kuwait,2020-08-21,511,Deaths,2.0,17.0
27090,Kuwait,2020-08-22,513,Deaths,2.0,15.0
27091,Kuwait,2020-08-23,515,Deaths,2.0,14.0
27092,Kuwait,2020-08-24,518,Deaths,3.0,16.0
27093,Kuwait,2020-08-25,519,Deaths,1.0,14.0
27094,Kuwait,2020-08-26,521,Deaths,2.0,14.0
27095,Kuwait,2020-08-27,522,Deaths,1.0,13.0
27096,Kuwait,2020-08-28,525,Deaths,3.0,14.0
27097,Kuwait,2020-08-29,528,Deaths,3.0,15.0
27098,Kuwait,2020-08-30,530,Deaths,2.0,15.0
27099,Kuwait,2020-08-31,531,Deaths,1.0,13.0
27100,Kuwait,2020-09-01,534,Deaths,3.0,15.0
27101,Kuwait,2020-09-02,535,Deaths,1.0,14.0
27102,Kuwait,2020-09-03,536,Deaths,1.0,14.0
27103,Kuwait,2020-09-04,537,Deaths,1.0,12.0
27104,Kuwait,2020-09-05,540,Deaths,3.0,12.0
27105,Kuwait,2020-09-06,544,Deaths,4.0,14.0
27106,Kuwait,2020-09-07,546,Deaths,2.0,15.0
27107,Kuwait,2020-09-08,548,Deaths,2.0,14.0
27108,Kuwait,2020-09-09,552,Deaths,4.0,17.0
27109,Kuwait,2020-09-10,556,Deaths,4.0,20.0
27110,Kuwait,2020-09-11,557,Deaths,1.0,20.0
27111,Kuwait,2020-09-12,558,Deaths,1.0,18.0
27112,Kuwait,2020-09-13,560,Deaths,2.0,16.0
27113,Kuwait,2020-09-14,563,Deaths,3.0,17.0
27114,Kuwait,2020-09-15,568,Deaths,5.0,20.0
27115,Kuwait,2020-09-16,571,Deaths,3.0,19.0
27116,Kuwait,2020-09-17,575,Deaths,4.0,19.0
27117,Kuwait,2020-09-18,580,Deaths,5.0,23.0
27118,Kuwait,2020-09-19,581,Deaths,1.0,23.0
27119,Kuwait,2020-09-20,584,Deaths,3.0,24.0
27120,Kuwait,2020-09-21,585,Deaths,1.0,22.0
27121,Kuwait,2020-09-22,588,Deaths,3.0,20.0
27122,Kuwait,2020-09-23,590,Deaths,2.0,19.0
27123,Kuwait,2020-09-24,592,Deaths,2.0,17.0
27124,Kuwait,2020-09-25,595,Deaths,3.0,15.0
27125,Kuwait,2020-09-26,597,Deaths,2.0,16.0
27126,Kuwait,2020-09-27,601,Deaths,4.0,17.0
27127,Kuwait,2020-09-28,605,Deaths,4.0,20.0
27128,Kuwait,2020-09-29,607,Deaths,2.0,19.0
27129,Kuwait,2020-09-30,610,Deaths,3.0,20.0
27130,Kuwait,2020-10-01,612,Deaths,2.0,20.0
27131,Kuwait,2020-10-02,615,Deaths,3.0,20.0
27132,Kuwait,2020-10-03,620,Deaths,5.0,23.0
27133,Kuwait,2020-10-04,624,Deaths,4.0,23.0
27134,Kuwait,2020-10-05,628,Deaths,4.0,23.0
27135,Kuwait,2020-10-06,632,Deaths,4.0,25.0
27136,Kuwait,2020-10-07,639,Deaths,7.0,29.0
27137,Kuwait,2020-10-08,642,Deaths,3.0,30.0
27138,Kuwait,2020-10-09,649,Deaths,7.0,34.0
27139,Kuwait,2020-10-10,655,Deaths,6.0,35.0
27140,Kuwait,2020-10-11,658,Deaths,3.0,34.0
27141,Kuwait,2020-10-12,664,Deaths,6.0,36.0
27142,Kuwait,2020-10-13,672,Deaths,8.0,40.0
27143,Kuwait,2020-10-14,676,Deaths,4.0,37.0
27144,Kuwait,2020-10-15,684,Deaths,8.0,42.0
27145,Kuwait,2020-10-16,690,Deaths,6.0,41.0
27146,Kuwait,2020-10-17,694,Deaths,4.0,39.0
27147,Kuwait,2020-10-18,701,Deaths,7.0,43.0
27148,Kuwait,2020-10-19,710,Deaths,9.0,46.0
27149,Kuwait,2020-10-20,714,Deaths,4.0,42.0
27150,Kuwait,2020-10-21,721,Deaths,7.0,45.0
27151,Kuwait,2020-10-22,730,Deaths,9.0,46.0
27152,Kuwait,2020-10-23,740,Deaths,10.0,50.0
27153,Kuwait,2020-10-24,744,Deaths,4.0,50.0
27154,Kuwait,2020-10-25,746,Deaths,2.0,45.0
27155,Kuwait,2020-10-26,749,Deaths,3.0,39.0
27156,Kuwait,2020-10-27,756,Deaths,7.0,42.0
27157,Kuwait,2020-10-28,763,Deaths,7.0,42.0
27158,Kuwait,2020-10-29,767,Deaths,4.0,37.0
27159,Kuwait,2020-10-30,773,Deaths,6.0,33.0
27160,Kuwait,2020-10-31,779,Deaths,6.0,35.0
27161,Kuwait,2020-11-01,782,Deaths,3.0,36.0
27162,Kuwait,2020-11-02,786,Deaths,4.0,37.0
27163,Kuwait,2020-11-03,789,Deaths,3.0,33.0
27164,Kuwait,2020-11-04,794,Deaths,5.0,31.0
27165,Kuwait,2020-11-05,799,Deaths,5.0,32.0
27166,Kyrgyzstan,2020-01-22,0,Deaths,,
27167,Kyrgyzstan,2020-01-23,0,Deaths,0.0,
27168,Kyrgyzstan,2020-01-24,0,Deaths,0.0,
27169,Kyrgyzstan,2020-01-25,0,Deaths,0.0,
27170,Kyrgyzstan,2020-01-26,0,Deaths,0.0,
27171,Kyrgyzstan,2020-01-27,0,Deaths,0.0,
27172,Kyrgyzstan,2020-01-28,0,Deaths,0.0,
27173,Kyrgyzstan,2020-01-29,0,Deaths,0.0,0.0
27174,Kyrgyzstan,2020-01-30,0,Deaths,0.0,0.0
27175,Kyrgyzstan,2020-01-31,0,Deaths,0.0,0.0
27176,Kyrgyzstan,2020-02-01,0,Deaths,0.0,0.0
27177,Kyrgyzstan,2020-02-02,0,Deaths,0.0,0.0
27178,Kyrgyzstan,2020-02-03,0,Deaths,0.0,0.0
27179,Kyrgyzstan,2020-02-04,0,Deaths,0.0,0.0
27180,Kyrgyzstan,2020-02-05,0,Deaths,0.0,0.0
27181,Kyrgyzstan,2020-02-06,0,Deaths,0.0,0.0
27182,Kyrgyzstan,2020-02-07,0,Deaths,0.0,0.0
27183,Kyrgyzstan,2020-02-08,0,Deaths,0.0,0.0
27184,Kyrgyzstan,2020-02-09,0,Deaths,0.0,0.0
27185,Kyrgyzstan,2020-02-10,0,Deaths,0.0,0.0
27186,Kyrgyzstan,2020-02-11,0,Deaths,0.0,0.0
27187,Kyrgyzstan,2020-02-12,0,Deaths,0.0,0.0
27188,Kyrgyzstan,2020-02-13,0,Deaths,0.0,0.0
27189,Kyrgyzstan,2020-02-14,0,Deaths,0.0,0.0
27190,Kyrgyzstan,2020-02-15,0,Deaths,0.0,0.0
27191,Kyrgyzstan,2020-02-16,0,Deaths,0.0,0.0
27192,Kyrgyzstan,2020-02-17,0,Deaths,0.0,0.0
27193,Kyrgyzstan,2020-02-18,0,Deaths,0.0,0.0
27194,Kyrgyzstan,2020-02-19,0,Deaths,0.0,0.0
27195,Kyrgyzstan,2020-02-20,0,Deaths,0.0,0.0
27196,Kyrgyzstan,2020-02-21,0,Deaths,0.0,0.0
27197,Kyrgyzstan,2020-02-22,0,Deaths,0.0,0.0
27198,Kyrgyzstan,2020-02-23,0,Deaths,0.0,0.0
27199,Kyrgyzstan,2020-02-24,0,Deaths,0.0,0.0
27200,Kyrgyzstan,2020-02-25,0,Deaths,0.0,0.0
27201,Kyrgyzstan,2020-02-26,0,Deaths,0.0,0.0
27202,Kyrgyzstan,2020-02-27,0,Deaths,0.0,0.0
27203,Kyrgyzstan,2020-02-28,0,Deaths,0.0,0.0
27204,Kyrgyzstan,2020-02-29,0,Deaths,0.0,0.0
27205,Kyrgyzstan,2020-03-01,0,Deaths,0.0,0.0
27206,Kyrgyzstan,2020-03-02,0,Deaths,0.0,0.0
27207,Kyrgyzstan,2020-03-03,0,Deaths,0.0,0.0
27208,Kyrgyzstan,2020-03-04,0,Deaths,0.0,0.0
27209,Kyrgyzstan,2020-03-05,0,Deaths,0.0,0.0
27210,Kyrgyzstan,2020-03-06,0,Deaths,0.0,0.0
27211,Kyrgyzstan,2020-03-07,0,Deaths,0.0,0.0
27212,Kyrgyzstan,2020-03-08,0,Deaths,0.0,0.0
27213,Kyrgyzstan,2020-03-09,0,Deaths,0.0,0.0
27214,Kyrgyzstan,2020-03-10,0,Deaths,0.0,0.0
27215,Kyrgyzstan,2020-03-11,0,Deaths,0.0,0.0
27216,Kyrgyzstan,2020-03-12,0,Deaths,0.0,0.0
27217,Kyrgyzstan,2020-03-13,0,Deaths,0.0,0.0
27218,Kyrgyzstan,2020-03-14,0,Deaths,0.0,0.0
27219,Kyrgyzstan,2020-03-15,0,Deaths,0.0,0.0
27220,Kyrgyzstan,2020-03-16,0,Deaths,0.0,0.0
27221,Kyrgyzstan,2020-03-17,0,Deaths,0.0,0.0
27222,Kyrgyzstan,2020-03-18,0,Deaths,0.0,0.0
27223,Kyrgyzstan,2020-03-19,0,Deaths,0.0,0.0
27224,Kyrgyzstan,2020-03-20,0,Deaths,0.0,0.0
27225,Kyrgyzstan,2020-03-21,0,Deaths,0.0,0.0
27226,Kyrgyzstan,2020-03-22,0,Deaths,0.0,0.0
27227,Kyrgyzstan,2020-03-23,0,Deaths,0.0,0.0
27228,Kyrgyzstan,2020-03-24,0,Deaths,0.0,0.0
27229,Kyrgyzstan,2020-03-25,0,Deaths,0.0,0.0
27230,Kyrgyzstan,2020-03-26,0,Deaths,0.0,0.0
27231,Kyrgyzstan,2020-03-27,0,Deaths,0.0,0.0
27232,Kyrgyzstan,2020-03-28,0,Deaths,0.0,0.0
27233,Kyrgyzstan,2020-03-29,0,Deaths,0.0,0.0
27234,Kyrgyzstan,2020-03-30,0,Deaths,0.0,0.0
27235,Kyrgyzstan,2020-03-31,0,Deaths,0.0,0.0
27236,Kyrgyzstan,2020-04-01,0,Deaths,0.0,0.0
27237,Kyrgyzstan,2020-04-02,0,Deaths,0.0,0.0
27238,Kyrgyzstan,2020-04-03,1,Deaths,1.0,1.0
27239,Kyrgyzstan,2020-04-04,1,Deaths,0.0,1.0
27240,Kyrgyzstan,2020-04-05,1,Deaths,0.0,1.0
27241,Kyrgyzstan,2020-04-06,4,Deaths,3.0,4.0
27242,Kyrgyzstan,2020-04-07,4,Deaths,0.0,4.0
27243,Kyrgyzstan,2020-04-08,4,Deaths,0.0,4.0
27244,Kyrgyzstan,2020-04-09,4,Deaths,0.0,4.0
27245,Kyrgyzstan,2020-04-10,5,Deaths,1.0,4.0
27246,Kyrgyzstan,2020-04-11,5,Deaths,0.0,4.0
27247,Kyrgyzstan,2020-04-12,5,Deaths,0.0,4.0
27248,Kyrgyzstan,2020-04-13,5,Deaths,0.0,1.0
27249,Kyrgyzstan,2020-04-14,5,Deaths,0.0,1.0
27250,Kyrgyzstan,2020-04-15,5,Deaths,0.0,1.0
27251,Kyrgyzstan,2020-04-16,5,Deaths,0.0,1.0
27252,Kyrgyzstan,2020-04-17,5,Deaths,0.0,0.0
27253,Kyrgyzstan,2020-04-18,5,Deaths,0.0,0.0
27254,Kyrgyzstan,2020-04-19,5,Deaths,0.0,0.0
27255,Kyrgyzstan,2020-04-20,7,Deaths,2.0,2.0
27256,Kyrgyzstan,2020-04-21,7,Deaths,0.0,2.0
27257,Kyrgyzstan,2020-04-22,7,Deaths,0.0,2.0
27258,Kyrgyzstan,2020-04-23,8,Deaths,1.0,3.0
27259,Kyrgyzstan,2020-04-24,8,Deaths,0.0,3.0
27260,Kyrgyzstan,2020-04-25,8,Deaths,0.0,3.0
27261,Kyrgyzstan,2020-04-26,8,Deaths,0.0,3.0
27262,Kyrgyzstan,2020-04-27,8,Deaths,0.0,1.0
27263,Kyrgyzstan,2020-04-28,8,Deaths,0.0,1.0
27264,Kyrgyzstan,2020-04-29,8,Deaths,0.0,1.0
27265,Kyrgyzstan,2020-04-30,8,Deaths,0.0,0.0
27266,Kyrgyzstan,2020-05-01,8,Deaths,0.0,0.0
27267,Kyrgyzstan,2020-05-02,8,Deaths,0.0,0.0
27268,Kyrgyzstan,2020-05-03,10,Deaths,2.0,2.0
27269,Kyrgyzstan,2020-05-04,10,Deaths,0.0,2.0
27270,Kyrgyzstan,2020-05-05,11,Deaths,1.0,3.0
27271,Kyrgyzstan,2020-05-06,12,Deaths,1.0,4.0
27272,Kyrgyzstan,2020-05-07,12,Deaths,0.0,4.0
27273,Kyrgyzstan,2020-05-08,12,Deaths,0.0,4.0
27274,Kyrgyzstan,2020-05-09,12,Deaths,0.0,4.0
27275,Kyrgyzstan,2020-05-10,12,Deaths,0.0,2.0
27276,Kyrgyzstan,2020-05-11,12,Deaths,0.0,2.0
27277,Kyrgyzstan,2020-05-12,12,Deaths,0.0,1.0
27278,Kyrgyzstan,2020-05-13,12,Deaths,0.0,0.0
27279,Kyrgyzstan,2020-05-14,12,Deaths,0.0,0.0
27280,Kyrgyzstan,2020-05-15,14,Deaths,2.0,2.0
27281,Kyrgyzstan,2020-05-16,14,Deaths,0.0,2.0
27282,Kyrgyzstan,2020-05-17,14,Deaths,0.0,2.0
27283,Kyrgyzstan,2020-05-18,14,Deaths,0.0,2.0
27284,Kyrgyzstan,2020-05-19,14,Deaths,0.0,2.0
27285,Kyrgyzstan,2020-05-20,14,Deaths,0.0,2.0
27286,Kyrgyzstan,2020-05-21,14,Deaths,0.0,2.0
27287,Kyrgyzstan,2020-05-22,14,Deaths,0.0,0.0
27288,Kyrgyzstan,2020-05-23,14,Deaths,0.0,0.0
27289,Kyrgyzstan,2020-05-24,14,Deaths,0.0,0.0
27290,Kyrgyzstan,2020-05-25,16,Deaths,2.0,2.0
27291,Kyrgyzstan,2020-05-26,16,Deaths,0.0,2.0
27292,Kyrgyzstan,2020-05-27,16,Deaths,0.0,2.0
27293,Kyrgyzstan,2020-05-28,16,Deaths,0.0,2.0
27294,Kyrgyzstan,2020-05-29,16,Deaths,0.0,2.0
27295,Kyrgyzstan,2020-05-30,16,Deaths,0.0,2.0
27296,Kyrgyzstan,2020-05-31,16,Deaths,0.0,2.0
27297,Kyrgyzstan,2020-06-01,16,Deaths,0.0,0.0
27298,Kyrgyzstan,2020-06-02,17,Deaths,1.0,1.0
27299,Kyrgyzstan,2020-06-03,20,Deaths,3.0,4.0
27300,Kyrgyzstan,2020-06-04,20,Deaths,0.0,4.0
27301,Kyrgyzstan,2020-06-05,22,Deaths,2.0,6.0
27302,Kyrgyzstan,2020-06-06,22,Deaths,0.0,6.0
27303,Kyrgyzstan,2020-06-07,22,Deaths,0.0,6.0
27304,Kyrgyzstan,2020-06-08,23,Deaths,1.0,7.0
27305,Kyrgyzstan,2020-06-09,24,Deaths,1.0,7.0
27306,Kyrgyzstan,2020-06-10,26,Deaths,2.0,6.0
27307,Kyrgyzstan,2020-06-11,26,Deaths,0.0,6.0
27308,Kyrgyzstan,2020-06-12,26,Deaths,0.0,4.0
27309,Kyrgyzstan,2020-06-13,27,Deaths,1.0,5.0
27310,Kyrgyzstan,2020-06-14,27,Deaths,0.0,5.0
27311,Kyrgyzstan,2020-06-15,28,Deaths,1.0,5.0
27312,Kyrgyzstan,2020-06-16,30,Deaths,2.0,6.0
27313,Kyrgyzstan,2020-06-17,31,Deaths,1.0,5.0
27314,Kyrgyzstan,2020-06-18,31,Deaths,0.0,5.0
27315,Kyrgyzstan,2020-06-19,32,Deaths,1.0,6.0
27316,Kyrgyzstan,2020-06-20,35,Deaths,3.0,8.0
27317,Kyrgyzstan,2020-06-21,40,Deaths,5.0,13.0
27318,Kyrgyzstan,2020-06-22,40,Deaths,0.0,12.0
27319,Kyrgyzstan,2020-06-23,42,Deaths,2.0,12.0
27320,Kyrgyzstan,2020-06-24,43,Deaths,1.0,12.0
27321,Kyrgyzstan,2020-06-25,43,Deaths,0.0,12.0
27322,Kyrgyzstan,2020-06-26,46,Deaths,3.0,14.0
27323,Kyrgyzstan,2020-06-27,46,Deaths,0.0,11.0
27324,Kyrgyzstan,2020-06-28,50,Deaths,4.0,10.0
27325,Kyrgyzstan,2020-06-29,57,Deaths,7.0,17.0
27326,Kyrgyzstan,2020-06-30,61,Deaths,4.0,19.0
27327,Kyrgyzstan,2020-07-01,66,Deaths,5.0,23.0
27328,Kyrgyzstan,2020-07-02,76,Deaths,10.0,33.0
27329,Kyrgyzstan,2020-07-03,76,Deaths,0.0,30.0
27330,Kyrgyzstan,2020-07-04,78,Deaths,2.0,32.0
27331,Kyrgyzstan,2020-07-05,88,Deaths,10.0,38.0
27332,Kyrgyzstan,2020-07-06,99,Deaths,11.0,42.0
27333,Kyrgyzstan,2020-07-07,107,Deaths,8.0,46.0
27334,Kyrgyzstan,2020-07-08,116,Deaths,9.0,50.0
27335,Kyrgyzstan,2020-07-09,122,Deaths,6.0,46.0
27336,Kyrgyzstan,2020-07-10,125,Deaths,3.0,49.0
27337,Kyrgyzstan,2020-07-11,129,Deaths,4.0,51.0
27338,Kyrgyzstan,2020-07-12,147,Deaths,18.0,59.0
27339,Kyrgyzstan,2020-07-13,149,Deaths,2.0,50.0
27340,Kyrgyzstan,2020-07-14,149,Deaths,0.0,42.0
27341,Kyrgyzstan,2020-07-15,165,Deaths,16.0,49.0
27342,Kyrgyzstan,2020-07-16,167,Deaths,2.0,45.0
27343,Kyrgyzstan,2020-07-17,173,Deaths,6.0,48.0
27344,Kyrgyzstan,2020-07-18,900,Deaths,727.0,771.0
27345,Kyrgyzstan,2020-07-19,1037,Deaths,137.0,890.0
27346,Kyrgyzstan,2020-07-20,1037,Deaths,0.0,888.0
27347,Kyrgyzstan,2020-07-21,1079,Deaths,42.0,930.0
27348,Kyrgyzstan,2020-07-22,1111,Deaths,32.0,946.0
27349,Kyrgyzstan,2020-07-23,1211,Deaths,100.0,1044.0
27350,Kyrgyzstan,2020-07-24,1211,Deaths,0.0,1038.0
27351,Kyrgyzstan,2020-07-25,1249,Deaths,38.0,349.0
27352,Kyrgyzstan,2020-07-26,1277,Deaths,28.0,240.0
27353,Kyrgyzstan,2020-07-27,1301,Deaths,24.0,264.0
27354,Kyrgyzstan,2020-07-28,1329,Deaths,28.0,250.0
27355,Kyrgyzstan,2020-07-29,1347,Deaths,18.0,236.0
27356,Kyrgyzstan,2020-07-30,1364,Deaths,17.0,153.0
27357,Kyrgyzstan,2020-07-31,1378,Deaths,14.0,167.0
27358,Kyrgyzstan,2020-08-01,1397,Deaths,19.0,148.0
27359,Kyrgyzstan,2020-08-02,1409,Deaths,12.0,132.0
27360,Kyrgyzstan,2020-08-03,1420,Deaths,11.0,119.0
27361,Kyrgyzstan,2020-08-04,1427,Deaths,7.0,98.0
27362,Kyrgyzstan,2020-08-05,1438,Deaths,11.0,91.0
27363,Kyrgyzstan,2020-08-06,1447,Deaths,9.0,83.0
27364,Kyrgyzstan,2020-08-07,1451,Deaths,4.0,73.0
27365,Kyrgyzstan,2020-08-08,1459,Deaths,8.0,62.0
27366,Kyrgyzstan,2020-08-09,1468,Deaths,9.0,59.0
27367,Kyrgyzstan,2020-08-10,1474,Deaths,6.0,54.0
27368,Kyrgyzstan,2020-08-11,1478,Deaths,4.0,51.0
27369,Kyrgyzstan,2020-08-12,1484,Deaths,6.0,46.0
27370,Kyrgyzstan,2020-08-13,1487,Deaths,3.0,40.0
27371,Kyrgyzstan,2020-08-14,1491,Deaths,4.0,40.0
27372,Kyrgyzstan,2020-08-15,1493,Deaths,2.0,34.0
27373,Kyrgyzstan,2020-08-16,1495,Deaths,2.0,27.0
27374,Kyrgyzstan,2020-08-17,1496,Deaths,1.0,22.0
27375,Kyrgyzstan,2020-08-18,1498,Deaths,2.0,20.0
27376,Kyrgyzstan,2020-08-19,1498,Deaths,0.0,14.0
27377,Kyrgyzstan,2020-08-20,1498,Deaths,0.0,11.0
27378,Kyrgyzstan,2020-08-21,1055,Deaths,-443.0,-436.0
27379,Kyrgyzstan,2020-08-22,1055,Deaths,0.0,-438.0
27380,Kyrgyzstan,2020-08-23,1056,Deaths,1.0,-439.0
27381,Kyrgyzstan,2020-08-24,1057,Deaths,1.0,-439.0
27382,Kyrgyzstan,2020-08-25,1057,Deaths,0.0,-441.0
27383,Kyrgyzstan,2020-08-26,1057,Deaths,0.0,-441.0
27384,Kyrgyzstan,2020-08-27,1057,Deaths,0.0,-441.0
27385,Kyrgyzstan,2020-08-28,1057,Deaths,0.0,2.0
27386,Kyrgyzstan,2020-08-29,1057,Deaths,0.0,2.0
27387,Kyrgyzstan,2020-08-30,1058,Deaths,1.0,2.0
27388,Kyrgyzstan,2020-08-31,1058,Deaths,0.0,1.0
27389,Kyrgyzstan,2020-09-01,1059,Deaths,1.0,2.0
27390,Kyrgyzstan,2020-09-02,1059,Deaths,0.0,2.0
27391,Kyrgyzstan,2020-09-03,1059,Deaths,0.0,2.0
27392,Kyrgyzstan,2020-09-04,1060,Deaths,1.0,3.0
27393,Kyrgyzstan,2020-09-05,1060,Deaths,0.0,3.0
27394,Kyrgyzstan,2020-09-06,1060,Deaths,0.0,2.0
27395,Kyrgyzstan,2020-09-07,1060,Deaths,0.0,2.0
27396,Kyrgyzstan,2020-09-08,1060,Deaths,0.0,1.0
27397,Kyrgyzstan,2020-09-09,1061,Deaths,1.0,2.0
27398,Kyrgyzstan,2020-09-10,1061,Deaths,0.0,2.0
27399,Kyrgyzstan,2020-09-11,1063,Deaths,2.0,3.0
27400,Kyrgyzstan,2020-09-12,1063,Deaths,0.0,3.0
27401,Kyrgyzstan,2020-09-13,1063,Deaths,0.0,3.0
27402,Kyrgyzstan,2020-09-14,1063,Deaths,0.0,3.0
27403,Kyrgyzstan,2020-09-15,1063,Deaths,0.0,3.0
27404,Kyrgyzstan,2020-09-16,1063,Deaths,0.0,2.0
27405,Kyrgyzstan,2020-09-17,1063,Deaths,0.0,2.0
27406,Kyrgyzstan,2020-09-18,1063,Deaths,0.0,0.0
27407,Kyrgyzstan,2020-09-19,1063,Deaths,0.0,0.0
27408,Kyrgyzstan,2020-09-20,1063,Deaths,0.0,0.0
27409,Kyrgyzstan,2020-09-21,1063,Deaths,0.0,0.0
27410,Kyrgyzstan,2020-09-22,1063,Deaths,0.0,0.0
27411,Kyrgyzstan,2020-09-23,1063,Deaths,0.0,0.0
27412,Kyrgyzstan,2020-09-24,1063,Deaths,0.0,0.0
27413,Kyrgyzstan,2020-09-25,1063,Deaths,0.0,0.0
27414,Kyrgyzstan,2020-09-26,1063,Deaths,0.0,0.0
27415,Kyrgyzstan,2020-09-27,1063,Deaths,0.0,0.0
27416,Kyrgyzstan,2020-09-28,1064,Deaths,1.0,1.0
27417,Kyrgyzstan,2020-09-29,1064,Deaths,0.0,1.0
27418,Kyrgyzstan,2020-09-30,1064,Deaths,0.0,1.0
27419,Kyrgyzstan,2020-10-01,1065,Deaths,1.0,2.0
27420,Kyrgyzstan,2020-10-02,1065,Deaths,0.0,2.0
27421,Kyrgyzstan,2020-10-03,1066,Deaths,1.0,3.0
27422,Kyrgyzstan,2020-10-04,1066,Deaths,0.0,3.0
27423,Kyrgyzstan,2020-10-05,1066,Deaths,0.0,2.0
27424,Kyrgyzstan,2020-10-06,1066,Deaths,0.0,2.0
27425,Kyrgyzstan,2020-10-07,1069,Deaths,3.0,5.0
27426,Kyrgyzstan,2020-10-08,1073,Deaths,4.0,8.0
27427,Kyrgyzstan,2020-10-09,1077,Deaths,4.0,12.0
27428,Kyrgyzstan,2020-10-10,1082,Deaths,5.0,16.0
27429,Kyrgyzstan,2020-10-11,1085,Deaths,3.0,19.0
27430,Kyrgyzstan,2020-10-12,1090,Deaths,5.0,24.0
27431,Kyrgyzstan,2020-10-13,1092,Deaths,2.0,26.0
27432,Kyrgyzstan,2020-10-14,1094,Deaths,2.0,25.0
27433,Kyrgyzstan,2020-10-15,1099,Deaths,5.0,26.0
27434,Kyrgyzstan,2020-10-16,1103,Deaths,4.0,26.0
27435,Kyrgyzstan,2020-10-17,1108,Deaths,5.0,26.0
27436,Kyrgyzstan,2020-10-18,1111,Deaths,3.0,26.0
27437,Kyrgyzstan,2020-10-19,1111,Deaths,0.0,21.0
27438,Kyrgyzstan,2020-10-20,1113,Deaths,2.0,21.0
27439,Kyrgyzstan,2020-10-21,1118,Deaths,5.0,24.0
27440,Kyrgyzstan,2020-10-22,1122,Deaths,4.0,23.0
27441,Kyrgyzstan,2020-10-23,1126,Deaths,4.0,23.0
27442,Kyrgyzstan,2020-10-24,1130,Deaths,4.0,22.0
27443,Kyrgyzstan,2020-10-25,1134,Deaths,4.0,23.0
27444,Kyrgyzstan,2020-10-26,1134,Deaths,0.0,23.0
27445,Kyrgyzstan,2020-10-27,1136,Deaths,2.0,23.0
27446,Kyrgyzstan,2020-10-28,1138,Deaths,2.0,20.0
27447,Kyrgyzstan,2020-10-29,1139,Deaths,1.0,17.0
27448,Kyrgyzstan,2020-10-30,1142,Deaths,3.0,16.0
27449,Kyrgyzstan,2020-10-31,1144,Deaths,2.0,14.0
27450,Kyrgyzstan,2020-11-01,1144,Deaths,0.0,10.0
27451,Kyrgyzstan,2020-11-02,1155,Deaths,11.0,21.0
27452,Kyrgyzstan,2020-11-03,1163,Deaths,8.0,27.0
27453,Kyrgyzstan,2020-11-04,1167,Deaths,4.0,29.0
27454,Kyrgyzstan,2020-11-05,1167,Deaths,0.0,28.0
27455,Laos,2020-01-22,0,Deaths,,
27456,Laos,2020-01-23,0,Deaths,0.0,
27457,Laos,2020-01-24,0,Deaths,0.0,
27458,Laos,2020-01-25,0,Deaths,0.0,
27459,Laos,2020-01-26,0,Deaths,0.0,
27460,Laos,2020-01-27,0,Deaths,0.0,
27461,Laos,2020-01-28,0,Deaths,0.0,
27462,Laos,2020-01-29,0,Deaths,0.0,0.0
27463,Laos,2020-01-30,0,Deaths,0.0,0.0
27464,Laos,2020-01-31,0,Deaths,0.0,0.0
27465,Laos,2020-02-01,0,Deaths,0.0,0.0
27466,Laos,2020-02-02,0,Deaths,0.0,0.0
27467,Laos,2020-02-03,0,Deaths,0.0,0.0
27468,Laos,2020-02-04,0,Deaths,0.0,0.0
27469,Laos,2020-02-05,0,Deaths,0.0,0.0
27470,Laos,2020-02-06,0,Deaths,0.0,0.0
27471,Laos,2020-02-07,0,Deaths,0.0,0.0
27472,Laos,2020-02-08,0,Deaths,0.0,0.0
27473,Laos,2020-02-09,0,Deaths,0.0,0.0
27474,Laos,2020-02-10,0,Deaths,0.0,0.0
27475,Laos,2020-02-11,0,Deaths,0.0,0.0
27476,Laos,2020-02-12,0,Deaths,0.0,0.0
27477,Laos,2020-02-13,0,Deaths,0.0,0.0
27478,Laos,2020-02-14,0,Deaths,0.0,0.0
27479,Laos,2020-02-15,0,Deaths,0.0,0.0
27480,Laos,2020-02-16,0,Deaths,0.0,0.0
27481,Laos,2020-02-17,0,Deaths,0.0,0.0
27482,Laos,2020-02-18,0,Deaths,0.0,0.0
27483,Laos,2020-02-19,0,Deaths,0.0,0.0
27484,Laos,2020-02-20,0,Deaths,0.0,0.0
27485,Laos,2020-02-21,0,Deaths,0.0,0.0
27486,Laos,2020-02-22,0,Deaths,0.0,0.0
27487,Laos,2020-02-23,0,Deaths,0.0,0.0
27488,Laos,2020-02-24,0,Deaths,0.0,0.0
27489,Laos,2020-02-25,0,Deaths,0.0,0.0
27490,Laos,2020-02-26,0,Deaths,0.0,0.0
27491,Laos,2020-02-27,0,Deaths,0.0,0.0
27492,Laos,2020-02-28,0,Deaths,0.0,0.0
27493,Laos,2020-02-29,0,Deaths,0.0,0.0
27494,Laos,2020-03-01,0,Deaths,0.0,0.0
27495,Laos,2020-03-02,0,Deaths,0.0,0.0
27496,Laos,2020-03-03,0,Deaths,0.0,0.0
27497,Laos,2020-03-04,0,Deaths,0.0,0.0
27498,Laos,2020-03-05,0,Deaths,0.0,0.0
27499,Laos,2020-03-06,0,Deaths,0.0,0.0
27500,Laos,2020-03-07,0,Deaths,0.0,0.0
27501,Laos,2020-03-08,0,Deaths,0.0,0.0
27502,Laos,2020-03-09,0,Deaths,0.0,0.0
27503,Laos,2020-03-10,0,Deaths,0.0,0.0
27504,Laos,2020-03-11,0,Deaths,0.0,0.0
27505,Laos,2020-03-12,0,Deaths,0.0,0.0
27506,Laos,2020-03-13,0,Deaths,0.0,0.0
27507,Laos,2020-03-14,0,Deaths,0.0,0.0
27508,Laos,2020-03-15,0,Deaths,0.0,0.0
27509,Laos,2020-03-16,0,Deaths,0.0,0.0
27510,Laos,2020-03-17,0,Deaths,0.0,0.0
27511,Laos,2020-03-18,0,Deaths,0.0,0.0
27512,Laos,2020-03-19,0,Deaths,0.0,0.0
27513,Laos,2020-03-20,0,Deaths,0.0,0.0
27514,Laos,2020-03-21,0,Deaths,0.0,0.0
27515,Laos,2020-03-22,0,Deaths,0.0,0.0
27516,Laos,2020-03-23,0,Deaths,0.0,0.0
27517,Laos,2020-03-24,0,Deaths,0.0,0.0
27518,Laos,2020-03-25,0,Deaths,0.0,0.0
27519,Laos,2020-03-26,0,Deaths,0.0,0.0
27520,Laos,2020-03-27,0,Deaths,0.0,0.0
27521,Laos,2020-03-28,0,Deaths,0.0,0.0
27522,Laos,2020-03-29,0,Deaths,0.0,0.0
27523,Laos,2020-03-30,0,Deaths,0.0,0.0
27524,Laos,2020-03-31,0,Deaths,0.0,0.0
27525,Laos,2020-04-01,0,Deaths,0.0,0.0
27526,Laos,2020-04-02,0,Deaths,0.0,0.0
27527,Laos,2020-04-03,0,Deaths,0.0,0.0
27528,Laos,2020-04-04,0,Deaths,0.0,0.0
27529,Laos,2020-04-05,0,Deaths,0.0,0.0
27530,Laos,2020-04-06,0,Deaths,0.0,0.0
27531,Laos,2020-04-07,0,Deaths,0.0,0.0
27532,Laos,2020-04-08,0,Deaths,0.0,0.0
27533,Laos,2020-04-09,0,Deaths,0.0,0.0
27534,Laos,2020-04-10,0,Deaths,0.0,0.0
27535,Laos,2020-04-11,0,Deaths,0.0,0.0
27536,Laos,2020-04-12,0,Deaths,0.0,0.0
27537,Laos,2020-04-13,0,Deaths,0.0,0.0
27538,Laos,2020-04-14,0,Deaths,0.0,0.0
27539,Laos,2020-04-15,0,Deaths,0.0,0.0
27540,Laos,2020-04-16,0,Deaths,0.0,0.0
27541,Laos,2020-04-17,0,Deaths,0.0,0.0
27542,Laos,2020-04-18,0,Deaths,0.0,0.0
27543,Laos,2020-04-19,0,Deaths,0.0,0.0
27544,Laos,2020-04-20,0,Deaths,0.0,0.0
27545,Laos,2020-04-21,0,Deaths,0.0,0.0
27546,Laos,2020-04-22,0,Deaths,0.0,0.0
27547,Laos,2020-04-23,0,Deaths,0.0,0.0
27548,Laos,2020-04-24,0,Deaths,0.0,0.0
27549,Laos,2020-04-25,0,Deaths,0.0,0.0
27550,Laos,2020-04-26,0,Deaths,0.0,0.0
27551,Laos,2020-04-27,0,Deaths,0.0,0.0
27552,Laos,2020-04-28,0,Deaths,0.0,0.0
27553,Laos,2020-04-29,0,Deaths,0.0,0.0
27554,Laos,2020-04-30,0,Deaths,0.0,0.0
27555,Laos,2020-05-01,0,Deaths,0.0,0.0
27556,Laos,2020-05-02,0,Deaths,0.0,0.0
27557,Laos,2020-05-03,0,Deaths,0.0,0.0
27558,Laos,2020-05-04,0,Deaths,0.0,0.0
27559,Laos,2020-05-05,0,Deaths,0.0,0.0
27560,Laos,2020-05-06,0,Deaths,0.0,0.0
27561,Laos,2020-05-07,0,Deaths,0.0,0.0
27562,Laos,2020-05-08,0,Deaths,0.0,0.0
27563,Laos,2020-05-09,0,Deaths,0.0,0.0
27564,Laos,2020-05-10,0,Deaths,0.0,0.0
27565,Laos,2020-05-11,0,Deaths,0.0,0.0
27566,Laos,2020-05-12,0,Deaths,0.0,0.0
27567,Laos,2020-05-13,0,Deaths,0.0,0.0
27568,Laos,2020-05-14,0,Deaths,0.0,0.0
27569,Laos,2020-05-15,0,Deaths,0.0,0.0
27570,Laos,2020-05-16,0,Deaths,0.0,0.0
27571,Laos,2020-05-17,0,Deaths,0.0,0.0
27572,Laos,2020-05-18,0,Deaths,0.0,0.0
27573,Laos,2020-05-19,0,Deaths,0.0,0.0
27574,Laos,2020-05-20,0,Deaths,0.0,0.0
27575,Laos,2020-05-21,0,Deaths,0.0,0.0
27576,Laos,2020-05-22,0,Deaths,0.0,0.0
27577,Laos,2020-05-23,0,Deaths,0.0,0.0
27578,Laos,2020-05-24,0,Deaths,0.0,0.0
27579,Laos,2020-05-25,0,Deaths,0.0,0.0
27580,Laos,2020-05-26,0,Deaths,0.0,0.0
27581,Laos,2020-05-27,0,Deaths,0.0,0.0
27582,Laos,2020-05-28,0,Deaths,0.0,0.0
27583,Laos,2020-05-29,0,Deaths,0.0,0.0
27584,Laos,2020-05-30,0,Deaths,0.0,0.0
27585,Laos,2020-05-31,0,Deaths,0.0,0.0
27586,Laos,2020-06-01,0,Deaths,0.0,0.0
27587,Laos,2020-06-02,0,Deaths,0.0,0.0
27588,Laos,2020-06-03,0,Deaths,0.0,0.0
27589,Laos,2020-06-04,0,Deaths,0.0,0.0
27590,Laos,2020-06-05,0,Deaths,0.0,0.0
27591,Laos,2020-06-06,0,Deaths,0.0,0.0
27592,Laos,2020-06-07,0,Deaths,0.0,0.0
27593,Laos,2020-06-08,0,Deaths,0.0,0.0
27594,Laos,2020-06-09,0,Deaths,0.0,0.0
27595,Laos,2020-06-10,0,Deaths,0.0,0.0
27596,Laos,2020-06-11,0,Deaths,0.0,0.0
27597,Laos,2020-06-12,0,Deaths,0.0,0.0
27598,Laos,2020-06-13,0,Deaths,0.0,0.0
27599,Laos,2020-06-14,0,Deaths,0.0,0.0
27600,Laos,2020-06-15,0,Deaths,0.0,0.0
27601,Laos,2020-06-16,0,Deaths,0.0,0.0
27602,Laos,2020-06-17,0,Deaths,0.0,0.0
27603,Laos,2020-06-18,0,Deaths,0.0,0.0
27604,Laos,2020-06-19,0,Deaths,0.0,0.0
27605,Laos,2020-06-20,0,Deaths,0.0,0.0
27606,Laos,2020-06-21,0,Deaths,0.0,0.0
27607,Laos,2020-06-22,0,Deaths,0.0,0.0
27608,Laos,2020-06-23,0,Deaths,0.0,0.0
27609,Laos,2020-06-24,0,Deaths,0.0,0.0
27610,Laos,2020-06-25,0,Deaths,0.0,0.0
27611,Laos,2020-06-26,0,Deaths,0.0,0.0
27612,Laos,2020-06-27,0,Deaths,0.0,0.0
27613,Laos,2020-06-28,0,Deaths,0.0,0.0
27614,Laos,2020-06-29,0,Deaths,0.0,0.0
27615,Laos,2020-06-30,0,Deaths,0.0,0.0
27616,Laos,2020-07-01,0,Deaths,0.0,0.0
27617,Laos,2020-07-02,0,Deaths,0.0,0.0
27618,Laos,2020-07-03,0,Deaths,0.0,0.0
27619,Laos,2020-07-04,0,Deaths,0.0,0.0
27620,Laos,2020-07-05,0,Deaths,0.0,0.0
27621,Laos,2020-07-06,0,Deaths,0.0,0.0
27622,Laos,2020-07-07,0,Deaths,0.0,0.0
27623,Laos,2020-07-08,0,Deaths,0.0,0.0
27624,Laos,2020-07-09,0,Deaths,0.0,0.0
27625,Laos,2020-07-10,0,Deaths,0.0,0.0
27626,Laos,2020-07-11,0,Deaths,0.0,0.0
27627,Laos,2020-07-12,0,Deaths,0.0,0.0
27628,Laos,2020-07-13,0,Deaths,0.0,0.0
27629,Laos,2020-07-14,0,Deaths,0.0,0.0
27630,Laos,2020-07-15,0,Deaths,0.0,0.0
27631,Laos,2020-07-16,0,Deaths,0.0,0.0
27632,Laos,2020-07-17,0,Deaths,0.0,0.0
27633,Laos,2020-07-18,0,Deaths,0.0,0.0
27634,Laos,2020-07-19,0,Deaths,0.0,0.0
27635,Laos,2020-07-20,0,Deaths,0.0,0.0
27636,Laos,2020-07-21,0,Deaths,0.0,0.0
27637,Laos,2020-07-22,0,Deaths,0.0,0.0
27638,Laos,2020-07-23,0,Deaths,0.0,0.0
27639,Laos,2020-07-24,0,Deaths,0.0,0.0
27640,Laos,2020-07-25,0,Deaths,0.0,0.0
27641,Laos,2020-07-26,0,Deaths,0.0,0.0
27642,Laos,2020-07-27,0,Deaths,0.0,0.0
27643,Laos,2020-07-28,0,Deaths,0.0,0.0
27644,Laos,2020-07-29,0,Deaths,0.0,0.0
27645,Laos,2020-07-30,0,Deaths,0.0,0.0
27646,Laos,2020-07-31,0,Deaths,0.0,0.0
27647,Laos,2020-08-01,0,Deaths,0.0,0.0
27648,Laos,2020-08-02,0,Deaths,0.0,0.0
27649,Laos,2020-08-03,0,Deaths,0.0,0.0
27650,Laos,2020-08-04,0,Deaths,0.0,0.0
27651,Laos,2020-08-05,0,Deaths,0.0,0.0
27652,Laos,2020-08-06,0,Deaths,0.0,0.0
27653,Laos,2020-08-07,0,Deaths,0.0,0.0
27654,Laos,2020-08-08,0,Deaths,0.0,0.0
27655,Laos,2020-08-09,0,Deaths,0.0,0.0
27656,Laos,2020-08-10,0,Deaths,0.0,0.0
27657,Laos,2020-08-11,0,Deaths,0.0,0.0
27658,Laos,2020-08-12,0,Deaths,0.0,0.0
27659,Laos,2020-08-13,0,Deaths,0.0,0.0
27660,Laos,2020-08-14,0,Deaths,0.0,0.0
27661,Laos,2020-08-15,0,Deaths,0.0,0.0
27662,Laos,2020-08-16,0,Deaths,0.0,0.0
27663,Laos,2020-08-17,0,Deaths,0.0,0.0
27664,Laos,2020-08-18,0,Deaths,0.0,0.0
27665,Laos,2020-08-19,0,Deaths,0.0,0.0
27666,Laos,2020-08-20,0,Deaths,0.0,0.0
27667,Laos,2020-08-21,0,Deaths,0.0,0.0
27668,Laos,2020-08-22,0,Deaths,0.0,0.0
27669,Laos,2020-08-23,0,Deaths,0.0,0.0
27670,Laos,2020-08-24,0,Deaths,0.0,0.0
27671,Laos,2020-08-25,0,Deaths,0.0,0.0
27672,Laos,2020-08-26,0,Deaths,0.0,0.0
27673,Laos,2020-08-27,0,Deaths,0.0,0.0
27674,Laos,2020-08-28,0,Deaths,0.0,0.0
27675,Laos,2020-08-29,0,Deaths,0.0,0.0
27676,Laos,2020-08-30,0,Deaths,0.0,0.0
27677,Laos,2020-08-31,0,Deaths,0.0,0.0
27678,Laos,2020-09-01,0,Deaths,0.0,0.0
27679,Laos,2020-09-02,0,Deaths,0.0,0.0
27680,Laos,2020-09-03,0,Deaths,0.0,0.0
27681,Laos,2020-09-04,0,Deaths,0.0,0.0
27682,Laos,2020-09-05,0,Deaths,0.0,0.0
27683,Laos,2020-09-06,0,Deaths,0.0,0.0
27684,Laos,2020-09-07,0,Deaths,0.0,0.0
27685,Laos,2020-09-08,0,Deaths,0.0,0.0
27686,Laos,2020-09-09,0,Deaths,0.0,0.0
27687,Laos,2020-09-10,0,Deaths,0.0,0.0
27688,Laos,2020-09-11,0,Deaths,0.0,0.0
27689,Laos,2020-09-12,0,Deaths,0.0,0.0
27690,Laos,2020-09-13,0,Deaths,0.0,0.0
27691,Laos,2020-09-14,0,Deaths,0.0,0.0
27692,Laos,2020-09-15,0,Deaths,0.0,0.0
27693,Laos,2020-09-16,0,Deaths,0.0,0.0
27694,Laos,2020-09-17,0,Deaths,0.0,0.0
27695,Laos,2020-09-18,0,Deaths,0.0,0.0
27696,Laos,2020-09-19,0,Deaths,0.0,0.0
27697,Laos,2020-09-20,0,Deaths,0.0,0.0
27698,Laos,2020-09-21,0,Deaths,0.0,0.0
27699,Laos,2020-09-22,0,Deaths,0.0,0.0
27700,Laos,2020-09-23,0,Deaths,0.0,0.0
27701,Laos,2020-09-24,0,Deaths,0.0,0.0
27702,Laos,2020-09-25,0,Deaths,0.0,0.0
27703,Laos,2020-09-26,0,Deaths,0.0,0.0
27704,Laos,2020-09-27,0,Deaths,0.0,0.0
27705,Laos,2020-09-28,0,Deaths,0.0,0.0
27706,Laos,2020-09-29,0,Deaths,0.0,0.0
27707,Laos,2020-09-30,0,Deaths,0.0,0.0
27708,Laos,2020-10-01,0,Deaths,0.0,0.0
27709,Laos,2020-10-02,0,Deaths,0.0,0.0
27710,Laos,2020-10-03,0,Deaths,0.0,0.0
27711,Laos,2020-10-04,0,Deaths,0.0,0.0
27712,Laos,2020-10-05,0,Deaths,0.0,0.0
27713,Laos,2020-10-06,0,Deaths,0.0,0.0
27714,Laos,2020-10-07,0,Deaths,0.0,0.0
27715,Laos,2020-10-08,0,Deaths,0.0,0.0
27716,Laos,2020-10-09,0,Deaths,0.0,0.0
27717,Laos,2020-10-10,0,Deaths,0.0,0.0
27718,Laos,2020-10-11,0,Deaths,0.0,0.0
27719,Laos,2020-10-12,0,Deaths,0.0,0.0
27720,Laos,2020-10-13,0,Deaths,0.0,0.0
27721,Laos,2020-10-14,0,Deaths,0.0,0.0
27722,Laos,2020-10-15,0,Deaths,0.0,0.0
27723,Laos,2020-10-16,0,Deaths,0.0,0.0
27724,Laos,2020-10-17,0,Deaths,0.0,0.0
27725,Laos,2020-10-18,0,Deaths,0.0,0.0
27726,Laos,2020-10-19,0,Deaths,0.0,0.0
27727,Laos,2020-10-20,0,Deaths,0.0,0.0
27728,Laos,2020-10-21,0,Deaths,0.0,0.0
27729,Laos,2020-10-22,0,Deaths,0.0,0.0
27730,Laos,2020-10-23,0,Deaths,0.0,0.0
27731,Laos,2020-10-24,0,Deaths,0.0,0.0
27732,Laos,2020-10-25,0,Deaths,0.0,0.0
27733,Laos,2020-10-26,0,Deaths,0.0,0.0
27734,Laos,2020-10-27,0,Deaths,0.0,0.0
27735,Laos,2020-10-28,0,Deaths,0.0,0.0
27736,Laos,2020-10-29,0,Deaths,0.0,0.0
27737,Laos,2020-10-30,0,Deaths,0.0,0.0
27738,Laos,2020-10-31,0,Deaths,0.0,0.0
27739,Laos,2020-11-01,0,Deaths,0.0,0.0
27740,Laos,2020-11-02,0,Deaths,0.0,0.0
27741,Laos,2020-11-03,0,Deaths,0.0,0.0
27742,Laos,2020-11-04,0,Deaths,0.0,0.0
27743,Laos,2020-11-05,0,Deaths,0.0,0.0
27744,Latvia,2020-01-22,0,Deaths,,
27745,Latvia,2020-01-23,0,Deaths,0.0,
27746,Latvia,2020-01-24,0,Deaths,0.0,
27747,Latvia,2020-01-25,0,Deaths,0.0,
27748,Latvia,2020-01-26,0,Deaths,0.0,
27749,Latvia,2020-01-27,0,Deaths,0.0,
27750,Latvia,2020-01-28,0,Deaths,0.0,
27751,Latvia,2020-01-29,0,Deaths,0.0,0.0
27752,Latvia,2020-01-30,0,Deaths,0.0,0.0
27753,Latvia,2020-01-31,0,Deaths,0.0,0.0
27754,Latvia,2020-02-01,0,Deaths,0.0,0.0
27755,Latvia,2020-02-02,0,Deaths,0.0,0.0
27756,Latvia,2020-02-03,0,Deaths,0.0,0.0
27757,Latvia,2020-02-04,0,Deaths,0.0,0.0
27758,Latvia,2020-02-05,0,Deaths,0.0,0.0
27759,Latvia,2020-02-06,0,Deaths,0.0,0.0
27760,Latvia,2020-02-07,0,Deaths,0.0,0.0
27761,Latvia,2020-02-08,0,Deaths,0.0,0.0
27762,Latvia,2020-02-09,0,Deaths,0.0,0.0
27763,Latvia,2020-02-10,0,Deaths,0.0,0.0
27764,Latvia,2020-02-11,0,Deaths,0.0,0.0
27765,Latvia,2020-02-12,0,Deaths,0.0,0.0
27766,Latvia,2020-02-13,0,Deaths,0.0,0.0
27767,Latvia,2020-02-14,0,Deaths,0.0,0.0
27768,Latvia,2020-02-15,0,Deaths,0.0,0.0
27769,Latvia,2020-02-16,0,Deaths,0.0,0.0
27770,Latvia,2020-02-17,0,Deaths,0.0,0.0
27771,Latvia,2020-02-18,0,Deaths,0.0,0.0
27772,Latvia,2020-02-19,0,Deaths,0.0,0.0
27773,Latvia,2020-02-20,0,Deaths,0.0,0.0
27774,Latvia,2020-02-21,0,Deaths,0.0,0.0
27775,Latvia,2020-02-22,0,Deaths,0.0,0.0
27776,Latvia,2020-02-23,0,Deaths,0.0,0.0
27777,Latvia,2020-02-24,0,Deaths,0.0,0.0
27778,Latvia,2020-02-25,0,Deaths,0.0,0.0
27779,Latvia,2020-02-26,0,Deaths,0.0,0.0
27780,Latvia,2020-02-27,0,Deaths,0.0,0.0
27781,Latvia,2020-02-28,0,Deaths,0.0,0.0
27782,Latvia,2020-02-29,0,Deaths,0.0,0.0
27783,Latvia,2020-03-01,0,Deaths,0.0,0.0
27784,Latvia,2020-03-02,0,Deaths,0.0,0.0
27785,Latvia,2020-03-03,0,Deaths,0.0,0.0
27786,Latvia,2020-03-04,0,Deaths,0.0,0.0
27787,Latvia,2020-03-05,0,Deaths,0.0,0.0
27788,Latvia,2020-03-06,0,Deaths,0.0,0.0
27789,Latvia,2020-03-07,0,Deaths,0.0,0.0
27790,Latvia,2020-03-08,0,Deaths,0.0,0.0
27791,Latvia,2020-03-09,0,Deaths,0.0,0.0
27792,Latvia,2020-03-10,0,Deaths,0.0,0.0
27793,Latvia,2020-03-11,0,Deaths,0.0,0.0
27794,Latvia,2020-03-12,0,Deaths,0.0,0.0
27795,Latvia,2020-03-13,0,Deaths,0.0,0.0
27796,Latvia,2020-03-14,0,Deaths,0.0,0.0
27797,Latvia,2020-03-15,0,Deaths,0.0,0.0
27798,Latvia,2020-03-16,0,Deaths,0.0,0.0
27799,Latvia,2020-03-17,0,Deaths,0.0,0.0
27800,Latvia,2020-03-18,0,Deaths,0.0,0.0
27801,Latvia,2020-03-19,0,Deaths,0.0,0.0
27802,Latvia,2020-03-20,0,Deaths,0.0,0.0
27803,Latvia,2020-03-21,0,Deaths,0.0,0.0
27804,Latvia,2020-03-22,0,Deaths,0.0,0.0
27805,Latvia,2020-03-23,0,Deaths,0.0,0.0
27806,Latvia,2020-03-24,0,Deaths,0.0,0.0
27807,Latvia,2020-03-25,0,Deaths,0.0,0.0
27808,Latvia,2020-03-26,0,Deaths,0.0,0.0
27809,Latvia,2020-03-27,0,Deaths,0.0,0.0
27810,Latvia,2020-03-28,0,Deaths,0.0,0.0
27811,Latvia,2020-03-29,0,Deaths,0.0,0.0
27812,Latvia,2020-03-30,0,Deaths,0.0,0.0
27813,Latvia,2020-03-31,0,Deaths,0.0,0.0
27814,Latvia,2020-04-01,0,Deaths,0.0,0.0
27815,Latvia,2020-04-02,0,Deaths,0.0,0.0
27816,Latvia,2020-04-03,1,Deaths,1.0,1.0
27817,Latvia,2020-04-04,1,Deaths,0.0,1.0
27818,Latvia,2020-04-05,1,Deaths,0.0,1.0
27819,Latvia,2020-04-06,1,Deaths,0.0,1.0
27820,Latvia,2020-04-07,2,Deaths,1.0,2.0
27821,Latvia,2020-04-08,2,Deaths,0.0,2.0
27822,Latvia,2020-04-09,3,Deaths,1.0,3.0
27823,Latvia,2020-04-10,3,Deaths,0.0,2.0
27824,Latvia,2020-04-11,3,Deaths,0.0,2.0
27825,Latvia,2020-04-12,5,Deaths,2.0,4.0
27826,Latvia,2020-04-13,5,Deaths,0.0,4.0
27827,Latvia,2020-04-14,5,Deaths,0.0,3.0
27828,Latvia,2020-04-15,5,Deaths,0.0,3.0
27829,Latvia,2020-04-16,5,Deaths,0.0,2.0
27830,Latvia,2020-04-17,5,Deaths,0.0,2.0
27831,Latvia,2020-04-18,5,Deaths,0.0,2.0
27832,Latvia,2020-04-19,5,Deaths,0.0,0.0
27833,Latvia,2020-04-20,5,Deaths,0.0,0.0
27834,Latvia,2020-04-21,9,Deaths,4.0,4.0
27835,Latvia,2020-04-22,11,Deaths,2.0,6.0
27836,Latvia,2020-04-23,11,Deaths,0.0,6.0
27837,Latvia,2020-04-24,12,Deaths,1.0,7.0
27838,Latvia,2020-04-25,12,Deaths,0.0,7.0
27839,Latvia,2020-04-26,12,Deaths,0.0,7.0
27840,Latvia,2020-04-27,13,Deaths,1.0,8.0
27841,Latvia,2020-04-28,13,Deaths,0.0,4.0
27842,Latvia,2020-04-29,15,Deaths,2.0,4.0
27843,Latvia,2020-04-30,15,Deaths,0.0,4.0
27844,Latvia,2020-05-01,16,Deaths,1.0,4.0
27845,Latvia,2020-05-02,16,Deaths,0.0,4.0
27846,Latvia,2020-05-03,16,Deaths,0.0,4.0
27847,Latvia,2020-05-04,16,Deaths,0.0,3.0
27848,Latvia,2020-05-05,17,Deaths,1.0,4.0
27849,Latvia,2020-05-06,17,Deaths,0.0,2.0
27850,Latvia,2020-05-07,18,Deaths,1.0,3.0
27851,Latvia,2020-05-08,18,Deaths,0.0,2.0
27852,Latvia,2020-05-09,18,Deaths,0.0,2.0
27853,Latvia,2020-05-10,18,Deaths,0.0,2.0
27854,Latvia,2020-05-11,18,Deaths,0.0,2.0
27855,Latvia,2020-05-12,18,Deaths,0.0,1.0
27856,Latvia,2020-05-13,19,Deaths,1.0,2.0
27857,Latvia,2020-05-14,19,Deaths,0.0,1.0
27858,Latvia,2020-05-15,19,Deaths,0.0,1.0
27859,Latvia,2020-05-16,19,Deaths,0.0,1.0
27860,Latvia,2020-05-17,19,Deaths,0.0,1.0
27861,Latvia,2020-05-18,19,Deaths,0.0,1.0
27862,Latvia,2020-05-19,21,Deaths,2.0,3.0
27863,Latvia,2020-05-20,21,Deaths,0.0,2.0
27864,Latvia,2020-05-21,22,Deaths,1.0,3.0
27865,Latvia,2020-05-22,22,Deaths,0.0,3.0
27866,Latvia,2020-05-23,22,Deaths,0.0,3.0
27867,Latvia,2020-05-24,22,Deaths,0.0,3.0
27868,Latvia,2020-05-25,22,Deaths,0.0,3.0
27869,Latvia,2020-05-26,22,Deaths,0.0,1.0
27870,Latvia,2020-05-27,23,Deaths,1.0,2.0
27871,Latvia,2020-05-28,24,Deaths,1.0,2.0
27872,Latvia,2020-05-29,24,Deaths,0.0,2.0
27873,Latvia,2020-05-30,24,Deaths,0.0,2.0
27874,Latvia,2020-05-31,24,Deaths,0.0,2.0
27875,Latvia,2020-06-01,24,Deaths,0.0,2.0
27876,Latvia,2020-06-02,24,Deaths,0.0,2.0
27877,Latvia,2020-06-03,24,Deaths,0.0,1.0
27878,Latvia,2020-06-04,25,Deaths,1.0,1.0
27879,Latvia,2020-06-05,25,Deaths,0.0,1.0
27880,Latvia,2020-06-06,25,Deaths,0.0,1.0
27881,Latvia,2020-06-07,25,Deaths,0.0,1.0
27882,Latvia,2020-06-08,26,Deaths,1.0,2.0
27883,Latvia,2020-06-09,26,Deaths,0.0,2.0
27884,Latvia,2020-06-10,26,Deaths,0.0,2.0
27885,Latvia,2020-06-11,26,Deaths,0.0,1.0
27886,Latvia,2020-06-12,27,Deaths,1.0,2.0
27887,Latvia,2020-06-13,28,Deaths,1.0,3.0
27888,Latvia,2020-06-14,28,Deaths,0.0,3.0
27889,Latvia,2020-06-15,28,Deaths,0.0,2.0
27890,Latvia,2020-06-16,28,Deaths,0.0,2.0
27891,Latvia,2020-06-17,30,Deaths,2.0,4.0
27892,Latvia,2020-06-18,30,Deaths,0.0,4.0
27893,Latvia,2020-06-19,30,Deaths,0.0,3.0
27894,Latvia,2020-06-20,30,Deaths,0.0,2.0
27895,Latvia,2020-06-21,30,Deaths,0.0,2.0
27896,Latvia,2020-06-22,30,Deaths,0.0,2.0
27897,Latvia,2020-06-23,30,Deaths,0.0,2.0
27898,Latvia,2020-06-24,30,Deaths,0.0,0.0
27899,Latvia,2020-06-25,30,Deaths,0.0,0.0
27900,Latvia,2020-06-26,30,Deaths,0.0,0.0
27901,Latvia,2020-06-27,30,Deaths,0.0,0.0
27902,Latvia,2020-06-28,30,Deaths,0.0,0.0
27903,Latvia,2020-06-29,30,Deaths,0.0,0.0
27904,Latvia,2020-06-30,30,Deaths,0.0,0.0
27905,Latvia,2020-07-01,30,Deaths,0.0,0.0
27906,Latvia,2020-07-02,30,Deaths,0.0,0.0
27907,Latvia,2020-07-03,30,Deaths,0.0,0.0
27908,Latvia,2020-07-04,30,Deaths,0.0,0.0
27909,Latvia,2020-07-05,30,Deaths,0.0,0.0
27910,Latvia,2020-07-06,30,Deaths,0.0,0.0
27911,Latvia,2020-07-07,30,Deaths,0.0,0.0
27912,Latvia,2020-07-08,30,Deaths,0.0,0.0
27913,Latvia,2020-07-09,30,Deaths,0.0,0.0
27914,Latvia,2020-07-10,30,Deaths,0.0,0.0
27915,Latvia,2020-07-11,30,Deaths,0.0,0.0
27916,Latvia,2020-07-12,30,Deaths,0.0,0.0
27917,Latvia,2020-07-13,31,Deaths,1.0,1.0
27918,Latvia,2020-07-14,31,Deaths,0.0,1.0
27919,Latvia,2020-07-15,31,Deaths,0.0,1.0
27920,Latvia,2020-07-16,31,Deaths,0.0,1.0
27921,Latvia,2020-07-17,31,Deaths,0.0,1.0
27922,Latvia,2020-07-18,31,Deaths,0.0,1.0
27923,Latvia,2020-07-19,31,Deaths,0.0,1.0
27924,Latvia,2020-07-20,31,Deaths,0.0,0.0
27925,Latvia,2020-07-21,31,Deaths,0.0,0.0
27926,Latvia,2020-07-22,31,Deaths,0.0,0.0
27927,Latvia,2020-07-23,31,Deaths,0.0,0.0
27928,Latvia,2020-07-24,31,Deaths,0.0,0.0
27929,Latvia,2020-07-25,31,Deaths,0.0,0.0
27930,Latvia,2020-07-26,31,Deaths,0.0,0.0
27931,Latvia,2020-07-27,31,Deaths,0.0,0.0
27932,Latvia,2020-07-28,31,Deaths,0.0,0.0
27933,Latvia,2020-07-29,31,Deaths,0.0,0.0
27934,Latvia,2020-07-30,31,Deaths,0.0,0.0
27935,Latvia,2020-07-31,32,Deaths,1.0,1.0
27936,Latvia,2020-08-01,32,Deaths,0.0,1.0
27937,Latvia,2020-08-02,32,Deaths,0.0,1.0
27938,Latvia,2020-08-03,32,Deaths,0.0,1.0
27939,Latvia,2020-08-04,32,Deaths,0.0,1.0
27940,Latvia,2020-08-05,32,Deaths,0.0,1.0
27941,Latvia,2020-08-06,32,Deaths,0.0,1.0
27942,Latvia,2020-08-07,32,Deaths,0.0,0.0
27943,Latvia,2020-08-08,32,Deaths,0.0,0.0
27944,Latvia,2020-08-09,32,Deaths,0.0,0.0
27945,Latvia,2020-08-10,32,Deaths,0.0,0.0
27946,Latvia,2020-08-11,32,Deaths,0.0,0.0
27947,Latvia,2020-08-12,32,Deaths,0.0,0.0
27948,Latvia,2020-08-13,32,Deaths,0.0,0.0
27949,Latvia,2020-08-14,32,Deaths,0.0,0.0
27950,Latvia,2020-08-15,32,Deaths,0.0,0.0
27951,Latvia,2020-08-16,32,Deaths,0.0,0.0
27952,Latvia,2020-08-17,32,Deaths,0.0,0.0
27953,Latvia,2020-08-18,33,Deaths,1.0,1.0
27954,Latvia,2020-08-19,33,Deaths,0.0,1.0
27955,Latvia,2020-08-20,33,Deaths,0.0,1.0
27956,Latvia,2020-08-21,33,Deaths,0.0,1.0
27957,Latvia,2020-08-22,33,Deaths,0.0,1.0
27958,Latvia,2020-08-23,33,Deaths,0.0,1.0
27959,Latvia,2020-08-24,33,Deaths,0.0,1.0
27960,Latvia,2020-08-25,33,Deaths,0.0,0.0
27961,Latvia,2020-08-26,33,Deaths,0.0,0.0
27962,Latvia,2020-08-27,34,Deaths,1.0,1.0
27963,Latvia,2020-08-28,34,Deaths,0.0,1.0
27964,Latvia,2020-08-29,34,Deaths,0.0,1.0
27965,Latvia,2020-08-30,34,Deaths,0.0,1.0
27966,Latvia,2020-08-31,34,Deaths,0.0,1.0
27967,Latvia,2020-09-01,34,Deaths,0.0,1.0
27968,Latvia,2020-09-02,34,Deaths,0.0,1.0
27969,Latvia,2020-09-03,34,Deaths,0.0,0.0
27970,Latvia,2020-09-04,35,Deaths,1.0,1.0
27971,Latvia,2020-09-05,35,Deaths,0.0,1.0
27972,Latvia,2020-09-06,35,Deaths,0.0,1.0
27973,Latvia,2020-09-07,35,Deaths,0.0,1.0
27974,Latvia,2020-09-08,35,Deaths,0.0,1.0
27975,Latvia,2020-09-09,35,Deaths,0.0,1.0
27976,Latvia,2020-09-10,35,Deaths,0.0,1.0
27977,Latvia,2020-09-11,35,Deaths,0.0,0.0
27978,Latvia,2020-09-12,35,Deaths,0.0,0.0
27979,Latvia,2020-09-13,35,Deaths,0.0,0.0
27980,Latvia,2020-09-14,35,Deaths,0.0,0.0
27981,Latvia,2020-09-15,35,Deaths,0.0,0.0
27982,Latvia,2020-09-16,35,Deaths,0.0,0.0
27983,Latvia,2020-09-17,36,Deaths,1.0,1.0
27984,Latvia,2020-09-18,36,Deaths,0.0,1.0
27985,Latvia,2020-09-19,36,Deaths,0.0,1.0
27986,Latvia,2020-09-20,36,Deaths,0.0,1.0
27987,Latvia,2020-09-21,36,Deaths,0.0,1.0
27988,Latvia,2020-09-22,36,Deaths,0.0,1.0
27989,Latvia,2020-09-23,36,Deaths,0.0,1.0
27990,Latvia,2020-09-24,36,Deaths,0.0,0.0
27991,Latvia,2020-09-25,36,Deaths,0.0,0.0
27992,Latvia,2020-09-26,36,Deaths,0.0,0.0
27993,Latvia,2020-09-27,36,Deaths,0.0,0.0
27994,Latvia,2020-09-28,36,Deaths,0.0,0.0
27995,Latvia,2020-09-29,37,Deaths,1.0,1.0
27996,Latvia,2020-09-30,37,Deaths,0.0,1.0
27997,Latvia,2020-10-01,37,Deaths,0.0,1.0
27998,Latvia,2020-10-02,38,Deaths,1.0,2.0
27999,Latvia,2020-10-03,38,Deaths,0.0,2.0
28000,Latvia,2020-10-04,38,Deaths,0.0,2.0
28001,Latvia,2020-10-05,39,Deaths,1.0,3.0
28002,Latvia,2020-10-06,40,Deaths,1.0,3.0
28003,Latvia,2020-10-07,40,Deaths,0.0,3.0
28004,Latvia,2020-10-08,40,Deaths,0.0,3.0
28005,Latvia,2020-10-09,40,Deaths,0.0,2.0
28006,Latvia,2020-10-10,40,Deaths,0.0,2.0
28007,Latvia,2020-10-11,40,Deaths,0.0,2.0
28008,Latvia,2020-10-12,40,Deaths,0.0,1.0
28009,Latvia,2020-10-13,41,Deaths,1.0,1.0
28010,Latvia,2020-10-14,41,Deaths,0.0,1.0
28011,Latvia,2020-10-15,41,Deaths,0.0,1.0
28012,Latvia,2020-10-16,42,Deaths,1.0,2.0
28013,Latvia,2020-10-17,43,Deaths,1.0,3.0
28014,Latvia,2020-10-18,44,Deaths,1.0,4.0
28015,Latvia,2020-10-19,44,Deaths,0.0,4.0
28016,Latvia,2020-10-20,47,Deaths,3.0,6.0
28017,Latvia,2020-10-21,47,Deaths,0.0,6.0
28018,Latvia,2020-10-22,49,Deaths,2.0,8.0
28019,Latvia,2020-10-23,50,Deaths,1.0,8.0
28020,Latvia,2020-10-24,54,Deaths,4.0,11.0
28021,Latvia,2020-10-25,56,Deaths,2.0,12.0
28022,Latvia,2020-10-26,60,Deaths,4.0,16.0
28023,Latvia,2020-10-27,63,Deaths,3.0,16.0
28024,Latvia,2020-10-28,63,Deaths,0.0,16.0
28025,Latvia,2020-10-29,64,Deaths,1.0,15.0
28026,Latvia,2020-10-30,69,Deaths,5.0,19.0
28027,Latvia,2020-10-31,71,Deaths,2.0,17.0
28028,Latvia,2020-11-01,74,Deaths,3.0,18.0
28029,Latvia,2020-11-02,77,Deaths,3.0,17.0
28030,Latvia,2020-11-03,79,Deaths,2.0,16.0
28031,Latvia,2020-11-04,85,Deaths,6.0,22.0
28032,Latvia,2020-11-05,88,Deaths,3.0,24.0
28033,Lebanon,2020-01-22,0,Deaths,,
28034,Lebanon,2020-01-23,0,Deaths,0.0,
28035,Lebanon,2020-01-24,0,Deaths,0.0,
28036,Lebanon,2020-01-25,0,Deaths,0.0,
28037,Lebanon,2020-01-26,0,Deaths,0.0,
28038,Lebanon,2020-01-27,0,Deaths,0.0,
28039,Lebanon,2020-01-28,0,Deaths,0.0,
28040,Lebanon,2020-01-29,0,Deaths,0.0,0.0
28041,Lebanon,2020-01-30,0,Deaths,0.0,0.0
28042,Lebanon,2020-01-31,0,Deaths,0.0,0.0
28043,Lebanon,2020-02-01,0,Deaths,0.0,0.0
28044,Lebanon,2020-02-02,0,Deaths,0.0,0.0
28045,Lebanon,2020-02-03,0,Deaths,0.0,0.0
28046,Lebanon,2020-02-04,0,Deaths,0.0,0.0
28047,Lebanon,2020-02-05,0,Deaths,0.0,0.0
28048,Lebanon,2020-02-06,0,Deaths,0.0,0.0
28049,Lebanon,2020-02-07,0,Deaths,0.0,0.0
28050,Lebanon,2020-02-08,0,Deaths,0.0,0.0
28051,Lebanon,2020-02-09,0,Deaths,0.0,0.0
28052,Lebanon,2020-02-10,0,Deaths,0.0,0.0
28053,Lebanon,2020-02-11,0,Deaths,0.0,0.0
28054,Lebanon,2020-02-12,0,Deaths,0.0,0.0
28055,Lebanon,2020-02-13,0,Deaths,0.0,0.0
28056,Lebanon,2020-02-14,0,Deaths,0.0,0.0
28057,Lebanon,2020-02-15,0,Deaths,0.0,0.0
28058,Lebanon,2020-02-16,0,Deaths,0.0,0.0
28059,Lebanon,2020-02-17,0,Deaths,0.0,0.0
28060,Lebanon,2020-02-18,0,Deaths,0.0,0.0
28061,Lebanon,2020-02-19,0,Deaths,0.0,0.0
28062,Lebanon,2020-02-20,0,Deaths,0.0,0.0
28063,Lebanon,2020-02-21,0,Deaths,0.0,0.0
28064,Lebanon,2020-02-22,0,Deaths,0.0,0.0
28065,Lebanon,2020-02-23,0,Deaths,0.0,0.0
28066,Lebanon,2020-02-24,0,Deaths,0.0,0.0
28067,Lebanon,2020-02-25,0,Deaths,0.0,0.0
28068,Lebanon,2020-02-26,0,Deaths,0.0,0.0
28069,Lebanon,2020-02-27,0,Deaths,0.0,0.0
28070,Lebanon,2020-02-28,0,Deaths,0.0,0.0
28071,Lebanon,2020-02-29,0,Deaths,0.0,0.0
28072,Lebanon,2020-03-01,0,Deaths,0.0,0.0
28073,Lebanon,2020-03-02,0,Deaths,0.0,0.0
28074,Lebanon,2020-03-03,0,Deaths,0.0,0.0
28075,Lebanon,2020-03-04,0,Deaths,0.0,0.0
28076,Lebanon,2020-03-05,0,Deaths,0.0,0.0
28077,Lebanon,2020-03-06,0,Deaths,0.0,0.0
28078,Lebanon,2020-03-07,0,Deaths,0.0,0.0
28079,Lebanon,2020-03-08,0,Deaths,0.0,0.0
28080,Lebanon,2020-03-09,0,Deaths,0.0,0.0
28081,Lebanon,2020-03-10,1,Deaths,1.0,1.0
28082,Lebanon,2020-03-11,3,Deaths,2.0,3.0
28083,Lebanon,2020-03-12,3,Deaths,0.0,3.0
28084,Lebanon,2020-03-13,3,Deaths,0.0,3.0
28085,Lebanon,2020-03-14,3,Deaths,0.0,3.0
28086,Lebanon,2020-03-15,3,Deaths,0.0,3.0
28087,Lebanon,2020-03-16,3,Deaths,0.0,3.0
28088,Lebanon,2020-03-17,3,Deaths,0.0,2.0
28089,Lebanon,2020-03-18,3,Deaths,0.0,0.0
28090,Lebanon,2020-03-19,4,Deaths,1.0,1.0
28091,Lebanon,2020-03-20,4,Deaths,0.0,1.0
28092,Lebanon,2020-03-21,4,Deaths,0.0,1.0
28093,Lebanon,2020-03-22,4,Deaths,0.0,1.0
28094,Lebanon,2020-03-23,4,Deaths,0.0,1.0
28095,Lebanon,2020-03-24,4,Deaths,0.0,1.0
28096,Lebanon,2020-03-25,6,Deaths,2.0,3.0
28097,Lebanon,2020-03-26,6,Deaths,0.0,2.0
28098,Lebanon,2020-03-27,8,Deaths,2.0,4.0
28099,Lebanon,2020-03-28,8,Deaths,0.0,4.0
28100,Lebanon,2020-03-29,10,Deaths,2.0,6.0
28101,Lebanon,2020-03-30,11,Deaths,1.0,7.0
28102,Lebanon,2020-03-31,12,Deaths,1.0,8.0
28103,Lebanon,2020-04-01,14,Deaths,2.0,8.0
28104,Lebanon,2020-04-02,16,Deaths,2.0,10.0
28105,Lebanon,2020-04-03,17,Deaths,1.0,9.0
28106,Lebanon,2020-04-04,17,Deaths,0.0,9.0
28107,Lebanon,2020-04-05,18,Deaths,1.0,8.0
28108,Lebanon,2020-04-06,19,Deaths,1.0,8.0
28109,Lebanon,2020-04-07,19,Deaths,0.0,7.0
28110,Lebanon,2020-04-08,19,Deaths,0.0,5.0
28111,Lebanon,2020-04-09,19,Deaths,0.0,3.0
28112,Lebanon,2020-04-10,20,Deaths,1.0,3.0
28113,Lebanon,2020-04-11,20,Deaths,0.0,3.0
28114,Lebanon,2020-04-12,20,Deaths,0.0,2.0
28115,Lebanon,2020-04-13,20,Deaths,0.0,1.0
28116,Lebanon,2020-04-14,21,Deaths,1.0,2.0
28117,Lebanon,2020-04-15,21,Deaths,0.0,2.0
28118,Lebanon,2020-04-16,21,Deaths,0.0,2.0
28119,Lebanon,2020-04-17,21,Deaths,0.0,1.0
28120,Lebanon,2020-04-18,21,Deaths,0.0,1.0
28121,Lebanon,2020-04-19,21,Deaths,0.0,1.0
28122,Lebanon,2020-04-20,21,Deaths,0.0,1.0
28123,Lebanon,2020-04-21,21,Deaths,0.0,0.0
28124,Lebanon,2020-04-22,22,Deaths,1.0,1.0
28125,Lebanon,2020-04-23,22,Deaths,0.0,1.0
28126,Lebanon,2020-04-24,22,Deaths,0.0,1.0
28127,Lebanon,2020-04-25,24,Deaths,2.0,3.0
28128,Lebanon,2020-04-26,24,Deaths,0.0,3.0
28129,Lebanon,2020-04-27,24,Deaths,0.0,3.0
28130,Lebanon,2020-04-28,24,Deaths,0.0,3.0
28131,Lebanon,2020-04-29,24,Deaths,0.0,2.0
28132,Lebanon,2020-04-30,24,Deaths,0.0,2.0
28133,Lebanon,2020-05-01,24,Deaths,0.0,2.0
28134,Lebanon,2020-05-02,25,Deaths,1.0,1.0
28135,Lebanon,2020-05-03,25,Deaths,0.0,1.0
28136,Lebanon,2020-05-04,25,Deaths,0.0,1.0
28137,Lebanon,2020-05-05,25,Deaths,0.0,1.0
28138,Lebanon,2020-05-06,25,Deaths,0.0,1.0
28139,Lebanon,2020-05-07,25,Deaths,0.0,1.0
28140,Lebanon,2020-05-08,26,Deaths,1.0,2.0
28141,Lebanon,2020-05-09,26,Deaths,0.0,1.0
28142,Lebanon,2020-05-10,26,Deaths,0.0,1.0
28143,Lebanon,2020-05-11,26,Deaths,0.0,1.0
28144,Lebanon,2020-05-12,26,Deaths,0.0,1.0
28145,Lebanon,2020-05-13,26,Deaths,0.0,1.0
28146,Lebanon,2020-05-14,26,Deaths,0.0,1.0
28147,Lebanon,2020-05-15,26,Deaths,0.0,0.0
28148,Lebanon,2020-05-16,26,Deaths,0.0,0.0
28149,Lebanon,2020-05-17,26,Deaths,0.0,0.0
28150,Lebanon,2020-05-18,26,Deaths,0.0,0.0
28151,Lebanon,2020-05-19,26,Deaths,0.0,0.0
28152,Lebanon,2020-05-20,26,Deaths,0.0,0.0
28153,Lebanon,2020-05-21,26,Deaths,0.0,0.0
28154,Lebanon,2020-05-22,26,Deaths,0.0,0.0
28155,Lebanon,2020-05-23,26,Deaths,0.0,0.0
28156,Lebanon,2020-05-24,26,Deaths,0.0,0.0
28157,Lebanon,2020-05-25,26,Deaths,0.0,0.0
28158,Lebanon,2020-05-26,26,Deaths,0.0,0.0
28159,Lebanon,2020-05-27,26,Deaths,0.0,0.0
28160,Lebanon,2020-05-28,26,Deaths,0.0,0.0
28161,Lebanon,2020-05-29,26,Deaths,0.0,0.0
28162,Lebanon,2020-05-30,26,Deaths,0.0,0.0
28163,Lebanon,2020-05-31,27,Deaths,1.0,1.0
28164,Lebanon,2020-06-01,27,Deaths,0.0,1.0
28165,Lebanon,2020-06-02,27,Deaths,0.0,1.0
28166,Lebanon,2020-06-03,27,Deaths,0.0,1.0
28167,Lebanon,2020-06-04,28,Deaths,1.0,2.0
28168,Lebanon,2020-06-05,28,Deaths,0.0,2.0
28169,Lebanon,2020-06-06,29,Deaths,1.0,3.0
28170,Lebanon,2020-06-07,30,Deaths,1.0,3.0
28171,Lebanon,2020-06-08,30,Deaths,0.0,3.0
28172,Lebanon,2020-06-09,30,Deaths,0.0,3.0
28173,Lebanon,2020-06-10,30,Deaths,0.0,3.0
28174,Lebanon,2020-06-11,31,Deaths,1.0,3.0
28175,Lebanon,2020-06-12,31,Deaths,0.0,3.0
28176,Lebanon,2020-06-13,32,Deaths,1.0,3.0
28177,Lebanon,2020-06-14,32,Deaths,0.0,2.0
28178,Lebanon,2020-06-15,32,Deaths,0.0,2.0
28179,Lebanon,2020-06-16,32,Deaths,0.0,2.0
28180,Lebanon,2020-06-17,32,Deaths,0.0,2.0
28181,Lebanon,2020-06-18,32,Deaths,0.0,1.0
28182,Lebanon,2020-06-19,32,Deaths,0.0,1.0
28183,Lebanon,2020-06-20,32,Deaths,0.0,0.0
28184,Lebanon,2020-06-21,32,Deaths,0.0,0.0
28185,Lebanon,2020-06-22,32,Deaths,0.0,0.0
28186,Lebanon,2020-06-23,32,Deaths,0.0,0.0
28187,Lebanon,2020-06-24,33,Deaths,1.0,1.0
28188,Lebanon,2020-06-25,33,Deaths,0.0,1.0
28189,Lebanon,2020-06-26,33,Deaths,0.0,1.0
28190,Lebanon,2020-06-27,33,Deaths,0.0,1.0
28191,Lebanon,2020-06-28,34,Deaths,1.0,2.0
28192,Lebanon,2020-06-29,34,Deaths,0.0,2.0
28193,Lebanon,2020-06-30,34,Deaths,0.0,2.0
28194,Lebanon,2020-07-01,34,Deaths,0.0,1.0
28195,Lebanon,2020-07-02,35,Deaths,1.0,2.0
28196,Lebanon,2020-07-03,35,Deaths,0.0,2.0
28197,Lebanon,2020-07-04,35,Deaths,0.0,2.0
28198,Lebanon,2020-07-05,36,Deaths,1.0,2.0
28199,Lebanon,2020-07-06,36,Deaths,0.0,2.0
28200,Lebanon,2020-07-07,36,Deaths,0.0,2.0
28201,Lebanon,2020-07-08,36,Deaths,0.0,2.0
28202,Lebanon,2020-07-09,36,Deaths,0.0,1.0
28203,Lebanon,2020-07-10,36,Deaths,0.0,1.0
28204,Lebanon,2020-07-11,36,Deaths,0.0,1.0
28205,Lebanon,2020-07-12,36,Deaths,0.0,0.0
28206,Lebanon,2020-07-13,36,Deaths,0.0,0.0
28207,Lebanon,2020-07-14,37,Deaths,1.0,1.0
28208,Lebanon,2020-07-15,38,Deaths,1.0,2.0
28209,Lebanon,2020-07-16,40,Deaths,2.0,4.0
28210,Lebanon,2020-07-17,40,Deaths,0.0,4.0
28211,Lebanon,2020-07-18,40,Deaths,0.0,4.0
28212,Lebanon,2020-07-19,40,Deaths,0.0,4.0
28213,Lebanon,2020-07-20,41,Deaths,1.0,5.0
28214,Lebanon,2020-07-21,41,Deaths,0.0,4.0
28215,Lebanon,2020-07-22,43,Deaths,2.0,5.0
28216,Lebanon,2020-07-23,43,Deaths,0.0,3.0
28217,Lebanon,2020-07-24,46,Deaths,3.0,6.0
28218,Lebanon,2020-07-25,47,Deaths,1.0,7.0
28219,Lebanon,2020-07-26,51,Deaths,4.0,11.0
28220,Lebanon,2020-07-27,51,Deaths,0.0,10.0
28221,Lebanon,2020-07-28,54,Deaths,3.0,13.0
28222,Lebanon,2020-07-29,55,Deaths,1.0,12.0
28223,Lebanon,2020-07-30,57,Deaths,2.0,14.0
28224,Lebanon,2020-07-31,61,Deaths,4.0,15.0
28225,Lebanon,2020-08-01,61,Deaths,0.0,14.0
28226,Lebanon,2020-08-02,62,Deaths,1.0,11.0
28227,Lebanon,2020-08-03,65,Deaths,3.0,14.0
28228,Lebanon,2020-08-04,65,Deaths,0.0,11.0
28229,Lebanon,2020-08-05,68,Deaths,3.0,13.0
28230,Lebanon,2020-08-06,70,Deaths,2.0,13.0
28231,Lebanon,2020-08-07,70,Deaths,0.0,9.0
28232,Lebanon,2020-08-08,78,Deaths,8.0,17.0
28233,Lebanon,2020-08-09,78,Deaths,0.0,16.0
28234,Lebanon,2020-08-10,80,Deaths,2.0,15.0
28235,Lebanon,2020-08-11,87,Deaths,7.0,22.0
28236,Lebanon,2020-08-12,89,Deaths,2.0,21.0
28237,Lebanon,2020-08-13,92,Deaths,3.0,22.0
28238,Lebanon,2020-08-14,94,Deaths,2.0,24.0
28239,Lebanon,2020-08-15,97,Deaths,3.0,19.0
28240,Lebanon,2020-08-16,103,Deaths,6.0,25.0
28241,Lebanon,2020-08-17,105,Deaths,2.0,25.0
28242,Lebanon,2020-08-18,107,Deaths,2.0,20.0
28243,Lebanon,2020-08-19,109,Deaths,2.0,20.0
28244,Lebanon,2020-08-20,113,Deaths,4.0,21.0
28245,Lebanon,2020-08-21,116,Deaths,3.0,22.0
28246,Lebanon,2020-08-22,121,Deaths,5.0,24.0
28247,Lebanon,2020-08-23,123,Deaths,2.0,20.0
28248,Lebanon,2020-08-24,126,Deaths,3.0,21.0
28249,Lebanon,2020-08-25,138,Deaths,12.0,31.0
28250,Lebanon,2020-08-26,139,Deaths,1.0,30.0
28251,Lebanon,2020-08-27,146,Deaths,7.0,33.0
28252,Lebanon,2020-08-28,148,Deaths,2.0,32.0
28253,Lebanon,2020-08-29,155,Deaths,7.0,34.0
28254,Lebanon,2020-08-30,160,Deaths,5.0,37.0
28255,Lebanon,2020-08-31,167,Deaths,7.0,41.0
28256,Lebanon,2020-09-01,171,Deaths,4.0,33.0
28257,Lebanon,2020-09-02,177,Deaths,6.0,38.0
28258,Lebanon,2020-09-03,179,Deaths,2.0,33.0
28259,Lebanon,2020-09-04,183,Deaths,4.0,35.0
28260,Lebanon,2020-09-05,187,Deaths,4.0,32.0
28261,Lebanon,2020-09-06,191,Deaths,4.0,31.0
28262,Lebanon,2020-09-07,200,Deaths,9.0,33.0
28263,Lebanon,2020-09-08,207,Deaths,7.0,36.0
28264,Lebanon,2020-09-09,212,Deaths,5.0,35.0
28265,Lebanon,2020-09-10,219,Deaths,7.0,40.0
28266,Lebanon,2020-09-11,229,Deaths,10.0,46.0
28267,Lebanon,2020-09-12,239,Deaths,10.0,52.0
28268,Lebanon,2020-09-13,241,Deaths,2.0,50.0
28269,Lebanon,2020-09-14,246,Deaths,5.0,46.0
28270,Lebanon,2020-09-15,252,Deaths,6.0,45.0
28271,Lebanon,2020-09-16,259,Deaths,7.0,47.0
28272,Lebanon,2020-09-17,263,Deaths,4.0,44.0
28273,Lebanon,2020-09-18,281,Deaths,18.0,52.0
28274,Lebanon,2020-09-19,286,Deaths,5.0,47.0
28275,Lebanon,2020-09-20,297,Deaths,11.0,56.0
28276,Lebanon,2020-09-21,307,Deaths,10.0,61.0
28277,Lebanon,2020-09-22,315,Deaths,8.0,63.0
28278,Lebanon,2020-09-23,328,Deaths,13.0,69.0
28279,Lebanon,2020-09-24,329,Deaths,1.0,66.0
28280,Lebanon,2020-09-25,333,Deaths,4.0,52.0
28281,Lebanon,2020-09-26,340,Deaths,7.0,54.0
28282,Lebanon,2020-09-27,347,Deaths,7.0,50.0
28283,Lebanon,2020-09-28,351,Deaths,4.0,44.0
28284,Lebanon,2020-09-29,361,Deaths,10.0,46.0
28285,Lebanon,2020-09-30,367,Deaths,6.0,39.0
28286,Lebanon,2020-10-01,374,Deaths,7.0,45.0
28287,Lebanon,2020-10-02,386,Deaths,12.0,53.0
28288,Lebanon,2020-10-03,398,Deaths,12.0,58.0
28289,Lebanon,2020-10-04,406,Deaths,8.0,59.0
28290,Lebanon,2020-10-05,414,Deaths,8.0,63.0
28291,Lebanon,2020-10-06,424,Deaths,10.0,63.0
28292,Lebanon,2020-10-07,433,Deaths,9.0,66.0
28293,Lebanon,2020-10-08,439,Deaths,6.0,65.0
28294,Lebanon,2020-10-09,450,Deaths,11.0,64.0
28295,Lebanon,2020-10-10,455,Deaths,5.0,57.0
28296,Lebanon,2020-10-11,459,Deaths,4.0,53.0
28297,Lebanon,2020-10-12,466,Deaths,7.0,52.0
28298,Lebanon,2020-10-13,479,Deaths,13.0,55.0
28299,Lebanon,2020-10-14,499,Deaths,20.0,66.0
28300,Lebanon,2020-10-15,501,Deaths,2.0,62.0
28301,Lebanon,2020-10-16,509,Deaths,8.0,59.0
28302,Lebanon,2020-10-17,517,Deaths,8.0,62.0
28303,Lebanon,2020-10-18,520,Deaths,3.0,61.0
28304,Lebanon,2020-10-19,526,Deaths,6.0,60.0
28305,Lebanon,2020-10-20,531,Deaths,5.0,52.0
28306,Lebanon,2020-10-21,536,Deaths,5.0,37.0
28307,Lebanon,2020-10-22,552,Deaths,16.0,51.0
28308,Lebanon,2020-10-23,559,Deaths,7.0,50.0
28309,Lebanon,2020-10-24,562,Deaths,3.0,45.0
28310,Lebanon,2020-10-25,565,Deaths,3.0,45.0
28311,Lebanon,2020-10-26,579,Deaths,14.0,53.0
28312,Lebanon,2020-10-27,590,Deaths,11.0,59.0
28313,Lebanon,2020-10-28,602,Deaths,12.0,66.0
28314,Lebanon,2020-10-29,610,Deaths,8.0,58.0
28315,Lebanon,2020-10-30,625,Deaths,15.0,66.0
28316,Lebanon,2020-10-31,637,Deaths,12.0,75.0
28317,Lebanon,2020-11-01,643,Deaths,6.0,78.0
28318,Lebanon,2020-11-02,652,Deaths,9.0,73.0
28319,Lebanon,2020-11-03,667,Deaths,15.0,77.0
28320,Lebanon,2020-11-04,676,Deaths,9.0,74.0
28321,Lebanon,2020-11-05,683,Deaths,7.0,73.0
28322,Lesotho,2020-01-22,0,Deaths,,
28323,Lesotho,2020-01-23,0,Deaths,0.0,
28324,Lesotho,2020-01-24,0,Deaths,0.0,
28325,Lesotho,2020-01-25,0,Deaths,0.0,
28326,Lesotho,2020-01-26,0,Deaths,0.0,
28327,Lesotho,2020-01-27,0,Deaths,0.0,
28328,Lesotho,2020-01-28,0,Deaths,0.0,
28329,Lesotho,2020-01-29,0,Deaths,0.0,0.0
28330,Lesotho,2020-01-30,0,Deaths,0.0,0.0
28331,Lesotho,2020-01-31,0,Deaths,0.0,0.0
28332,Lesotho,2020-02-01,0,Deaths,0.0,0.0
28333,Lesotho,2020-02-02,0,Deaths,0.0,0.0
28334,Lesotho,2020-02-03,0,Deaths,0.0,0.0
28335,Lesotho,2020-02-04,0,Deaths,0.0,0.0
28336,Lesotho,2020-02-05,0,Deaths,0.0,0.0
28337,Lesotho,2020-02-06,0,Deaths,0.0,0.0
28338,Lesotho,2020-02-07,0,Deaths,0.0,0.0
28339,Lesotho,2020-02-08,0,Deaths,0.0,0.0
28340,Lesotho,2020-02-09,0,Deaths,0.0,0.0
28341,Lesotho,2020-02-10,0,Deaths,0.0,0.0
28342,Lesotho,2020-02-11,0,Deaths,0.0,0.0
28343,Lesotho,2020-02-12,0,Deaths,0.0,0.0
28344,Lesotho,2020-02-13,0,Deaths,0.0,0.0
28345,Lesotho,2020-02-14,0,Deaths,0.0,0.0
28346,Lesotho,2020-02-15,0,Deaths,0.0,0.0
28347,Lesotho,2020-02-16,0,Deaths,0.0,0.0
28348,Lesotho,2020-02-17,0,Deaths,0.0,0.0
28349,Lesotho,2020-02-18,0,Deaths,0.0,0.0
28350,Lesotho,2020-02-19,0,Deaths,0.0,0.0
28351,Lesotho,2020-02-20,0,Deaths,0.0,0.0
28352,Lesotho,2020-02-21,0,Deaths,0.0,0.0
28353,Lesotho,2020-02-22,0,Deaths,0.0,0.0
28354,Lesotho,2020-02-23,0,Deaths,0.0,0.0
28355,Lesotho,2020-02-24,0,Deaths,0.0,0.0
28356,Lesotho,2020-02-25,0,Deaths,0.0,0.0
28357,Lesotho,2020-02-26,0,Deaths,0.0,0.0
28358,Lesotho,2020-02-27,0,Deaths,0.0,0.0
28359,Lesotho,2020-02-28,0,Deaths,0.0,0.0
28360,Lesotho,2020-02-29,0,Deaths,0.0,0.0
28361,Lesotho,2020-03-01,0,Deaths,0.0,0.0
28362,Lesotho,2020-03-02,0,Deaths,0.0,0.0
28363,Lesotho,2020-03-03,0,Deaths,0.0,0.0
28364,Lesotho,2020-03-04,0,Deaths,0.0,0.0
28365,Lesotho,2020-03-05,0,Deaths,0.0,0.0
28366,Lesotho,2020-03-06,0,Deaths,0.0,0.0
28367,Lesotho,2020-03-07,0,Deaths,0.0,0.0
28368,Lesotho,2020-03-08,0,Deaths,0.0,0.0
28369,Lesotho,2020-03-09,0,Deaths,0.0,0.0
28370,Lesotho,2020-03-10,0,Deaths,0.0,0.0
28371,Lesotho,2020-03-11,0,Deaths,0.0,0.0
28372,Lesotho,2020-03-12,0,Deaths,0.0,0.0
28373,Lesotho,2020-03-13,0,Deaths,0.0,0.0
28374,Lesotho,2020-03-14,0,Deaths,0.0,0.0
28375,Lesotho,2020-03-15,0,Deaths,0.0,0.0
28376,Lesotho,2020-03-16,0,Deaths,0.0,0.0
28377,Lesotho,2020-03-17,0,Deaths,0.0,0.0
28378,Lesotho,2020-03-18,0,Deaths,0.0,0.0
28379,Lesotho,2020-03-19,0,Deaths,0.0,0.0
28380,Lesotho,2020-03-20,0,Deaths,0.0,0.0
28381,Lesotho,2020-03-21,0,Deaths,0.0,0.0
28382,Lesotho,2020-03-22,0,Deaths,0.0,0.0
28383,Lesotho,2020-03-23,0,Deaths,0.0,0.0
28384,Lesotho,2020-03-24,0,Deaths,0.0,0.0
28385,Lesotho,2020-03-25,0,Deaths,0.0,0.0
28386,Lesotho,2020-03-26,0,Deaths,0.0,0.0
28387,Lesotho,2020-03-27,0,Deaths,0.0,0.0
28388,Lesotho,2020-03-28,0,Deaths,0.0,0.0
28389,Lesotho,2020-03-29,0,Deaths,0.0,0.0
28390,Lesotho,2020-03-30,0,Deaths,0.0,0.0
28391,Lesotho,2020-03-31,0,Deaths,0.0,0.0
28392,Lesotho,2020-04-01,0,Deaths,0.0,0.0
28393,Lesotho,2020-04-02,0,Deaths,0.0,0.0
28394,Lesotho,2020-04-03,0,Deaths,0.0,0.0
28395,Lesotho,2020-04-04,0,Deaths,0.0,0.0
28396,Lesotho,2020-04-05,0,Deaths,0.0,0.0
28397,Lesotho,2020-04-06,0,Deaths,0.0,0.0
28398,Lesotho,2020-04-07,0,Deaths,0.0,0.0
28399,Lesotho,2020-04-08,0,Deaths,0.0,0.0
28400,Lesotho,2020-04-09,0,Deaths,0.0,0.0
28401,Lesotho,2020-04-10,0,Deaths,0.0,0.0
28402,Lesotho,2020-04-11,0,Deaths,0.0,0.0
28403,Lesotho,2020-04-12,0,Deaths,0.0,0.0
28404,Lesotho,2020-04-13,0,Deaths,0.0,0.0
28405,Lesotho,2020-04-14,0,Deaths,0.0,0.0
28406,Lesotho,2020-04-15,0,Deaths,0.0,0.0
28407,Lesotho,2020-04-16,0,Deaths,0.0,0.0
28408,Lesotho,2020-04-17,0,Deaths,0.0,0.0
28409,Lesotho,2020-04-18,0,Deaths,0.0,0.0
28410,Lesotho,2020-04-19,0,Deaths,0.0,0.0
28411,Lesotho,2020-04-20,0,Deaths,0.0,0.0
28412,Lesotho,2020-04-21,0,Deaths,0.0,0.0
28413,Lesotho,2020-04-22,0,Deaths,0.0,0.0
28414,Lesotho,2020-04-23,0,Deaths,0.0,0.0
28415,Lesotho,2020-04-24,0,Deaths,0.0,0.0
28416,Lesotho,2020-04-25,0,Deaths,0.0,0.0
28417,Lesotho,2020-04-26,0,Deaths,0.0,0.0
28418,Lesotho,2020-04-27,0,Deaths,0.0,0.0
28419,Lesotho,2020-04-28,0,Deaths,0.0,0.0
28420,Lesotho,2020-04-29,0,Deaths,0.0,0.0
28421,Lesotho,2020-04-30,0,Deaths,0.0,0.0
28422,Lesotho,2020-05-01,0,Deaths,0.0,0.0
28423,Lesotho,2020-05-02,0,Deaths,0.0,0.0
28424,Lesotho,2020-05-03,0,Deaths,0.0,0.0
28425,Lesotho,2020-05-04,0,Deaths,0.0,0.0
28426,Lesotho,2020-05-05,0,Deaths,0.0,0.0
28427,Lesotho,2020-05-06,0,Deaths,0.0,0.0
28428,Lesotho,2020-05-07,0,Deaths,0.0,0.0
28429,Lesotho,2020-05-08,0,Deaths,0.0,0.0
28430,Lesotho,2020-05-09,0,Deaths,0.0,0.0
28431,Lesotho,2020-05-10,0,Deaths,0.0,0.0
28432,Lesotho,2020-05-11,0,Deaths,0.0,0.0
28433,Lesotho,2020-05-12,0,Deaths,0.0,0.0
28434,Lesotho,2020-05-13,0,Deaths,0.0,0.0
28435,Lesotho,2020-05-14,0,Deaths,0.0,0.0
28436,Lesotho,2020-05-15,0,Deaths,0.0,0.0
28437,Lesotho,2020-05-16,0,Deaths,0.0,0.0
28438,Lesotho,2020-05-17,0,Deaths,0.0,0.0
28439,Lesotho,2020-05-18,0,Deaths,0.0,0.0
28440,Lesotho,2020-05-19,0,Deaths,0.0,0.0
28441,Lesotho,2020-05-20,0,Deaths,0.0,0.0
28442,Lesotho,2020-05-21,0,Deaths,0.0,0.0
28443,Lesotho,2020-05-22,0,Deaths,0.0,0.0
28444,Lesotho,2020-05-23,0,Deaths,0.0,0.0
28445,Lesotho,2020-05-24,0,Deaths,0.0,0.0
28446,Lesotho,2020-05-25,0,Deaths,0.0,0.0
28447,Lesotho,2020-05-26,0,Deaths,0.0,0.0
28448,Lesotho,2020-05-27,0,Deaths,0.0,0.0
28449,Lesotho,2020-05-28,0,Deaths,0.0,0.0
28450,Lesotho,2020-05-29,0,Deaths,0.0,0.0
28451,Lesotho,2020-05-30,0,Deaths,0.0,0.0
28452,Lesotho,2020-05-31,0,Deaths,0.0,0.0
28453,Lesotho,2020-06-01,0,Deaths,0.0,0.0
28454,Lesotho,2020-06-02,0,Deaths,0.0,0.0
28455,Lesotho,2020-06-03,0,Deaths,0.0,0.0
28456,Lesotho,2020-06-04,0,Deaths,0.0,0.0
28457,Lesotho,2020-06-05,0,Deaths,0.0,0.0
28458,Lesotho,2020-06-06,0,Deaths,0.0,0.0
28459,Lesotho,2020-06-07,0,Deaths,0.0,0.0
28460,Lesotho,2020-06-08,0,Deaths,0.0,0.0
28461,Lesotho,2020-06-09,0,Deaths,0.0,0.0
28462,Lesotho,2020-06-10,0,Deaths,0.0,0.0
28463,Lesotho,2020-06-11,0,Deaths,0.0,0.0
28464,Lesotho,2020-06-12,0,Deaths,0.0,0.0
28465,Lesotho,2020-06-13,0,Deaths,0.0,0.0
28466,Lesotho,2020-06-14,0,Deaths,0.0,0.0
28467,Lesotho,2020-06-15,0,Deaths,0.0,0.0
28468,Lesotho,2020-06-16,0,Deaths,0.0,0.0
28469,Lesotho,2020-06-17,0,Deaths,0.0,0.0
28470,Lesotho,2020-06-18,0,Deaths,0.0,0.0
28471,Lesotho,2020-06-19,0,Deaths,0.0,0.0
28472,Lesotho,2020-06-20,0,Deaths,0.0,0.0
28473,Lesotho,2020-06-21,0,Deaths,0.0,0.0
28474,Lesotho,2020-06-22,0,Deaths,0.0,0.0
28475,Lesotho,2020-06-23,0,Deaths,0.0,0.0
28476,Lesotho,2020-06-24,0,Deaths,0.0,0.0
28477,Lesotho,2020-06-25,0,Deaths,0.0,0.0
28478,Lesotho,2020-06-26,0,Deaths,0.0,0.0
28479,Lesotho,2020-06-27,0,Deaths,0.0,0.0
28480,Lesotho,2020-06-28,0,Deaths,0.0,0.0
28481,Lesotho,2020-06-29,0,Deaths,0.0,0.0
28482,Lesotho,2020-06-30,0,Deaths,0.0,0.0
28483,Lesotho,2020-07-01,0,Deaths,0.0,0.0
28484,Lesotho,2020-07-02,0,Deaths,0.0,0.0
28485,Lesotho,2020-07-03,0,Deaths,0.0,0.0
28486,Lesotho,2020-07-04,0,Deaths,0.0,0.0
28487,Lesotho,2020-07-05,0,Deaths,0.0,0.0
28488,Lesotho,2020-07-06,0,Deaths,0.0,0.0
28489,Lesotho,2020-07-07,0,Deaths,0.0,0.0
28490,Lesotho,2020-07-08,0,Deaths,0.0,0.0
28491,Lesotho,2020-07-09,1,Deaths,1.0,1.0
28492,Lesotho,2020-07-10,1,Deaths,0.0,1.0
28493,Lesotho,2020-07-11,1,Deaths,0.0,1.0
28494,Lesotho,2020-07-12,2,Deaths,1.0,2.0
28495,Lesotho,2020-07-13,3,Deaths,1.0,3.0
28496,Lesotho,2020-07-14,3,Deaths,0.0,3.0
28497,Lesotho,2020-07-15,3,Deaths,0.0,3.0
28498,Lesotho,2020-07-16,3,Deaths,0.0,2.0
28499,Lesotho,2020-07-17,6,Deaths,3.0,5.0
28500,Lesotho,2020-07-18,6,Deaths,0.0,5.0
28501,Lesotho,2020-07-19,6,Deaths,0.0,4.0
28502,Lesotho,2020-07-20,6,Deaths,0.0,3.0
28503,Lesotho,2020-07-21,6,Deaths,0.0,3.0
28504,Lesotho,2020-07-22,6,Deaths,0.0,3.0
28505,Lesotho,2020-07-23,6,Deaths,0.0,3.0
28506,Lesotho,2020-07-24,6,Deaths,0.0,0.0
28507,Lesotho,2020-07-25,9,Deaths,3.0,3.0
28508,Lesotho,2020-07-26,12,Deaths,3.0,6.0
28509,Lesotho,2020-07-27,12,Deaths,0.0,6.0
28510,Lesotho,2020-07-28,12,Deaths,0.0,6.0
28511,Lesotho,2020-07-29,13,Deaths,1.0,7.0
28512,Lesotho,2020-07-30,13,Deaths,0.0,7.0
28513,Lesotho,2020-07-31,13,Deaths,0.0,7.0
28514,Lesotho,2020-08-01,14,Deaths,1.0,5.0
28515,Lesotho,2020-08-02,19,Deaths,5.0,7.0
28516,Lesotho,2020-08-03,19,Deaths,0.0,7.0
28517,Lesotho,2020-08-04,21,Deaths,2.0,9.0
28518,Lesotho,2020-08-05,21,Deaths,0.0,8.0
28519,Lesotho,2020-08-06,23,Deaths,2.0,10.0
28520,Lesotho,2020-08-07,23,Deaths,0.0,10.0
28521,Lesotho,2020-08-08,23,Deaths,0.0,9.0
28522,Lesotho,2020-08-09,23,Deaths,0.0,4.0
28523,Lesotho,2020-08-10,24,Deaths,1.0,5.0
28524,Lesotho,2020-08-11,24,Deaths,0.0,3.0
28525,Lesotho,2020-08-12,24,Deaths,0.0,3.0
28526,Lesotho,2020-08-13,25,Deaths,1.0,2.0
28527,Lesotho,2020-08-14,25,Deaths,0.0,2.0
28528,Lesotho,2020-08-15,25,Deaths,0.0,2.0
28529,Lesotho,2020-08-16,25,Deaths,0.0,2.0
28530,Lesotho,2020-08-17,30,Deaths,5.0,6.0
28531,Lesotho,2020-08-18,30,Deaths,0.0,6.0
28532,Lesotho,2020-08-19,30,Deaths,0.0,6.0
28533,Lesotho,2020-08-20,30,Deaths,0.0,5.0
28534,Lesotho,2020-08-21,30,Deaths,0.0,5.0
28535,Lesotho,2020-08-22,30,Deaths,0.0,5.0
28536,Lesotho,2020-08-23,30,Deaths,0.0,5.0
28537,Lesotho,2020-08-24,30,Deaths,0.0,0.0
28538,Lesotho,2020-08-25,30,Deaths,0.0,0.0
28539,Lesotho,2020-08-26,31,Deaths,1.0,1.0
28540,Lesotho,2020-08-27,31,Deaths,0.0,1.0
28541,Lesotho,2020-08-28,31,Deaths,0.0,1.0
28542,Lesotho,2020-08-29,31,Deaths,0.0,1.0
28543,Lesotho,2020-08-30,31,Deaths,0.0,1.0
28544,Lesotho,2020-08-31,31,Deaths,0.0,1.0
28545,Lesotho,2020-09-01,31,Deaths,0.0,1.0
28546,Lesotho,2020-09-02,31,Deaths,0.0,0.0
28547,Lesotho,2020-09-03,31,Deaths,0.0,0.0
28548,Lesotho,2020-09-04,31,Deaths,0.0,0.0
28549,Lesotho,2020-09-05,31,Deaths,0.0,0.0
28550,Lesotho,2020-09-06,31,Deaths,0.0,0.0
28551,Lesotho,2020-09-07,31,Deaths,0.0,0.0
28552,Lesotho,2020-09-08,31,Deaths,0.0,0.0
28553,Lesotho,2020-09-09,31,Deaths,0.0,0.0
28554,Lesotho,2020-09-10,31,Deaths,0.0,0.0
28555,Lesotho,2020-09-11,33,Deaths,2.0,2.0
28556,Lesotho,2020-09-12,33,Deaths,0.0,2.0
28557,Lesotho,2020-09-13,33,Deaths,0.0,2.0
28558,Lesotho,2020-09-14,33,Deaths,0.0,2.0
28559,Lesotho,2020-09-15,33,Deaths,0.0,2.0
28560,Lesotho,2020-09-16,33,Deaths,0.0,2.0
28561,Lesotho,2020-09-17,33,Deaths,0.0,2.0
28562,Lesotho,2020-09-18,33,Deaths,0.0,0.0
28563,Lesotho,2020-09-19,33,Deaths,0.0,0.0
28564,Lesotho,2020-09-20,33,Deaths,0.0,0.0
28565,Lesotho,2020-09-21,33,Deaths,0.0,0.0
28566,Lesotho,2020-09-22,33,Deaths,0.0,0.0
28567,Lesotho,2020-09-23,35,Deaths,2.0,2.0
28568,Lesotho,2020-09-24,35,Deaths,0.0,2.0
28569,Lesotho,2020-09-25,35,Deaths,0.0,2.0
28570,Lesotho,2020-09-26,35,Deaths,0.0,2.0
28571,Lesotho,2020-09-27,35,Deaths,0.0,2.0
28572,Lesotho,2020-09-28,35,Deaths,0.0,2.0
28573,Lesotho,2020-09-29,35,Deaths,0.0,2.0
28574,Lesotho,2020-09-30,36,Deaths,1.0,1.0
28575,Lesotho,2020-10-01,38,Deaths,2.0,3.0
28576,Lesotho,2020-10-02,39,Deaths,1.0,4.0
28577,Lesotho,2020-10-03,39,Deaths,0.0,4.0
28578,Lesotho,2020-10-04,39,Deaths,0.0,4.0
28579,Lesotho,2020-10-05,39,Deaths,0.0,4.0
28580,Lesotho,2020-10-06,39,Deaths,0.0,4.0
28581,Lesotho,2020-10-07,40,Deaths,1.0,4.0
28582,Lesotho,2020-10-08,41,Deaths,1.0,3.0
28583,Lesotho,2020-10-09,42,Deaths,1.0,3.0
28584,Lesotho,2020-10-10,42,Deaths,0.0,3.0
28585,Lesotho,2020-10-11,42,Deaths,0.0,3.0
28586,Lesotho,2020-10-12,42,Deaths,0.0,3.0
28587,Lesotho,2020-10-13,42,Deaths,0.0,3.0
28588,Lesotho,2020-10-14,42,Deaths,0.0,2.0
28589,Lesotho,2020-10-15,42,Deaths,0.0,1.0
28590,Lesotho,2020-10-16,42,Deaths,0.0,0.0
28591,Lesotho,2020-10-17,42,Deaths,0.0,0.0
28592,Lesotho,2020-10-18,42,Deaths,0.0,0.0
28593,Lesotho,2020-10-19,42,Deaths,0.0,0.0
28594,Lesotho,2020-10-20,43,Deaths,1.0,1.0
28595,Lesotho,2020-10-21,43,Deaths,0.0,1.0
28596,Lesotho,2020-10-22,43,Deaths,0.0,1.0
28597,Lesotho,2020-10-23,43,Deaths,0.0,1.0
28598,Lesotho,2020-10-24,43,Deaths,0.0,1.0
28599,Lesotho,2020-10-25,43,Deaths,0.0,1.0
28600,Lesotho,2020-10-26,43,Deaths,0.0,1.0
28601,Lesotho,2020-10-27,43,Deaths,0.0,0.0
28602,Lesotho,2020-10-28,43,Deaths,0.0,0.0
28603,Lesotho,2020-10-29,43,Deaths,0.0,0.0
28604,Lesotho,2020-10-30,44,Deaths,1.0,1.0
28605,Lesotho,2020-10-31,44,Deaths,0.0,1.0
28606,Lesotho,2020-11-01,44,Deaths,0.0,1.0
28607,Lesotho,2020-11-02,44,Deaths,0.0,1.0
28608,Lesotho,2020-11-03,44,Deaths,0.0,1.0
28609,Lesotho,2020-11-04,44,Deaths,0.0,1.0
28610,Lesotho,2020-11-05,44,Deaths,0.0,1.0
28611,Liberia,2020-01-22,0,Deaths,,
28612,Liberia,2020-01-23,0,Deaths,0.0,
28613,Liberia,2020-01-24,0,Deaths,0.0,
28614,Liberia,2020-01-25,0,Deaths,0.0,
28615,Liberia,2020-01-26,0,Deaths,0.0,
28616,Liberia,2020-01-27,0,Deaths,0.0,
28617,Liberia,2020-01-28,0,Deaths,0.0,
28618,Liberia,2020-01-29,0,Deaths,0.0,0.0
28619,Liberia,2020-01-30,0,Deaths,0.0,0.0
28620,Liberia,2020-01-31,0,Deaths,0.0,0.0
28621,Liberia,2020-02-01,0,Deaths,0.0,0.0
28622,Liberia,2020-02-02,0,Deaths,0.0,0.0
28623,Liberia,2020-02-03,0,Deaths,0.0,0.0
28624,Liberia,2020-02-04,0,Deaths,0.0,0.0
28625,Liberia,2020-02-05,0,Deaths,0.0,0.0
28626,Liberia,2020-02-06,0,Deaths,0.0,0.0
28627,Liberia,2020-02-07,0,Deaths,0.0,0.0
28628,Liberia,2020-02-08,0,Deaths,0.0,0.0
28629,Liberia,2020-02-09,0,Deaths,0.0,0.0
28630,Liberia,2020-02-10,0,Deaths,0.0,0.0
28631,Liberia,2020-02-11,0,Deaths,0.0,0.0
28632,Liberia,2020-02-12,0,Deaths,0.0,0.0
28633,Liberia,2020-02-13,0,Deaths,0.0,0.0
28634,Liberia,2020-02-14,0,Deaths,0.0,0.0
28635,Liberia,2020-02-15,0,Deaths,0.0,0.0
28636,Liberia,2020-02-16,0,Deaths,0.0,0.0
28637,Liberia,2020-02-17,0,Deaths,0.0,0.0
28638,Liberia,2020-02-18,0,Deaths,0.0,0.0
28639,Liberia,2020-02-19,0,Deaths,0.0,0.0
28640,Liberia,2020-02-20,0,Deaths,0.0,0.0
28641,Liberia,2020-02-21,0,Deaths,0.0,0.0
28642,Liberia,2020-02-22,0,Deaths,0.0,0.0
28643,Liberia,2020-02-23,0,Deaths,0.0,0.0
28644,Liberia,2020-02-24,0,Deaths,0.0,0.0
28645,Liberia,2020-02-25,0,Deaths,0.0,0.0
28646,Liberia,2020-02-26,0,Deaths,0.0,0.0
28647,Liberia,2020-02-27,0,Deaths,0.0,0.0
28648,Liberia,2020-02-28,0,Deaths,0.0,0.0
28649,Liberia,2020-02-29,0,Deaths,0.0,0.0
28650,Liberia,2020-03-01,0,Deaths,0.0,0.0
28651,Liberia,2020-03-02,0,Deaths,0.0,0.0
28652,Liberia,2020-03-03,0,Deaths,0.0,0.0
28653,Liberia,2020-03-04,0,Deaths,0.0,0.0
28654,Liberia,2020-03-05,0,Deaths,0.0,0.0
28655,Liberia,2020-03-06,0,Deaths,0.0,0.0
28656,Liberia,2020-03-07,0,Deaths,0.0,0.0
28657,Liberia,2020-03-08,0,Deaths,0.0,0.0
28658,Liberia,2020-03-09,0,Deaths,0.0,0.0
28659,Liberia,2020-03-10,0,Deaths,0.0,0.0
28660,Liberia,2020-03-11,0,Deaths,0.0,0.0
28661,Liberia,2020-03-12,0,Deaths,0.0,0.0
28662,Liberia,2020-03-13,0,Deaths,0.0,0.0
28663,Liberia,2020-03-14,0,Deaths,0.0,0.0
28664,Liberia,2020-03-15,0,Deaths,0.0,0.0
28665,Liberia,2020-03-16,0,Deaths,0.0,0.0
28666,Liberia,2020-03-17,0,Deaths,0.0,0.0
28667,Liberia,2020-03-18,0,Deaths,0.0,0.0
28668,Liberia,2020-03-19,0,Deaths,0.0,0.0
28669,Liberia,2020-03-20,0,Deaths,0.0,0.0
28670,Liberia,2020-03-21,0,Deaths,0.0,0.0
28671,Liberia,2020-03-22,0,Deaths,0.0,0.0
28672,Liberia,2020-03-23,0,Deaths,0.0,0.0
28673,Liberia,2020-03-24,0,Deaths,0.0,0.0
28674,Liberia,2020-03-25,0,Deaths,0.0,0.0
28675,Liberia,2020-03-26,0,Deaths,0.0,0.0
28676,Liberia,2020-03-27,0,Deaths,0.0,0.0
28677,Liberia,2020-03-28,0,Deaths,0.0,0.0
28678,Liberia,2020-03-29,0,Deaths,0.0,0.0
28679,Liberia,2020-03-30,0,Deaths,0.0,0.0
28680,Liberia,2020-03-31,0,Deaths,0.0,0.0
28681,Liberia,2020-04-01,0,Deaths,0.0,0.0
28682,Liberia,2020-04-02,0,Deaths,0.0,0.0
28683,Liberia,2020-04-03,0,Deaths,0.0,0.0
28684,Liberia,2020-04-04,1,Deaths,1.0,1.0
28685,Liberia,2020-04-05,3,Deaths,2.0,3.0
28686,Liberia,2020-04-06,3,Deaths,0.0,3.0
28687,Liberia,2020-04-07,3,Deaths,0.0,3.0
28688,Liberia,2020-04-08,4,Deaths,1.0,4.0
28689,Liberia,2020-04-09,4,Deaths,0.0,4.0
28690,Liberia,2020-04-10,5,Deaths,1.0,5.0
28691,Liberia,2020-04-11,5,Deaths,0.0,4.0
28692,Liberia,2020-04-12,5,Deaths,0.0,2.0
28693,Liberia,2020-04-13,6,Deaths,1.0,3.0
28694,Liberia,2020-04-14,6,Deaths,0.0,3.0
28695,Liberia,2020-04-15,6,Deaths,0.0,2.0
28696,Liberia,2020-04-16,6,Deaths,0.0,2.0
28697,Liberia,2020-04-17,7,Deaths,1.0,2.0
28698,Liberia,2020-04-18,7,Deaths,0.0,2.0
28699,Liberia,2020-04-19,8,Deaths,1.0,3.0
28700,Liberia,2020-04-20,8,Deaths,0.0,2.0
28701,Liberia,2020-04-21,8,Deaths,0.0,2.0
28702,Liberia,2020-04-22,8,Deaths,0.0,2.0
28703,Liberia,2020-04-23,8,Deaths,0.0,2.0
28704,Liberia,2020-04-24,8,Deaths,0.0,1.0
28705,Liberia,2020-04-25,11,Deaths,3.0,4.0
28706,Liberia,2020-04-26,12,Deaths,1.0,4.0
28707,Liberia,2020-04-27,12,Deaths,0.0,4.0
28708,Liberia,2020-04-28,16,Deaths,4.0,8.0
28709,Liberia,2020-04-29,16,Deaths,0.0,8.0
28710,Liberia,2020-04-30,16,Deaths,0.0,8.0
28711,Liberia,2020-05-01,18,Deaths,2.0,10.0
28712,Liberia,2020-05-02,18,Deaths,0.0,7.0
28713,Liberia,2020-05-03,18,Deaths,0.0,6.0
28714,Liberia,2020-05-04,18,Deaths,0.0,6.0
28715,Liberia,2020-05-05,20,Deaths,2.0,4.0
28716,Liberia,2020-05-06,20,Deaths,0.0,4.0
28717,Liberia,2020-05-07,20,Deaths,0.0,4.0
28718,Liberia,2020-05-08,20,Deaths,0.0,2.0
28719,Liberia,2020-05-09,20,Deaths,0.0,2.0
28720,Liberia,2020-05-10,20,Deaths,0.0,2.0
28721,Liberia,2020-05-11,20,Deaths,0.0,2.0
28722,Liberia,2020-05-12,20,Deaths,0.0,0.0
28723,Liberia,2020-05-13,20,Deaths,0.0,0.0
28724,Liberia,2020-05-14,20,Deaths,0.0,0.0
28725,Liberia,2020-05-15,20,Deaths,0.0,0.0
28726,Liberia,2020-05-16,20,Deaths,0.0,0.0
28727,Liberia,2020-05-17,21,Deaths,1.0,1.0
28728,Liberia,2020-05-18,22,Deaths,1.0,2.0
28729,Liberia,2020-05-19,23,Deaths,1.0,3.0
28730,Liberia,2020-05-20,23,Deaths,0.0,3.0
28731,Liberia,2020-05-21,23,Deaths,0.0,3.0
28732,Liberia,2020-05-22,24,Deaths,1.0,4.0
28733,Liberia,2020-05-23,26,Deaths,2.0,6.0
28734,Liberia,2020-05-24,26,Deaths,0.0,5.0
28735,Liberia,2020-05-25,26,Deaths,0.0,4.0
28736,Liberia,2020-05-26,26,Deaths,0.0,3.0
28737,Liberia,2020-05-27,27,Deaths,1.0,4.0
28738,Liberia,2020-05-28,27,Deaths,0.0,4.0
28739,Liberia,2020-05-29,27,Deaths,0.0,3.0
28740,Liberia,2020-05-30,27,Deaths,0.0,1.0
28741,Liberia,2020-05-31,27,Deaths,0.0,1.0
28742,Liberia,2020-06-01,27,Deaths,0.0,1.0
28743,Liberia,2020-06-02,28,Deaths,1.0,2.0
28744,Liberia,2020-06-03,28,Deaths,0.0,1.0
28745,Liberia,2020-06-04,28,Deaths,0.0,1.0
28746,Liberia,2020-06-05,30,Deaths,2.0,3.0
28747,Liberia,2020-06-06,30,Deaths,0.0,3.0
28748,Liberia,2020-06-07,30,Deaths,0.0,3.0
28749,Liberia,2020-06-08,30,Deaths,0.0,3.0
28750,Liberia,2020-06-09,31,Deaths,1.0,3.0
28751,Liberia,2020-06-10,31,Deaths,0.0,3.0
28752,Liberia,2020-06-11,31,Deaths,0.0,3.0
28753,Liberia,2020-06-12,32,Deaths,1.0,2.0
28754,Liberia,2020-06-13,32,Deaths,0.0,2.0
28755,Liberia,2020-06-14,32,Deaths,0.0,2.0
28756,Liberia,2020-06-15,33,Deaths,1.0,3.0
28757,Liberia,2020-06-16,33,Deaths,0.0,2.0
28758,Liberia,2020-06-17,33,Deaths,0.0,2.0
28759,Liberia,2020-06-18,33,Deaths,0.0,2.0
28760,Liberia,2020-06-19,33,Deaths,0.0,1.0
28761,Liberia,2020-06-20,33,Deaths,0.0,1.0
28762,Liberia,2020-06-21,34,Deaths,1.0,2.0
28763,Liberia,2020-06-22,34,Deaths,0.0,1.0
28764,Liberia,2020-06-23,34,Deaths,0.0,1.0
28765,Liberia,2020-06-24,34,Deaths,0.0,1.0
28766,Liberia,2020-06-25,34,Deaths,0.0,1.0
28767,Liberia,2020-06-26,34,Deaths,0.0,1.0
28768,Liberia,2020-06-27,34,Deaths,0.0,1.0
28769,Liberia,2020-06-28,34,Deaths,0.0,0.0
28770,Liberia,2020-06-29,36,Deaths,2.0,2.0
28771,Liberia,2020-06-30,36,Deaths,0.0,2.0
28772,Liberia,2020-07-01,37,Deaths,1.0,3.0
28773,Liberia,2020-07-02,37,Deaths,0.0,3.0
28774,Liberia,2020-07-03,37,Deaths,0.0,3.0
28775,Liberia,2020-07-04,37,Deaths,0.0,3.0
28776,Liberia,2020-07-05,37,Deaths,0.0,3.0
28777,Liberia,2020-07-06,39,Deaths,2.0,3.0
28778,Liberia,2020-07-07,41,Deaths,2.0,5.0
28779,Liberia,2020-07-08,41,Deaths,0.0,4.0
28780,Liberia,2020-07-09,42,Deaths,1.0,5.0
28781,Liberia,2020-07-10,47,Deaths,5.0,10.0
28782,Liberia,2020-07-11,47,Deaths,0.0,10.0
28783,Liberia,2020-07-12,51,Deaths,4.0,14.0
28784,Liberia,2020-07-13,51,Deaths,0.0,12.0
28785,Liberia,2020-07-14,51,Deaths,0.0,10.0
28786,Liberia,2020-07-15,51,Deaths,0.0,10.0
28787,Liberia,2020-07-16,68,Deaths,17.0,26.0
28788,Liberia,2020-07-17,69,Deaths,1.0,22.0
28789,Liberia,2020-07-18,70,Deaths,1.0,23.0
28790,Liberia,2020-07-19,70,Deaths,0.0,19.0
28791,Liberia,2020-07-20,70,Deaths,0.0,19.0
28792,Liberia,2020-07-21,70,Deaths,0.0,19.0
28793,Liberia,2020-07-22,70,Deaths,0.0,19.0
28794,Liberia,2020-07-23,71,Deaths,1.0,3.0
28795,Liberia,2020-07-24,71,Deaths,0.0,2.0
28796,Liberia,2020-07-25,71,Deaths,0.0,1.0
28797,Liberia,2020-07-26,72,Deaths,1.0,2.0
28798,Liberia,2020-07-27,72,Deaths,0.0,2.0
28799,Liberia,2020-07-28,72,Deaths,0.0,2.0
28800,Liberia,2020-07-29,72,Deaths,0.0,2.0
28801,Liberia,2020-07-30,73,Deaths,1.0,2.0
28802,Liberia,2020-07-31,75,Deaths,2.0,4.0
28803,Liberia,2020-08-01,75,Deaths,0.0,4.0
28804,Liberia,2020-08-02,77,Deaths,2.0,5.0
28805,Liberia,2020-08-03,78,Deaths,1.0,6.0
28806,Liberia,2020-08-04,78,Deaths,0.0,6.0
28807,Liberia,2020-08-05,78,Deaths,0.0,6.0
28808,Liberia,2020-08-06,78,Deaths,0.0,5.0
28809,Liberia,2020-08-07,78,Deaths,0.0,3.0
28810,Liberia,2020-08-08,79,Deaths,1.0,4.0
28811,Liberia,2020-08-09,79,Deaths,0.0,2.0
28812,Liberia,2020-08-10,79,Deaths,0.0,1.0
28813,Liberia,2020-08-11,81,Deaths,2.0,3.0
28814,Liberia,2020-08-12,82,Deaths,1.0,4.0
28815,Liberia,2020-08-13,82,Deaths,0.0,4.0
28816,Liberia,2020-08-14,82,Deaths,0.0,4.0
28817,Liberia,2020-08-15,82,Deaths,0.0,3.0
28818,Liberia,2020-08-16,82,Deaths,0.0,3.0
28819,Liberia,2020-08-17,82,Deaths,0.0,3.0
28820,Liberia,2020-08-18,82,Deaths,0.0,1.0
28821,Liberia,2020-08-19,82,Deaths,0.0,0.0
28822,Liberia,2020-08-20,82,Deaths,0.0,0.0
28823,Liberia,2020-08-21,82,Deaths,0.0,0.0
28824,Liberia,2020-08-22,82,Deaths,0.0,0.0
28825,Liberia,2020-08-23,82,Deaths,0.0,0.0
28826,Liberia,2020-08-24,82,Deaths,0.0,0.0
28827,Liberia,2020-08-25,82,Deaths,0.0,0.0
28828,Liberia,2020-08-26,82,Deaths,0.0,0.0
28829,Liberia,2020-08-27,82,Deaths,0.0,0.0
28830,Liberia,2020-08-28,82,Deaths,0.0,0.0
28831,Liberia,2020-08-29,82,Deaths,0.0,0.0
28832,Liberia,2020-08-30,82,Deaths,0.0,0.0
28833,Liberia,2020-08-31,82,Deaths,0.0,0.0
28834,Liberia,2020-09-01,82,Deaths,0.0,0.0
28835,Liberia,2020-09-02,82,Deaths,0.0,0.0
28836,Liberia,2020-09-03,82,Deaths,0.0,0.0
28837,Liberia,2020-09-04,82,Deaths,0.0,0.0
28838,Liberia,2020-09-05,82,Deaths,0.0,0.0
28839,Liberia,2020-09-06,82,Deaths,0.0,0.0
28840,Liberia,2020-09-07,82,Deaths,0.0,0.0
28841,Liberia,2020-09-08,82,Deaths,0.0,0.0
28842,Liberia,2020-09-09,82,Deaths,0.0,0.0
28843,Liberia,2020-09-10,82,Deaths,0.0,0.0
28844,Liberia,2020-09-11,82,Deaths,0.0,0.0
28845,Liberia,2020-09-12,82,Deaths,0.0,0.0
28846,Liberia,2020-09-13,82,Deaths,0.0,0.0
28847,Liberia,2020-09-14,82,Deaths,0.0,0.0
28848,Liberia,2020-09-15,82,Deaths,0.0,0.0
28849,Liberia,2020-09-16,82,Deaths,0.0,0.0
28850,Liberia,2020-09-17,82,Deaths,0.0,0.0
28851,Liberia,2020-09-18,82,Deaths,0.0,0.0
28852,Liberia,2020-09-19,82,Deaths,0.0,0.0
28853,Liberia,2020-09-20,82,Deaths,0.0,0.0
28854,Liberia,2020-09-21,82,Deaths,0.0,0.0
28855,Liberia,2020-09-22,82,Deaths,0.0,0.0
28856,Liberia,2020-09-23,82,Deaths,0.0,0.0
28857,Liberia,2020-09-24,82,Deaths,0.0,0.0
28858,Liberia,2020-09-25,82,Deaths,0.0,0.0
28859,Liberia,2020-09-26,82,Deaths,0.0,0.0
28860,Liberia,2020-09-27,82,Deaths,0.0,0.0
28861,Liberia,2020-09-28,82,Deaths,0.0,0.0
28862,Liberia,2020-09-29,82,Deaths,0.0,0.0
28863,Liberia,2020-09-30,82,Deaths,0.0,0.0
28864,Liberia,2020-10-01,82,Deaths,0.0,0.0
28865,Liberia,2020-10-02,82,Deaths,0.0,0.0
28866,Liberia,2020-10-03,82,Deaths,0.0,0.0
28867,Liberia,2020-10-04,82,Deaths,0.0,0.0
28868,Liberia,2020-10-05,82,Deaths,0.0,0.0
28869,Liberia,2020-10-06,82,Deaths,0.0,0.0
28870,Liberia,2020-10-07,82,Deaths,0.0,0.0
28871,Liberia,2020-10-08,82,Deaths,0.0,0.0
28872,Liberia,2020-10-09,82,Deaths,0.0,0.0
28873,Liberia,2020-10-10,82,Deaths,0.0,0.0
28874,Liberia,2020-10-11,82,Deaths,0.0,0.0
28875,Liberia,2020-10-12,82,Deaths,0.0,0.0
28876,Liberia,2020-10-13,82,Deaths,0.0,0.0
28877,Liberia,2020-10-14,82,Deaths,0.0,0.0
28878,Liberia,2020-10-15,82,Deaths,0.0,0.0
28879,Liberia,2020-10-16,82,Deaths,0.0,0.0
28880,Liberia,2020-10-17,82,Deaths,0.0,0.0
28881,Liberia,2020-10-18,82,Deaths,0.0,0.0
28882,Liberia,2020-10-19,82,Deaths,0.0,0.0
28883,Liberia,2020-10-20,82,Deaths,0.0,0.0
28884,Liberia,2020-10-21,82,Deaths,0.0,0.0
28885,Liberia,2020-10-22,82,Deaths,0.0,0.0
28886,Liberia,2020-10-23,82,Deaths,0.0,0.0
28887,Liberia,2020-10-24,82,Deaths,0.0,0.0
28888,Liberia,2020-10-25,82,Deaths,0.0,0.0
28889,Liberia,2020-10-26,82,Deaths,0.0,0.0
28890,Liberia,2020-10-27,82,Deaths,0.0,0.0
28891,Liberia,2020-10-28,82,Deaths,0.0,0.0
28892,Liberia,2020-10-29,82,Deaths,0.0,0.0
28893,Liberia,2020-10-30,82,Deaths,0.0,0.0
28894,Liberia,2020-10-31,82,Deaths,0.0,0.0
28895,Liberia,2020-11-01,82,Deaths,0.0,0.0
28896,Liberia,2020-11-02,82,Deaths,0.0,0.0
28897,Liberia,2020-11-03,82,Deaths,0.0,0.0
28898,Liberia,2020-11-04,82,Deaths,0.0,0.0
28899,Liberia,2020-11-05,82,Deaths,0.0,0.0
28900,Libya,2020-01-22,0,Deaths,,
28901,Libya,2020-01-23,0,Deaths,0.0,
28902,Libya,2020-01-24,0,Deaths,0.0,
28903,Libya,2020-01-25,0,Deaths,0.0,
28904,Libya,2020-01-26,0,Deaths,0.0,
28905,Libya,2020-01-27,0,Deaths,0.0,
28906,Libya,2020-01-28,0,Deaths,0.0,
28907,Libya,2020-01-29,0,Deaths,0.0,0.0
28908,Libya,2020-01-30,0,Deaths,0.0,0.0
28909,Libya,2020-01-31,0,Deaths,0.0,0.0
28910,Libya,2020-02-01,0,Deaths,0.0,0.0
28911,Libya,2020-02-02,0,Deaths,0.0,0.0
28912,Libya,2020-02-03,0,Deaths,0.0,0.0
28913,Libya,2020-02-04,0,Deaths,0.0,0.0
28914,Libya,2020-02-05,0,Deaths,0.0,0.0
28915,Libya,2020-02-06,0,Deaths,0.0,0.0
28916,Libya,2020-02-07,0,Deaths,0.0,0.0
28917,Libya,2020-02-08,0,Deaths,0.0,0.0
28918,Libya,2020-02-09,0,Deaths,0.0,0.0
28919,Libya,2020-02-10,0,Deaths,0.0,0.0
28920,Libya,2020-02-11,0,Deaths,0.0,0.0
28921,Libya,2020-02-12,0,Deaths,0.0,0.0
28922,Libya,2020-02-13,0,Deaths,0.0,0.0
28923,Libya,2020-02-14,0,Deaths,0.0,0.0
28924,Libya,2020-02-15,0,Deaths,0.0,0.0
28925,Libya,2020-02-16,0,Deaths,0.0,0.0
28926,Libya,2020-02-17,0,Deaths,0.0,0.0
28927,Libya,2020-02-18,0,Deaths,0.0,0.0
28928,Libya,2020-02-19,0,Deaths,0.0,0.0
28929,Libya,2020-02-20,0,Deaths,0.0,0.0
28930,Libya,2020-02-21,0,Deaths,0.0,0.0
28931,Libya,2020-02-22,0,Deaths,0.0,0.0
28932,Libya,2020-02-23,0,Deaths,0.0,0.0
28933,Libya,2020-02-24,0,Deaths,0.0,0.0
28934,Libya,2020-02-25,0,Deaths,0.0,0.0
28935,Libya,2020-02-26,0,Deaths,0.0,0.0
28936,Libya,2020-02-27,0,Deaths,0.0,0.0
28937,Libya,2020-02-28,0,Deaths,0.0,0.0
28938,Libya,2020-02-29,0,Deaths,0.0,0.0
28939,Libya,2020-03-01,0,Deaths,0.0,0.0
28940,Libya,2020-03-02,0,Deaths,0.0,0.0
28941,Libya,2020-03-03,0,Deaths,0.0,0.0
28942,Libya,2020-03-04,0,Deaths,0.0,0.0
28943,Libya,2020-03-05,0,Deaths,0.0,0.0
28944,Libya,2020-03-06,0,Deaths,0.0,0.0
28945,Libya,2020-03-07,0,Deaths,0.0,0.0
28946,Libya,2020-03-08,0,Deaths,0.0,0.0
28947,Libya,2020-03-09,0,Deaths,0.0,0.0
28948,Libya,2020-03-10,0,Deaths,0.0,0.0
28949,Libya,2020-03-11,0,Deaths,0.0,0.0
28950,Libya,2020-03-12,0,Deaths,0.0,0.0
28951,Libya,2020-03-13,0,Deaths,0.0,0.0
28952,Libya,2020-03-14,0,Deaths,0.0,0.0
28953,Libya,2020-03-15,0,Deaths,0.0,0.0
28954,Libya,2020-03-16,0,Deaths,0.0,0.0
28955,Libya,2020-03-17,0,Deaths,0.0,0.0
28956,Libya,2020-03-18,0,Deaths,0.0,0.0
28957,Libya,2020-03-19,0,Deaths,0.0,0.0
28958,Libya,2020-03-20,0,Deaths,0.0,0.0
28959,Libya,2020-03-21,0,Deaths,0.0,0.0
28960,Libya,2020-03-22,0,Deaths,0.0,0.0
28961,Libya,2020-03-23,0,Deaths,0.0,0.0
28962,Libya,2020-03-24,0,Deaths,0.0,0.0
28963,Libya,2020-03-25,0,Deaths,0.0,0.0
28964,Libya,2020-03-26,0,Deaths,0.0,0.0
28965,Libya,2020-03-27,0,Deaths,0.0,0.0
28966,Libya,2020-03-28,0,Deaths,0.0,0.0
28967,Libya,2020-03-29,0,Deaths,0.0,0.0
28968,Libya,2020-03-30,0,Deaths,0.0,0.0
28969,Libya,2020-03-31,0,Deaths,0.0,0.0
28970,Libya,2020-04-01,0,Deaths,0.0,0.0
28971,Libya,2020-04-02,1,Deaths,1.0,1.0
28972,Libya,2020-04-03,1,Deaths,0.0,1.0
28973,Libya,2020-04-04,1,Deaths,0.0,1.0
28974,Libya,2020-04-05,1,Deaths,0.0,1.0
28975,Libya,2020-04-06,1,Deaths,0.0,1.0
28976,Libya,2020-04-07,1,Deaths,0.0,1.0
28977,Libya,2020-04-08,1,Deaths,0.0,1.0
28978,Libya,2020-04-09,1,Deaths,0.0,0.0
28979,Libya,2020-04-10,1,Deaths,0.0,0.0
28980,Libya,2020-04-11,1,Deaths,0.0,0.0
28981,Libya,2020-04-12,1,Deaths,0.0,0.0
28982,Libya,2020-04-13,1,Deaths,0.0,0.0
28983,Libya,2020-04-14,1,Deaths,0.0,0.0
28984,Libya,2020-04-15,1,Deaths,0.0,0.0
28985,Libya,2020-04-16,1,Deaths,0.0,0.0
28986,Libya,2020-04-17,1,Deaths,0.0,0.0
28987,Libya,2020-04-18,1,Deaths,0.0,0.0
28988,Libya,2020-04-19,1,Deaths,0.0,0.0
28989,Libya,2020-04-20,1,Deaths,0.0,0.0
28990,Libya,2020-04-21,1,Deaths,0.0,0.0
28991,Libya,2020-04-22,1,Deaths,0.0,0.0
28992,Libya,2020-04-23,2,Deaths,1.0,1.0
28993,Libya,2020-04-24,2,Deaths,0.0,1.0
28994,Libya,2020-04-25,2,Deaths,0.0,1.0
28995,Libya,2020-04-26,2,Deaths,0.0,1.0
28996,Libya,2020-04-27,2,Deaths,0.0,1.0
28997,Libya,2020-04-28,2,Deaths,0.0,1.0
28998,Libya,2020-04-29,2,Deaths,0.0,1.0
28999,Libya,2020-04-30,3,Deaths,1.0,1.0
29000,Libya,2020-05-01,3,Deaths,0.0,1.0
29001,Libya,2020-05-02,3,Deaths,0.0,1.0
29002,Libya,2020-05-03,3,Deaths,0.0,1.0
29003,Libya,2020-05-04,3,Deaths,0.0,1.0
29004,Libya,2020-05-05,3,Deaths,0.0,1.0
29005,Libya,2020-05-06,3,Deaths,0.0,1.0
29006,Libya,2020-05-07,3,Deaths,0.0,0.0
29007,Libya,2020-05-08,3,Deaths,0.0,0.0
29008,Libya,2020-05-09,3,Deaths,0.0,0.0
29009,Libya,2020-05-10,3,Deaths,0.0,0.0
29010,Libya,2020-05-11,3,Deaths,0.0,0.0
29011,Libya,2020-05-12,3,Deaths,0.0,0.0
29012,Libya,2020-05-13,3,Deaths,0.0,0.0
29013,Libya,2020-05-14,3,Deaths,0.0,0.0
29014,Libya,2020-05-15,3,Deaths,0.0,0.0
29015,Libya,2020-05-16,3,Deaths,0.0,0.0
29016,Libya,2020-05-17,3,Deaths,0.0,0.0
29017,Libya,2020-05-18,3,Deaths,0.0,0.0
29018,Libya,2020-05-19,3,Deaths,0.0,0.0
29019,Libya,2020-05-20,3,Deaths,0.0,0.0
29020,Libya,2020-05-21,3,Deaths,0.0,0.0
29021,Libya,2020-05-22,3,Deaths,0.0,0.0
29022,Libya,2020-05-23,3,Deaths,0.0,0.0
29023,Libya,2020-05-24,3,Deaths,0.0,0.0
29024,Libya,2020-05-25,3,Deaths,0.0,0.0
29025,Libya,2020-05-26,3,Deaths,0.0,0.0
29026,Libya,2020-05-27,4,Deaths,1.0,1.0
29027,Libya,2020-05-28,5,Deaths,1.0,2.0
29028,Libya,2020-05-29,5,Deaths,0.0,2.0
29029,Libya,2020-05-30,5,Deaths,0.0,2.0
29030,Libya,2020-05-31,5,Deaths,0.0,2.0
29031,Libya,2020-06-01,5,Deaths,0.0,2.0
29032,Libya,2020-06-02,5,Deaths,0.0,2.0
29033,Libya,2020-06-03,5,Deaths,0.0,1.0
29034,Libya,2020-06-04,5,Deaths,0.0,0.0
29035,Libya,2020-06-05,5,Deaths,0.0,0.0
29036,Libya,2020-06-06,5,Deaths,0.0,0.0
29037,Libya,2020-06-07,5,Deaths,0.0,0.0
29038,Libya,2020-06-08,5,Deaths,0.0,0.0
29039,Libya,2020-06-09,5,Deaths,0.0,0.0
29040,Libya,2020-06-10,5,Deaths,0.0,0.0
29041,Libya,2020-06-11,5,Deaths,0.0,0.0
29042,Libya,2020-06-12,6,Deaths,1.0,1.0
29043,Libya,2020-06-13,8,Deaths,2.0,3.0
29044,Libya,2020-06-14,10,Deaths,2.0,5.0
29045,Libya,2020-06-15,10,Deaths,0.0,5.0
29046,Libya,2020-06-16,10,Deaths,0.0,5.0
29047,Libya,2020-06-17,10,Deaths,0.0,5.0
29048,Libya,2020-06-18,10,Deaths,0.0,5.0
29049,Libya,2020-06-19,10,Deaths,0.0,4.0
29050,Libya,2020-06-20,10,Deaths,0.0,2.0
29051,Libya,2020-06-21,10,Deaths,0.0,0.0
29052,Libya,2020-06-22,10,Deaths,0.0,0.0
29053,Libya,2020-06-23,17,Deaths,7.0,7.0
29054,Libya,2020-06-24,18,Deaths,1.0,8.0
29055,Libya,2020-06-25,18,Deaths,0.0,8.0
29056,Libya,2020-06-26,18,Deaths,0.0,8.0
29057,Libya,2020-06-27,18,Deaths,0.0,8.0
29058,Libya,2020-06-28,21,Deaths,3.0,11.0
29059,Libya,2020-06-29,23,Deaths,2.0,13.0
29060,Libya,2020-06-30,24,Deaths,1.0,7.0
29061,Libya,2020-07-01,25,Deaths,1.0,7.0
29062,Libya,2020-07-02,26,Deaths,1.0,8.0
29063,Libya,2020-07-03,27,Deaths,1.0,9.0
29064,Libya,2020-07-04,27,Deaths,0.0,9.0
29065,Libya,2020-07-05,32,Deaths,5.0,11.0
29066,Libya,2020-07-06,34,Deaths,2.0,11.0
29067,Libya,2020-07-07,35,Deaths,1.0,11.0
29068,Libya,2020-07-08,36,Deaths,1.0,11.0
29069,Libya,2020-07-09,38,Deaths,2.0,12.0
29070,Libya,2020-07-10,38,Deaths,0.0,11.0
29071,Libya,2020-07-11,38,Deaths,0.0,11.0
29072,Libya,2020-07-12,39,Deaths,1.0,7.0
29073,Libya,2020-07-13,40,Deaths,1.0,6.0
29074,Libya,2020-07-14,42,Deaths,2.0,7.0
29075,Libya,2020-07-15,43,Deaths,1.0,7.0
29076,Libya,2020-07-16,46,Deaths,3.0,8.0
29077,Libya,2020-07-17,47,Deaths,1.0,9.0
29078,Libya,2020-07-18,48,Deaths,1.0,10.0
29079,Libya,2020-07-19,48,Deaths,0.0,9.0
29080,Libya,2020-07-20,49,Deaths,1.0,9.0
29081,Libya,2020-07-21,50,Deaths,1.0,8.0
29082,Libya,2020-07-22,53,Deaths,3.0,10.0
29083,Libya,2020-07-23,56,Deaths,3.0,10.0
29084,Libya,2020-07-24,57,Deaths,1.0,10.0
29085,Libya,2020-07-25,58,Deaths,1.0,10.0
29086,Libya,2020-07-26,60,Deaths,2.0,12.0
29087,Libya,2020-07-27,64,Deaths,4.0,15.0
29088,Libya,2020-07-28,67,Deaths,3.0,17.0
29089,Libya,2020-07-29,76,Deaths,9.0,23.0
29090,Libya,2020-07-30,73,Deaths,-3.0,17.0
29091,Libya,2020-07-31,74,Deaths,1.0,17.0
29092,Libya,2020-08-01,80,Deaths,6.0,22.0
29093,Libya,2020-08-02,83,Deaths,3.0,23.0
29094,Libya,2020-08-03,93,Deaths,10.0,29.0
29095,Libya,2020-08-04,96,Deaths,3.0,29.0
29096,Libya,2020-08-05,99,Deaths,3.0,23.0
29097,Libya,2020-08-06,107,Deaths,8.0,34.0
29098,Libya,2020-08-07,108,Deaths,1.0,34.0
29099,Libya,2020-08-08,113,Deaths,5.0,33.0
29100,Libya,2020-08-09,119,Deaths,6.0,36.0
29101,Libya,2020-08-10,125,Deaths,6.0,32.0
29102,Libya,2020-08-11,132,Deaths,7.0,36.0
29103,Libya,2020-08-12,132,Deaths,0.0,33.0
29104,Libya,2020-08-13,135,Deaths,3.0,28.0
29105,Libya,2020-08-14,139,Deaths,4.0,31.0
29106,Libya,2020-08-15,145,Deaths,6.0,32.0
29107,Libya,2020-08-16,153,Deaths,8.0,34.0
29108,Libya,2020-08-17,157,Deaths,4.0,32.0
29109,Libya,2020-08-18,164,Deaths,7.0,32.0
29110,Libya,2020-08-19,169,Deaths,5.0,37.0
29111,Libya,2020-08-20,173,Deaths,4.0,38.0
29112,Libya,2020-08-21,180,Deaths,7.0,41.0
29113,Libya,2020-08-22,188,Deaths,8.0,43.0
29114,Libya,2020-08-23,188,Deaths,0.0,35.0
29115,Libya,2020-08-24,199,Deaths,11.0,42.0
29116,Libya,2020-08-25,203,Deaths,4.0,39.0
29117,Libya,2020-08-26,210,Deaths,7.0,41.0
29118,Libya,2020-08-27,219,Deaths,9.0,46.0
29119,Libya,2020-08-28,226,Deaths,7.0,46.0
29120,Libya,2020-08-29,231,Deaths,5.0,43.0
29121,Libya,2020-08-30,232,Deaths,1.0,44.0
29122,Libya,2020-08-31,237,Deaths,5.0,38.0
29123,Libya,2020-09-01,242,Deaths,5.0,39.0
29124,Libya,2020-09-02,250,Deaths,8.0,40.0
29125,Libya,2020-09-03,254,Deaths,4.0,35.0
29126,Libya,2020-09-04,262,Deaths,8.0,36.0
29127,Libya,2020-09-05,272,Deaths,10.0,41.0
29128,Libya,2020-09-06,285,Deaths,13.0,53.0
29129,Libya,2020-09-07,296,Deaths,11.0,59.0
29130,Libya,2020-09-08,314,Deaths,18.0,72.0
29131,Libya,2020-09-09,324,Deaths,10.0,74.0
29132,Libya,2020-09-10,339,Deaths,15.0,85.0
29133,Libya,2020-09-11,352,Deaths,13.0,90.0
29134,Libya,2020-09-12,354,Deaths,2.0,82.0
29135,Libya,2020-09-13,362,Deaths,8.0,77.0
29136,Libya,2020-09-14,368,Deaths,6.0,72.0
29137,Libya,2020-09-15,383,Deaths,15.0,69.0
29138,Libya,2020-09-16,394,Deaths,11.0,70.0
29139,Libya,2020-09-17,409,Deaths,15.0,70.0
29140,Libya,2020-09-18,418,Deaths,9.0,66.0
29141,Libya,2020-09-19,436,Deaths,18.0,82.0
29142,Libya,2020-09-20,444,Deaths,8.0,82.0
29143,Libya,2020-09-21,450,Deaths,6.0,82.0
29144,Libya,2020-09-22,460,Deaths,10.0,77.0
29145,Libya,2020-09-23,469,Deaths,9.0,75.0
29146,Libya,2020-09-24,474,Deaths,5.0,65.0
29147,Libya,2020-09-25,491,Deaths,17.0,73.0
29148,Libya,2020-09-26,499,Deaths,8.0,63.0
29149,Libya,2020-09-27,520,Deaths,21.0,76.0
29150,Libya,2020-09-28,527,Deaths,7.0,77.0
29151,Libya,2020-09-29,540,Deaths,13.0,80.0
29152,Libya,2020-09-30,551,Deaths,11.0,82.0
29153,Libya,2020-10-01,559,Deaths,8.0,85.0
29154,Libya,2020-10-02,570,Deaths,11.0,79.0
29155,Libya,2020-10-03,578,Deaths,8.0,79.0
29156,Libya,2020-10-04,592,Deaths,14.0,72.0
29157,Libya,2020-10-05,596,Deaths,4.0,69.0
29158,Libya,2020-10-06,602,Deaths,6.0,62.0
29159,Libya,2020-10-07,608,Deaths,6.0,57.0
29160,Libya,2020-10-08,616,Deaths,8.0,57.0
29161,Libya,2020-10-09,621,Deaths,5.0,51.0
29162,Libya,2020-10-10,623,Deaths,2.0,45.0
29163,Libya,2020-10-11,631,Deaths,8.0,39.0
29164,Libya,2020-10-12,644,Deaths,13.0,48.0
29165,Libya,2020-10-13,656,Deaths,12.0,54.0
29166,Libya,2020-10-14,669,Deaths,13.0,61.0
29167,Libya,2020-10-15,681,Deaths,12.0,65.0
29168,Libya,2020-10-16,699,Deaths,18.0,78.0
29169,Libya,2020-10-17,699,Deaths,0.0,76.0
29170,Libya,2020-10-18,725,Deaths,26.0,94.0
29171,Libya,2020-10-19,732,Deaths,7.0,88.0
29172,Libya,2020-10-20,746,Deaths,14.0,90.0
29173,Libya,2020-10-21,765,Deaths,19.0,96.0
29174,Libya,2020-10-22,768,Deaths,3.0,87.0
29175,Libya,2020-10-23,774,Deaths,6.0,75.0
29176,Libya,2020-10-24,790,Deaths,16.0,91.0
29177,Libya,2020-10-25,795,Deaths,5.0,70.0
29178,Libya,2020-10-26,801,Deaths,6.0,69.0
29179,Libya,2020-10-27,812,Deaths,11.0,66.0
29180,Libya,2020-10-28,823,Deaths,11.0,58.0
29181,Libya,2020-10-29,831,Deaths,8.0,63.0
29182,Libya,2020-10-30,847,Deaths,16.0,73.0
29183,Libya,2020-10-31,857,Deaths,10.0,67.0
29184,Libya,2020-11-01,871,Deaths,14.0,76.0
29185,Libya,2020-11-02,880,Deaths,9.0,79.0
29186,Libya,2020-11-03,893,Deaths,13.0,81.0
29187,Libya,2020-11-04,900,Deaths,7.0,77.0
29188,Libya,2020-11-05,907,Deaths,7.0,76.0
29189,Liechtenstein,2020-01-22,0,Deaths,,
29190,Liechtenstein,2020-01-23,0,Deaths,0.0,
29191,Liechtenstein,2020-01-24,0,Deaths,0.0,
29192,Liechtenstein,2020-01-25,0,Deaths,0.0,
29193,Liechtenstein,2020-01-26,0,Deaths,0.0,
29194,Liechtenstein,2020-01-27,0,Deaths,0.0,
29195,Liechtenstein,2020-01-28,0,Deaths,0.0,
29196,Liechtenstein,2020-01-29,0,Deaths,0.0,0.0
29197,Liechtenstein,2020-01-30,0,Deaths,0.0,0.0
29198,Liechtenstein,2020-01-31,0,Deaths,0.0,0.0
29199,Liechtenstein,2020-02-01,0,Deaths,0.0,0.0
29200,Liechtenstein,2020-02-02,0,Deaths,0.0,0.0
29201,Liechtenstein,2020-02-03,0,Deaths,0.0,0.0
29202,Liechtenstein,2020-02-04,0,Deaths,0.0,0.0
29203,Liechtenstein,2020-02-05,0,Deaths,0.0,0.0
29204,Liechtenstein,2020-02-06,0,Deaths,0.0,0.0
29205,Liechtenstein,2020-02-07,0,Deaths,0.0,0.0
29206,Liechtenstein,2020-02-08,0,Deaths,0.0,0.0
29207,Liechtenstein,2020-02-09,0,Deaths,0.0,0.0
29208,Liechtenstein,2020-02-10,0,Deaths,0.0,0.0
29209,Liechtenstein,2020-02-11,0,Deaths,0.0,0.0
29210,Liechtenstein,2020-02-12,0,Deaths,0.0,0.0
29211,Liechtenstein,2020-02-13,0,Deaths,0.0,0.0
29212,Liechtenstein,2020-02-14,0,Deaths,0.0,0.0
29213,Liechtenstein,2020-02-15,0,Deaths,0.0,0.0
29214,Liechtenstein,2020-02-16,0,Deaths,0.0,0.0
29215,Liechtenstein,2020-02-17,0,Deaths,0.0,0.0
29216,Liechtenstein,2020-02-18,0,Deaths,0.0,0.0
29217,Liechtenstein,2020-02-19,0,Deaths,0.0,0.0
29218,Liechtenstein,2020-02-20,0,Deaths,0.0,0.0
29219,Liechtenstein,2020-02-21,0,Deaths,0.0,0.0
29220,Liechtenstein,2020-02-22,0,Deaths,0.0,0.0
29221,Liechtenstein,2020-02-23,0,Deaths,0.0,0.0
29222,Liechtenstein,2020-02-24,0,Deaths,0.0,0.0
29223,Liechtenstein,2020-02-25,0,Deaths,0.0,0.0
29224,Liechtenstein,2020-02-26,0,Deaths,0.0,0.0
29225,Liechtenstein,2020-02-27,0,Deaths,0.0,0.0
29226,Liechtenstein,2020-02-28,0,Deaths,0.0,0.0
29227,Liechtenstein,2020-02-29,0,Deaths,0.0,0.0
29228,Liechtenstein,2020-03-01,0,Deaths,0.0,0.0
29229,Liechtenstein,2020-03-02,0,Deaths,0.0,0.0
29230,Liechtenstein,2020-03-03,0,Deaths,0.0,0.0
29231,Liechtenstein,2020-03-04,0,Deaths,0.0,0.0
29232,Liechtenstein,2020-03-05,0,Deaths,0.0,0.0
29233,Liechtenstein,2020-03-06,0,Deaths,0.0,0.0
29234,Liechtenstein,2020-03-07,0,Deaths,0.0,0.0
29235,Liechtenstein,2020-03-08,0,Deaths,0.0,0.0
29236,Liechtenstein,2020-03-09,0,Deaths,0.0,0.0
29237,Liechtenstein,2020-03-10,0,Deaths,0.0,0.0
29238,Liechtenstein,2020-03-11,0,Deaths,0.0,0.0
29239,Liechtenstein,2020-03-12,0,Deaths,0.0,0.0
29240,Liechtenstein,2020-03-13,0,Deaths,0.0,0.0
29241,Liechtenstein,2020-03-14,0,Deaths,0.0,0.0
29242,Liechtenstein,2020-03-15,0,Deaths,0.0,0.0
29243,Liechtenstein,2020-03-16,0,Deaths,0.0,0.0
29244,Liechtenstein,2020-03-17,0,Deaths,0.0,0.0
29245,Liechtenstein,2020-03-18,0,Deaths,0.0,0.0
29246,Liechtenstein,2020-03-19,0,Deaths,0.0,0.0
29247,Liechtenstein,2020-03-20,0,Deaths,0.0,0.0
29248,Liechtenstein,2020-03-21,0,Deaths,0.0,0.0
29249,Liechtenstein,2020-03-22,0,Deaths,0.0,0.0
29250,Liechtenstein,2020-03-23,0,Deaths,0.0,0.0
29251,Liechtenstein,2020-03-24,0,Deaths,0.0,0.0
29252,Liechtenstein,2020-03-25,0,Deaths,0.0,0.0
29253,Liechtenstein,2020-03-26,0,Deaths,0.0,0.0
29254,Liechtenstein,2020-03-27,0,Deaths,0.0,0.0
29255,Liechtenstein,2020-03-28,0,Deaths,0.0,0.0
29256,Liechtenstein,2020-03-29,0,Deaths,0.0,0.0
29257,Liechtenstein,2020-03-30,0,Deaths,0.0,0.0
29258,Liechtenstein,2020-03-31,0,Deaths,0.0,0.0
29259,Liechtenstein,2020-04-01,0,Deaths,0.0,0.0
29260,Liechtenstein,2020-04-02,0,Deaths,0.0,0.0
29261,Liechtenstein,2020-04-03,0,Deaths,0.0,0.0
29262,Liechtenstein,2020-04-04,1,Deaths,1.0,1.0
29263,Liechtenstein,2020-04-05,1,Deaths,0.0,1.0
29264,Liechtenstein,2020-04-06,1,Deaths,0.0,1.0
29265,Liechtenstein,2020-04-07,1,Deaths,0.0,1.0
29266,Liechtenstein,2020-04-08,1,Deaths,0.0,1.0
29267,Liechtenstein,2020-04-09,1,Deaths,0.0,1.0
29268,Liechtenstein,2020-04-10,1,Deaths,0.0,1.0
29269,Liechtenstein,2020-04-11,1,Deaths,0.0,0.0
29270,Liechtenstein,2020-04-12,1,Deaths,0.0,0.0
29271,Liechtenstein,2020-04-13,1,Deaths,0.0,0.0
29272,Liechtenstein,2020-04-14,1,Deaths,0.0,0.0
29273,Liechtenstein,2020-04-15,1,Deaths,0.0,0.0
29274,Liechtenstein,2020-04-16,1,Deaths,0.0,0.0
29275,Liechtenstein,2020-04-17,1,Deaths,0.0,0.0
29276,Liechtenstein,2020-04-18,1,Deaths,0.0,0.0
29277,Liechtenstein,2020-04-19,1,Deaths,0.0,0.0
29278,Liechtenstein,2020-04-20,1,Deaths,0.0,0.0
29279,Liechtenstein,2020-04-21,1,Deaths,0.0,0.0
29280,Liechtenstein,2020-04-22,1,Deaths,0.0,0.0
29281,Liechtenstein,2020-04-23,1,Deaths,0.0,0.0
29282,Liechtenstein,2020-04-24,1,Deaths,0.0,0.0
29283,Liechtenstein,2020-04-25,1,Deaths,0.0,0.0
29284,Liechtenstein,2020-04-26,1,Deaths,0.0,0.0
29285,Liechtenstein,2020-04-27,1,Deaths,0.0,0.0
29286,Liechtenstein,2020-04-28,1,Deaths,0.0,0.0
29287,Liechtenstein,2020-04-29,1,Deaths,0.0,0.0
29288,Liechtenstein,2020-04-30,1,Deaths,0.0,0.0
29289,Liechtenstein,2020-05-01,1,Deaths,0.0,0.0
29290,Liechtenstein,2020-05-02,1,Deaths,0.0,0.0
29291,Liechtenstein,2020-05-03,1,Deaths,0.0,0.0
29292,Liechtenstein,2020-05-04,1,Deaths,0.0,0.0
29293,Liechtenstein,2020-05-05,1,Deaths,0.0,0.0
29294,Liechtenstein,2020-05-06,1,Deaths,0.0,0.0
29295,Liechtenstein,2020-05-07,1,Deaths,0.0,0.0
29296,Liechtenstein,2020-05-08,1,Deaths,0.0,0.0
29297,Liechtenstein,2020-05-09,1,Deaths,0.0,0.0
29298,Liechtenstein,2020-05-10,1,Deaths,0.0,0.0
29299,Liechtenstein,2020-05-11,1,Deaths,0.0,0.0
29300,Liechtenstein,2020-05-12,1,Deaths,0.0,0.0
29301,Liechtenstein,2020-05-13,1,Deaths,0.0,0.0
29302,Liechtenstein,2020-05-14,1,Deaths,0.0,0.0
29303,Liechtenstein,2020-05-15,1,Deaths,0.0,0.0
29304,Liechtenstein,2020-05-16,1,Deaths,0.0,0.0
29305,Liechtenstein,2020-05-17,1,Deaths,0.0,0.0
29306,Liechtenstein,2020-05-18,1,Deaths,0.0,0.0
29307,Liechtenstein,2020-05-19,1,Deaths,0.0,0.0
29308,Liechtenstein,2020-05-20,1,Deaths,0.0,0.0
29309,Liechtenstein,2020-05-21,1,Deaths,0.0,0.0
29310,Liechtenstein,2020-05-22,1,Deaths,0.0,0.0
29311,Liechtenstein,2020-05-23,1,Deaths,0.0,0.0
29312,Liechtenstein,2020-05-24,1,Deaths,0.0,0.0
29313,Liechtenstein,2020-05-25,1,Deaths,0.0,0.0
29314,Liechtenstein,2020-05-26,1,Deaths,0.0,0.0
29315,Liechtenstein,2020-05-27,1,Deaths,0.0,0.0
29316,Liechtenstein,2020-05-28,1,Deaths,0.0,0.0
29317,Liechtenstein,2020-05-29,1,Deaths,0.0,0.0
29318,Liechtenstein,2020-05-30,1,Deaths,0.0,0.0
29319,Liechtenstein,2020-05-31,1,Deaths,0.0,0.0
29320,Liechtenstein,2020-06-01,1,Deaths,0.0,0.0
29321,Liechtenstein,2020-06-02,1,Deaths,0.0,0.0
29322,Liechtenstein,2020-06-03,1,Deaths,0.0,0.0
29323,Liechtenstein,2020-06-04,1,Deaths,0.0,0.0
29324,Liechtenstein,2020-06-05,1,Deaths,0.0,0.0
29325,Liechtenstein,2020-06-06,1,Deaths,0.0,0.0
29326,Liechtenstein,2020-06-07,1,Deaths,0.0,0.0
29327,Liechtenstein,2020-06-08,1,Deaths,0.0,0.0
29328,Liechtenstein,2020-06-09,1,Deaths,0.0,0.0
29329,Liechtenstein,2020-06-10,1,Deaths,0.0,0.0
29330,Liechtenstein,2020-06-11,1,Deaths,0.0,0.0
29331,Liechtenstein,2020-06-12,1,Deaths,0.0,0.0
29332,Liechtenstein,2020-06-13,1,Deaths,0.0,0.0
29333,Liechtenstein,2020-06-14,1,Deaths,0.0,0.0
29334,Liechtenstein,2020-06-15,1,Deaths,0.0,0.0
29335,Liechtenstein,2020-06-16,1,Deaths,0.0,0.0
29336,Liechtenstein,2020-06-17,1,Deaths,0.0,0.0
29337,Liechtenstein,2020-06-18,1,Deaths,0.0,0.0
29338,Liechtenstein,2020-06-19,1,Deaths,0.0,0.0
29339,Liechtenstein,2020-06-20,1,Deaths,0.0,0.0
29340,Liechtenstein,2020-06-21,1,Deaths,0.0,0.0
29341,Liechtenstein,2020-06-22,1,Deaths,0.0,0.0
29342,Liechtenstein,2020-06-23,1,Deaths,0.0,0.0
29343,Liechtenstein,2020-06-24,1,Deaths,0.0,0.0
29344,Liechtenstein,2020-06-25,1,Deaths,0.0,0.0
29345,Liechtenstein,2020-06-26,1,Deaths,0.0,0.0
29346,Liechtenstein,2020-06-27,1,Deaths,0.0,0.0
29347,Liechtenstein,2020-06-28,1,Deaths,0.0,0.0
29348,Liechtenstein,2020-06-29,1,Deaths,0.0,0.0
29349,Liechtenstein,2020-06-30,1,Deaths,0.0,0.0
29350,Liechtenstein,2020-07-01,1,Deaths,0.0,0.0
29351,Liechtenstein,2020-07-02,1,Deaths,0.0,0.0
29352,Liechtenstein,2020-07-03,1,Deaths,0.0,0.0
29353,Liechtenstein,2020-07-04,1,Deaths,0.0,0.0
29354,Liechtenstein,2020-07-05,1,Deaths,0.0,0.0
29355,Liechtenstein,2020-07-06,1,Deaths,0.0,0.0
29356,Liechtenstein,2020-07-07,1,Deaths,0.0,0.0
29357,Liechtenstein,2020-07-08,1,Deaths,0.0,0.0
29358,Liechtenstein,2020-07-09,1,Deaths,0.0,0.0
29359,Liechtenstein,2020-07-10,1,Deaths,0.0,0.0
29360,Liechtenstein,2020-07-11,1,Deaths,0.0,0.0
29361,Liechtenstein,2020-07-12,1,Deaths,0.0,0.0
29362,Liechtenstein,2020-07-13,1,Deaths,0.0,0.0
29363,Liechtenstein,2020-07-14,1,Deaths,0.0,0.0
29364,Liechtenstein,2020-07-15,1,Deaths,0.0,0.0
29365,Liechtenstein,2020-07-16,1,Deaths,0.0,0.0
29366,Liechtenstein,2020-07-17,1,Deaths,0.0,0.0
29367,Liechtenstein,2020-07-18,1,Deaths,0.0,0.0
29368,Liechtenstein,2020-07-19,1,Deaths,0.0,0.0
29369,Liechtenstein,2020-07-20,1,Deaths,0.0,0.0
29370,Liechtenstein,2020-07-21,1,Deaths,0.0,0.0
29371,Liechtenstein,2020-07-22,1,Deaths,0.0,0.0
29372,Liechtenstein,2020-07-23,1,Deaths,0.0,0.0
29373,Liechtenstein,2020-07-24,1,Deaths,0.0,0.0
29374,Liechtenstein,2020-07-25,1,Deaths,0.0,0.0
29375,Liechtenstein,2020-07-26,1,Deaths,0.0,0.0
29376,Liechtenstein,2020-07-27,1,Deaths,0.0,0.0
29377,Liechtenstein,2020-07-28,1,Deaths,0.0,0.0
29378,Liechtenstein,2020-07-29,1,Deaths,0.0,0.0
29379,Liechtenstein,2020-07-30,1,Deaths,0.0,0.0
29380,Liechtenstein,2020-07-31,1,Deaths,0.0,0.0
29381,Liechtenstein,2020-08-01,1,Deaths,0.0,0.0
29382,Liechtenstein,2020-08-02,1,Deaths,0.0,0.0
29383,Liechtenstein,2020-08-03,1,Deaths,0.0,0.0
29384,Liechtenstein,2020-08-04,1,Deaths,0.0,0.0
29385,Liechtenstein,2020-08-05,1,Deaths,0.0,0.0
29386,Liechtenstein,2020-08-06,1,Deaths,0.0,0.0
29387,Liechtenstein,2020-08-07,1,Deaths,0.0,0.0
29388,Liechtenstein,2020-08-08,1,Deaths,0.0,0.0
29389,Liechtenstein,2020-08-09,1,Deaths,0.0,0.0
29390,Liechtenstein,2020-08-10,1,Deaths,0.0,0.0
29391,Liechtenstein,2020-08-11,1,Deaths,0.0,0.0
29392,Liechtenstein,2020-08-12,1,Deaths,0.0,0.0
29393,Liechtenstein,2020-08-13,1,Deaths,0.0,0.0
29394,Liechtenstein,2020-08-14,1,Deaths,0.0,0.0
29395,Liechtenstein,2020-08-15,1,Deaths,0.0,0.0
29396,Liechtenstein,2020-08-16,1,Deaths,0.0,0.0
29397,Liechtenstein,2020-08-17,1,Deaths,0.0,0.0
29398,Liechtenstein,2020-08-18,1,Deaths,0.0,0.0
29399,Liechtenstein,2020-08-19,1,Deaths,0.0,0.0
29400,Liechtenstein,2020-08-20,1,Deaths,0.0,0.0
29401,Liechtenstein,2020-08-21,1,Deaths,0.0,0.0
29402,Liechtenstein,2020-08-22,1,Deaths,0.0,0.0
29403,Liechtenstein,2020-08-23,1,Deaths,0.0,0.0
29404,Liechtenstein,2020-08-24,1,Deaths,0.0,0.0
29405,Liechtenstein,2020-08-25,1,Deaths,0.0,0.0
29406,Liechtenstein,2020-08-26,1,Deaths,0.0,0.0
29407,Liechtenstein,2020-08-27,1,Deaths,0.0,0.0
29408,Liechtenstein,2020-08-28,1,Deaths,0.0,0.0
29409,Liechtenstein,2020-08-29,1,Deaths,0.0,0.0
29410,Liechtenstein,2020-08-30,1,Deaths,0.0,0.0
29411,Liechtenstein,2020-08-31,1,Deaths,0.0,0.0
29412,Liechtenstein,2020-09-01,1,Deaths,0.0,0.0
29413,Liechtenstein,2020-09-02,1,Deaths,0.0,0.0
29414,Liechtenstein,2020-09-03,1,Deaths,0.0,0.0
29415,Liechtenstein,2020-09-04,1,Deaths,0.0,0.0
29416,Liechtenstein,2020-09-05,1,Deaths,0.0,0.0
29417,Liechtenstein,2020-09-06,1,Deaths,0.0,0.0
29418,Liechtenstein,2020-09-07,1,Deaths,0.0,0.0
29419,Liechtenstein,2020-09-08,1,Deaths,0.0,0.0
29420,Liechtenstein,2020-09-09,1,Deaths,0.0,0.0
29421,Liechtenstein,2020-09-10,1,Deaths,0.0,0.0
29422,Liechtenstein,2020-09-11,1,Deaths,0.0,0.0
29423,Liechtenstein,2020-09-12,1,Deaths,0.0,0.0
29424,Liechtenstein,2020-09-13,1,Deaths,0.0,0.0
29425,Liechtenstein,2020-09-14,1,Deaths,0.0,0.0
29426,Liechtenstein,2020-09-15,1,Deaths,0.0,0.0
29427,Liechtenstein,2020-09-16,1,Deaths,0.0,0.0
29428,Liechtenstein,2020-09-17,1,Deaths,0.0,0.0
29429,Liechtenstein,2020-09-18,1,Deaths,0.0,0.0
29430,Liechtenstein,2020-09-19,1,Deaths,0.0,0.0
29431,Liechtenstein,2020-09-20,1,Deaths,0.0,0.0
29432,Liechtenstein,2020-09-21,1,Deaths,0.0,0.0
29433,Liechtenstein,2020-09-22,1,Deaths,0.0,0.0
29434,Liechtenstein,2020-09-23,1,Deaths,0.0,0.0
29435,Liechtenstein,2020-09-24,1,Deaths,0.0,0.0
29436,Liechtenstein,2020-09-25,1,Deaths,0.0,0.0
29437,Liechtenstein,2020-09-26,1,Deaths,0.0,0.0
29438,Liechtenstein,2020-09-27,1,Deaths,0.0,0.0
29439,Liechtenstein,2020-09-28,1,Deaths,0.0,0.0
29440,Liechtenstein,2020-09-29,1,Deaths,0.0,0.0
29441,Liechtenstein,2020-09-30,1,Deaths,0.0,0.0
29442,Liechtenstein,2020-10-01,1,Deaths,0.0,0.0
29443,Liechtenstein,2020-10-02,1,Deaths,0.0,0.0
29444,Liechtenstein,2020-10-03,1,Deaths,0.0,0.0
29445,Liechtenstein,2020-10-04,1,Deaths,0.0,0.0
29446,Liechtenstein,2020-10-05,1,Deaths,0.0,0.0
29447,Liechtenstein,2020-10-06,1,Deaths,0.0,0.0
29448,Liechtenstein,2020-10-07,1,Deaths,0.0,0.0
29449,Liechtenstein,2020-10-08,1,Deaths,0.0,0.0
29450,Liechtenstein,2020-10-09,1,Deaths,0.0,0.0
29451,Liechtenstein,2020-10-10,1,Deaths,0.0,0.0
29452,Liechtenstein,2020-10-11,1,Deaths,0.0,0.0
29453,Liechtenstein,2020-10-12,1,Deaths,0.0,0.0
29454,Liechtenstein,2020-10-13,1,Deaths,0.0,0.0
29455,Liechtenstein,2020-10-14,1,Deaths,0.0,0.0
29456,Liechtenstein,2020-10-15,1,Deaths,0.0,0.0
29457,Liechtenstein,2020-10-16,1,Deaths,0.0,0.0
29458,Liechtenstein,2020-10-17,1,Deaths,0.0,0.0
29459,Liechtenstein,2020-10-18,1,Deaths,0.0,0.0
29460,Liechtenstein,2020-10-19,1,Deaths,0.0,0.0
29461,Liechtenstein,2020-10-20,1,Deaths,0.0,0.0
29462,Liechtenstein,2020-10-21,1,Deaths,0.0,0.0
29463,Liechtenstein,2020-10-22,1,Deaths,0.0,0.0
29464,Liechtenstein,2020-10-23,1,Deaths,0.0,0.0
29465,Liechtenstein,2020-10-24,1,Deaths,0.0,0.0
29466,Liechtenstein,2020-10-25,1,Deaths,0.0,0.0
29467,Liechtenstein,2020-10-26,1,Deaths,0.0,0.0
29468,Liechtenstein,2020-10-27,1,Deaths,0.0,0.0
29469,Liechtenstein,2020-10-28,1,Deaths,0.0,0.0
29470,Liechtenstein,2020-10-29,1,Deaths,0.0,0.0
29471,Liechtenstein,2020-10-30,2,Deaths,1.0,1.0
29472,Liechtenstein,2020-10-31,3,Deaths,1.0,2.0
29473,Liechtenstein,2020-11-01,3,Deaths,0.0,2.0
29474,Liechtenstein,2020-11-02,3,Deaths,0.0,2.0
29475,Liechtenstein,2020-11-03,3,Deaths,0.0,2.0
29476,Liechtenstein,2020-11-04,3,Deaths,0.0,2.0
29477,Liechtenstein,2020-11-05,3,Deaths,0.0,2.0
29478,Lithuania,2020-01-22,0,Deaths,,
29479,Lithuania,2020-01-23,0,Deaths,0.0,
29480,Lithuania,2020-01-24,0,Deaths,0.0,
29481,Lithuania,2020-01-25,0,Deaths,0.0,
29482,Lithuania,2020-01-26,0,Deaths,0.0,
29483,Lithuania,2020-01-27,0,Deaths,0.0,
29484,Lithuania,2020-01-28,0,Deaths,0.0,
29485,Lithuania,2020-01-29,0,Deaths,0.0,0.0
29486,Lithuania,2020-01-30,0,Deaths,0.0,0.0
29487,Lithuania,2020-01-31,0,Deaths,0.0,0.0
29488,Lithuania,2020-02-01,0,Deaths,0.0,0.0
29489,Lithuania,2020-02-02,0,Deaths,0.0,0.0
29490,Lithuania,2020-02-03,0,Deaths,0.0,0.0
29491,Lithuania,2020-02-04,0,Deaths,0.0,0.0
29492,Lithuania,2020-02-05,0,Deaths,0.0,0.0
29493,Lithuania,2020-02-06,0,Deaths,0.0,0.0
29494,Lithuania,2020-02-07,0,Deaths,0.0,0.0
29495,Lithuania,2020-02-08,0,Deaths,0.0,0.0
29496,Lithuania,2020-02-09,0,Deaths,0.0,0.0
29497,Lithuania,2020-02-10,0,Deaths,0.0,0.0
29498,Lithuania,2020-02-11,0,Deaths,0.0,0.0
29499,Lithuania,2020-02-12,0,Deaths,0.0,0.0
29500,Lithuania,2020-02-13,0,Deaths,0.0,0.0
29501,Lithuania,2020-02-14,0,Deaths,0.0,0.0
29502,Lithuania,2020-02-15,0,Deaths,0.0,0.0
29503,Lithuania,2020-02-16,0,Deaths,0.0,0.0
29504,Lithuania,2020-02-17,0,Deaths,0.0,0.0
29505,Lithuania,2020-02-18,0,Deaths,0.0,0.0
29506,Lithuania,2020-02-19,0,Deaths,0.0,0.0
29507,Lithuania,2020-02-20,0,Deaths,0.0,0.0
29508,Lithuania,2020-02-21,0,Deaths,0.0,0.0
29509,Lithuania,2020-02-22,0,Deaths,0.0,0.0
29510,Lithuania,2020-02-23,0,Deaths,0.0,0.0
29511,Lithuania,2020-02-24,0,Deaths,0.0,0.0
29512,Lithuania,2020-02-25,0,Deaths,0.0,0.0
29513,Lithuania,2020-02-26,0,Deaths,0.0,0.0
29514,Lithuania,2020-02-27,0,Deaths,0.0,0.0
29515,Lithuania,2020-02-28,0,Deaths,0.0,0.0
29516,Lithuania,2020-02-29,0,Deaths,0.0,0.0
29517,Lithuania,2020-03-01,0,Deaths,0.0,0.0
29518,Lithuania,2020-03-02,0,Deaths,0.0,0.0
29519,Lithuania,2020-03-03,0,Deaths,0.0,0.0
29520,Lithuania,2020-03-04,0,Deaths,0.0,0.0
29521,Lithuania,2020-03-05,0,Deaths,0.0,0.0
29522,Lithuania,2020-03-06,0,Deaths,0.0,0.0
29523,Lithuania,2020-03-07,0,Deaths,0.0,0.0
29524,Lithuania,2020-03-08,0,Deaths,0.0,0.0
29525,Lithuania,2020-03-09,0,Deaths,0.0,0.0
29526,Lithuania,2020-03-10,0,Deaths,0.0,0.0
29527,Lithuania,2020-03-11,0,Deaths,0.0,0.0
29528,Lithuania,2020-03-12,0,Deaths,0.0,0.0
29529,Lithuania,2020-03-13,0,Deaths,0.0,0.0
29530,Lithuania,2020-03-14,0,Deaths,0.0,0.0
29531,Lithuania,2020-03-15,0,Deaths,0.0,0.0
29532,Lithuania,2020-03-16,0,Deaths,0.0,0.0
29533,Lithuania,2020-03-17,0,Deaths,0.0,0.0
29534,Lithuania,2020-03-18,0,Deaths,0.0,0.0
29535,Lithuania,2020-03-19,0,Deaths,0.0,0.0
29536,Lithuania,2020-03-20,0,Deaths,0.0,0.0
29537,Lithuania,2020-03-21,1,Deaths,1.0,1.0
29538,Lithuania,2020-03-22,1,Deaths,0.0,1.0
29539,Lithuania,2020-03-23,1,Deaths,0.0,1.0
29540,Lithuania,2020-03-24,2,Deaths,1.0,2.0
29541,Lithuania,2020-03-25,4,Deaths,2.0,4.0
29542,Lithuania,2020-03-26,4,Deaths,0.0,4.0
29543,Lithuania,2020-03-27,5,Deaths,1.0,5.0
29544,Lithuania,2020-03-28,7,Deaths,2.0,6.0
29545,Lithuania,2020-03-29,7,Deaths,0.0,6.0
29546,Lithuania,2020-03-30,7,Deaths,0.0,6.0
29547,Lithuania,2020-03-31,8,Deaths,1.0,6.0
29548,Lithuania,2020-04-01,8,Deaths,0.0,4.0
29549,Lithuania,2020-04-02,9,Deaths,1.0,5.0
29550,Lithuania,2020-04-03,9,Deaths,0.0,4.0
29551,Lithuania,2020-04-04,11,Deaths,2.0,4.0
29552,Lithuania,2020-04-05,13,Deaths,2.0,6.0
29553,Lithuania,2020-04-06,15,Deaths,2.0,8.0
29554,Lithuania,2020-04-07,15,Deaths,0.0,7.0
29555,Lithuania,2020-04-08,15,Deaths,0.0,7.0
29556,Lithuania,2020-04-09,16,Deaths,1.0,7.0
29557,Lithuania,2020-04-10,22,Deaths,6.0,13.0
29558,Lithuania,2020-04-11,23,Deaths,1.0,12.0
29559,Lithuania,2020-04-12,23,Deaths,0.0,10.0
29560,Lithuania,2020-04-13,24,Deaths,1.0,9.0
29561,Lithuania,2020-04-14,29,Deaths,5.0,14.0
29562,Lithuania,2020-04-15,30,Deaths,1.0,15.0
29563,Lithuania,2020-04-16,32,Deaths,2.0,16.0
29564,Lithuania,2020-04-17,33,Deaths,1.0,11.0
29565,Lithuania,2020-04-18,33,Deaths,0.0,10.0
29566,Lithuania,2020-04-19,35,Deaths,2.0,12.0
29567,Lithuania,2020-04-20,37,Deaths,2.0,13.0
29568,Lithuania,2020-04-21,38,Deaths,1.0,9.0
29569,Lithuania,2020-04-22,38,Deaths,0.0,8.0
29570,Lithuania,2020-04-23,40,Deaths,2.0,8.0
29571,Lithuania,2020-04-24,40,Deaths,0.0,7.0
29572,Lithuania,2020-04-25,41,Deaths,1.0,8.0
29573,Lithuania,2020-04-26,41,Deaths,0.0,6.0
29574,Lithuania,2020-04-27,41,Deaths,0.0,4.0
29575,Lithuania,2020-04-28,44,Deaths,3.0,6.0
29576,Lithuania,2020-04-29,45,Deaths,1.0,7.0
29577,Lithuania,2020-04-30,45,Deaths,0.0,5.0
29578,Lithuania,2020-05-01,45,Deaths,0.0,5.0
29579,Lithuania,2020-05-02,46,Deaths,1.0,5.0
29580,Lithuania,2020-05-03,46,Deaths,0.0,5.0
29581,Lithuania,2020-05-04,46,Deaths,0.0,5.0
29582,Lithuania,2020-05-05,46,Deaths,0.0,2.0
29583,Lithuania,2020-05-06,48,Deaths,2.0,3.0
29584,Lithuania,2020-05-07,49,Deaths,1.0,4.0
29585,Lithuania,2020-05-08,49,Deaths,0.0,4.0
29586,Lithuania,2020-05-09,49,Deaths,0.0,3.0
29587,Lithuania,2020-05-10,50,Deaths,1.0,4.0
29588,Lithuania,2020-05-11,50,Deaths,0.0,4.0
29589,Lithuania,2020-05-12,50,Deaths,0.0,4.0
29590,Lithuania,2020-05-13,54,Deaths,4.0,6.0
29591,Lithuania,2020-05-14,54,Deaths,0.0,5.0
29592,Lithuania,2020-05-15,54,Deaths,0.0,5.0
29593,Lithuania,2020-05-16,55,Deaths,1.0,6.0
29594,Lithuania,2020-05-17,56,Deaths,1.0,6.0
29595,Lithuania,2020-05-18,59,Deaths,3.0,9.0
29596,Lithuania,2020-05-19,60,Deaths,1.0,10.0
29597,Lithuania,2020-05-20,60,Deaths,0.0,6.0
29598,Lithuania,2020-05-21,61,Deaths,1.0,7.0
29599,Lithuania,2020-05-22,61,Deaths,0.0,7.0
29600,Lithuania,2020-05-23,63,Deaths,2.0,8.0
29601,Lithuania,2020-05-24,63,Deaths,0.0,7.0
29602,Lithuania,2020-05-25,63,Deaths,0.0,4.0
29603,Lithuania,2020-05-26,65,Deaths,2.0,5.0
29604,Lithuania,2020-05-27,66,Deaths,1.0,6.0
29605,Lithuania,2020-05-28,68,Deaths,2.0,7.0
29606,Lithuania,2020-05-29,68,Deaths,0.0,7.0
29607,Lithuania,2020-05-30,70,Deaths,2.0,7.0
29608,Lithuania,2020-05-31,70,Deaths,0.0,7.0
29609,Lithuania,2020-06-01,70,Deaths,0.0,7.0
29610,Lithuania,2020-06-02,71,Deaths,1.0,6.0
29611,Lithuania,2020-06-03,71,Deaths,0.0,5.0
29612,Lithuania,2020-06-04,71,Deaths,0.0,3.0
29613,Lithuania,2020-06-05,71,Deaths,0.0,3.0
29614,Lithuania,2020-06-06,71,Deaths,0.0,1.0
29615,Lithuania,2020-06-07,71,Deaths,0.0,1.0
29616,Lithuania,2020-06-08,71,Deaths,0.0,1.0
29617,Lithuania,2020-06-09,72,Deaths,1.0,1.0
29618,Lithuania,2020-06-10,74,Deaths,2.0,3.0
29619,Lithuania,2020-06-11,74,Deaths,0.0,3.0
29620,Lithuania,2020-06-12,74,Deaths,0.0,3.0
29621,Lithuania,2020-06-13,75,Deaths,1.0,4.0
29622,Lithuania,2020-06-14,75,Deaths,0.0,4.0
29623,Lithuania,2020-06-15,76,Deaths,1.0,5.0
29624,Lithuania,2020-06-16,76,Deaths,0.0,4.0
29625,Lithuania,2020-06-17,76,Deaths,0.0,2.0
29626,Lithuania,2020-06-18,76,Deaths,0.0,2.0
29627,Lithuania,2020-06-19,76,Deaths,0.0,2.0
29628,Lithuania,2020-06-20,76,Deaths,0.0,1.0
29629,Lithuania,2020-06-21,76,Deaths,0.0,1.0
29630,Lithuania,2020-06-22,76,Deaths,0.0,0.0
29631,Lithuania,2020-06-23,77,Deaths,1.0,1.0
29632,Lithuania,2020-06-24,78,Deaths,1.0,2.0
29633,Lithuania,2020-06-25,78,Deaths,0.0,2.0
29634,Lithuania,2020-06-26,78,Deaths,0.0,2.0
29635,Lithuania,2020-06-27,78,Deaths,0.0,2.0
29636,Lithuania,2020-06-28,78,Deaths,0.0,2.0
29637,Lithuania,2020-06-29,78,Deaths,0.0,2.0
29638,Lithuania,2020-06-30,78,Deaths,0.0,1.0
29639,Lithuania,2020-07-01,78,Deaths,0.0,0.0
29640,Lithuania,2020-07-02,78,Deaths,0.0,0.0
29641,Lithuania,2020-07-03,79,Deaths,1.0,1.0
29642,Lithuania,2020-07-04,79,Deaths,0.0,1.0
29643,Lithuania,2020-07-05,79,Deaths,0.0,1.0
29644,Lithuania,2020-07-06,79,Deaths,0.0,1.0
29645,Lithuania,2020-07-07,79,Deaths,0.0,1.0
29646,Lithuania,2020-07-08,79,Deaths,0.0,1.0
29647,Lithuania,2020-07-09,79,Deaths,0.0,1.0
29648,Lithuania,2020-07-10,79,Deaths,0.0,0.0
29649,Lithuania,2020-07-11,79,Deaths,0.0,0.0
29650,Lithuania,2020-07-12,79,Deaths,0.0,0.0
29651,Lithuania,2020-07-13,79,Deaths,0.0,0.0
29652,Lithuania,2020-07-14,79,Deaths,0.0,0.0
29653,Lithuania,2020-07-15,79,Deaths,0.0,0.0
29654,Lithuania,2020-07-16,79,Deaths,0.0,0.0
29655,Lithuania,2020-07-17,79,Deaths,0.0,0.0
29656,Lithuania,2020-07-18,80,Deaths,1.0,1.0
29657,Lithuania,2020-07-19,80,Deaths,0.0,1.0
29658,Lithuania,2020-07-20,80,Deaths,0.0,1.0
29659,Lithuania,2020-07-21,80,Deaths,0.0,1.0
29660,Lithuania,2020-07-22,80,Deaths,0.0,1.0
29661,Lithuania,2020-07-23,80,Deaths,0.0,1.0
29662,Lithuania,2020-07-24,80,Deaths,0.0,1.0
29663,Lithuania,2020-07-25,80,Deaths,0.0,0.0
29664,Lithuania,2020-07-26,80,Deaths,0.0,0.0
29665,Lithuania,2020-07-27,80,Deaths,0.0,0.0
29666,Lithuania,2020-07-28,80,Deaths,0.0,0.0
29667,Lithuania,2020-07-29,80,Deaths,0.0,0.0
29668,Lithuania,2020-07-30,80,Deaths,0.0,0.0
29669,Lithuania,2020-07-31,80,Deaths,0.0,0.0
29670,Lithuania,2020-08-01,80,Deaths,0.0,0.0
29671,Lithuania,2020-08-02,80,Deaths,0.0,0.0
29672,Lithuania,2020-08-03,80,Deaths,0.0,0.0
29673,Lithuania,2020-08-04,80,Deaths,0.0,0.0
29674,Lithuania,2020-08-05,81,Deaths,1.0,1.0
29675,Lithuania,2020-08-06,81,Deaths,0.0,1.0
29676,Lithuania,2020-08-07,81,Deaths,0.0,1.0
29677,Lithuania,2020-08-08,81,Deaths,0.0,1.0
29678,Lithuania,2020-08-09,81,Deaths,0.0,1.0
29679,Lithuania,2020-08-10,81,Deaths,0.0,1.0
29680,Lithuania,2020-08-11,81,Deaths,0.0,1.0
29681,Lithuania,2020-08-12,81,Deaths,0.0,0.0
29682,Lithuania,2020-08-13,81,Deaths,0.0,0.0
29683,Lithuania,2020-08-14,81,Deaths,0.0,0.0
29684,Lithuania,2020-08-15,81,Deaths,0.0,0.0
29685,Lithuania,2020-08-16,81,Deaths,0.0,0.0
29686,Lithuania,2020-08-17,81,Deaths,0.0,0.0
29687,Lithuania,2020-08-18,81,Deaths,0.0,0.0
29688,Lithuania,2020-08-19,81,Deaths,0.0,0.0
29689,Lithuania,2020-08-20,82,Deaths,1.0,1.0
29690,Lithuania,2020-08-21,83,Deaths,1.0,2.0
29691,Lithuania,2020-08-22,84,Deaths,1.0,3.0
29692,Lithuania,2020-08-23,84,Deaths,0.0,3.0
29693,Lithuania,2020-08-24,85,Deaths,1.0,4.0
29694,Lithuania,2020-08-25,85,Deaths,0.0,4.0
29695,Lithuania,2020-08-26,85,Deaths,0.0,4.0
29696,Lithuania,2020-08-27,85,Deaths,0.0,3.0
29697,Lithuania,2020-08-28,86,Deaths,1.0,3.0
29698,Lithuania,2020-08-29,86,Deaths,0.0,2.0
29699,Lithuania,2020-08-30,86,Deaths,0.0,2.0
29700,Lithuania,2020-08-31,86,Deaths,0.0,1.0
29701,Lithuania,2020-09-01,86,Deaths,0.0,1.0
29702,Lithuania,2020-09-02,86,Deaths,0.0,1.0
29703,Lithuania,2020-09-03,86,Deaths,0.0,1.0
29704,Lithuania,2020-09-04,86,Deaths,0.0,0.0
29705,Lithuania,2020-09-05,86,Deaths,0.0,0.0
29706,Lithuania,2020-09-06,86,Deaths,0.0,0.0
29707,Lithuania,2020-09-07,86,Deaths,0.0,0.0
29708,Lithuania,2020-09-08,86,Deaths,0.0,0.0
29709,Lithuania,2020-09-09,86,Deaths,0.0,0.0
29710,Lithuania,2020-09-10,86,Deaths,0.0,0.0
29711,Lithuania,2020-09-11,86,Deaths,0.0,0.0
29712,Lithuania,2020-09-12,86,Deaths,0.0,0.0
29713,Lithuania,2020-09-13,87,Deaths,1.0,1.0
29714,Lithuania,2020-09-14,87,Deaths,0.0,1.0
29715,Lithuania,2020-09-15,87,Deaths,0.0,1.0
29716,Lithuania,2020-09-16,87,Deaths,0.0,1.0
29717,Lithuania,2020-09-17,87,Deaths,0.0,1.0
29718,Lithuania,2020-09-18,87,Deaths,0.0,1.0
29719,Lithuania,2020-09-19,87,Deaths,0.0,1.0
29720,Lithuania,2020-09-20,87,Deaths,0.0,0.0
29721,Lithuania,2020-09-21,87,Deaths,0.0,0.0
29722,Lithuania,2020-09-22,87,Deaths,0.0,0.0
29723,Lithuania,2020-09-23,87,Deaths,0.0,0.0
29724,Lithuania,2020-09-24,89,Deaths,2.0,2.0
29725,Lithuania,2020-09-25,89,Deaths,0.0,2.0
29726,Lithuania,2020-09-26,89,Deaths,0.0,2.0
29727,Lithuania,2020-09-27,91,Deaths,2.0,4.0
29728,Lithuania,2020-09-28,92,Deaths,1.0,5.0
29729,Lithuania,2020-09-29,92,Deaths,0.0,5.0
29730,Lithuania,2020-09-30,92,Deaths,0.0,5.0
29731,Lithuania,2020-10-01,92,Deaths,0.0,3.0
29732,Lithuania,2020-10-02,93,Deaths,1.0,4.0
29733,Lithuania,2020-10-03,94,Deaths,1.0,5.0
29734,Lithuania,2020-10-04,94,Deaths,0.0,3.0
29735,Lithuania,2020-10-05,94,Deaths,0.0,2.0
29736,Lithuania,2020-10-06,99,Deaths,5.0,7.0
29737,Lithuania,2020-10-07,101,Deaths,2.0,9.0
29738,Lithuania,2020-10-08,102,Deaths,1.0,10.0
29739,Lithuania,2020-10-09,103,Deaths,1.0,10.0
29740,Lithuania,2020-10-10,103,Deaths,0.0,9.0
29741,Lithuania,2020-10-11,103,Deaths,0.0,9.0
29742,Lithuania,2020-10-12,103,Deaths,0.0,9.0
29743,Lithuania,2020-10-13,106,Deaths,3.0,7.0
29744,Lithuania,2020-10-14,109,Deaths,3.0,8.0
29745,Lithuania,2020-10-15,110,Deaths,1.0,8.0
29746,Lithuania,2020-10-16,112,Deaths,2.0,9.0
29747,Lithuania,2020-10-17,113,Deaths,1.0,10.0
29748,Lithuania,2020-10-18,113,Deaths,0.0,10.0
29749,Lithuania,2020-10-19,113,Deaths,0.0,10.0
29750,Lithuania,2020-10-20,118,Deaths,5.0,12.0
29751,Lithuania,2020-10-21,120,Deaths,2.0,11.0
29752,Lithuania,2020-10-22,125,Deaths,5.0,15.0
29753,Lithuania,2020-10-23,126,Deaths,1.0,14.0
29754,Lithuania,2020-10-24,129,Deaths,3.0,16.0
29755,Lithuania,2020-10-25,134,Deaths,5.0,21.0
29756,Lithuania,2020-10-26,136,Deaths,2.0,23.0
29757,Lithuania,2020-10-27,141,Deaths,5.0,23.0
29758,Lithuania,2020-10-28,144,Deaths,3.0,24.0
29759,Lithuania,2020-10-29,150,Deaths,6.0,25.0
29760,Lithuania,2020-10-30,157,Deaths,7.0,31.0
29761,Lithuania,2020-10-31,165,Deaths,8.0,36.0
29762,Lithuania,2020-11-01,166,Deaths,1.0,32.0
29763,Lithuania,2020-11-02,170,Deaths,4.0,34.0
29764,Lithuania,2020-11-03,175,Deaths,5.0,34.0
29765,Lithuania,2020-11-04,182,Deaths,7.0,38.0
29766,Lithuania,2020-11-05,186,Deaths,4.0,36.0
29767,Luxembourg,2020-01-22,0,Deaths,,
29768,Luxembourg,2020-01-23,0,Deaths,0.0,
29769,Luxembourg,2020-01-24,0,Deaths,0.0,
29770,Luxembourg,2020-01-25,0,Deaths,0.0,
29771,Luxembourg,2020-01-26,0,Deaths,0.0,
29772,Luxembourg,2020-01-27,0,Deaths,0.0,
29773,Luxembourg,2020-01-28,0,Deaths,0.0,
29774,Luxembourg,2020-01-29,0,Deaths,0.0,0.0
29775,Luxembourg,2020-01-30,0,Deaths,0.0,0.0
29776,Luxembourg,2020-01-31,0,Deaths,0.0,0.0
29777,Luxembourg,2020-02-01,0,Deaths,0.0,0.0
29778,Luxembourg,2020-02-02,0,Deaths,0.0,0.0
29779,Luxembourg,2020-02-03,0,Deaths,0.0,0.0
29780,Luxembourg,2020-02-04,0,Deaths,0.0,0.0
29781,Luxembourg,2020-02-05,0,Deaths,0.0,0.0
29782,Luxembourg,2020-02-06,0,Deaths,0.0,0.0
29783,Luxembourg,2020-02-07,0,Deaths,0.0,0.0
29784,Luxembourg,2020-02-08,0,Deaths,0.0,0.0
29785,Luxembourg,2020-02-09,0,Deaths,0.0,0.0
29786,Luxembourg,2020-02-10,0,Deaths,0.0,0.0
29787,Luxembourg,2020-02-11,0,Deaths,0.0,0.0
29788,Luxembourg,2020-02-12,0,Deaths,0.0,0.0
29789,Luxembourg,2020-02-13,0,Deaths,0.0,0.0
29790,Luxembourg,2020-02-14,0,Deaths,0.0,0.0
29791,Luxembourg,2020-02-15,0,Deaths,0.0,0.0
29792,Luxembourg,2020-02-16,0,Deaths,0.0,0.0
29793,Luxembourg,2020-02-17,0,Deaths,0.0,0.0
29794,Luxembourg,2020-02-18,0,Deaths,0.0,0.0
29795,Luxembourg,2020-02-19,0,Deaths,0.0,0.0
29796,Luxembourg,2020-02-20,0,Deaths,0.0,0.0
29797,Luxembourg,2020-02-21,0,Deaths,0.0,0.0
29798,Luxembourg,2020-02-22,0,Deaths,0.0,0.0
29799,Luxembourg,2020-02-23,0,Deaths,0.0,0.0
29800,Luxembourg,2020-02-24,0,Deaths,0.0,0.0
29801,Luxembourg,2020-02-25,0,Deaths,0.0,0.0
29802,Luxembourg,2020-02-26,0,Deaths,0.0,0.0
29803,Luxembourg,2020-02-27,0,Deaths,0.0,0.0
29804,Luxembourg,2020-02-28,0,Deaths,0.0,0.0
29805,Luxembourg,2020-02-29,0,Deaths,0.0,0.0
29806,Luxembourg,2020-03-01,0,Deaths,0.0,0.0
29807,Luxembourg,2020-03-02,0,Deaths,0.0,0.0
29808,Luxembourg,2020-03-03,0,Deaths,0.0,0.0
29809,Luxembourg,2020-03-04,0,Deaths,0.0,0.0
29810,Luxembourg,2020-03-05,0,Deaths,0.0,0.0
29811,Luxembourg,2020-03-06,0,Deaths,0.0,0.0
29812,Luxembourg,2020-03-07,0,Deaths,0.0,0.0
29813,Luxembourg,2020-03-08,0,Deaths,0.0,0.0
29814,Luxembourg,2020-03-09,0,Deaths,0.0,0.0
29815,Luxembourg,2020-03-10,0,Deaths,0.0,0.0
29816,Luxembourg,2020-03-11,0,Deaths,0.0,0.0
29817,Luxembourg,2020-03-12,0,Deaths,0.0,0.0
29818,Luxembourg,2020-03-13,0,Deaths,0.0,0.0
29819,Luxembourg,2020-03-14,1,Deaths,1.0,1.0
29820,Luxembourg,2020-03-15,1,Deaths,0.0,1.0
29821,Luxembourg,2020-03-16,1,Deaths,0.0,1.0
29822,Luxembourg,2020-03-17,1,Deaths,0.0,1.0
29823,Luxembourg,2020-03-18,2,Deaths,1.0,2.0
29824,Luxembourg,2020-03-19,4,Deaths,2.0,4.0
29825,Luxembourg,2020-03-20,4,Deaths,0.0,4.0
29826,Luxembourg,2020-03-21,8,Deaths,4.0,7.0
29827,Luxembourg,2020-03-22,8,Deaths,0.0,7.0
29828,Luxembourg,2020-03-23,8,Deaths,0.0,7.0
29829,Luxembourg,2020-03-24,8,Deaths,0.0,7.0
29830,Luxembourg,2020-03-25,8,Deaths,0.0,6.0
29831,Luxembourg,2020-03-26,9,Deaths,1.0,5.0
29832,Luxembourg,2020-03-27,15,Deaths,6.0,11.0
29833,Luxembourg,2020-03-28,18,Deaths,3.0,10.0
29834,Luxembourg,2020-03-29,21,Deaths,3.0,13.0
29835,Luxembourg,2020-03-30,22,Deaths,1.0,14.0
29836,Luxembourg,2020-03-31,23,Deaths,1.0,15.0
29837,Luxembourg,2020-04-01,29,Deaths,6.0,21.0
29838,Luxembourg,2020-04-02,30,Deaths,1.0,21.0
29839,Luxembourg,2020-04-03,31,Deaths,1.0,16.0
29840,Luxembourg,2020-04-04,31,Deaths,0.0,13.0
29841,Luxembourg,2020-04-05,36,Deaths,5.0,15.0
29842,Luxembourg,2020-04-06,41,Deaths,5.0,19.0
29843,Luxembourg,2020-04-07,44,Deaths,3.0,21.0
29844,Luxembourg,2020-04-08,46,Deaths,2.0,17.0
29845,Luxembourg,2020-04-09,52,Deaths,6.0,22.0
29846,Luxembourg,2020-04-10,54,Deaths,2.0,23.0
29847,Luxembourg,2020-04-11,62,Deaths,8.0,31.0
29848,Luxembourg,2020-04-12,66,Deaths,4.0,30.0
29849,Luxembourg,2020-04-13,69,Deaths,3.0,28.0
29850,Luxembourg,2020-04-14,67,Deaths,-2.0,23.0
29851,Luxembourg,2020-04-15,69,Deaths,2.0,23.0
29852,Luxembourg,2020-04-16,69,Deaths,0.0,17.0
29853,Luxembourg,2020-04-17,72,Deaths,3.0,18.0
29854,Luxembourg,2020-04-18,72,Deaths,0.0,10.0
29855,Luxembourg,2020-04-19,73,Deaths,1.0,7.0
29856,Luxembourg,2020-04-20,75,Deaths,2.0,6.0
29857,Luxembourg,2020-04-21,78,Deaths,3.0,11.0
29858,Luxembourg,2020-04-22,80,Deaths,2.0,11.0
29859,Luxembourg,2020-04-23,83,Deaths,3.0,14.0
29860,Luxembourg,2020-04-24,85,Deaths,2.0,13.0
29861,Luxembourg,2020-04-25,85,Deaths,0.0,13.0
29862,Luxembourg,2020-04-26,88,Deaths,3.0,15.0
29863,Luxembourg,2020-04-27,88,Deaths,0.0,13.0
29864,Luxembourg,2020-04-28,89,Deaths,1.0,11.0
29865,Luxembourg,2020-04-29,89,Deaths,0.0,9.0
29866,Luxembourg,2020-04-30,90,Deaths,1.0,7.0
29867,Luxembourg,2020-05-01,92,Deaths,2.0,7.0
29868,Luxembourg,2020-05-02,92,Deaths,0.0,7.0
29869,Luxembourg,2020-05-03,96,Deaths,4.0,8.0
29870,Luxembourg,2020-05-04,96,Deaths,0.0,8.0
29871,Luxembourg,2020-05-05,96,Deaths,0.0,7.0
29872,Luxembourg,2020-05-06,98,Deaths,2.0,9.0
29873,Luxembourg,2020-05-07,100,Deaths,2.0,10.0
29874,Luxembourg,2020-05-08,100,Deaths,0.0,8.0
29875,Luxembourg,2020-05-09,101,Deaths,1.0,9.0
29876,Luxembourg,2020-05-10,101,Deaths,0.0,5.0
29877,Luxembourg,2020-05-11,101,Deaths,0.0,5.0
29878,Luxembourg,2020-05-12,102,Deaths,1.0,6.0
29879,Luxembourg,2020-05-13,103,Deaths,1.0,5.0
29880,Luxembourg,2020-05-14,103,Deaths,0.0,3.0
29881,Luxembourg,2020-05-15,104,Deaths,1.0,4.0
29882,Luxembourg,2020-05-16,104,Deaths,0.0,3.0
29883,Luxembourg,2020-05-17,107,Deaths,3.0,6.0
29884,Luxembourg,2020-05-18,107,Deaths,0.0,6.0
29885,Luxembourg,2020-05-19,109,Deaths,2.0,7.0
29886,Luxembourg,2020-05-20,109,Deaths,0.0,6.0
29887,Luxembourg,2020-05-21,109,Deaths,0.0,6.0
29888,Luxembourg,2020-05-22,109,Deaths,0.0,5.0
29889,Luxembourg,2020-05-23,109,Deaths,0.0,5.0
29890,Luxembourg,2020-05-24,110,Deaths,1.0,3.0
29891,Luxembourg,2020-05-25,110,Deaths,0.0,3.0
29892,Luxembourg,2020-05-26,110,Deaths,0.0,1.0
29893,Luxembourg,2020-05-27,110,Deaths,0.0,1.0
29894,Luxembourg,2020-05-28,110,Deaths,0.0,1.0
29895,Luxembourg,2020-05-29,110,Deaths,0.0,1.0
29896,Luxembourg,2020-05-30,110,Deaths,0.0,1.0
29897,Luxembourg,2020-05-31,110,Deaths,0.0,0.0
29898,Luxembourg,2020-06-01,110,Deaths,0.0,0.0
29899,Luxembourg,2020-06-02,110,Deaths,0.0,0.0
29900,Luxembourg,2020-06-03,110,Deaths,0.0,0.0
29901,Luxembourg,2020-06-04,110,Deaths,0.0,0.0
29902,Luxembourg,2020-06-05,110,Deaths,0.0,0.0
29903,Luxembourg,2020-06-06,110,Deaths,0.0,0.0
29904,Luxembourg,2020-06-07,110,Deaths,0.0,0.0
29905,Luxembourg,2020-06-08,110,Deaths,0.0,0.0
29906,Luxembourg,2020-06-09,110,Deaths,0.0,0.0
29907,Luxembourg,2020-06-10,110,Deaths,0.0,0.0
29908,Luxembourg,2020-06-11,110,Deaths,0.0,0.0
29909,Luxembourg,2020-06-12,110,Deaths,0.0,0.0
29910,Luxembourg,2020-06-13,110,Deaths,0.0,0.0
29911,Luxembourg,2020-06-14,110,Deaths,0.0,0.0
29912,Luxembourg,2020-06-15,110,Deaths,0.0,0.0
29913,Luxembourg,2020-06-16,110,Deaths,0.0,0.0
29914,Luxembourg,2020-06-17,110,Deaths,0.0,0.0
29915,Luxembourg,2020-06-18,110,Deaths,0.0,0.0
29916,Luxembourg,2020-06-19,110,Deaths,0.0,0.0
29917,Luxembourg,2020-06-20,110,Deaths,0.0,0.0
29918,Luxembourg,2020-06-21,110,Deaths,0.0,0.0
29919,Luxembourg,2020-06-22,110,Deaths,0.0,0.0
29920,Luxembourg,2020-06-23,110,Deaths,0.0,0.0
29921,Luxembourg,2020-06-24,110,Deaths,0.0,0.0
29922,Luxembourg,2020-06-25,110,Deaths,0.0,0.0
29923,Luxembourg,2020-06-26,110,Deaths,0.0,0.0
29924,Luxembourg,2020-06-27,110,Deaths,0.0,0.0
29925,Luxembourg,2020-06-28,110,Deaths,0.0,0.0
29926,Luxembourg,2020-06-29,110,Deaths,0.0,0.0
29927,Luxembourg,2020-06-30,110,Deaths,0.0,0.0
29928,Luxembourg,2020-07-01,110,Deaths,0.0,0.0
29929,Luxembourg,2020-07-02,110,Deaths,0.0,0.0
29930,Luxembourg,2020-07-03,110,Deaths,0.0,0.0
29931,Luxembourg,2020-07-04,110,Deaths,0.0,0.0
29932,Luxembourg,2020-07-05,110,Deaths,0.0,0.0
29933,Luxembourg,2020-07-06,110,Deaths,0.0,0.0
29934,Luxembourg,2020-07-07,110,Deaths,0.0,0.0
29935,Luxembourg,2020-07-08,110,Deaths,0.0,0.0
29936,Luxembourg,2020-07-09,110,Deaths,0.0,0.0
29937,Luxembourg,2020-07-10,110,Deaths,0.0,0.0
29938,Luxembourg,2020-07-11,110,Deaths,0.0,0.0
29939,Luxembourg,2020-07-12,111,Deaths,1.0,1.0
29940,Luxembourg,2020-07-13,111,Deaths,0.0,1.0
29941,Luxembourg,2020-07-14,111,Deaths,0.0,1.0
29942,Luxembourg,2020-07-15,111,Deaths,0.0,1.0
29943,Luxembourg,2020-07-16,111,Deaths,0.0,1.0
29944,Luxembourg,2020-07-17,111,Deaths,0.0,1.0
29945,Luxembourg,2020-07-18,111,Deaths,0.0,1.0
29946,Luxembourg,2020-07-19,111,Deaths,0.0,0.0
29947,Luxembourg,2020-07-20,111,Deaths,0.0,0.0
29948,Luxembourg,2020-07-21,111,Deaths,0.0,0.0
29949,Luxembourg,2020-07-22,111,Deaths,0.0,0.0
29950,Luxembourg,2020-07-23,112,Deaths,1.0,1.0
29951,Luxembourg,2020-07-24,112,Deaths,0.0,1.0
29952,Luxembourg,2020-07-25,112,Deaths,0.0,1.0
29953,Luxembourg,2020-07-26,112,Deaths,0.0,1.0
29954,Luxembourg,2020-07-27,112,Deaths,0.0,1.0
29955,Luxembourg,2020-07-28,113,Deaths,1.0,2.0
29956,Luxembourg,2020-07-29,114,Deaths,1.0,3.0
29957,Luxembourg,2020-07-30,114,Deaths,0.0,2.0
29958,Luxembourg,2020-07-31,114,Deaths,0.0,2.0
29959,Luxembourg,2020-08-01,116,Deaths,2.0,4.0
29960,Luxembourg,2020-08-02,117,Deaths,1.0,5.0
29961,Luxembourg,2020-08-03,118,Deaths,1.0,6.0
29962,Luxembourg,2020-08-04,118,Deaths,0.0,5.0
29963,Luxembourg,2020-08-05,118,Deaths,0.0,4.0
29964,Luxembourg,2020-08-06,119,Deaths,1.0,5.0
29965,Luxembourg,2020-08-07,119,Deaths,0.0,5.0
29966,Luxembourg,2020-08-08,120,Deaths,1.0,4.0
29967,Luxembourg,2020-08-09,120,Deaths,0.0,3.0
29968,Luxembourg,2020-08-10,121,Deaths,1.0,3.0
29969,Luxembourg,2020-08-11,122,Deaths,1.0,4.0
29970,Luxembourg,2020-08-12,122,Deaths,0.0,4.0
29971,Luxembourg,2020-08-13,122,Deaths,0.0,3.0
29972,Luxembourg,2020-08-14,122,Deaths,0.0,3.0
29973,Luxembourg,2020-08-15,123,Deaths,1.0,3.0
29974,Luxembourg,2020-08-16,123,Deaths,0.0,3.0
29975,Luxembourg,2020-08-17,124,Deaths,1.0,3.0
29976,Luxembourg,2020-08-18,124,Deaths,0.0,2.0
29977,Luxembourg,2020-08-19,124,Deaths,0.0,2.0
29978,Luxembourg,2020-08-20,124,Deaths,0.0,2.0
29979,Luxembourg,2020-08-21,124,Deaths,0.0,2.0
29980,Luxembourg,2020-08-22,124,Deaths,0.0,1.0
29981,Luxembourg,2020-08-23,124,Deaths,0.0,1.0
29982,Luxembourg,2020-08-24,124,Deaths,0.0,0.0
29983,Luxembourg,2020-08-25,124,Deaths,0.0,0.0
29984,Luxembourg,2020-08-26,124,Deaths,0.0,0.0
29985,Luxembourg,2020-08-27,124,Deaths,0.0,0.0
29986,Luxembourg,2020-08-28,124,Deaths,0.0,0.0
29987,Luxembourg,2020-08-29,124,Deaths,0.0,0.0
29988,Luxembourg,2020-08-30,124,Deaths,0.0,0.0
29989,Luxembourg,2020-08-31,124,Deaths,0.0,0.0
29990,Luxembourg,2020-09-01,124,Deaths,0.0,0.0
29991,Luxembourg,2020-09-02,124,Deaths,0.0,0.0
29992,Luxembourg,2020-09-03,124,Deaths,0.0,0.0
29993,Luxembourg,2020-09-04,124,Deaths,0.0,0.0
29994,Luxembourg,2020-09-05,124,Deaths,0.0,0.0
29995,Luxembourg,2020-09-06,124,Deaths,0.0,0.0
29996,Luxembourg,2020-09-07,124,Deaths,0.0,0.0
29997,Luxembourg,2020-09-08,124,Deaths,0.0,0.0
29998,Luxembourg,2020-09-09,124,Deaths,0.0,0.0
29999,Luxembourg,2020-09-10,124,Deaths,0.0,0.0
30000,Luxembourg,2020-09-11,124,Deaths,0.0,0.0
30001,Luxembourg,2020-09-12,124,Deaths,0.0,0.0
30002,Luxembourg,2020-09-13,124,Deaths,0.0,0.0
30003,Luxembourg,2020-09-14,124,Deaths,0.0,0.0
30004,Luxembourg,2020-09-15,124,Deaths,0.0,0.0
30005,Luxembourg,2020-09-16,124,Deaths,0.0,0.0
30006,Luxembourg,2020-09-17,124,Deaths,0.0,0.0
30007,Luxembourg,2020-09-18,124,Deaths,0.0,0.0
30008,Luxembourg,2020-09-19,124,Deaths,0.0,0.0
30009,Luxembourg,2020-09-20,124,Deaths,0.0,0.0
30010,Luxembourg,2020-09-21,124,Deaths,0.0,0.0
30011,Luxembourg,2020-09-22,124,Deaths,0.0,0.0
30012,Luxembourg,2020-09-23,124,Deaths,0.0,0.0
30013,Luxembourg,2020-09-24,124,Deaths,0.0,0.0
30014,Luxembourg,2020-09-25,124,Deaths,0.0,0.0
30015,Luxembourg,2020-09-26,124,Deaths,0.0,0.0
30016,Luxembourg,2020-09-27,124,Deaths,0.0,0.0
30017,Luxembourg,2020-09-28,124,Deaths,0.0,0.0
30018,Luxembourg,2020-09-29,124,Deaths,0.0,0.0
30019,Luxembourg,2020-09-30,124,Deaths,0.0,0.0
30020,Luxembourg,2020-10-01,125,Deaths,1.0,1.0
30021,Luxembourg,2020-10-02,125,Deaths,0.0,1.0
30022,Luxembourg,2020-10-03,125,Deaths,0.0,1.0
30023,Luxembourg,2020-10-04,125,Deaths,0.0,1.0
30024,Luxembourg,2020-10-05,127,Deaths,2.0,3.0
30025,Luxembourg,2020-10-06,128,Deaths,1.0,4.0
30026,Luxembourg,2020-10-07,128,Deaths,0.0,4.0
30027,Luxembourg,2020-10-08,129,Deaths,1.0,4.0
30028,Luxembourg,2020-10-09,130,Deaths,1.0,5.0
30029,Luxembourg,2020-10-10,131,Deaths,1.0,6.0
30030,Luxembourg,2020-10-11,132,Deaths,1.0,7.0
30031,Luxembourg,2020-10-12,133,Deaths,1.0,6.0
30032,Luxembourg,2020-10-13,133,Deaths,0.0,5.0
30033,Luxembourg,2020-10-14,133,Deaths,0.0,5.0
30034,Luxembourg,2020-10-15,133,Deaths,0.0,4.0
30035,Luxembourg,2020-10-16,133,Deaths,0.0,3.0
30036,Luxembourg,2020-10-17,133,Deaths,0.0,2.0
30037,Luxembourg,2020-10-18,133,Deaths,0.0,1.0
30038,Luxembourg,2020-10-19,135,Deaths,2.0,2.0
30039,Luxembourg,2020-10-20,136,Deaths,1.0,3.0
30040,Luxembourg,2020-10-21,138,Deaths,2.0,5.0
30041,Luxembourg,2020-10-22,140,Deaths,2.0,7.0
30042,Luxembourg,2020-10-23,141,Deaths,1.0,8.0
30043,Luxembourg,2020-10-24,141,Deaths,0.0,8.0
30044,Luxembourg,2020-10-25,141,Deaths,0.0,8.0
30045,Luxembourg,2020-10-26,147,Deaths,6.0,12.0
30046,Luxembourg,2020-10-27,147,Deaths,0.0,11.0
30047,Luxembourg,2020-10-28,147,Deaths,0.0,9.0
30048,Luxembourg,2020-10-29,150,Deaths,3.0,10.0
30049,Luxembourg,2020-10-30,152,Deaths,2.0,11.0
30050,Luxembourg,2020-10-31,152,Deaths,0.0,11.0
30051,Luxembourg,2020-11-01,152,Deaths,0.0,11.0
30052,Luxembourg,2020-11-02,160,Deaths,8.0,13.0
30053,Luxembourg,2020-11-03,167,Deaths,7.0,20.0
30054,Luxembourg,2020-11-04,171,Deaths,4.0,24.0
30055,Luxembourg,2020-11-05,177,Deaths,6.0,27.0
30056,MS Zaandam,2020-01-22,0,Deaths,,
30057,MS Zaandam,2020-01-23,0,Deaths,0.0,
30058,MS Zaandam,2020-01-24,0,Deaths,0.0,
30059,MS Zaandam,2020-01-25,0,Deaths,0.0,
30060,MS Zaandam,2020-01-26,0,Deaths,0.0,
30061,MS Zaandam,2020-01-27,0,Deaths,0.0,
30062,MS Zaandam,2020-01-28,0,Deaths,0.0,
30063,MS Zaandam,2020-01-29,0,Deaths,0.0,0.0
30064,MS Zaandam,2020-01-30,0,Deaths,0.0,0.0
30065,MS Zaandam,2020-01-31,0,Deaths,0.0,0.0
30066,MS Zaandam,2020-02-01,0,Deaths,0.0,0.0
30067,MS Zaandam,2020-02-02,0,Deaths,0.0,0.0
30068,MS Zaandam,2020-02-03,0,Deaths,0.0,0.0
30069,MS Zaandam,2020-02-04,0,Deaths,0.0,0.0
30070,MS Zaandam,2020-02-05,0,Deaths,0.0,0.0
30071,MS Zaandam,2020-02-06,0,Deaths,0.0,0.0
30072,MS Zaandam,2020-02-07,0,Deaths,0.0,0.0
30073,MS Zaandam,2020-02-08,0,Deaths,0.0,0.0
30074,MS Zaandam,2020-02-09,0,Deaths,0.0,0.0
30075,MS Zaandam,2020-02-10,0,Deaths,0.0,0.0
30076,MS Zaandam,2020-02-11,0,Deaths,0.0,0.0
30077,MS Zaandam,2020-02-12,0,Deaths,0.0,0.0
30078,MS Zaandam,2020-02-13,0,Deaths,0.0,0.0
30079,MS Zaandam,2020-02-14,0,Deaths,0.0,0.0
30080,MS Zaandam,2020-02-15,0,Deaths,0.0,0.0
30081,MS Zaandam,2020-02-16,0,Deaths,0.0,0.0
30082,MS Zaandam,2020-02-17,0,Deaths,0.0,0.0
30083,MS Zaandam,2020-02-18,0,Deaths,0.0,0.0
30084,MS Zaandam,2020-02-19,0,Deaths,0.0,0.0
30085,MS Zaandam,2020-02-20,0,Deaths,0.0,0.0
30086,MS Zaandam,2020-02-21,0,Deaths,0.0,0.0
30087,MS Zaandam,2020-02-22,0,Deaths,0.0,0.0
30088,MS Zaandam,2020-02-23,0,Deaths,0.0,0.0
30089,MS Zaandam,2020-02-24,0,Deaths,0.0,0.0
30090,MS Zaandam,2020-02-25,0,Deaths,0.0,0.0
30091,MS Zaandam,2020-02-26,0,Deaths,0.0,0.0
30092,MS Zaandam,2020-02-27,0,Deaths,0.0,0.0
30093,MS Zaandam,2020-02-28,0,Deaths,0.0,0.0
30094,MS Zaandam,2020-02-29,0,Deaths,0.0,0.0
30095,MS Zaandam,2020-03-01,0,Deaths,0.0,0.0
30096,MS Zaandam,2020-03-02,0,Deaths,0.0,0.0
30097,MS Zaandam,2020-03-03,0,Deaths,0.0,0.0
30098,MS Zaandam,2020-03-04,0,Deaths,0.0,0.0
30099,MS Zaandam,2020-03-05,0,Deaths,0.0,0.0
30100,MS Zaandam,2020-03-06,0,Deaths,0.0,0.0
30101,MS Zaandam,2020-03-07,0,Deaths,0.0,0.0
30102,MS Zaandam,2020-03-08,0,Deaths,0.0,0.0
30103,MS Zaandam,2020-03-09,0,Deaths,0.0,0.0
30104,MS Zaandam,2020-03-10,0,Deaths,0.0,0.0
30105,MS Zaandam,2020-03-11,0,Deaths,0.0,0.0
30106,MS Zaandam,2020-03-12,0,Deaths,0.0,0.0
30107,MS Zaandam,2020-03-13,0,Deaths,0.0,0.0
30108,MS Zaandam,2020-03-14,0,Deaths,0.0,0.0
30109,MS Zaandam,2020-03-15,0,Deaths,0.0,0.0
30110,MS Zaandam,2020-03-16,0,Deaths,0.0,0.0
30111,MS Zaandam,2020-03-17,0,Deaths,0.0,0.0
30112,MS Zaandam,2020-03-18,0,Deaths,0.0,0.0
30113,MS Zaandam,2020-03-19,0,Deaths,0.0,0.0
30114,MS Zaandam,2020-03-20,0,Deaths,0.0,0.0
30115,MS Zaandam,2020-03-21,0,Deaths,0.0,0.0
30116,MS Zaandam,2020-03-22,0,Deaths,0.0,0.0
30117,MS Zaandam,2020-03-23,0,Deaths,0.0,0.0
30118,MS Zaandam,2020-03-24,0,Deaths,0.0,0.0
30119,MS Zaandam,2020-03-25,0,Deaths,0.0,0.0
30120,MS Zaandam,2020-03-26,0,Deaths,0.0,0.0
30121,MS Zaandam,2020-03-27,0,Deaths,0.0,0.0
30122,MS Zaandam,2020-03-28,0,Deaths,0.0,0.0
30123,MS Zaandam,2020-03-29,0,Deaths,0.0,0.0
30124,MS Zaandam,2020-03-30,0,Deaths,0.0,0.0
30125,MS Zaandam,2020-03-31,0,Deaths,0.0,0.0
30126,MS Zaandam,2020-04-01,2,Deaths,2.0,2.0
30127,MS Zaandam,2020-04-02,2,Deaths,0.0,2.0
30128,MS Zaandam,2020-04-03,2,Deaths,0.0,2.0
30129,MS Zaandam,2020-04-04,2,Deaths,0.0,2.0
30130,MS Zaandam,2020-04-05,2,Deaths,0.0,2.0
30131,MS Zaandam,2020-04-06,2,Deaths,0.0,2.0
30132,MS Zaandam,2020-04-07,2,Deaths,0.0,2.0
30133,MS Zaandam,2020-04-08,2,Deaths,0.0,0.0
30134,MS Zaandam,2020-04-09,2,Deaths,0.0,0.0
30135,MS Zaandam,2020-04-10,2,Deaths,0.0,0.0
30136,MS Zaandam,2020-04-11,2,Deaths,0.0,0.0
30137,MS Zaandam,2020-04-12,2,Deaths,0.0,0.0
30138,MS Zaandam,2020-04-13,2,Deaths,0.0,0.0
30139,MS Zaandam,2020-04-14,2,Deaths,0.0,0.0
30140,MS Zaandam,2020-04-15,2,Deaths,0.0,0.0
30141,MS Zaandam,2020-04-16,2,Deaths,0.0,0.0
30142,MS Zaandam,2020-04-17,2,Deaths,0.0,0.0
30143,MS Zaandam,2020-04-18,2,Deaths,0.0,0.0
30144,MS Zaandam,2020-04-19,2,Deaths,0.0,0.0
30145,MS Zaandam,2020-04-20,2,Deaths,0.0,0.0
30146,MS Zaandam,2020-04-21,2,Deaths,0.0,0.0
30147,MS Zaandam,2020-04-22,2,Deaths,0.0,0.0
30148,MS Zaandam,2020-04-23,2,Deaths,0.0,0.0
30149,MS Zaandam,2020-04-24,2,Deaths,0.0,0.0
30150,MS Zaandam,2020-04-25,2,Deaths,0.0,0.0
30151,MS Zaandam,2020-04-26,2,Deaths,0.0,0.0
30152,MS Zaandam,2020-04-27,2,Deaths,0.0,0.0
30153,MS Zaandam,2020-04-28,2,Deaths,0.0,0.0
30154,MS Zaandam,2020-04-29,2,Deaths,0.0,0.0
30155,MS Zaandam,2020-04-30,2,Deaths,0.0,0.0
30156,MS Zaandam,2020-05-01,2,Deaths,0.0,0.0
30157,MS Zaandam,2020-05-02,2,Deaths,0.0,0.0
30158,MS Zaandam,2020-05-03,2,Deaths,0.0,0.0
30159,MS Zaandam,2020-05-04,2,Deaths,0.0,0.0
30160,MS Zaandam,2020-05-05,2,Deaths,0.0,0.0
30161,MS Zaandam,2020-05-06,2,Deaths,0.0,0.0
30162,MS Zaandam,2020-05-07,2,Deaths,0.0,0.0
30163,MS Zaandam,2020-05-08,2,Deaths,0.0,0.0
30164,MS Zaandam,2020-05-09,2,Deaths,0.0,0.0
30165,MS Zaandam,2020-05-10,2,Deaths,0.0,0.0
30166,MS Zaandam,2020-05-11,2,Deaths,0.0,0.0
30167,MS Zaandam,2020-05-12,2,Deaths,0.0,0.0
30168,MS Zaandam,2020-05-13,2,Deaths,0.0,0.0
30169,MS Zaandam,2020-05-14,2,Deaths,0.0,0.0
30170,MS Zaandam,2020-05-15,2,Deaths,0.0,0.0
30171,MS Zaandam,2020-05-16,2,Deaths,0.0,0.0
30172,MS Zaandam,2020-05-17,2,Deaths,0.0,0.0
30173,MS Zaandam,2020-05-18,2,Deaths,0.0,0.0
30174,MS Zaandam,2020-05-19,2,Deaths,0.0,0.0
30175,MS Zaandam,2020-05-20,2,Deaths,0.0,0.0
30176,MS Zaandam,2020-05-21,2,Deaths,0.0,0.0
30177,MS Zaandam,2020-05-22,2,Deaths,0.0,0.0
30178,MS Zaandam,2020-05-23,2,Deaths,0.0,0.0
30179,MS Zaandam,2020-05-24,2,Deaths,0.0,0.0
30180,MS Zaandam,2020-05-25,2,Deaths,0.0,0.0
30181,MS Zaandam,2020-05-26,2,Deaths,0.0,0.0
30182,MS Zaandam,2020-05-27,2,Deaths,0.0,0.0
30183,MS Zaandam,2020-05-28,2,Deaths,0.0,0.0
30184,MS Zaandam,2020-05-29,2,Deaths,0.0,0.0
30185,MS Zaandam,2020-05-30,2,Deaths,0.0,0.0
30186,MS Zaandam,2020-05-31,2,Deaths,0.0,0.0
30187,MS Zaandam,2020-06-01,2,Deaths,0.0,0.0
30188,MS Zaandam,2020-06-02,2,Deaths,0.0,0.0
30189,MS Zaandam,2020-06-03,2,Deaths,0.0,0.0
30190,MS Zaandam,2020-06-04,2,Deaths,0.0,0.0
30191,MS Zaandam,2020-06-05,2,Deaths,0.0,0.0
30192,MS Zaandam,2020-06-06,2,Deaths,0.0,0.0
30193,MS Zaandam,2020-06-07,2,Deaths,0.0,0.0
30194,MS Zaandam,2020-06-08,2,Deaths,0.0,0.0
30195,MS Zaandam,2020-06-09,2,Deaths,0.0,0.0
30196,MS Zaandam,2020-06-10,2,Deaths,0.0,0.0
30197,MS Zaandam,2020-06-11,2,Deaths,0.0,0.0
30198,MS Zaandam,2020-06-12,2,Deaths,0.0,0.0
30199,MS Zaandam,2020-06-13,2,Deaths,0.0,0.0
30200,MS Zaandam,2020-06-14,2,Deaths,0.0,0.0
30201,MS Zaandam,2020-06-15,2,Deaths,0.0,0.0
30202,MS Zaandam,2020-06-16,2,Deaths,0.0,0.0
30203,MS Zaandam,2020-06-17,2,Deaths,0.0,0.0
30204,MS Zaandam,2020-06-18,2,Deaths,0.0,0.0
30205,MS Zaandam,2020-06-19,2,Deaths,0.0,0.0
30206,MS Zaandam,2020-06-20,2,Deaths,0.0,0.0
30207,MS Zaandam,2020-06-21,2,Deaths,0.0,0.0
30208,MS Zaandam,2020-06-22,2,Deaths,0.0,0.0
30209,MS Zaandam,2020-06-23,2,Deaths,0.0,0.0
30210,MS Zaandam,2020-06-24,2,Deaths,0.0,0.0
30211,MS Zaandam,2020-06-25,2,Deaths,0.0,0.0
30212,MS Zaandam,2020-06-26,2,Deaths,0.0,0.0
30213,MS Zaandam,2020-06-27,2,Deaths,0.0,0.0
30214,MS Zaandam,2020-06-28,2,Deaths,0.0,0.0
30215,MS Zaandam,2020-06-29,2,Deaths,0.0,0.0
30216,MS Zaandam,2020-06-30,2,Deaths,0.0,0.0
30217,MS Zaandam,2020-07-01,2,Deaths,0.0,0.0
30218,MS Zaandam,2020-07-02,2,Deaths,0.0,0.0
30219,MS Zaandam,2020-07-03,2,Deaths,0.0,0.0
30220,MS Zaandam,2020-07-04,2,Deaths,0.0,0.0
30221,MS Zaandam,2020-07-05,2,Deaths,0.0,0.0
30222,MS Zaandam,2020-07-06,2,Deaths,0.0,0.0
30223,MS Zaandam,2020-07-07,2,Deaths,0.0,0.0
30224,MS Zaandam,2020-07-08,2,Deaths,0.0,0.0
30225,MS Zaandam,2020-07-09,2,Deaths,0.0,0.0
30226,MS Zaandam,2020-07-10,2,Deaths,0.0,0.0
30227,MS Zaandam,2020-07-11,2,Deaths,0.0,0.0
30228,MS Zaandam,2020-07-12,2,Deaths,0.0,0.0
30229,MS Zaandam,2020-07-13,2,Deaths,0.0,0.0
30230,MS Zaandam,2020-07-14,2,Deaths,0.0,0.0
30231,MS Zaandam,2020-07-15,2,Deaths,0.0,0.0
30232,MS Zaandam,2020-07-16,2,Deaths,0.0,0.0
30233,MS Zaandam,2020-07-17,2,Deaths,0.0,0.0
30234,MS Zaandam,2020-07-18,2,Deaths,0.0,0.0
30235,MS Zaandam,2020-07-19,2,Deaths,0.0,0.0
30236,MS Zaandam,2020-07-20,2,Deaths,0.0,0.0
30237,MS Zaandam,2020-07-21,2,Deaths,0.0,0.0
30238,MS Zaandam,2020-07-22,2,Deaths,0.0,0.0
30239,MS Zaandam,2020-07-23,2,Deaths,0.0,0.0
30240,MS Zaandam,2020-07-24,2,Deaths,0.0,0.0
30241,MS Zaandam,2020-07-25,2,Deaths,0.0,0.0
30242,MS Zaandam,2020-07-26,2,Deaths,0.0,0.0
30243,MS Zaandam,2020-07-27,2,Deaths,0.0,0.0
30244,MS Zaandam,2020-07-28,2,Deaths,0.0,0.0
30245,MS Zaandam,2020-07-29,2,Deaths,0.0,0.0
30246,MS Zaandam,2020-07-30,2,Deaths,0.0,0.0
30247,MS Zaandam,2020-07-31,2,Deaths,0.0,0.0
30248,MS Zaandam,2020-08-01,2,Deaths,0.0,0.0
30249,MS Zaandam,2020-08-02,2,Deaths,0.0,0.0
30250,MS Zaandam,2020-08-03,2,Deaths,0.0,0.0
30251,MS Zaandam,2020-08-04,2,Deaths,0.0,0.0
30252,MS Zaandam,2020-08-05,2,Deaths,0.0,0.0
30253,MS Zaandam,2020-08-06,2,Deaths,0.0,0.0
30254,MS Zaandam,2020-08-07,2,Deaths,0.0,0.0
30255,MS Zaandam,2020-08-08,2,Deaths,0.0,0.0
30256,MS Zaandam,2020-08-09,2,Deaths,0.0,0.0
30257,MS Zaandam,2020-08-10,2,Deaths,0.0,0.0
30258,MS Zaandam,2020-08-11,2,Deaths,0.0,0.0
30259,MS Zaandam,2020-08-12,2,Deaths,0.0,0.0
30260,MS Zaandam,2020-08-13,2,Deaths,0.0,0.0
30261,MS Zaandam,2020-08-14,2,Deaths,0.0,0.0
30262,MS Zaandam,2020-08-15,2,Deaths,0.0,0.0
30263,MS Zaandam,2020-08-16,2,Deaths,0.0,0.0
30264,MS Zaandam,2020-08-17,2,Deaths,0.0,0.0
30265,MS Zaandam,2020-08-18,2,Deaths,0.0,0.0
30266,MS Zaandam,2020-08-19,2,Deaths,0.0,0.0
30267,MS Zaandam,2020-08-20,2,Deaths,0.0,0.0
30268,MS Zaandam,2020-08-21,2,Deaths,0.0,0.0
30269,MS Zaandam,2020-08-22,2,Deaths,0.0,0.0
30270,MS Zaandam,2020-08-23,2,Deaths,0.0,0.0
30271,MS Zaandam,2020-08-24,2,Deaths,0.0,0.0
30272,MS Zaandam,2020-08-25,2,Deaths,0.0,0.0
30273,MS Zaandam,2020-08-26,2,Deaths,0.0,0.0
30274,MS Zaandam,2020-08-27,2,Deaths,0.0,0.0
30275,MS Zaandam,2020-08-28,2,Deaths,0.0,0.0
30276,MS Zaandam,2020-08-29,2,Deaths,0.0,0.0
30277,MS Zaandam,2020-08-30,2,Deaths,0.0,0.0
30278,MS Zaandam,2020-08-31,2,Deaths,0.0,0.0
30279,MS Zaandam,2020-09-01,2,Deaths,0.0,0.0
30280,MS Zaandam,2020-09-02,2,Deaths,0.0,0.0
30281,MS Zaandam,2020-09-03,2,Deaths,0.0,0.0
30282,MS Zaandam,2020-09-04,2,Deaths,0.0,0.0
30283,MS Zaandam,2020-09-05,2,Deaths,0.0,0.0
30284,MS Zaandam,2020-09-06,2,Deaths,0.0,0.0
30285,MS Zaandam,2020-09-07,2,Deaths,0.0,0.0
30286,MS Zaandam,2020-09-08,2,Deaths,0.0,0.0
30287,MS Zaandam,2020-09-09,2,Deaths,0.0,0.0
30288,MS Zaandam,2020-09-10,2,Deaths,0.0,0.0
30289,MS Zaandam,2020-09-11,2,Deaths,0.0,0.0
30290,MS Zaandam,2020-09-12,2,Deaths,0.0,0.0
30291,MS Zaandam,2020-09-13,2,Deaths,0.0,0.0
30292,MS Zaandam,2020-09-14,2,Deaths,0.0,0.0
30293,MS Zaandam,2020-09-15,2,Deaths,0.0,0.0
30294,MS Zaandam,2020-09-16,2,Deaths,0.0,0.0
30295,MS Zaandam,2020-09-17,2,Deaths,0.0,0.0
30296,MS Zaandam,2020-09-18,2,Deaths,0.0,0.0
30297,MS Zaandam,2020-09-19,2,Deaths,0.0,0.0
30298,MS Zaandam,2020-09-20,2,Deaths,0.0,0.0
30299,MS Zaandam,2020-09-21,2,Deaths,0.0,0.0
30300,MS Zaandam,2020-09-22,2,Deaths,0.0,0.0
30301,MS Zaandam,2020-09-23,2,Deaths,0.0,0.0
30302,MS Zaandam,2020-09-24,2,Deaths,0.0,0.0
30303,MS Zaandam,2020-09-25,2,Deaths,0.0,0.0
30304,MS Zaandam,2020-09-26,2,Deaths,0.0,0.0
30305,MS Zaandam,2020-09-27,2,Deaths,0.0,0.0
30306,MS Zaandam,2020-09-28,2,Deaths,0.0,0.0
30307,MS Zaandam,2020-09-29,2,Deaths,0.0,0.0
30308,MS Zaandam,2020-09-30,2,Deaths,0.0,0.0
30309,MS Zaandam,2020-10-01,2,Deaths,0.0,0.0
30310,MS Zaandam,2020-10-02,2,Deaths,0.0,0.0
30311,MS Zaandam,2020-10-03,2,Deaths,0.0,0.0
30312,MS Zaandam,2020-10-04,2,Deaths,0.0,0.0
30313,MS Zaandam,2020-10-05,2,Deaths,0.0,0.0
30314,MS Zaandam,2020-10-06,2,Deaths,0.0,0.0
30315,MS Zaandam,2020-10-07,2,Deaths,0.0,0.0
30316,MS Zaandam,2020-10-08,2,Deaths,0.0,0.0
30317,MS Zaandam,2020-10-09,2,Deaths,0.0,0.0
30318,MS Zaandam,2020-10-10,2,Deaths,0.0,0.0
30319,MS Zaandam,2020-10-11,2,Deaths,0.0,0.0
30320,MS Zaandam,2020-10-12,2,Deaths,0.0,0.0
30321,MS Zaandam,2020-10-13,2,Deaths,0.0,0.0
30322,MS Zaandam,2020-10-14,2,Deaths,0.0,0.0
30323,MS Zaandam,2020-10-15,2,Deaths,0.0,0.0
30324,MS Zaandam,2020-10-16,2,Deaths,0.0,0.0
30325,MS Zaandam,2020-10-17,2,Deaths,0.0,0.0
30326,MS Zaandam,2020-10-18,2,Deaths,0.0,0.0
30327,MS Zaandam,2020-10-19,2,Deaths,0.0,0.0
30328,MS Zaandam,2020-10-20,2,Deaths,0.0,0.0
30329,MS Zaandam,2020-10-21,2,Deaths,0.0,0.0
30330,MS Zaandam,2020-10-22,2,Deaths,0.0,0.0
30331,MS Zaandam,2020-10-23,2,Deaths,0.0,0.0
30332,MS Zaandam,2020-10-24,2,Deaths,0.0,0.0
30333,MS Zaandam,2020-10-25,2,Deaths,0.0,0.0
30334,MS Zaandam,2020-10-26,2,Deaths,0.0,0.0
30335,MS Zaandam,2020-10-27,2,Deaths,0.0,0.0
30336,MS Zaandam,2020-10-28,2,Deaths,0.0,0.0
30337,MS Zaandam,2020-10-29,2,Deaths,0.0,0.0
30338,MS Zaandam,2020-10-30,2,Deaths,0.0,0.0
30339,MS Zaandam,2020-10-31,2,Deaths,0.0,0.0
30340,MS Zaandam,2020-11-01,2,Deaths,0.0,0.0
30341,MS Zaandam,2020-11-02,2,Deaths,0.0,0.0
30342,MS Zaandam,2020-11-03,2,Deaths,0.0,0.0
30343,MS Zaandam,2020-11-04,2,Deaths,0.0,0.0
30344,MS Zaandam,2020-11-05,2,Deaths,0.0,0.0
30345,Madagascar,2020-01-22,0,Deaths,,
30346,Madagascar,2020-01-23,0,Deaths,0.0,
30347,Madagascar,2020-01-24,0,Deaths,0.0,
30348,Madagascar,2020-01-25,0,Deaths,0.0,
30349,Madagascar,2020-01-26,0,Deaths,0.0,
30350,Madagascar,2020-01-27,0,Deaths,0.0,
30351,Madagascar,2020-01-28,0,Deaths,0.0,
30352,Madagascar,2020-01-29,0,Deaths,0.0,0.0
30353,Madagascar,2020-01-30,0,Deaths,0.0,0.0
30354,Madagascar,2020-01-31,0,Deaths,0.0,0.0
30355,Madagascar,2020-02-01,0,Deaths,0.0,0.0
30356,Madagascar,2020-02-02,0,Deaths,0.0,0.0
30357,Madagascar,2020-02-03,0,Deaths,0.0,0.0
30358,Madagascar,2020-02-04,0,Deaths,0.0,0.0
30359,Madagascar,2020-02-05,0,Deaths,0.0,0.0
30360,Madagascar,2020-02-06,0,Deaths,0.0,0.0
30361,Madagascar,2020-02-07,0,Deaths,0.0,0.0
30362,Madagascar,2020-02-08,0,Deaths,0.0,0.0
30363,Madagascar,2020-02-09,0,Deaths,0.0,0.0
30364,Madagascar,2020-02-10,0,Deaths,0.0,0.0
30365,Madagascar,2020-02-11,0,Deaths,0.0,0.0
30366,Madagascar,2020-02-12,0,Deaths,0.0,0.0
30367,Madagascar,2020-02-13,0,Deaths,0.0,0.0
30368,Madagascar,2020-02-14,0,Deaths,0.0,0.0
30369,Madagascar,2020-02-15,0,Deaths,0.0,0.0
30370,Madagascar,2020-02-16,0,Deaths,0.0,0.0
30371,Madagascar,2020-02-17,0,Deaths,0.0,0.0
30372,Madagascar,2020-02-18,0,Deaths,0.0,0.0
30373,Madagascar,2020-02-19,0,Deaths,0.0,0.0
30374,Madagascar,2020-02-20,0,Deaths,0.0,0.0
30375,Madagascar,2020-02-21,0,Deaths,0.0,0.0
30376,Madagascar,2020-02-22,0,Deaths,0.0,0.0
30377,Madagascar,2020-02-23,0,Deaths,0.0,0.0
30378,Madagascar,2020-02-24,0,Deaths,0.0,0.0
30379,Madagascar,2020-02-25,0,Deaths,0.0,0.0
30380,Madagascar,2020-02-26,0,Deaths,0.0,0.0
30381,Madagascar,2020-02-27,0,Deaths,0.0,0.0
30382,Madagascar,2020-02-28,0,Deaths,0.0,0.0
30383,Madagascar,2020-02-29,0,Deaths,0.0,0.0
30384,Madagascar,2020-03-01,0,Deaths,0.0,0.0
30385,Madagascar,2020-03-02,0,Deaths,0.0,0.0
30386,Madagascar,2020-03-03,0,Deaths,0.0,0.0
30387,Madagascar,2020-03-04,0,Deaths,0.0,0.0
30388,Madagascar,2020-03-05,0,Deaths,0.0,0.0
30389,Madagascar,2020-03-06,0,Deaths,0.0,0.0
30390,Madagascar,2020-03-07,0,Deaths,0.0,0.0
30391,Madagascar,2020-03-08,0,Deaths,0.0,0.0
30392,Madagascar,2020-03-09,0,Deaths,0.0,0.0
30393,Madagascar,2020-03-10,0,Deaths,0.0,0.0
30394,Madagascar,2020-03-11,0,Deaths,0.0,0.0
30395,Madagascar,2020-03-12,0,Deaths,0.0,0.0
30396,Madagascar,2020-03-13,0,Deaths,0.0,0.0
30397,Madagascar,2020-03-14,0,Deaths,0.0,0.0
30398,Madagascar,2020-03-15,0,Deaths,0.0,0.0
30399,Madagascar,2020-03-16,0,Deaths,0.0,0.0
30400,Madagascar,2020-03-17,0,Deaths,0.0,0.0
30401,Madagascar,2020-03-18,0,Deaths,0.0,0.0
30402,Madagascar,2020-03-19,0,Deaths,0.0,0.0
30403,Madagascar,2020-03-20,0,Deaths,0.0,0.0
30404,Madagascar,2020-03-21,0,Deaths,0.0,0.0
30405,Madagascar,2020-03-22,0,Deaths,0.0,0.0
30406,Madagascar,2020-03-23,0,Deaths,0.0,0.0
30407,Madagascar,2020-03-24,0,Deaths,0.0,0.0
30408,Madagascar,2020-03-25,0,Deaths,0.0,0.0
30409,Madagascar,2020-03-26,0,Deaths,0.0,0.0
30410,Madagascar,2020-03-27,0,Deaths,0.0,0.0
30411,Madagascar,2020-03-28,0,Deaths,0.0,0.0
30412,Madagascar,2020-03-29,0,Deaths,0.0,0.0
30413,Madagascar,2020-03-30,0,Deaths,0.0,0.0
30414,Madagascar,2020-03-31,0,Deaths,0.0,0.0
30415,Madagascar,2020-04-01,0,Deaths,0.0,0.0
30416,Madagascar,2020-04-02,0,Deaths,0.0,0.0
30417,Madagascar,2020-04-03,0,Deaths,0.0,0.0
30418,Madagascar,2020-04-04,0,Deaths,0.0,0.0
30419,Madagascar,2020-04-05,0,Deaths,0.0,0.0
30420,Madagascar,2020-04-06,0,Deaths,0.0,0.0
30421,Madagascar,2020-04-07,0,Deaths,0.0,0.0
30422,Madagascar,2020-04-08,0,Deaths,0.0,0.0
30423,Madagascar,2020-04-09,0,Deaths,0.0,0.0
30424,Madagascar,2020-04-10,0,Deaths,0.0,0.0
30425,Madagascar,2020-04-11,0,Deaths,0.0,0.0
30426,Madagascar,2020-04-12,0,Deaths,0.0,0.0
30427,Madagascar,2020-04-13,0,Deaths,0.0,0.0
30428,Madagascar,2020-04-14,0,Deaths,0.0,0.0
30429,Madagascar,2020-04-15,0,Deaths,0.0,0.0
30430,Madagascar,2020-04-16,0,Deaths,0.0,0.0
30431,Madagascar,2020-04-17,0,Deaths,0.0,0.0
30432,Madagascar,2020-04-18,0,Deaths,0.0,0.0
30433,Madagascar,2020-04-19,0,Deaths,0.0,0.0
30434,Madagascar,2020-04-20,0,Deaths,0.0,0.0
30435,Madagascar,2020-04-21,0,Deaths,0.0,0.0
30436,Madagascar,2020-04-22,0,Deaths,0.0,0.0
30437,Madagascar,2020-04-23,0,Deaths,0.0,0.0
30438,Madagascar,2020-04-24,0,Deaths,0.0,0.0
30439,Madagascar,2020-04-25,0,Deaths,0.0,0.0
30440,Madagascar,2020-04-26,0,Deaths,0.0,0.0
30441,Madagascar,2020-04-27,0,Deaths,0.0,0.0
30442,Madagascar,2020-04-28,0,Deaths,0.0,0.0
30443,Madagascar,2020-04-29,0,Deaths,0.0,0.0
30444,Madagascar,2020-04-30,0,Deaths,0.0,0.0
30445,Madagascar,2020-05-01,0,Deaths,0.0,0.0
30446,Madagascar,2020-05-02,0,Deaths,0.0,0.0
30447,Madagascar,2020-05-03,0,Deaths,0.0,0.0
30448,Madagascar,2020-05-04,0,Deaths,0.0,0.0
30449,Madagascar,2020-05-05,0,Deaths,0.0,0.0
30450,Madagascar,2020-05-06,0,Deaths,0.0,0.0
30451,Madagascar,2020-05-07,0,Deaths,0.0,0.0
30452,Madagascar,2020-05-08,0,Deaths,0.0,0.0
30453,Madagascar,2020-05-09,0,Deaths,0.0,0.0
30454,Madagascar,2020-05-10,0,Deaths,0.0,0.0
30455,Madagascar,2020-05-11,0,Deaths,0.0,0.0
30456,Madagascar,2020-05-12,0,Deaths,0.0,0.0
30457,Madagascar,2020-05-13,0,Deaths,0.0,0.0
30458,Madagascar,2020-05-14,0,Deaths,0.0,0.0
30459,Madagascar,2020-05-15,0,Deaths,0.0,0.0
30460,Madagascar,2020-05-16,0,Deaths,0.0,0.0
30461,Madagascar,2020-05-17,1,Deaths,1.0,1.0
30462,Madagascar,2020-05-18,1,Deaths,0.0,1.0
30463,Madagascar,2020-05-19,2,Deaths,1.0,2.0
30464,Madagascar,2020-05-20,2,Deaths,0.0,2.0
30465,Madagascar,2020-05-21,2,Deaths,0.0,2.0
30466,Madagascar,2020-05-22,2,Deaths,0.0,2.0
30467,Madagascar,2020-05-23,2,Deaths,0.0,2.0
30468,Madagascar,2020-05-24,2,Deaths,0.0,1.0
30469,Madagascar,2020-05-25,2,Deaths,0.0,1.0
30470,Madagascar,2020-05-26,2,Deaths,0.0,0.0
30471,Madagascar,2020-05-27,2,Deaths,0.0,0.0
30472,Madagascar,2020-05-28,2,Deaths,0.0,0.0
30473,Madagascar,2020-05-29,5,Deaths,3.0,3.0
30474,Madagascar,2020-05-30,6,Deaths,1.0,4.0
30475,Madagascar,2020-05-31,6,Deaths,0.0,4.0
30476,Madagascar,2020-06-01,6,Deaths,0.0,4.0
30477,Madagascar,2020-06-02,6,Deaths,0.0,4.0
30478,Madagascar,2020-06-03,6,Deaths,0.0,4.0
30479,Madagascar,2020-06-04,7,Deaths,1.0,5.0
30480,Madagascar,2020-06-05,7,Deaths,0.0,2.0
30481,Madagascar,2020-06-06,8,Deaths,1.0,2.0
30482,Madagascar,2020-06-07,9,Deaths,1.0,3.0
30483,Madagascar,2020-06-08,9,Deaths,0.0,3.0
30484,Madagascar,2020-06-09,9,Deaths,0.0,3.0
30485,Madagascar,2020-06-10,10,Deaths,1.0,4.0
30486,Madagascar,2020-06-11,10,Deaths,0.0,3.0
30487,Madagascar,2020-06-12,10,Deaths,0.0,3.0
30488,Madagascar,2020-06-13,10,Deaths,0.0,2.0
30489,Madagascar,2020-06-14,10,Deaths,0.0,1.0
30490,Madagascar,2020-06-15,10,Deaths,0.0,1.0
30491,Madagascar,2020-06-16,12,Deaths,2.0,3.0
30492,Madagascar,2020-06-17,12,Deaths,0.0,2.0
30493,Madagascar,2020-06-18,13,Deaths,1.0,3.0
30494,Madagascar,2020-06-19,13,Deaths,0.0,3.0
30495,Madagascar,2020-06-20,13,Deaths,0.0,3.0
30496,Madagascar,2020-06-21,14,Deaths,1.0,4.0
30497,Madagascar,2020-06-22,15,Deaths,1.0,5.0
30498,Madagascar,2020-06-23,15,Deaths,0.0,3.0
30499,Madagascar,2020-06-24,16,Deaths,1.0,4.0
30500,Madagascar,2020-06-25,16,Deaths,0.0,3.0
30501,Madagascar,2020-06-26,16,Deaths,0.0,3.0
30502,Madagascar,2020-06-27,16,Deaths,0.0,3.0
30503,Madagascar,2020-06-28,18,Deaths,2.0,4.0
30504,Madagascar,2020-06-29,20,Deaths,2.0,5.0
30505,Madagascar,2020-06-30,20,Deaths,0.0,5.0
30506,Madagascar,2020-07-01,22,Deaths,2.0,6.0
30507,Madagascar,2020-07-02,24,Deaths,2.0,8.0
30508,Madagascar,2020-07-03,26,Deaths,2.0,10.0
30509,Madagascar,2020-07-04,29,Deaths,3.0,13.0
30510,Madagascar,2020-07-05,32,Deaths,3.0,14.0
30511,Madagascar,2020-07-06,33,Deaths,1.0,13.0
30512,Madagascar,2020-07-07,33,Deaths,0.0,13.0
30513,Madagascar,2020-07-08,33,Deaths,0.0,11.0
30514,Madagascar,2020-07-09,33,Deaths,0.0,9.0
30515,Madagascar,2020-07-10,34,Deaths,1.0,8.0
30516,Madagascar,2020-07-11,34,Deaths,0.0,5.0
30517,Madagascar,2020-07-12,35,Deaths,1.0,3.0
30518,Madagascar,2020-07-13,37,Deaths,2.0,4.0
30519,Madagascar,2020-07-14,39,Deaths,2.0,6.0
30520,Madagascar,2020-07-15,43,Deaths,4.0,10.0
30521,Madagascar,2020-07-16,53,Deaths,10.0,20.0
30522,Madagascar,2020-07-17,54,Deaths,1.0,20.0
30523,Madagascar,2020-07-18,55,Deaths,1.0,21.0
30524,Madagascar,2020-07-19,59,Deaths,4.0,24.0
30525,Madagascar,2020-07-20,62,Deaths,3.0,25.0
30526,Madagascar,2020-07-21,65,Deaths,3.0,26.0
30527,Madagascar,2020-07-22,69,Deaths,4.0,26.0
30528,Madagascar,2020-07-23,70,Deaths,1.0,17.0
30529,Madagascar,2020-07-24,76,Deaths,6.0,22.0
30530,Madagascar,2020-07-25,78,Deaths,2.0,23.0
30531,Madagascar,2020-07-26,85,Deaths,7.0,26.0
30532,Madagascar,2020-07-27,91,Deaths,6.0,29.0
30533,Madagascar,2020-07-28,93,Deaths,2.0,28.0
30534,Madagascar,2020-07-29,99,Deaths,6.0,30.0
30535,Madagascar,2020-07-30,105,Deaths,6.0,35.0
30536,Madagascar,2020-07-31,106,Deaths,1.0,30.0
30537,Madagascar,2020-08-01,107,Deaths,1.0,29.0
30538,Madagascar,2020-08-02,114,Deaths,7.0,29.0
30539,Madagascar,2020-08-03,118,Deaths,4.0,27.0
30540,Madagascar,2020-08-04,123,Deaths,5.0,30.0
30541,Madagascar,2020-08-05,127,Deaths,4.0,28.0
30542,Madagascar,2020-08-06,134,Deaths,7.0,29.0
30543,Madagascar,2020-08-07,135,Deaths,1.0,29.0
30544,Madagascar,2020-08-08,141,Deaths,6.0,34.0
30545,Madagascar,2020-08-09,148,Deaths,7.0,34.0
30546,Madagascar,2020-08-10,151,Deaths,3.0,33.0
30547,Madagascar,2020-08-11,152,Deaths,1.0,29.0
30548,Madagascar,2020-08-12,156,Deaths,4.0,29.0
30549,Madagascar,2020-08-13,162,Deaths,6.0,28.0
30550,Madagascar,2020-08-14,164,Deaths,2.0,29.0
30551,Madagascar,2020-08-15,166,Deaths,2.0,25.0
30552,Madagascar,2020-08-16,170,Deaths,4.0,22.0
30553,Madagascar,2020-08-17,171,Deaths,1.0,20.0
30554,Madagascar,2020-08-18,173,Deaths,2.0,21.0
30555,Madagascar,2020-08-19,173,Deaths,0.0,17.0
30556,Madagascar,2020-08-20,177,Deaths,4.0,15.0
30557,Madagascar,2020-08-21,178,Deaths,1.0,14.0
30558,Madagascar,2020-08-22,178,Deaths,0.0,12.0
30559,Madagascar,2020-08-23,178,Deaths,0.0,8.0
30560,Madagascar,2020-08-24,178,Deaths,0.0,7.0
30561,Madagascar,2020-08-25,178,Deaths,0.0,5.0
30562,Madagascar,2020-08-26,181,Deaths,3.0,8.0
30563,Madagascar,2020-08-27,184,Deaths,3.0,7.0
30564,Madagascar,2020-08-28,187,Deaths,3.0,9.0
30565,Madagascar,2020-08-29,190,Deaths,3.0,12.0
30566,Madagascar,2020-08-30,191,Deaths,1.0,13.0
30567,Madagascar,2020-08-31,192,Deaths,1.0,14.0
30568,Madagascar,2020-09-01,195,Deaths,3.0,17.0
30569,Madagascar,2020-09-02,196,Deaths,1.0,15.0
30570,Madagascar,2020-09-03,197,Deaths,1.0,13.0
30571,Madagascar,2020-09-04,198,Deaths,1.0,11.0
30572,Madagascar,2020-09-05,199,Deaths,1.0,9.0
30573,Madagascar,2020-09-06,200,Deaths,1.0,9.0
30574,Madagascar,2020-09-07,202,Deaths,2.0,10.0
30575,Madagascar,2020-09-08,206,Deaths,4.0,11.0
30576,Madagascar,2020-09-09,206,Deaths,0.0,10.0
30577,Madagascar,2020-09-10,208,Deaths,2.0,11.0
30578,Madagascar,2020-09-11,209,Deaths,1.0,11.0
30579,Madagascar,2020-09-12,210,Deaths,1.0,11.0
30580,Madagascar,2020-09-13,211,Deaths,1.0,11.0
30581,Madagascar,2020-09-14,213,Deaths,2.0,11.0
30582,Madagascar,2020-09-15,214,Deaths,1.0,8.0
30583,Madagascar,2020-09-16,215,Deaths,1.0,9.0
30584,Madagascar,2020-09-17,216,Deaths,1.0,8.0
30585,Madagascar,2020-09-18,217,Deaths,1.0,8.0
30586,Madagascar,2020-09-19,219,Deaths,2.0,9.0
30587,Madagascar,2020-09-20,223,Deaths,4.0,12.0
30588,Madagascar,2020-09-21,225,Deaths,2.0,12.0
30589,Madagascar,2020-09-22,226,Deaths,1.0,12.0
30590,Madagascar,2020-09-23,226,Deaths,0.0,11.0
30591,Madagascar,2020-09-24,227,Deaths,1.0,11.0
30592,Madagascar,2020-09-25,228,Deaths,1.0,11.0
30593,Madagascar,2020-09-26,229,Deaths,1.0,10.0
30594,Madagascar,2020-09-27,229,Deaths,0.0,6.0
30595,Madagascar,2020-09-28,229,Deaths,0.0,4.0
30596,Madagascar,2020-09-29,229,Deaths,0.0,3.0
30597,Madagascar,2020-09-30,230,Deaths,1.0,4.0
30598,Madagascar,2020-10-01,232,Deaths,2.0,5.0
30599,Madagascar,2020-10-02,232,Deaths,0.0,4.0
30600,Madagascar,2020-10-03,232,Deaths,0.0,3.0
30601,Madagascar,2020-10-04,232,Deaths,0.0,3.0
30602,Madagascar,2020-10-05,233,Deaths,1.0,4.0
30603,Madagascar,2020-10-06,234,Deaths,1.0,5.0
30604,Madagascar,2020-10-07,235,Deaths,1.0,5.0
30605,Madagascar,2020-10-08,235,Deaths,0.0,3.0
30606,Madagascar,2020-10-09,237,Deaths,2.0,5.0
30607,Madagascar,2020-10-10,237,Deaths,0.0,5.0
30608,Madagascar,2020-10-11,237,Deaths,0.0,5.0
30609,Madagascar,2020-10-12,237,Deaths,0.0,4.0
30610,Madagascar,2020-10-13,237,Deaths,0.0,3.0
30611,Madagascar,2020-10-14,237,Deaths,0.0,2.0
30612,Madagascar,2020-10-15,237,Deaths,0.0,2.0
30613,Madagascar,2020-10-16,237,Deaths,0.0,0.0
30614,Madagascar,2020-10-17,238,Deaths,1.0,1.0
30615,Madagascar,2020-10-18,238,Deaths,0.0,1.0
30616,Madagascar,2020-10-19,238,Deaths,0.0,1.0
30617,Madagascar,2020-10-20,238,Deaths,0.0,1.0
30618,Madagascar,2020-10-21,238,Deaths,0.0,1.0
30619,Madagascar,2020-10-22,238,Deaths,0.0,1.0
30620,Madagascar,2020-10-23,238,Deaths,0.0,1.0
30621,Madagascar,2020-10-24,244,Deaths,6.0,6.0
30622,Madagascar,2020-10-25,244,Deaths,0.0,6.0
30623,Madagascar,2020-10-26,244,Deaths,0.0,6.0
30624,Madagascar,2020-10-27,244,Deaths,0.0,6.0
30625,Madagascar,2020-10-28,244,Deaths,0.0,6.0
30626,Madagascar,2020-10-29,244,Deaths,0.0,6.0
30627,Madagascar,2020-10-30,244,Deaths,0.0,6.0
30628,Madagascar,2020-10-31,244,Deaths,0.0,0.0
30629,Madagascar,2020-11-01,244,Deaths,0.0,0.0
30630,Madagascar,2020-11-02,244,Deaths,0.0,0.0
30631,Madagascar,2020-11-03,244,Deaths,0.0,0.0
30632,Madagascar,2020-11-04,244,Deaths,0.0,0.0
30633,Madagascar,2020-11-05,244,Deaths,0.0,0.0
30634,Malawi,2020-01-22,0,Deaths,,
30635,Malawi,2020-01-23,0,Deaths,0.0,
30636,Malawi,2020-01-24,0,Deaths,0.0,
30637,Malawi,2020-01-25,0,Deaths,0.0,
30638,Malawi,2020-01-26,0,Deaths,0.0,
30639,Malawi,2020-01-27,0,Deaths,0.0,
30640,Malawi,2020-01-28,0,Deaths,0.0,
30641,Malawi,2020-01-29,0,Deaths,0.0,0.0
30642,Malawi,2020-01-30,0,Deaths,0.0,0.0
30643,Malawi,2020-01-31,0,Deaths,0.0,0.0
30644,Malawi,2020-02-01,0,Deaths,0.0,0.0
30645,Malawi,2020-02-02,0,Deaths,0.0,0.0
30646,Malawi,2020-02-03,0,Deaths,0.0,0.0
30647,Malawi,2020-02-04,0,Deaths,0.0,0.0
30648,Malawi,2020-02-05,0,Deaths,0.0,0.0
30649,Malawi,2020-02-06,0,Deaths,0.0,0.0
30650,Malawi,2020-02-07,0,Deaths,0.0,0.0
30651,Malawi,2020-02-08,0,Deaths,0.0,0.0
30652,Malawi,2020-02-09,0,Deaths,0.0,0.0
30653,Malawi,2020-02-10,0,Deaths,0.0,0.0
30654,Malawi,2020-02-11,0,Deaths,0.0,0.0
30655,Malawi,2020-02-12,0,Deaths,0.0,0.0
30656,Malawi,2020-02-13,0,Deaths,0.0,0.0
30657,Malawi,2020-02-14,0,Deaths,0.0,0.0
30658,Malawi,2020-02-15,0,Deaths,0.0,0.0
30659,Malawi,2020-02-16,0,Deaths,0.0,0.0
30660,Malawi,2020-02-17,0,Deaths,0.0,0.0
30661,Malawi,2020-02-18,0,Deaths,0.0,0.0
30662,Malawi,2020-02-19,0,Deaths,0.0,0.0
30663,Malawi,2020-02-20,0,Deaths,0.0,0.0
30664,Malawi,2020-02-21,0,Deaths,0.0,0.0
30665,Malawi,2020-02-22,0,Deaths,0.0,0.0
30666,Malawi,2020-02-23,0,Deaths,0.0,0.0
30667,Malawi,2020-02-24,0,Deaths,0.0,0.0
30668,Malawi,2020-02-25,0,Deaths,0.0,0.0
30669,Malawi,2020-02-26,0,Deaths,0.0,0.0
30670,Malawi,2020-02-27,0,Deaths,0.0,0.0
30671,Malawi,2020-02-28,0,Deaths,0.0,0.0
30672,Malawi,2020-02-29,0,Deaths,0.0,0.0
30673,Malawi,2020-03-01,0,Deaths,0.0,0.0
30674,Malawi,2020-03-02,0,Deaths,0.0,0.0
30675,Malawi,2020-03-03,0,Deaths,0.0,0.0
30676,Malawi,2020-03-04,0,Deaths,0.0,0.0
30677,Malawi,2020-03-05,0,Deaths,0.0,0.0
30678,Malawi,2020-03-06,0,Deaths,0.0,0.0
30679,Malawi,2020-03-07,0,Deaths,0.0,0.0
30680,Malawi,2020-03-08,0,Deaths,0.0,0.0
30681,Malawi,2020-03-09,0,Deaths,0.0,0.0
30682,Malawi,2020-03-10,0,Deaths,0.0,0.0
30683,Malawi,2020-03-11,0,Deaths,0.0,0.0
30684,Malawi,2020-03-12,0,Deaths,0.0,0.0
30685,Malawi,2020-03-13,0,Deaths,0.0,0.0
30686,Malawi,2020-03-14,0,Deaths,0.0,0.0
30687,Malawi,2020-03-15,0,Deaths,0.0,0.0
30688,Malawi,2020-03-16,0,Deaths,0.0,0.0
30689,Malawi,2020-03-17,0,Deaths,0.0,0.0
30690,Malawi,2020-03-18,0,Deaths,0.0,0.0
30691,Malawi,2020-03-19,0,Deaths,0.0,0.0
30692,Malawi,2020-03-20,0,Deaths,0.0,0.0
30693,Malawi,2020-03-21,0,Deaths,0.0,0.0
30694,Malawi,2020-03-22,0,Deaths,0.0,0.0
30695,Malawi,2020-03-23,0,Deaths,0.0,0.0
30696,Malawi,2020-03-24,0,Deaths,0.0,0.0
30697,Malawi,2020-03-25,0,Deaths,0.0,0.0
30698,Malawi,2020-03-26,0,Deaths,0.0,0.0
30699,Malawi,2020-03-27,0,Deaths,0.0,0.0
30700,Malawi,2020-03-28,0,Deaths,0.0,0.0
30701,Malawi,2020-03-29,0,Deaths,0.0,0.0
30702,Malawi,2020-03-30,0,Deaths,0.0,0.0
30703,Malawi,2020-03-31,0,Deaths,0.0,0.0
30704,Malawi,2020-04-01,0,Deaths,0.0,0.0
30705,Malawi,2020-04-02,0,Deaths,0.0,0.0
30706,Malawi,2020-04-03,0,Deaths,0.0,0.0
30707,Malawi,2020-04-04,0,Deaths,0.0,0.0
30708,Malawi,2020-04-05,0,Deaths,0.0,0.0
30709,Malawi,2020-04-06,0,Deaths,0.0,0.0
30710,Malawi,2020-04-07,1,Deaths,1.0,1.0
30711,Malawi,2020-04-08,1,Deaths,0.0,1.0
30712,Malawi,2020-04-09,1,Deaths,0.0,1.0
30713,Malawi,2020-04-10,1,Deaths,0.0,1.0
30714,Malawi,2020-04-11,2,Deaths,1.0,2.0
30715,Malawi,2020-04-12,2,Deaths,0.0,2.0
30716,Malawi,2020-04-13,2,Deaths,0.0,2.0
30717,Malawi,2020-04-14,2,Deaths,0.0,1.0
30718,Malawi,2020-04-15,2,Deaths,0.0,1.0
30719,Malawi,2020-04-16,2,Deaths,0.0,1.0
30720,Malawi,2020-04-17,2,Deaths,0.0,1.0
30721,Malawi,2020-04-18,2,Deaths,0.0,0.0
30722,Malawi,2020-04-19,2,Deaths,0.0,0.0
30723,Malawi,2020-04-20,2,Deaths,0.0,0.0
30724,Malawi,2020-04-21,2,Deaths,0.0,0.0
30725,Malawi,2020-04-22,3,Deaths,1.0,1.0
30726,Malawi,2020-04-23,3,Deaths,0.0,1.0
30727,Malawi,2020-04-24,3,Deaths,0.0,1.0
30728,Malawi,2020-04-25,3,Deaths,0.0,1.0
30729,Malawi,2020-04-26,3,Deaths,0.0,1.0
30730,Malawi,2020-04-27,3,Deaths,0.0,1.0
30731,Malawi,2020-04-28,3,Deaths,0.0,1.0
30732,Malawi,2020-04-29,3,Deaths,0.0,0.0
30733,Malawi,2020-04-30,3,Deaths,0.0,0.0
30734,Malawi,2020-05-01,3,Deaths,0.0,0.0
30735,Malawi,2020-05-02,3,Deaths,0.0,0.0
30736,Malawi,2020-05-03,3,Deaths,0.0,0.0
30737,Malawi,2020-05-04,3,Deaths,0.0,0.0
30738,Malawi,2020-05-05,3,Deaths,0.0,0.0
30739,Malawi,2020-05-06,3,Deaths,0.0,0.0
30740,Malawi,2020-05-07,3,Deaths,0.0,0.0
30741,Malawi,2020-05-08,3,Deaths,0.0,0.0
30742,Malawi,2020-05-09,3,Deaths,0.0,0.0
30743,Malawi,2020-05-10,3,Deaths,0.0,0.0
30744,Malawi,2020-05-11,3,Deaths,0.0,0.0
30745,Malawi,2020-05-12,3,Deaths,0.0,0.0
30746,Malawi,2020-05-13,3,Deaths,0.0,0.0
30747,Malawi,2020-05-14,3,Deaths,0.0,0.0
30748,Malawi,2020-05-15,3,Deaths,0.0,0.0
30749,Malawi,2020-05-16,3,Deaths,0.0,0.0
30750,Malawi,2020-05-17,3,Deaths,0.0,0.0
30751,Malawi,2020-05-18,3,Deaths,0.0,0.0
30752,Malawi,2020-05-19,3,Deaths,0.0,0.0
30753,Malawi,2020-05-20,3,Deaths,0.0,0.0
30754,Malawi,2020-05-21,3,Deaths,0.0,0.0
30755,Malawi,2020-05-22,3,Deaths,0.0,0.0
30756,Malawi,2020-05-23,3,Deaths,0.0,0.0
30757,Malawi,2020-05-24,4,Deaths,1.0,1.0
30758,Malawi,2020-05-25,4,Deaths,0.0,1.0
30759,Malawi,2020-05-26,4,Deaths,0.0,1.0
30760,Malawi,2020-05-27,4,Deaths,0.0,1.0
30761,Malawi,2020-05-28,4,Deaths,0.0,1.0
30762,Malawi,2020-05-29,4,Deaths,0.0,1.0
30763,Malawi,2020-05-30,4,Deaths,0.0,1.0
30764,Malawi,2020-05-31,4,Deaths,0.0,0.0
30765,Malawi,2020-06-01,4,Deaths,0.0,0.0
30766,Malawi,2020-06-02,4,Deaths,0.0,0.0
30767,Malawi,2020-06-03,4,Deaths,0.0,0.0
30768,Malawi,2020-06-04,4,Deaths,0.0,0.0
30769,Malawi,2020-06-05,4,Deaths,0.0,0.0
30770,Malawi,2020-06-06,4,Deaths,0.0,0.0
30771,Malawi,2020-06-07,4,Deaths,0.0,0.0
30772,Malawi,2020-06-08,4,Deaths,0.0,0.0
30773,Malawi,2020-06-09,4,Deaths,0.0,0.0
30774,Malawi,2020-06-10,4,Deaths,0.0,0.0
30775,Malawi,2020-06-11,4,Deaths,0.0,0.0
30776,Malawi,2020-06-12,4,Deaths,0.0,0.0
30777,Malawi,2020-06-13,5,Deaths,1.0,1.0
30778,Malawi,2020-06-14,6,Deaths,1.0,2.0
30779,Malawi,2020-06-15,6,Deaths,0.0,2.0
30780,Malawi,2020-06-16,6,Deaths,0.0,2.0
30781,Malawi,2020-06-17,6,Deaths,0.0,2.0
30782,Malawi,2020-06-18,8,Deaths,2.0,4.0
30783,Malawi,2020-06-19,8,Deaths,0.0,4.0
30784,Malawi,2020-06-20,8,Deaths,0.0,3.0
30785,Malawi,2020-06-21,11,Deaths,3.0,5.0
30786,Malawi,2020-06-22,11,Deaths,0.0,5.0
30787,Malawi,2020-06-23,11,Deaths,0.0,5.0
30788,Malawi,2020-06-24,11,Deaths,0.0,5.0
30789,Malawi,2020-06-25,12,Deaths,1.0,4.0
30790,Malawi,2020-06-26,13,Deaths,1.0,5.0
30791,Malawi,2020-06-27,13,Deaths,0.0,5.0
30792,Malawi,2020-06-28,13,Deaths,0.0,2.0
30793,Malawi,2020-06-29,13,Deaths,0.0,2.0
30794,Malawi,2020-06-30,14,Deaths,1.0,3.0
30795,Malawi,2020-07-01,16,Deaths,2.0,5.0
30796,Malawi,2020-07-02,16,Deaths,0.0,4.0
30797,Malawi,2020-07-03,16,Deaths,0.0,3.0
30798,Malawi,2020-07-04,17,Deaths,1.0,4.0
30799,Malawi,2020-07-05,17,Deaths,0.0,4.0
30800,Malawi,2020-07-06,19,Deaths,2.0,6.0
30801,Malawi,2020-07-07,19,Deaths,0.0,5.0
30802,Malawi,2020-07-08,24,Deaths,5.0,8.0
30803,Malawi,2020-07-09,25,Deaths,1.0,9.0
30804,Malawi,2020-07-10,31,Deaths,6.0,15.0
30805,Malawi,2020-07-11,33,Deaths,2.0,16.0
30806,Malawi,2020-07-12,38,Deaths,5.0,21.0
30807,Malawi,2020-07-13,39,Deaths,1.0,20.0
30808,Malawi,2020-07-14,40,Deaths,1.0,21.0
30809,Malawi,2020-07-15,43,Deaths,3.0,19.0
30810,Malawi,2020-07-16,51,Deaths,8.0,26.0
30811,Malawi,2020-07-17,55,Deaths,4.0,24.0
30812,Malawi,2020-07-18,55,Deaths,0.0,22.0
30813,Malawi,2020-07-19,59,Deaths,4.0,21.0
30814,Malawi,2020-07-20,62,Deaths,3.0,23.0
30815,Malawi,2020-07-21,64,Deaths,2.0,24.0
30816,Malawi,2020-07-22,76,Deaths,12.0,33.0
30817,Malawi,2020-07-23,76,Deaths,0.0,25.0
30818,Malawi,2020-07-24,87,Deaths,11.0,32.0
30819,Malawi,2020-07-25,87,Deaths,0.0,32.0
30820,Malawi,2020-07-26,99,Deaths,12.0,40.0
30821,Malawi,2020-07-27,99,Deaths,0.0,37.0
30822,Malawi,2020-07-28,103,Deaths,4.0,39.0
30823,Malawi,2020-07-29,103,Deaths,0.0,27.0
30824,Malawi,2020-07-30,107,Deaths,4.0,31.0
30825,Malawi,2020-07-31,114,Deaths,7.0,27.0
30826,Malawi,2020-08-01,120,Deaths,6.0,33.0
30827,Malawi,2020-08-02,123,Deaths,3.0,24.0
30828,Malawi,2020-08-03,123,Deaths,0.0,24.0
30829,Malawi,2020-08-04,128,Deaths,5.0,25.0
30830,Malawi,2020-08-05,136,Deaths,8.0,33.0
30831,Malawi,2020-08-06,137,Deaths,1.0,30.0
30832,Malawi,2020-08-07,137,Deaths,0.0,23.0
30833,Malawi,2020-08-08,143,Deaths,6.0,23.0
30834,Malawi,2020-08-09,146,Deaths,3.0,23.0
30835,Malawi,2020-08-10,146,Deaths,0.0,23.0
30836,Malawi,2020-08-11,152,Deaths,6.0,24.0
30837,Malawi,2020-08-12,152,Deaths,0.0,16.0
30838,Malawi,2020-08-13,153,Deaths,1.0,16.0
30839,Malawi,2020-08-14,156,Deaths,3.0,19.0
30840,Malawi,2020-08-15,157,Deaths,1.0,14.0
30841,Malawi,2020-08-16,161,Deaths,4.0,15.0
30842,Malawi,2020-08-17,162,Deaths,1.0,16.0
30843,Malawi,2020-08-18,163,Deaths,1.0,11.0
30844,Malawi,2020-08-19,164,Deaths,1.0,12.0
30845,Malawi,2020-08-20,165,Deaths,1.0,12.0
30846,Malawi,2020-08-21,166,Deaths,1.0,10.0
30847,Malawi,2020-08-22,168,Deaths,2.0,11.0
30848,Malawi,2020-08-23,168,Deaths,0.0,7.0
30849,Malawi,2020-08-24,169,Deaths,1.0,7.0
30850,Malawi,2020-08-25,170,Deaths,1.0,7.0
30851,Malawi,2020-08-26,173,Deaths,3.0,9.0
30852,Malawi,2020-08-27,173,Deaths,0.0,8.0
30853,Malawi,2020-08-28,174,Deaths,1.0,8.0
30854,Malawi,2020-08-29,174,Deaths,0.0,6.0
30855,Malawi,2020-08-30,174,Deaths,0.0,6.0
30856,Malawi,2020-08-31,175,Deaths,1.0,6.0
30857,Malawi,2020-09-01,175,Deaths,0.0,5.0
30858,Malawi,2020-09-02,175,Deaths,0.0,2.0
30859,Malawi,2020-09-03,175,Deaths,0.0,2.0
30860,Malawi,2020-09-04,175,Deaths,0.0,1.0
30861,Malawi,2020-09-05,175,Deaths,0.0,1.0
30862,Malawi,2020-09-06,175,Deaths,0.0,1.0
30863,Malawi,2020-09-07,176,Deaths,1.0,1.0
30864,Malawi,2020-09-08,176,Deaths,0.0,1.0
30865,Malawi,2020-09-09,176,Deaths,0.0,1.0
30866,Malawi,2020-09-10,176,Deaths,0.0,1.0
30867,Malawi,2020-09-11,177,Deaths,1.0,2.0
30868,Malawi,2020-09-12,177,Deaths,0.0,2.0
30869,Malawi,2020-09-13,177,Deaths,0.0,2.0
30870,Malawi,2020-09-14,178,Deaths,1.0,2.0
30871,Malawi,2020-09-15,178,Deaths,0.0,2.0
30872,Malawi,2020-09-16,178,Deaths,0.0,2.0
30873,Malawi,2020-09-17,179,Deaths,1.0,3.0
30874,Malawi,2020-09-18,179,Deaths,0.0,2.0
30875,Malawi,2020-09-19,179,Deaths,0.0,2.0
30876,Malawi,2020-09-20,179,Deaths,0.0,2.0
30877,Malawi,2020-09-21,179,Deaths,0.0,1.0
30878,Malawi,2020-09-22,179,Deaths,0.0,1.0
30879,Malawi,2020-09-23,179,Deaths,0.0,1.0
30880,Malawi,2020-09-24,179,Deaths,0.0,0.0
30881,Malawi,2020-09-25,179,Deaths,0.0,0.0
30882,Malawi,2020-09-26,179,Deaths,0.0,0.0
30883,Malawi,2020-09-27,179,Deaths,0.0,0.0
30884,Malawi,2020-09-28,179,Deaths,0.0,0.0
30885,Malawi,2020-09-29,179,Deaths,0.0,0.0
30886,Malawi,2020-09-30,179,Deaths,0.0,0.0
30887,Malawi,2020-10-01,179,Deaths,0.0,0.0
30888,Malawi,2020-10-02,179,Deaths,0.0,0.0
30889,Malawi,2020-10-03,179,Deaths,0.0,0.0
30890,Malawi,2020-10-04,179,Deaths,0.0,0.0
30891,Malawi,2020-10-05,180,Deaths,1.0,1.0
30892,Malawi,2020-10-06,180,Deaths,0.0,1.0
30893,Malawi,2020-10-07,180,Deaths,0.0,1.0
30894,Malawi,2020-10-08,180,Deaths,0.0,1.0
30895,Malawi,2020-10-09,180,Deaths,0.0,1.0
30896,Malawi,2020-10-10,180,Deaths,0.0,1.0
30897,Malawi,2020-10-11,180,Deaths,0.0,1.0
30898,Malawi,2020-10-12,180,Deaths,0.0,0.0
30899,Malawi,2020-10-13,181,Deaths,1.0,1.0
30900,Malawi,2020-10-14,181,Deaths,0.0,1.0
30901,Malawi,2020-10-15,181,Deaths,0.0,1.0
30902,Malawi,2020-10-16,181,Deaths,0.0,1.0
30903,Malawi,2020-10-17,181,Deaths,0.0,1.0
30904,Malawi,2020-10-18,181,Deaths,0.0,1.0
30905,Malawi,2020-10-19,181,Deaths,0.0,1.0
30906,Malawi,2020-10-20,182,Deaths,1.0,1.0
30907,Malawi,2020-10-21,183,Deaths,1.0,2.0
30908,Malawi,2020-10-22,183,Deaths,0.0,2.0
30909,Malawi,2020-10-23,183,Deaths,0.0,2.0
30910,Malawi,2020-10-24,183,Deaths,0.0,2.0
30911,Malawi,2020-10-25,183,Deaths,0.0,2.0
30912,Malawi,2020-10-26,183,Deaths,0.0,2.0
30913,Malawi,2020-10-27,183,Deaths,0.0,1.0
30914,Malawi,2020-10-28,184,Deaths,1.0,1.0
30915,Malawi,2020-10-29,184,Deaths,0.0,1.0
30916,Malawi,2020-10-30,184,Deaths,0.0,1.0
30917,Malawi,2020-10-31,184,Deaths,0.0,1.0
30918,Malawi,2020-11-01,184,Deaths,0.0,1.0
30919,Malawi,2020-11-02,184,Deaths,0.0,1.0
30920,Malawi,2020-11-03,184,Deaths,0.0,1.0
30921,Malawi,2020-11-04,184,Deaths,0.0,0.0
30922,Malawi,2020-11-05,184,Deaths,0.0,0.0
30923,Malaysia,2020-01-22,0,Deaths,,
30924,Malaysia,2020-01-23,0,Deaths,0.0,
30925,Malaysia,2020-01-24,0,Deaths,0.0,
30926,Malaysia,2020-01-25,0,Deaths,0.0,
30927,Malaysia,2020-01-26,0,Deaths,0.0,
30928,Malaysia,2020-01-27,0,Deaths,0.0,
30929,Malaysia,2020-01-28,0,Deaths,0.0,
30930,Malaysia,2020-01-29,0,Deaths,0.0,0.0
30931,Malaysia,2020-01-30,0,Deaths,0.0,0.0
30932,Malaysia,2020-01-31,0,Deaths,0.0,0.0
30933,Malaysia,2020-02-01,0,Deaths,0.0,0.0
30934,Malaysia,2020-02-02,0,Deaths,0.0,0.0
30935,Malaysia,2020-02-03,0,Deaths,0.0,0.0
30936,Malaysia,2020-02-04,0,Deaths,0.0,0.0
30937,Malaysia,2020-02-05,0,Deaths,0.0,0.0
30938,Malaysia,2020-02-06,0,Deaths,0.0,0.0
30939,Malaysia,2020-02-07,0,Deaths,0.0,0.0
30940,Malaysia,2020-02-08,0,Deaths,0.0,0.0
30941,Malaysia,2020-02-09,0,Deaths,0.0,0.0
30942,Malaysia,2020-02-10,0,Deaths,0.0,0.0
30943,Malaysia,2020-02-11,0,Deaths,0.0,0.0
30944,Malaysia,2020-02-12,0,Deaths,0.0,0.0
30945,Malaysia,2020-02-13,0,Deaths,0.0,0.0
30946,Malaysia,2020-02-14,0,Deaths,0.0,0.0
30947,Malaysia,2020-02-15,0,Deaths,0.0,0.0
30948,Malaysia,2020-02-16,0,Deaths,0.0,0.0
30949,Malaysia,2020-02-17,0,Deaths,0.0,0.0
30950,Malaysia,2020-02-18,0,Deaths,0.0,0.0
30951,Malaysia,2020-02-19,0,Deaths,0.0,0.0
30952,Malaysia,2020-02-20,0,Deaths,0.0,0.0
30953,Malaysia,2020-02-21,0,Deaths,0.0,0.0
30954,Malaysia,2020-02-22,0,Deaths,0.0,0.0
30955,Malaysia,2020-02-23,0,Deaths,0.0,0.0
30956,Malaysia,2020-02-24,0,Deaths,0.0,0.0
30957,Malaysia,2020-02-25,0,Deaths,0.0,0.0
30958,Malaysia,2020-02-26,0,Deaths,0.0,0.0
30959,Malaysia,2020-02-27,0,Deaths,0.0,0.0
30960,Malaysia,2020-02-28,0,Deaths,0.0,0.0
30961,Malaysia,2020-02-29,0,Deaths,0.0,0.0
30962,Malaysia,2020-03-01,0,Deaths,0.0,0.0
30963,Malaysia,2020-03-02,0,Deaths,0.0,0.0
30964,Malaysia,2020-03-03,0,Deaths,0.0,0.0
30965,Malaysia,2020-03-04,0,Deaths,0.0,0.0
30966,Malaysia,2020-03-05,0,Deaths,0.0,0.0
30967,Malaysia,2020-03-06,0,Deaths,0.0,0.0
30968,Malaysia,2020-03-07,0,Deaths,0.0,0.0
30969,Malaysia,2020-03-08,0,Deaths,0.0,0.0
30970,Malaysia,2020-03-09,0,Deaths,0.0,0.0
30971,Malaysia,2020-03-10,0,Deaths,0.0,0.0
30972,Malaysia,2020-03-11,0,Deaths,0.0,0.0
30973,Malaysia,2020-03-12,0,Deaths,0.0,0.0
30974,Malaysia,2020-03-13,0,Deaths,0.0,0.0
30975,Malaysia,2020-03-14,0,Deaths,0.0,0.0
30976,Malaysia,2020-03-15,0,Deaths,0.0,0.0
30977,Malaysia,2020-03-16,0,Deaths,0.0,0.0
30978,Malaysia,2020-03-17,2,Deaths,2.0,2.0
30979,Malaysia,2020-03-18,2,Deaths,0.0,2.0
30980,Malaysia,2020-03-19,2,Deaths,0.0,2.0
30981,Malaysia,2020-03-20,3,Deaths,1.0,3.0
30982,Malaysia,2020-03-21,4,Deaths,1.0,4.0
30983,Malaysia,2020-03-22,10,Deaths,6.0,10.0
30984,Malaysia,2020-03-23,14,Deaths,4.0,14.0
30985,Malaysia,2020-03-24,16,Deaths,2.0,14.0
30986,Malaysia,2020-03-25,20,Deaths,4.0,18.0
30987,Malaysia,2020-03-26,23,Deaths,3.0,21.0
30988,Malaysia,2020-03-27,26,Deaths,3.0,23.0
30989,Malaysia,2020-03-28,27,Deaths,1.0,23.0
30990,Malaysia,2020-03-29,35,Deaths,8.0,25.0
30991,Malaysia,2020-03-30,37,Deaths,2.0,23.0
30992,Malaysia,2020-03-31,43,Deaths,6.0,27.0
30993,Malaysia,2020-04-01,45,Deaths,2.0,25.0
30994,Malaysia,2020-04-02,50,Deaths,5.0,27.0
30995,Malaysia,2020-04-03,53,Deaths,3.0,27.0
30996,Malaysia,2020-04-04,57,Deaths,4.0,30.0
30997,Malaysia,2020-04-05,61,Deaths,4.0,26.0
30998,Malaysia,2020-04-06,62,Deaths,1.0,25.0
30999,Malaysia,2020-04-07,63,Deaths,1.0,20.0
31000,Malaysia,2020-04-08,65,Deaths,2.0,20.0
31001,Malaysia,2020-04-09,67,Deaths,2.0,17.0
31002,Malaysia,2020-04-10,70,Deaths,3.0,17.0
31003,Malaysia,2020-04-11,73,Deaths,3.0,16.0
31004,Malaysia,2020-04-12,76,Deaths,3.0,15.0
31005,Malaysia,2020-04-13,77,Deaths,1.0,15.0
31006,Malaysia,2020-04-14,82,Deaths,5.0,19.0
31007,Malaysia,2020-04-15,83,Deaths,1.0,18.0
31008,Malaysia,2020-04-16,84,Deaths,1.0,17.0
31009,Malaysia,2020-04-17,86,Deaths,2.0,16.0
31010,Malaysia,2020-04-18,88,Deaths,2.0,15.0
31011,Malaysia,2020-04-19,89,Deaths,1.0,13.0
31012,Malaysia,2020-04-20,89,Deaths,0.0,12.0
31013,Malaysia,2020-04-21,92,Deaths,3.0,10.0
31014,Malaysia,2020-04-22,93,Deaths,1.0,10.0
31015,Malaysia,2020-04-23,95,Deaths,2.0,11.0
31016,Malaysia,2020-04-24,96,Deaths,1.0,10.0
31017,Malaysia,2020-04-25,98,Deaths,2.0,10.0
31018,Malaysia,2020-04-26,98,Deaths,0.0,9.0
31019,Malaysia,2020-04-27,99,Deaths,1.0,10.0
31020,Malaysia,2020-04-28,100,Deaths,1.0,8.0
31021,Malaysia,2020-04-29,100,Deaths,0.0,7.0
31022,Malaysia,2020-04-30,102,Deaths,2.0,7.0
31023,Malaysia,2020-05-01,103,Deaths,1.0,7.0
31024,Malaysia,2020-05-02,103,Deaths,0.0,5.0
31025,Malaysia,2020-05-03,105,Deaths,2.0,7.0
31026,Malaysia,2020-05-04,105,Deaths,0.0,6.0
31027,Malaysia,2020-05-05,106,Deaths,1.0,6.0
31028,Malaysia,2020-05-06,107,Deaths,1.0,7.0
31029,Malaysia,2020-05-07,107,Deaths,0.0,5.0
31030,Malaysia,2020-05-08,107,Deaths,0.0,4.0
31031,Malaysia,2020-05-09,108,Deaths,1.0,5.0
31032,Malaysia,2020-05-10,108,Deaths,0.0,3.0
31033,Malaysia,2020-05-11,109,Deaths,1.0,4.0
31034,Malaysia,2020-05-12,109,Deaths,0.0,3.0
31035,Malaysia,2020-05-13,111,Deaths,2.0,4.0
31036,Malaysia,2020-05-14,112,Deaths,1.0,5.0
31037,Malaysia,2020-05-15,112,Deaths,0.0,5.0
31038,Malaysia,2020-05-16,113,Deaths,1.0,5.0
31039,Malaysia,2020-05-17,113,Deaths,0.0,5.0
31040,Malaysia,2020-05-18,113,Deaths,0.0,4.0
31041,Malaysia,2020-05-19,114,Deaths,1.0,5.0
31042,Malaysia,2020-05-20,114,Deaths,0.0,3.0
31043,Malaysia,2020-05-21,114,Deaths,0.0,2.0
31044,Malaysia,2020-05-22,115,Deaths,1.0,3.0
31045,Malaysia,2020-05-23,115,Deaths,0.0,2.0
31046,Malaysia,2020-05-24,115,Deaths,0.0,2.0
31047,Malaysia,2020-05-25,115,Deaths,0.0,2.0
31048,Malaysia,2020-05-26,115,Deaths,0.0,1.0
31049,Malaysia,2020-05-27,115,Deaths,0.0,1.0
31050,Malaysia,2020-05-28,115,Deaths,0.0,1.0
31051,Malaysia,2020-05-29,115,Deaths,0.0,0.0
31052,Malaysia,2020-05-30,115,Deaths,0.0,0.0
31053,Malaysia,2020-05-31,115,Deaths,0.0,0.0
31054,Malaysia,2020-06-01,115,Deaths,0.0,0.0
31055,Malaysia,2020-06-02,115,Deaths,0.0,0.0
31056,Malaysia,2020-06-03,115,Deaths,0.0,0.0
31057,Malaysia,2020-06-04,115,Deaths,0.0,0.0
31058,Malaysia,2020-06-05,116,Deaths,1.0,1.0
31059,Malaysia,2020-06-06,117,Deaths,1.0,2.0
31060,Malaysia,2020-06-07,117,Deaths,0.0,2.0
31061,Malaysia,2020-06-08,117,Deaths,0.0,2.0
31062,Malaysia,2020-06-09,117,Deaths,0.0,2.0
31063,Malaysia,2020-06-10,118,Deaths,1.0,3.0
31064,Malaysia,2020-06-11,118,Deaths,0.0,3.0
31065,Malaysia,2020-06-12,119,Deaths,1.0,3.0
31066,Malaysia,2020-06-13,120,Deaths,1.0,3.0
31067,Malaysia,2020-06-14,121,Deaths,1.0,4.0
31068,Malaysia,2020-06-15,121,Deaths,0.0,4.0
31069,Malaysia,2020-06-16,121,Deaths,0.0,4.0
31070,Malaysia,2020-06-17,121,Deaths,0.0,3.0
31071,Malaysia,2020-06-18,121,Deaths,0.0,3.0
31072,Malaysia,2020-06-19,121,Deaths,0.0,2.0
31073,Malaysia,2020-06-20,121,Deaths,0.0,1.0
31074,Malaysia,2020-06-21,121,Deaths,0.0,0.0
31075,Malaysia,2020-06-22,121,Deaths,0.0,0.0
31076,Malaysia,2020-06-23,121,Deaths,0.0,0.0
31077,Malaysia,2020-06-24,121,Deaths,0.0,0.0
31078,Malaysia,2020-06-25,121,Deaths,0.0,0.0
31079,Malaysia,2020-06-26,121,Deaths,0.0,0.0
31080,Malaysia,2020-06-27,121,Deaths,0.0,0.0
31081,Malaysia,2020-06-28,121,Deaths,0.0,0.0
31082,Malaysia,2020-06-29,121,Deaths,0.0,0.0
31083,Malaysia,2020-06-30,121,Deaths,0.0,0.0
31084,Malaysia,2020-07-01,121,Deaths,0.0,0.0
31085,Malaysia,2020-07-02,121,Deaths,0.0,0.0
31086,Malaysia,2020-07-03,121,Deaths,0.0,0.0
31087,Malaysia,2020-07-04,121,Deaths,0.0,0.0
31088,Malaysia,2020-07-05,121,Deaths,0.0,0.0
31089,Malaysia,2020-07-06,121,Deaths,0.0,0.0
31090,Malaysia,2020-07-07,121,Deaths,0.0,0.0
31091,Malaysia,2020-07-08,121,Deaths,0.0,0.0
31092,Malaysia,2020-07-09,121,Deaths,0.0,0.0
31093,Malaysia,2020-07-10,121,Deaths,0.0,0.0
31094,Malaysia,2020-07-11,122,Deaths,1.0,1.0
31095,Malaysia,2020-07-12,122,Deaths,0.0,1.0
31096,Malaysia,2020-07-13,122,Deaths,0.0,1.0
31097,Malaysia,2020-07-14,122,Deaths,0.0,1.0
31098,Malaysia,2020-07-15,122,Deaths,0.0,1.0
31099,Malaysia,2020-07-16,122,Deaths,0.0,1.0
31100,Malaysia,2020-07-17,122,Deaths,0.0,1.0
31101,Malaysia,2020-07-18,122,Deaths,0.0,0.0
31102,Malaysia,2020-07-19,123,Deaths,1.0,1.0
31103,Malaysia,2020-07-20,123,Deaths,0.0,1.0
31104,Malaysia,2020-07-21,123,Deaths,0.0,1.0
31105,Malaysia,2020-07-22,123,Deaths,0.0,1.0
31106,Malaysia,2020-07-23,123,Deaths,0.0,1.0
31107,Malaysia,2020-07-24,123,Deaths,0.0,1.0
31108,Malaysia,2020-07-25,123,Deaths,0.0,1.0
31109,Malaysia,2020-07-26,124,Deaths,1.0,1.0
31110,Malaysia,2020-07-27,124,Deaths,0.0,1.0
31111,Malaysia,2020-07-28,124,Deaths,0.0,1.0
31112,Malaysia,2020-07-29,124,Deaths,0.0,1.0
31113,Malaysia,2020-07-30,124,Deaths,0.0,1.0
31114,Malaysia,2020-07-31,125,Deaths,1.0,2.0
31115,Malaysia,2020-08-01,125,Deaths,0.0,2.0
31116,Malaysia,2020-08-02,125,Deaths,0.0,1.0
31117,Malaysia,2020-08-03,125,Deaths,0.0,1.0
31118,Malaysia,2020-08-04,125,Deaths,0.0,1.0
31119,Malaysia,2020-08-05,125,Deaths,0.0,1.0
31120,Malaysia,2020-08-06,125,Deaths,0.0,1.0
31121,Malaysia,2020-08-07,125,Deaths,0.0,0.0
31122,Malaysia,2020-08-08,125,Deaths,0.0,0.0
31123,Malaysia,2020-08-09,125,Deaths,0.0,0.0
31124,Malaysia,2020-08-10,125,Deaths,0.0,0.0
31125,Malaysia,2020-08-11,125,Deaths,0.0,0.0
31126,Malaysia,2020-08-12,125,Deaths,0.0,0.0
31127,Malaysia,2020-08-13,125,Deaths,0.0,0.0
31128,Malaysia,2020-08-14,125,Deaths,0.0,0.0
31129,Malaysia,2020-08-15,125,Deaths,0.0,0.0
31130,Malaysia,2020-08-16,125,Deaths,0.0,0.0
31131,Malaysia,2020-08-17,125,Deaths,0.0,0.0
31132,Malaysia,2020-08-18,125,Deaths,0.0,0.0
31133,Malaysia,2020-08-19,125,Deaths,0.0,0.0
31134,Malaysia,2020-08-20,125,Deaths,0.0,0.0
31135,Malaysia,2020-08-21,125,Deaths,0.0,0.0
31136,Malaysia,2020-08-22,125,Deaths,0.0,0.0
31137,Malaysia,2020-08-23,125,Deaths,0.0,0.0
31138,Malaysia,2020-08-24,125,Deaths,0.0,0.0
31139,Malaysia,2020-08-25,125,Deaths,0.0,0.0
31140,Malaysia,2020-08-26,125,Deaths,0.0,0.0
31141,Malaysia,2020-08-27,125,Deaths,0.0,0.0
31142,Malaysia,2020-08-28,125,Deaths,0.0,0.0
31143,Malaysia,2020-08-29,125,Deaths,0.0,0.0
31144,Malaysia,2020-08-30,126,Deaths,1.0,1.0
31145,Malaysia,2020-08-31,127,Deaths,1.0,2.0
31146,Malaysia,2020-09-01,128,Deaths,1.0,3.0
31147,Malaysia,2020-09-02,128,Deaths,0.0,3.0
31148,Malaysia,2020-09-03,128,Deaths,0.0,3.0
31149,Malaysia,2020-09-04,128,Deaths,0.0,3.0
31150,Malaysia,2020-09-05,128,Deaths,0.0,3.0
31151,Malaysia,2020-09-06,128,Deaths,0.0,2.0
31152,Malaysia,2020-09-07,128,Deaths,0.0,1.0
31153,Malaysia,2020-09-08,128,Deaths,0.0,0.0
31154,Malaysia,2020-09-09,128,Deaths,0.0,0.0
31155,Malaysia,2020-09-10,128,Deaths,0.0,0.0
31156,Malaysia,2020-09-11,128,Deaths,0.0,0.0
31157,Malaysia,2020-09-12,128,Deaths,0.0,0.0
31158,Malaysia,2020-09-13,128,Deaths,0.0,0.0
31159,Malaysia,2020-09-14,128,Deaths,0.0,0.0
31160,Malaysia,2020-09-15,128,Deaths,0.0,0.0
31161,Malaysia,2020-09-16,128,Deaths,0.0,0.0
31162,Malaysia,2020-09-17,128,Deaths,0.0,0.0
31163,Malaysia,2020-09-18,129,Deaths,1.0,1.0
31164,Malaysia,2020-09-19,130,Deaths,1.0,2.0
31165,Malaysia,2020-09-20,130,Deaths,0.0,2.0
31166,Malaysia,2020-09-21,130,Deaths,0.0,2.0
31167,Malaysia,2020-09-22,130,Deaths,0.0,2.0
31168,Malaysia,2020-09-23,133,Deaths,3.0,5.0
31169,Malaysia,2020-09-24,133,Deaths,0.0,5.0
31170,Malaysia,2020-09-25,133,Deaths,0.0,4.0
31171,Malaysia,2020-09-26,133,Deaths,0.0,3.0
31172,Malaysia,2020-09-27,134,Deaths,1.0,4.0
31173,Malaysia,2020-09-28,134,Deaths,0.0,4.0
31174,Malaysia,2020-09-29,134,Deaths,0.0,4.0
31175,Malaysia,2020-09-30,136,Deaths,2.0,3.0
31176,Malaysia,2020-10-01,136,Deaths,0.0,3.0
31177,Malaysia,2020-10-02,136,Deaths,0.0,3.0
31178,Malaysia,2020-10-03,137,Deaths,1.0,4.0
31179,Malaysia,2020-10-04,137,Deaths,0.0,3.0
31180,Malaysia,2020-10-05,137,Deaths,0.0,3.0
31181,Malaysia,2020-10-06,141,Deaths,4.0,7.0
31182,Malaysia,2020-10-07,141,Deaths,0.0,5.0
31183,Malaysia,2020-10-08,146,Deaths,5.0,10.0
31184,Malaysia,2020-10-09,152,Deaths,6.0,16.0
31185,Malaysia,2020-10-10,155,Deaths,3.0,18.0
31186,Malaysia,2020-10-11,157,Deaths,2.0,20.0
31187,Malaysia,2020-10-12,159,Deaths,2.0,22.0
31188,Malaysia,2020-10-13,163,Deaths,4.0,22.0
31189,Malaysia,2020-10-14,167,Deaths,4.0,26.0
31190,Malaysia,2020-10-15,170,Deaths,3.0,24.0
31191,Malaysia,2020-10-16,176,Deaths,6.0,24.0
31192,Malaysia,2020-10-17,180,Deaths,4.0,25.0
31193,Malaysia,2020-10-18,187,Deaths,7.0,30.0
31194,Malaysia,2020-10-19,190,Deaths,3.0,31.0
31195,Malaysia,2020-10-20,193,Deaths,3.0,30.0
31196,Malaysia,2020-10-21,199,Deaths,6.0,32.0
31197,Malaysia,2020-10-22,204,Deaths,5.0,34.0
31198,Malaysia,2020-10-23,214,Deaths,10.0,38.0
31199,Malaysia,2020-10-24,221,Deaths,7.0,41.0
31200,Malaysia,2020-10-25,229,Deaths,8.0,42.0
31201,Malaysia,2020-10-26,236,Deaths,7.0,46.0
31202,Malaysia,2020-10-27,238,Deaths,2.0,45.0
31203,Malaysia,2020-10-28,246,Deaths,8.0,47.0
31204,Malaysia,2020-10-29,246,Deaths,0.0,42.0
31205,Malaysia,2020-10-30,249,Deaths,3.0,35.0
31206,Malaysia,2020-10-31,249,Deaths,0.0,28.0
31207,Malaysia,2020-11-01,249,Deaths,0.0,20.0
31208,Malaysia,2020-11-02,251,Deaths,2.0,15.0
31209,Malaysia,2020-11-03,263,Deaths,12.0,25.0
31210,Malaysia,2020-11-04,271,Deaths,8.0,25.0
31211,Malaysia,2020-11-05,277,Deaths,6.0,31.0
31212,Maldives,2020-01-22,0,Deaths,,
31213,Maldives,2020-01-23,0,Deaths,0.0,
31214,Maldives,2020-01-24,0,Deaths,0.0,
31215,Maldives,2020-01-25,0,Deaths,0.0,
31216,Maldives,2020-01-26,0,Deaths,0.0,
31217,Maldives,2020-01-27,0,Deaths,0.0,
31218,Maldives,2020-01-28,0,Deaths,0.0,
31219,Maldives,2020-01-29,0,Deaths,0.0,0.0
31220,Maldives,2020-01-30,0,Deaths,0.0,0.0
31221,Maldives,2020-01-31,0,Deaths,0.0,0.0
31222,Maldives,2020-02-01,0,Deaths,0.0,0.0
31223,Maldives,2020-02-02,0,Deaths,0.0,0.0
31224,Maldives,2020-02-03,0,Deaths,0.0,0.0
31225,Maldives,2020-02-04,0,Deaths,0.0,0.0
31226,Maldives,2020-02-05,0,Deaths,0.0,0.0
31227,Maldives,2020-02-06,0,Deaths,0.0,0.0
31228,Maldives,2020-02-07,0,Deaths,0.0,0.0
31229,Maldives,2020-02-08,0,Deaths,0.0,0.0
31230,Maldives,2020-02-09,0,Deaths,0.0,0.0
31231,Maldives,2020-02-10,0,Deaths,0.0,0.0
31232,Maldives,2020-02-11,0,Deaths,0.0,0.0
31233,Maldives,2020-02-12,0,Deaths,0.0,0.0
31234,Maldives,2020-02-13,0,Deaths,0.0,0.0
31235,Maldives,2020-02-14,0,Deaths,0.0,0.0
31236,Maldives,2020-02-15,0,Deaths,0.0,0.0
31237,Maldives,2020-02-16,0,Deaths,0.0,0.0
31238,Maldives,2020-02-17,0,Deaths,0.0,0.0
31239,Maldives,2020-02-18,0,Deaths,0.0,0.0
31240,Maldives,2020-02-19,0,Deaths,0.0,0.0
31241,Maldives,2020-02-20,0,Deaths,0.0,0.0
31242,Maldives,2020-02-21,0,Deaths,0.0,0.0
31243,Maldives,2020-02-22,0,Deaths,0.0,0.0
31244,Maldives,2020-02-23,0,Deaths,0.0,0.0
31245,Maldives,2020-02-24,0,Deaths,0.0,0.0
31246,Maldives,2020-02-25,0,Deaths,0.0,0.0
31247,Maldives,2020-02-26,0,Deaths,0.0,0.0
31248,Maldives,2020-02-27,0,Deaths,0.0,0.0
31249,Maldives,2020-02-28,0,Deaths,0.0,0.0
31250,Maldives,2020-02-29,0,Deaths,0.0,0.0
31251,Maldives,2020-03-01,0,Deaths,0.0,0.0
31252,Maldives,2020-03-02,0,Deaths,0.0,0.0
31253,Maldives,2020-03-03,0,Deaths,0.0,0.0
31254,Maldives,2020-03-04,0,Deaths,0.0,0.0
31255,Maldives,2020-03-05,0,Deaths,0.0,0.0
31256,Maldives,2020-03-06,0,Deaths,0.0,0.0
31257,Maldives,2020-03-07,0,Deaths,0.0,0.0
31258,Maldives,2020-03-08,0,Deaths,0.0,0.0
31259,Maldives,2020-03-09,0,Deaths,0.0,0.0
31260,Maldives,2020-03-10,0,Deaths,0.0,0.0
31261,Maldives,2020-03-11,0,Deaths,0.0,0.0
31262,Maldives,2020-03-12,0,Deaths,0.0,0.0
31263,Maldives,2020-03-13,0,Deaths,0.0,0.0
31264,Maldives,2020-03-14,0,Deaths,0.0,0.0
31265,Maldives,2020-03-15,0,Deaths,0.0,0.0
31266,Maldives,2020-03-16,0,Deaths,0.0,0.0
31267,Maldives,2020-03-17,0,Deaths,0.0,0.0
31268,Maldives,2020-03-18,0,Deaths,0.0,0.0
31269,Maldives,2020-03-19,0,Deaths,0.0,0.0
31270,Maldives,2020-03-20,0,Deaths,0.0,0.0
31271,Maldives,2020-03-21,0,Deaths,0.0,0.0
31272,Maldives,2020-03-22,0,Deaths,0.0,0.0
31273,Maldives,2020-03-23,0,Deaths,0.0,0.0
31274,Maldives,2020-03-24,0,Deaths,0.0,0.0
31275,Maldives,2020-03-25,0,Deaths,0.0,0.0
31276,Maldives,2020-03-26,0,Deaths,0.0,0.0
31277,Maldives,2020-03-27,0,Deaths,0.0,0.0
31278,Maldives,2020-03-28,0,Deaths,0.0,0.0
31279,Maldives,2020-03-29,0,Deaths,0.0,0.0
31280,Maldives,2020-03-30,0,Deaths,0.0,0.0
31281,Maldives,2020-03-31,0,Deaths,0.0,0.0
31282,Maldives,2020-04-01,0,Deaths,0.0,0.0
31283,Maldives,2020-04-02,0,Deaths,0.0,0.0
31284,Maldives,2020-04-03,0,Deaths,0.0,0.0
31285,Maldives,2020-04-04,0,Deaths,0.0,0.0
31286,Maldives,2020-04-05,0,Deaths,0.0,0.0
31287,Maldives,2020-04-06,0,Deaths,0.0,0.0
31288,Maldives,2020-04-07,0,Deaths,0.0,0.0
31289,Maldives,2020-04-08,0,Deaths,0.0,0.0
31290,Maldives,2020-04-09,0,Deaths,0.0,0.0
31291,Maldives,2020-04-10,0,Deaths,0.0,0.0
31292,Maldives,2020-04-11,0,Deaths,0.0,0.0
31293,Maldives,2020-04-12,0,Deaths,0.0,0.0
31294,Maldives,2020-04-13,0,Deaths,0.0,0.0
31295,Maldives,2020-04-14,0,Deaths,0.0,0.0
31296,Maldives,2020-04-15,0,Deaths,0.0,0.0
31297,Maldives,2020-04-16,0,Deaths,0.0,0.0
31298,Maldives,2020-04-17,0,Deaths,0.0,0.0
31299,Maldives,2020-04-18,0,Deaths,0.0,0.0
31300,Maldives,2020-04-19,0,Deaths,0.0,0.0
31301,Maldives,2020-04-20,0,Deaths,0.0,0.0
31302,Maldives,2020-04-21,0,Deaths,0.0,0.0
31303,Maldives,2020-04-22,0,Deaths,0.0,0.0
31304,Maldives,2020-04-23,0,Deaths,0.0,0.0
31305,Maldives,2020-04-24,0,Deaths,0.0,0.0
31306,Maldives,2020-04-25,0,Deaths,0.0,0.0
31307,Maldives,2020-04-26,0,Deaths,0.0,0.0
31308,Maldives,2020-04-27,0,Deaths,0.0,0.0
31309,Maldives,2020-04-28,0,Deaths,0.0,0.0
31310,Maldives,2020-04-29,1,Deaths,1.0,1.0
31311,Maldives,2020-04-30,1,Deaths,0.0,1.0
31312,Maldives,2020-05-01,1,Deaths,0.0,1.0
31313,Maldives,2020-05-02,1,Deaths,0.0,1.0
31314,Maldives,2020-05-03,1,Deaths,0.0,1.0
31315,Maldives,2020-05-04,1,Deaths,0.0,1.0
31316,Maldives,2020-05-05,2,Deaths,1.0,2.0
31317,Maldives,2020-05-06,2,Deaths,0.0,1.0
31318,Maldives,2020-05-07,3,Deaths,1.0,2.0
31319,Maldives,2020-05-08,3,Deaths,0.0,2.0
31320,Maldives,2020-05-09,3,Deaths,0.0,2.0
31321,Maldives,2020-05-10,3,Deaths,0.0,2.0
31322,Maldives,2020-05-11,3,Deaths,0.0,2.0
31323,Maldives,2020-05-12,3,Deaths,0.0,1.0
31324,Maldives,2020-05-13,4,Deaths,1.0,2.0
31325,Maldives,2020-05-14,4,Deaths,0.0,1.0
31326,Maldives,2020-05-15,4,Deaths,0.0,1.0
31327,Maldives,2020-05-16,4,Deaths,0.0,1.0
31328,Maldives,2020-05-17,4,Deaths,0.0,1.0
31329,Maldives,2020-05-18,4,Deaths,0.0,1.0
31330,Maldives,2020-05-19,4,Deaths,0.0,1.0
31331,Maldives,2020-05-20,4,Deaths,0.0,0.0
31332,Maldives,2020-05-21,4,Deaths,0.0,0.0
31333,Maldives,2020-05-22,4,Deaths,0.0,0.0
31334,Maldives,2020-05-23,4,Deaths,0.0,0.0
31335,Maldives,2020-05-24,4,Deaths,0.0,0.0
31336,Maldives,2020-05-25,4,Deaths,0.0,0.0
31337,Maldives,2020-05-26,5,Deaths,1.0,1.0
31338,Maldives,2020-05-27,5,Deaths,0.0,1.0
31339,Maldives,2020-05-28,5,Deaths,0.0,1.0
31340,Maldives,2020-05-29,5,Deaths,0.0,1.0
31341,Maldives,2020-05-30,5,Deaths,0.0,1.0
31342,Maldives,2020-05-31,5,Deaths,0.0,1.0
31343,Maldives,2020-06-01,6,Deaths,1.0,2.0
31344,Maldives,2020-06-02,7,Deaths,1.0,2.0
31345,Maldives,2020-06-03,7,Deaths,0.0,2.0
31346,Maldives,2020-06-04,7,Deaths,0.0,2.0
31347,Maldives,2020-06-05,7,Deaths,0.0,2.0
31348,Maldives,2020-06-06,8,Deaths,1.0,3.0
31349,Maldives,2020-06-07,8,Deaths,0.0,3.0
31350,Maldives,2020-06-08,8,Deaths,0.0,2.0
31351,Maldives,2020-06-09,8,Deaths,0.0,1.0
31352,Maldives,2020-06-10,8,Deaths,0.0,1.0
31353,Maldives,2020-06-11,8,Deaths,0.0,1.0
31354,Maldives,2020-06-12,8,Deaths,0.0,1.0
31355,Maldives,2020-06-13,8,Deaths,0.0,0.0
31356,Maldives,2020-06-14,8,Deaths,0.0,0.0
31357,Maldives,2020-06-15,8,Deaths,0.0,0.0
31358,Maldives,2020-06-16,8,Deaths,0.0,0.0
31359,Maldives,2020-06-17,8,Deaths,0.0,0.0
31360,Maldives,2020-06-18,8,Deaths,0.0,0.0
31361,Maldives,2020-06-19,8,Deaths,0.0,0.0
31362,Maldives,2020-06-20,8,Deaths,0.0,0.0
31363,Maldives,2020-06-21,8,Deaths,0.0,0.0
31364,Maldives,2020-06-22,8,Deaths,0.0,0.0
31365,Maldives,2020-06-23,8,Deaths,0.0,0.0
31366,Maldives,2020-06-24,8,Deaths,0.0,0.0
31367,Maldives,2020-06-25,8,Deaths,0.0,0.0
31368,Maldives,2020-06-26,8,Deaths,0.0,0.0
31369,Maldives,2020-06-27,8,Deaths,0.0,0.0
31370,Maldives,2020-06-28,8,Deaths,0.0,0.0
31371,Maldives,2020-06-29,8,Deaths,0.0,0.0
31372,Maldives,2020-06-30,9,Deaths,1.0,1.0
31373,Maldives,2020-07-01,9,Deaths,0.0,1.0
31374,Maldives,2020-07-02,10,Deaths,1.0,2.0
31375,Maldives,2020-07-03,10,Deaths,0.0,2.0
31376,Maldives,2020-07-04,10,Deaths,0.0,2.0
31377,Maldives,2020-07-05,11,Deaths,1.0,3.0
31378,Maldives,2020-07-06,12,Deaths,1.0,4.0
31379,Maldives,2020-07-07,12,Deaths,0.0,3.0
31380,Maldives,2020-07-08,13,Deaths,1.0,4.0
31381,Maldives,2020-07-09,13,Deaths,0.0,3.0
31382,Maldives,2020-07-10,13,Deaths,0.0,3.0
31383,Maldives,2020-07-11,13,Deaths,0.0,3.0
31384,Maldives,2020-07-12,13,Deaths,0.0,2.0
31385,Maldives,2020-07-13,13,Deaths,0.0,1.0
31386,Maldives,2020-07-14,14,Deaths,1.0,2.0
31387,Maldives,2020-07-15,14,Deaths,0.0,1.0
31388,Maldives,2020-07-16,15,Deaths,1.0,2.0
31389,Maldives,2020-07-17,15,Deaths,0.0,2.0
31390,Maldives,2020-07-18,15,Deaths,0.0,2.0
31391,Maldives,2020-07-19,15,Deaths,0.0,2.0
31392,Maldives,2020-07-20,15,Deaths,0.0,2.0
31393,Maldives,2020-07-21,15,Deaths,0.0,1.0
31394,Maldives,2020-07-22,15,Deaths,0.0,1.0
31395,Maldives,2020-07-23,15,Deaths,0.0,0.0
31396,Maldives,2020-07-24,15,Deaths,0.0,0.0
31397,Maldives,2020-07-25,15,Deaths,0.0,0.0
31398,Maldives,2020-07-26,15,Deaths,0.0,0.0
31399,Maldives,2020-07-27,15,Deaths,0.0,0.0
31400,Maldives,2020-07-28,15,Deaths,0.0,0.0
31401,Maldives,2020-07-29,15,Deaths,0.0,0.0
31402,Maldives,2020-07-30,16,Deaths,1.0,1.0
31403,Maldives,2020-07-31,16,Deaths,0.0,1.0
31404,Maldives,2020-08-01,17,Deaths,1.0,2.0
31405,Maldives,2020-08-02,18,Deaths,1.0,3.0
31406,Maldives,2020-08-03,18,Deaths,0.0,3.0
31407,Maldives,2020-08-04,19,Deaths,1.0,4.0
31408,Maldives,2020-08-05,19,Deaths,0.0,4.0
31409,Maldives,2020-08-06,19,Deaths,0.0,3.0
31410,Maldives,2020-08-07,19,Deaths,0.0,3.0
31411,Maldives,2020-08-08,19,Deaths,0.0,2.0
31412,Maldives,2020-08-09,19,Deaths,0.0,1.0
31413,Maldives,2020-08-10,19,Deaths,0.0,1.0
31414,Maldives,2020-08-11,20,Deaths,1.0,1.0
31415,Maldives,2020-08-12,21,Deaths,1.0,2.0
31416,Maldives,2020-08-13,21,Deaths,0.0,2.0
31417,Maldives,2020-08-14,22,Deaths,1.0,3.0
31418,Maldives,2020-08-15,22,Deaths,0.0,3.0
31419,Maldives,2020-08-16,22,Deaths,0.0,3.0
31420,Maldives,2020-08-17,23,Deaths,1.0,4.0
31421,Maldives,2020-08-18,24,Deaths,1.0,4.0
31422,Maldives,2020-08-19,24,Deaths,0.0,3.0
31423,Maldives,2020-08-20,24,Deaths,0.0,3.0
31424,Maldives,2020-08-21,26,Deaths,2.0,4.0
31425,Maldives,2020-08-22,26,Deaths,0.0,4.0
31426,Maldives,2020-08-23,26,Deaths,0.0,4.0
31427,Maldives,2020-08-24,27,Deaths,1.0,4.0
31428,Maldives,2020-08-25,28,Deaths,1.0,4.0
31429,Maldives,2020-08-26,28,Deaths,0.0,4.0
31430,Maldives,2020-08-27,28,Deaths,0.0,4.0
31431,Maldives,2020-08-28,28,Deaths,0.0,2.0
31432,Maldives,2020-08-29,28,Deaths,0.0,2.0
31433,Maldives,2020-08-30,28,Deaths,0.0,2.0
31434,Maldives,2020-08-31,28,Deaths,0.0,1.0
31435,Maldives,2020-09-01,29,Deaths,1.0,1.0
31436,Maldives,2020-09-02,29,Deaths,0.0,1.0
31437,Maldives,2020-09-03,29,Deaths,0.0,1.0
31438,Maldives,2020-09-04,29,Deaths,0.0,1.0
31439,Maldives,2020-09-05,29,Deaths,0.0,1.0
31440,Maldives,2020-09-06,29,Deaths,0.0,1.0
31441,Maldives,2020-09-07,29,Deaths,0.0,1.0
31442,Maldives,2020-09-08,29,Deaths,0.0,0.0
31443,Maldives,2020-09-09,31,Deaths,2.0,2.0
31444,Maldives,2020-09-10,31,Deaths,0.0,2.0
31445,Maldives,2020-09-11,31,Deaths,0.0,2.0
31446,Maldives,2020-09-12,31,Deaths,0.0,2.0
31447,Maldives,2020-09-13,32,Deaths,1.0,3.0
31448,Maldives,2020-09-14,33,Deaths,1.0,4.0
31449,Maldives,2020-09-15,33,Deaths,0.0,4.0
31450,Maldives,2020-09-16,33,Deaths,0.0,2.0
31451,Maldives,2020-09-17,33,Deaths,0.0,2.0
31452,Maldives,2020-09-18,33,Deaths,0.0,2.0
31453,Maldives,2020-09-19,33,Deaths,0.0,2.0
31454,Maldives,2020-09-20,33,Deaths,0.0,1.0
31455,Maldives,2020-09-21,34,Deaths,1.0,1.0
31456,Maldives,2020-09-22,34,Deaths,0.0,1.0
31457,Maldives,2020-09-23,34,Deaths,0.0,1.0
31458,Maldives,2020-09-24,34,Deaths,0.0,1.0
31459,Maldives,2020-09-25,34,Deaths,0.0,1.0
31460,Maldives,2020-09-26,34,Deaths,0.0,1.0
31461,Maldives,2020-09-27,34,Deaths,0.0,1.0
31462,Maldives,2020-09-28,34,Deaths,0.0,0.0
31463,Maldives,2020-09-29,34,Deaths,0.0,0.0
31464,Maldives,2020-09-30,34,Deaths,0.0,0.0
31465,Maldives,2020-10-01,34,Deaths,0.0,0.0
31466,Maldives,2020-10-02,34,Deaths,0.0,0.0
31467,Maldives,2020-10-03,34,Deaths,0.0,0.0
31468,Maldives,2020-10-04,34,Deaths,0.0,0.0
31469,Maldives,2020-10-05,34,Deaths,0.0,0.0
31470,Maldives,2020-10-06,34,Deaths,0.0,0.0
31471,Maldives,2020-10-07,34,Deaths,0.0,0.0
31472,Maldives,2020-10-08,34,Deaths,0.0,0.0
31473,Maldives,2020-10-09,34,Deaths,0.0,0.0
31474,Maldives,2020-10-10,34,Deaths,0.0,0.0
31475,Maldives,2020-10-11,35,Deaths,1.0,1.0
31476,Maldives,2020-10-12,35,Deaths,0.0,1.0
31477,Maldives,2020-10-13,35,Deaths,0.0,1.0
31478,Maldives,2020-10-14,35,Deaths,0.0,1.0
31479,Maldives,2020-10-15,35,Deaths,0.0,1.0
31480,Maldives,2020-10-16,35,Deaths,0.0,1.0
31481,Maldives,2020-10-17,36,Deaths,1.0,2.0
31482,Maldives,2020-10-18,37,Deaths,1.0,2.0
31483,Maldives,2020-10-19,37,Deaths,0.0,2.0
31484,Maldives,2020-10-20,37,Deaths,0.0,2.0
31485,Maldives,2020-10-21,37,Deaths,0.0,2.0
31486,Maldives,2020-10-22,37,Deaths,0.0,2.0
31487,Maldives,2020-10-23,37,Deaths,0.0,2.0
31488,Maldives,2020-10-24,37,Deaths,0.0,1.0
31489,Maldives,2020-10-25,37,Deaths,0.0,0.0
31490,Maldives,2020-10-26,37,Deaths,0.0,0.0
31491,Maldives,2020-10-27,37,Deaths,0.0,0.0
31492,Maldives,2020-10-28,37,Deaths,0.0,0.0
31493,Maldives,2020-10-29,37,Deaths,0.0,0.0
31494,Maldives,2020-10-30,37,Deaths,0.0,0.0
31495,Maldives,2020-10-31,38,Deaths,1.0,1.0
31496,Maldives,2020-11-01,38,Deaths,0.0,1.0
31497,Maldives,2020-11-02,38,Deaths,0.0,1.0
31498,Maldives,2020-11-03,38,Deaths,0.0,1.0
31499,Maldives,2020-11-04,38,Deaths,0.0,1.0
31500,Maldives,2020-11-05,38,Deaths,0.0,1.0
31501,Mali,2020-01-22,0,Deaths,,
31502,Mali,2020-01-23,0,Deaths,0.0,
31503,Mali,2020-01-24,0,Deaths,0.0,
31504,Mali,2020-01-25,0,Deaths,0.0,
31505,Mali,2020-01-26,0,Deaths,0.0,
31506,Mali,2020-01-27,0,Deaths,0.0,
31507,Mali,2020-01-28,0,Deaths,0.0,
31508,Mali,2020-01-29,0,Deaths,0.0,0.0
31509,Mali,2020-01-30,0,Deaths,0.0,0.0
31510,Mali,2020-01-31,0,Deaths,0.0,0.0
31511,Mali,2020-02-01,0,Deaths,0.0,0.0
31512,Mali,2020-02-02,0,Deaths,0.0,0.0
31513,Mali,2020-02-03,0,Deaths,0.0,0.0
31514,Mali,2020-02-04,0,Deaths,0.0,0.0
31515,Mali,2020-02-05,0,Deaths,0.0,0.0
31516,Mali,2020-02-06,0,Deaths,0.0,0.0
31517,Mali,2020-02-07,0,Deaths,0.0,0.0
31518,Mali,2020-02-08,0,Deaths,0.0,0.0
31519,Mali,2020-02-09,0,Deaths,0.0,0.0
31520,Mali,2020-02-10,0,Deaths,0.0,0.0
31521,Mali,2020-02-11,0,Deaths,0.0,0.0
31522,Mali,2020-02-12,0,Deaths,0.0,0.0
31523,Mali,2020-02-13,0,Deaths,0.0,0.0
31524,Mali,2020-02-14,0,Deaths,0.0,0.0
31525,Mali,2020-02-15,0,Deaths,0.0,0.0
31526,Mali,2020-02-16,0,Deaths,0.0,0.0
31527,Mali,2020-02-17,0,Deaths,0.0,0.0
31528,Mali,2020-02-18,0,Deaths,0.0,0.0
31529,Mali,2020-02-19,0,Deaths,0.0,0.0
31530,Mali,2020-02-20,0,Deaths,0.0,0.0
31531,Mali,2020-02-21,0,Deaths,0.0,0.0
31532,Mali,2020-02-22,0,Deaths,0.0,0.0
31533,Mali,2020-02-23,0,Deaths,0.0,0.0
31534,Mali,2020-02-24,0,Deaths,0.0,0.0
31535,Mali,2020-02-25,0,Deaths,0.0,0.0
31536,Mali,2020-02-26,0,Deaths,0.0,0.0
31537,Mali,2020-02-27,0,Deaths,0.0,0.0
31538,Mali,2020-02-28,0,Deaths,0.0,0.0
31539,Mali,2020-02-29,0,Deaths,0.0,0.0
31540,Mali,2020-03-01,0,Deaths,0.0,0.0
31541,Mali,2020-03-02,0,Deaths,0.0,0.0
31542,Mali,2020-03-03,0,Deaths,0.0,0.0
31543,Mali,2020-03-04,0,Deaths,0.0,0.0
31544,Mali,2020-03-05,0,Deaths,0.0,0.0
31545,Mali,2020-03-06,0,Deaths,0.0,0.0
31546,Mali,2020-03-07,0,Deaths,0.0,0.0
31547,Mali,2020-03-08,0,Deaths,0.0,0.0
31548,Mali,2020-03-09,0,Deaths,0.0,0.0
31549,Mali,2020-03-10,0,Deaths,0.0,0.0
31550,Mali,2020-03-11,0,Deaths,0.0,0.0
31551,Mali,2020-03-12,0,Deaths,0.0,0.0
31552,Mali,2020-03-13,0,Deaths,0.0,0.0
31553,Mali,2020-03-14,0,Deaths,0.0,0.0
31554,Mali,2020-03-15,0,Deaths,0.0,0.0
31555,Mali,2020-03-16,0,Deaths,0.0,0.0
31556,Mali,2020-03-17,0,Deaths,0.0,0.0
31557,Mali,2020-03-18,0,Deaths,0.0,0.0
31558,Mali,2020-03-19,0,Deaths,0.0,0.0
31559,Mali,2020-03-20,0,Deaths,0.0,0.0
31560,Mali,2020-03-21,0,Deaths,0.0,0.0
31561,Mali,2020-03-22,0,Deaths,0.0,0.0
31562,Mali,2020-03-23,0,Deaths,0.0,0.0
31563,Mali,2020-03-24,0,Deaths,0.0,0.0
31564,Mali,2020-03-25,0,Deaths,0.0,0.0
31565,Mali,2020-03-26,0,Deaths,0.0,0.0
31566,Mali,2020-03-27,0,Deaths,0.0,0.0
31567,Mali,2020-03-28,0,Deaths,0.0,0.0
31568,Mali,2020-03-29,1,Deaths,1.0,1.0
31569,Mali,2020-03-30,2,Deaths,1.0,2.0
31570,Mali,2020-03-31,2,Deaths,0.0,2.0
31571,Mali,2020-04-01,3,Deaths,1.0,3.0
31572,Mali,2020-04-02,3,Deaths,0.0,3.0
31573,Mali,2020-04-03,3,Deaths,0.0,3.0
31574,Mali,2020-04-04,3,Deaths,0.0,3.0
31575,Mali,2020-04-05,5,Deaths,2.0,4.0
31576,Mali,2020-04-06,5,Deaths,0.0,3.0
31577,Mali,2020-04-07,5,Deaths,0.0,3.0
31578,Mali,2020-04-08,7,Deaths,2.0,4.0
31579,Mali,2020-04-09,7,Deaths,0.0,4.0
31580,Mali,2020-04-10,7,Deaths,0.0,4.0
31581,Mali,2020-04-11,7,Deaths,0.0,4.0
31582,Mali,2020-04-12,9,Deaths,2.0,4.0
31583,Mali,2020-04-13,10,Deaths,1.0,5.0
31584,Mali,2020-04-14,13,Deaths,3.0,8.0
31585,Mali,2020-04-15,13,Deaths,0.0,6.0
31586,Mali,2020-04-16,13,Deaths,0.0,6.0
31587,Mali,2020-04-17,13,Deaths,0.0,6.0
31588,Mali,2020-04-18,13,Deaths,0.0,6.0
31589,Mali,2020-04-19,14,Deaths,1.0,5.0
31590,Mali,2020-04-20,14,Deaths,0.0,4.0
31591,Mali,2020-04-21,14,Deaths,0.0,1.0
31592,Mali,2020-04-22,17,Deaths,3.0,4.0
31593,Mali,2020-04-23,21,Deaths,4.0,8.0
31594,Mali,2020-04-24,21,Deaths,0.0,8.0
31595,Mali,2020-04-25,21,Deaths,0.0,8.0
31596,Mali,2020-04-26,23,Deaths,2.0,9.0
31597,Mali,2020-04-27,23,Deaths,0.0,9.0
31598,Mali,2020-04-28,24,Deaths,1.0,10.0
31599,Mali,2020-04-29,25,Deaths,1.0,8.0
31600,Mali,2020-04-30,26,Deaths,1.0,5.0
31601,Mali,2020-05-01,26,Deaths,0.0,5.0
31602,Mali,2020-05-02,26,Deaths,0.0,5.0
31603,Mali,2020-05-03,27,Deaths,1.0,4.0
31604,Mali,2020-05-04,29,Deaths,2.0,6.0
31605,Mali,2020-05-05,32,Deaths,3.0,8.0
31606,Mali,2020-05-06,32,Deaths,0.0,7.0
31607,Mali,2020-05-07,32,Deaths,0.0,6.0
31608,Mali,2020-05-08,35,Deaths,3.0,9.0
31609,Mali,2020-05-09,37,Deaths,2.0,11.0
31610,Mali,2020-05-10,38,Deaths,1.0,11.0
31611,Mali,2020-05-11,39,Deaths,1.0,10.0
31612,Mali,2020-05-12,40,Deaths,1.0,8.0
31613,Mali,2020-05-13,44,Deaths,4.0,12.0
31614,Mali,2020-05-14,46,Deaths,2.0,14.0
31615,Mali,2020-05-15,46,Deaths,0.0,11.0
31616,Mali,2020-05-16,48,Deaths,2.0,11.0
31617,Mali,2020-05-17,52,Deaths,4.0,14.0
31618,Mali,2020-05-18,52,Deaths,0.0,13.0
31619,Mali,2020-05-19,53,Deaths,1.0,13.0
31620,Mali,2020-05-20,55,Deaths,2.0,11.0
31621,Mali,2020-05-21,60,Deaths,5.0,14.0
31622,Mali,2020-05-22,62,Deaths,2.0,16.0
31623,Mali,2020-05-23,63,Deaths,1.0,15.0
31624,Mali,2020-05-24,65,Deaths,2.0,13.0
31625,Mali,2020-05-25,67,Deaths,2.0,15.0
31626,Mali,2020-05-26,70,Deaths,3.0,17.0
31627,Mali,2020-05-27,70,Deaths,0.0,15.0
31628,Mali,2020-05-28,72,Deaths,2.0,12.0
31629,Mali,2020-05-29,73,Deaths,1.0,11.0
31630,Mali,2020-05-30,76,Deaths,3.0,13.0
31631,Mali,2020-05-31,77,Deaths,1.0,12.0
31632,Mali,2020-06-01,78,Deaths,1.0,11.0
31633,Mali,2020-06-02,78,Deaths,0.0,8.0
31634,Mali,2020-06-03,79,Deaths,1.0,9.0
31635,Mali,2020-06-04,85,Deaths,6.0,13.0
31636,Mali,2020-06-05,87,Deaths,2.0,14.0
31637,Mali,2020-06-06,90,Deaths,3.0,14.0
31638,Mali,2020-06-07,90,Deaths,0.0,13.0
31639,Mali,2020-06-08,92,Deaths,2.0,14.0
31640,Mali,2020-06-09,94,Deaths,2.0,16.0
31641,Mali,2020-06-10,96,Deaths,2.0,17.0
31642,Mali,2020-06-11,97,Deaths,1.0,12.0
31643,Mali,2020-06-12,101,Deaths,4.0,14.0
31644,Mali,2020-06-13,104,Deaths,3.0,14.0
31645,Mali,2020-06-14,104,Deaths,0.0,14.0
31646,Mali,2020-06-15,104,Deaths,0.0,12.0
31647,Mali,2020-06-16,104,Deaths,0.0,10.0
31648,Mali,2020-06-17,107,Deaths,3.0,11.0
31649,Mali,2020-06-18,107,Deaths,0.0,10.0
31650,Mali,2020-06-19,108,Deaths,1.0,7.0
31651,Mali,2020-06-20,109,Deaths,1.0,5.0
31652,Mali,2020-06-21,109,Deaths,0.0,5.0
31653,Mali,2020-06-22,111,Deaths,2.0,7.0
31654,Mali,2020-06-23,111,Deaths,0.0,7.0
31655,Mali,2020-06-24,112,Deaths,1.0,5.0
31656,Mali,2020-06-25,113,Deaths,1.0,6.0
31657,Mali,2020-06-26,113,Deaths,0.0,5.0
31658,Mali,2020-06-27,113,Deaths,0.0,4.0
31659,Mali,2020-06-28,114,Deaths,1.0,5.0
31660,Mali,2020-06-29,115,Deaths,1.0,4.0
31661,Mali,2020-06-30,116,Deaths,1.0,5.0
31662,Mali,2020-07-01,116,Deaths,0.0,4.0
31663,Mali,2020-07-02,117,Deaths,1.0,4.0
31664,Mali,2020-07-03,117,Deaths,0.0,4.0
31665,Mali,2020-07-04,118,Deaths,1.0,5.0
31666,Mali,2020-07-05,119,Deaths,1.0,5.0
31667,Mali,2020-07-06,119,Deaths,0.0,4.0
31668,Mali,2020-07-07,119,Deaths,0.0,3.0
31669,Mali,2020-07-08,120,Deaths,1.0,4.0
31670,Mali,2020-07-09,120,Deaths,0.0,3.0
31671,Mali,2020-07-10,121,Deaths,1.0,4.0
31672,Mali,2020-07-11,121,Deaths,0.0,3.0
31673,Mali,2020-07-12,121,Deaths,0.0,2.0
31674,Mali,2020-07-13,121,Deaths,0.0,2.0
31675,Mali,2020-07-14,121,Deaths,0.0,2.0
31676,Mali,2020-07-15,121,Deaths,0.0,1.0
31677,Mali,2020-07-16,121,Deaths,0.0,1.0
31678,Mali,2020-07-17,121,Deaths,0.0,0.0
31679,Mali,2020-07-18,121,Deaths,0.0,0.0
31680,Mali,2020-07-19,121,Deaths,0.0,0.0
31681,Mali,2020-07-20,121,Deaths,0.0,0.0
31682,Mali,2020-07-21,122,Deaths,1.0,1.0
31683,Mali,2020-07-22,123,Deaths,1.0,2.0
31684,Mali,2020-07-23,123,Deaths,0.0,2.0
31685,Mali,2020-07-24,123,Deaths,0.0,2.0
31686,Mali,2020-07-25,123,Deaths,0.0,2.0
31687,Mali,2020-07-26,123,Deaths,0.0,2.0
31688,Mali,2020-07-27,124,Deaths,1.0,3.0
31689,Mali,2020-07-28,124,Deaths,0.0,2.0
31690,Mali,2020-07-29,124,Deaths,0.0,1.0
31691,Mali,2020-07-30,124,Deaths,0.0,1.0
31692,Mali,2020-07-31,124,Deaths,0.0,1.0
31693,Mali,2020-08-01,124,Deaths,0.0,1.0
31694,Mali,2020-08-02,124,Deaths,0.0,1.0
31695,Mali,2020-08-03,124,Deaths,0.0,0.0
31696,Mali,2020-08-04,124,Deaths,0.0,0.0
31697,Mali,2020-08-05,124,Deaths,0.0,0.0
31698,Mali,2020-08-06,124,Deaths,0.0,0.0
31699,Mali,2020-08-07,125,Deaths,1.0,1.0
31700,Mali,2020-08-08,125,Deaths,0.0,1.0
31701,Mali,2020-08-09,125,Deaths,0.0,1.0
31702,Mali,2020-08-10,125,Deaths,0.0,1.0
31703,Mali,2020-08-11,125,Deaths,0.0,1.0
31704,Mali,2020-08-12,125,Deaths,0.0,1.0
31705,Mali,2020-08-13,125,Deaths,0.0,1.0
31706,Mali,2020-08-14,125,Deaths,0.0,0.0
31707,Mali,2020-08-15,125,Deaths,0.0,0.0
31708,Mali,2020-08-16,125,Deaths,0.0,0.0
31709,Mali,2020-08-17,125,Deaths,0.0,0.0
31710,Mali,2020-08-18,125,Deaths,0.0,0.0
31711,Mali,2020-08-19,125,Deaths,0.0,0.0
31712,Mali,2020-08-20,125,Deaths,0.0,0.0
31713,Mali,2020-08-21,125,Deaths,0.0,0.0
31714,Mali,2020-08-22,125,Deaths,0.0,0.0
31715,Mali,2020-08-23,125,Deaths,0.0,0.0
31716,Mali,2020-08-24,125,Deaths,0.0,0.0
31717,Mali,2020-08-25,125,Deaths,0.0,0.0
31718,Mali,2020-08-26,126,Deaths,1.0,1.0
31719,Mali,2020-08-27,126,Deaths,0.0,1.0
31720,Mali,2020-08-28,126,Deaths,0.0,1.0
31721,Mali,2020-08-29,126,Deaths,0.0,1.0
31722,Mali,2020-08-30,126,Deaths,0.0,1.0
31723,Mali,2020-08-31,126,Deaths,0.0,1.0
31724,Mali,2020-09-01,126,Deaths,0.0,1.0
31725,Mali,2020-09-02,126,Deaths,0.0,0.0
31726,Mali,2020-09-03,126,Deaths,0.0,0.0
31727,Mali,2020-09-04,126,Deaths,0.0,0.0
31728,Mali,2020-09-05,126,Deaths,0.0,0.0
31729,Mali,2020-09-06,127,Deaths,1.0,1.0
31730,Mali,2020-09-07,127,Deaths,0.0,1.0
31731,Mali,2020-09-08,127,Deaths,0.0,1.0
31732,Mali,2020-09-09,128,Deaths,1.0,2.0
31733,Mali,2020-09-10,128,Deaths,0.0,2.0
31734,Mali,2020-09-11,128,Deaths,0.0,2.0
31735,Mali,2020-09-12,128,Deaths,0.0,2.0
31736,Mali,2020-09-13,128,Deaths,0.0,1.0
31737,Mali,2020-09-14,128,Deaths,0.0,1.0
31738,Mali,2020-09-15,128,Deaths,0.0,1.0
31739,Mali,2020-09-16,128,Deaths,0.0,0.0
31740,Mali,2020-09-17,128,Deaths,0.0,0.0
31741,Mali,2020-09-18,128,Deaths,0.0,0.0
31742,Mali,2020-09-19,128,Deaths,0.0,0.0
31743,Mali,2020-09-20,128,Deaths,0.0,0.0
31744,Mali,2020-09-21,128,Deaths,0.0,0.0
31745,Mali,2020-09-22,129,Deaths,1.0,1.0
31746,Mali,2020-09-23,130,Deaths,1.0,2.0
31747,Mali,2020-09-24,130,Deaths,0.0,2.0
31748,Mali,2020-09-25,130,Deaths,0.0,2.0
31749,Mali,2020-09-26,130,Deaths,0.0,2.0
31750,Mali,2020-09-27,130,Deaths,0.0,2.0
31751,Mali,2020-09-28,130,Deaths,0.0,2.0
31752,Mali,2020-09-29,131,Deaths,1.0,2.0
31753,Mali,2020-09-30,131,Deaths,0.0,1.0
31754,Mali,2020-10-01,131,Deaths,0.0,1.0
31755,Mali,2020-10-02,131,Deaths,0.0,1.0
31756,Mali,2020-10-03,131,Deaths,0.0,1.0
31757,Mali,2020-10-04,131,Deaths,0.0,1.0
31758,Mali,2020-10-05,131,Deaths,0.0,1.0
31759,Mali,2020-10-06,131,Deaths,0.0,0.0
31760,Mali,2020-10-07,131,Deaths,0.0,0.0
31761,Mali,2020-10-08,131,Deaths,0.0,0.0
31762,Mali,2020-10-09,131,Deaths,0.0,0.0
31763,Mali,2020-10-10,132,Deaths,1.0,1.0
31764,Mali,2020-10-11,132,Deaths,0.0,1.0
31765,Mali,2020-10-12,132,Deaths,0.0,1.0
31766,Mali,2020-10-13,132,Deaths,0.0,1.0
31767,Mali,2020-10-14,132,Deaths,0.0,1.0
31768,Mali,2020-10-15,132,Deaths,0.0,1.0
31769,Mali,2020-10-16,132,Deaths,0.0,1.0
31770,Mali,2020-10-17,132,Deaths,0.0,0.0
31771,Mali,2020-10-18,132,Deaths,0.0,0.0
31772,Mali,2020-10-19,132,Deaths,0.0,0.0
31773,Mali,2020-10-20,132,Deaths,0.0,0.0
31774,Mali,2020-10-21,132,Deaths,0.0,0.0
31775,Mali,2020-10-22,132,Deaths,0.0,0.0
31776,Mali,2020-10-23,132,Deaths,0.0,0.0
31777,Mali,2020-10-24,132,Deaths,0.0,0.0
31778,Mali,2020-10-25,132,Deaths,0.0,0.0
31779,Mali,2020-10-26,133,Deaths,1.0,1.0
31780,Mali,2020-10-27,136,Deaths,3.0,4.0
31781,Mali,2020-10-28,136,Deaths,0.0,4.0
31782,Mali,2020-10-29,136,Deaths,0.0,4.0
31783,Mali,2020-10-30,136,Deaths,0.0,4.0
31784,Mali,2020-10-31,136,Deaths,0.0,4.0
31785,Mali,2020-11-01,136,Deaths,0.0,4.0
31786,Mali,2020-11-02,136,Deaths,0.0,3.0
31787,Mali,2020-11-03,136,Deaths,0.0,0.0
31788,Mali,2020-11-04,137,Deaths,1.0,1.0
31789,Mali,2020-11-05,137,Deaths,0.0,1.0
31790,Malta,2020-01-22,0,Deaths,,
31791,Malta,2020-01-23,0,Deaths,0.0,
31792,Malta,2020-01-24,0,Deaths,0.0,
31793,Malta,2020-01-25,0,Deaths,0.0,
31794,Malta,2020-01-26,0,Deaths,0.0,
31795,Malta,2020-01-27,0,Deaths,0.0,
31796,Malta,2020-01-28,0,Deaths,0.0,
31797,Malta,2020-01-29,0,Deaths,0.0,0.0
31798,Malta,2020-01-30,0,Deaths,0.0,0.0
31799,Malta,2020-01-31,0,Deaths,0.0,0.0
31800,Malta,2020-02-01,0,Deaths,0.0,0.0
31801,Malta,2020-02-02,0,Deaths,0.0,0.0
31802,Malta,2020-02-03,0,Deaths,0.0,0.0
31803,Malta,2020-02-04,0,Deaths,0.0,0.0
31804,Malta,2020-02-05,0,Deaths,0.0,0.0
31805,Malta,2020-02-06,0,Deaths,0.0,0.0
31806,Malta,2020-02-07,0,Deaths,0.0,0.0
31807,Malta,2020-02-08,0,Deaths,0.0,0.0
31808,Malta,2020-02-09,0,Deaths,0.0,0.0
31809,Malta,2020-02-10,0,Deaths,0.0,0.0
31810,Malta,2020-02-11,0,Deaths,0.0,0.0
31811,Malta,2020-02-12,0,Deaths,0.0,0.0
31812,Malta,2020-02-13,0,Deaths,0.0,0.0
31813,Malta,2020-02-14,0,Deaths,0.0,0.0
31814,Malta,2020-02-15,0,Deaths,0.0,0.0
31815,Malta,2020-02-16,0,Deaths,0.0,0.0
31816,Malta,2020-02-17,0,Deaths,0.0,0.0
31817,Malta,2020-02-18,0,Deaths,0.0,0.0
31818,Malta,2020-02-19,0,Deaths,0.0,0.0
31819,Malta,2020-02-20,0,Deaths,0.0,0.0
31820,Malta,2020-02-21,0,Deaths,0.0,0.0
31821,Malta,2020-02-22,0,Deaths,0.0,0.0
31822,Malta,2020-02-23,0,Deaths,0.0,0.0
31823,Malta,2020-02-24,0,Deaths,0.0,0.0
31824,Malta,2020-02-25,0,Deaths,0.0,0.0
31825,Malta,2020-02-26,0,Deaths,0.0,0.0
31826,Malta,2020-02-27,0,Deaths,0.0,0.0
31827,Malta,2020-02-28,0,Deaths,0.0,0.0
31828,Malta,2020-02-29,0,Deaths,0.0,0.0
31829,Malta,2020-03-01,0,Deaths,0.0,0.0
31830,Malta,2020-03-02,0,Deaths,0.0,0.0
31831,Malta,2020-03-03,0,Deaths,0.0,0.0
31832,Malta,2020-03-04,0,Deaths,0.0,0.0
31833,Malta,2020-03-05,0,Deaths,0.0,0.0
31834,Malta,2020-03-06,0,Deaths,0.0,0.0
31835,Malta,2020-03-07,0,Deaths,0.0,0.0
31836,Malta,2020-03-08,0,Deaths,0.0,0.0
31837,Malta,2020-03-09,0,Deaths,0.0,0.0
31838,Malta,2020-03-10,0,Deaths,0.0,0.0
31839,Malta,2020-03-11,0,Deaths,0.0,0.0
31840,Malta,2020-03-12,0,Deaths,0.0,0.0
31841,Malta,2020-03-13,0,Deaths,0.0,0.0
31842,Malta,2020-03-14,0,Deaths,0.0,0.0
31843,Malta,2020-03-15,0,Deaths,0.0,0.0
31844,Malta,2020-03-16,0,Deaths,0.0,0.0
31845,Malta,2020-03-17,0,Deaths,0.0,0.0
31846,Malta,2020-03-18,0,Deaths,0.0,0.0
31847,Malta,2020-03-19,0,Deaths,0.0,0.0
31848,Malta,2020-03-20,0,Deaths,0.0,0.0
31849,Malta,2020-03-21,0,Deaths,0.0,0.0
31850,Malta,2020-03-22,0,Deaths,0.0,0.0
31851,Malta,2020-03-23,0,Deaths,0.0,0.0
31852,Malta,2020-03-24,0,Deaths,0.0,0.0
31853,Malta,2020-03-25,0,Deaths,0.0,0.0
31854,Malta,2020-03-26,0,Deaths,0.0,0.0
31855,Malta,2020-03-27,0,Deaths,0.0,0.0
31856,Malta,2020-03-28,0,Deaths,0.0,0.0
31857,Malta,2020-03-29,0,Deaths,0.0,0.0
31858,Malta,2020-03-30,0,Deaths,0.0,0.0
31859,Malta,2020-03-31,0,Deaths,0.0,0.0
31860,Malta,2020-04-01,0,Deaths,0.0,0.0
31861,Malta,2020-04-02,0,Deaths,0.0,0.0
31862,Malta,2020-04-03,0,Deaths,0.0,0.0
31863,Malta,2020-04-04,0,Deaths,0.0,0.0
31864,Malta,2020-04-05,0,Deaths,0.0,0.0
31865,Malta,2020-04-06,0,Deaths,0.0,0.0
31866,Malta,2020-04-07,0,Deaths,0.0,0.0
31867,Malta,2020-04-08,1,Deaths,1.0,1.0
31868,Malta,2020-04-09,2,Deaths,1.0,2.0
31869,Malta,2020-04-10,2,Deaths,0.0,2.0
31870,Malta,2020-04-11,3,Deaths,1.0,3.0
31871,Malta,2020-04-12,3,Deaths,0.0,3.0
31872,Malta,2020-04-13,3,Deaths,0.0,3.0
31873,Malta,2020-04-14,3,Deaths,0.0,3.0
31874,Malta,2020-04-15,3,Deaths,0.0,2.0
31875,Malta,2020-04-16,3,Deaths,0.0,1.0
31876,Malta,2020-04-17,3,Deaths,0.0,1.0
31877,Malta,2020-04-18,3,Deaths,0.0,0.0
31878,Malta,2020-04-19,3,Deaths,0.0,0.0
31879,Malta,2020-04-20,3,Deaths,0.0,0.0
31880,Malta,2020-04-21,3,Deaths,0.0,0.0
31881,Malta,2020-04-22,3,Deaths,0.0,0.0
31882,Malta,2020-04-23,3,Deaths,0.0,0.0
31883,Malta,2020-04-24,3,Deaths,0.0,0.0
31884,Malta,2020-04-25,4,Deaths,1.0,1.0
31885,Malta,2020-04-26,4,Deaths,0.0,1.0
31886,Malta,2020-04-27,4,Deaths,0.0,1.0
31887,Malta,2020-04-28,4,Deaths,0.0,1.0
31888,Malta,2020-04-29,4,Deaths,0.0,1.0
31889,Malta,2020-04-30,4,Deaths,0.0,1.0
31890,Malta,2020-05-01,4,Deaths,0.0,1.0
31891,Malta,2020-05-02,4,Deaths,0.0,0.0
31892,Malta,2020-05-03,4,Deaths,0.0,0.0
31893,Malta,2020-05-04,4,Deaths,0.0,0.0
31894,Malta,2020-05-05,5,Deaths,1.0,1.0
31895,Malta,2020-05-06,5,Deaths,0.0,1.0
31896,Malta,2020-05-07,5,Deaths,0.0,1.0
31897,Malta,2020-05-08,5,Deaths,0.0,1.0
31898,Malta,2020-05-09,5,Deaths,0.0,1.0
31899,Malta,2020-05-10,5,Deaths,0.0,1.0
31900,Malta,2020-05-11,5,Deaths,0.0,1.0
31901,Malta,2020-05-12,5,Deaths,0.0,0.0
31902,Malta,2020-05-13,6,Deaths,1.0,1.0
31903,Malta,2020-05-14,6,Deaths,0.0,1.0
31904,Malta,2020-05-15,6,Deaths,0.0,1.0
31905,Malta,2020-05-16,6,Deaths,0.0,1.0
31906,Malta,2020-05-17,6,Deaths,0.0,1.0
31907,Malta,2020-05-18,6,Deaths,0.0,1.0
31908,Malta,2020-05-19,6,Deaths,0.0,1.0
31909,Malta,2020-05-20,6,Deaths,0.0,0.0
31910,Malta,2020-05-21,6,Deaths,0.0,0.0
31911,Malta,2020-05-22,6,Deaths,0.0,0.0
31912,Malta,2020-05-23,6,Deaths,0.0,0.0
31913,Malta,2020-05-24,6,Deaths,0.0,0.0
31914,Malta,2020-05-25,6,Deaths,0.0,0.0
31915,Malta,2020-05-26,6,Deaths,0.0,0.0
31916,Malta,2020-05-27,7,Deaths,1.0,1.0
31917,Malta,2020-05-28,7,Deaths,0.0,1.0
31918,Malta,2020-05-29,9,Deaths,2.0,3.0
31919,Malta,2020-05-30,9,Deaths,0.0,3.0
31920,Malta,2020-05-31,9,Deaths,0.0,3.0
31921,Malta,2020-06-01,9,Deaths,0.0,3.0
31922,Malta,2020-06-02,9,Deaths,0.0,3.0
31923,Malta,2020-06-03,9,Deaths,0.0,2.0
31924,Malta,2020-06-04,9,Deaths,0.0,2.0
31925,Malta,2020-06-05,9,Deaths,0.0,0.0
31926,Malta,2020-06-06,9,Deaths,0.0,0.0
31927,Malta,2020-06-07,9,Deaths,0.0,0.0
31928,Malta,2020-06-08,9,Deaths,0.0,0.0
31929,Malta,2020-06-09,9,Deaths,0.0,0.0
31930,Malta,2020-06-10,9,Deaths,0.0,0.0
31931,Malta,2020-06-11,9,Deaths,0.0,0.0
31932,Malta,2020-06-12,9,Deaths,0.0,0.0
31933,Malta,2020-06-13,9,Deaths,0.0,0.0
31934,Malta,2020-06-14,9,Deaths,0.0,0.0
31935,Malta,2020-06-15,9,Deaths,0.0,0.0
31936,Malta,2020-06-16,9,Deaths,0.0,0.0
31937,Malta,2020-06-17,9,Deaths,0.0,0.0
31938,Malta,2020-06-18,9,Deaths,0.0,0.0
31939,Malta,2020-06-19,9,Deaths,0.0,0.0
31940,Malta,2020-06-20,9,Deaths,0.0,0.0
31941,Malta,2020-06-21,9,Deaths,0.0,0.0
31942,Malta,2020-06-22,9,Deaths,0.0,0.0
31943,Malta,2020-06-23,9,Deaths,0.0,0.0
31944,Malta,2020-06-24,9,Deaths,0.0,0.0
31945,Malta,2020-06-25,9,Deaths,0.0,0.0
31946,Malta,2020-06-26,9,Deaths,0.0,0.0
31947,Malta,2020-06-27,9,Deaths,0.0,0.0
31948,Malta,2020-06-28,9,Deaths,0.0,0.0
31949,Malta,2020-06-29,9,Deaths,0.0,0.0
31950,Malta,2020-06-30,9,Deaths,0.0,0.0
31951,Malta,2020-07-01,9,Deaths,0.0,0.0
31952,Malta,2020-07-02,9,Deaths,0.0,0.0
31953,Malta,2020-07-03,9,Deaths,0.0,0.0
31954,Malta,2020-07-04,9,Deaths,0.0,0.0
31955,Malta,2020-07-05,9,Deaths,0.0,0.0
31956,Malta,2020-07-06,9,Deaths,0.0,0.0
31957,Malta,2020-07-07,9,Deaths,0.0,0.0
31958,Malta,2020-07-08,9,Deaths,0.0,0.0
31959,Malta,2020-07-09,9,Deaths,0.0,0.0
31960,Malta,2020-07-10,9,Deaths,0.0,0.0
31961,Malta,2020-07-11,9,Deaths,0.0,0.0
31962,Malta,2020-07-12,9,Deaths,0.0,0.0
31963,Malta,2020-07-13,9,Deaths,0.0,0.0
31964,Malta,2020-07-14,9,Deaths,0.0,0.0
31965,Malta,2020-07-15,9,Deaths,0.0,0.0
31966,Malta,2020-07-16,9,Deaths,0.0,0.0
31967,Malta,2020-07-17,9,Deaths,0.0,0.0
31968,Malta,2020-07-18,9,Deaths,0.0,0.0
31969,Malta,2020-07-19,9,Deaths,0.0,0.0
31970,Malta,2020-07-20,9,Deaths,0.0,0.0
31971,Malta,2020-07-21,9,Deaths,0.0,0.0
31972,Malta,2020-07-22,9,Deaths,0.0,0.0
31973,Malta,2020-07-23,9,Deaths,0.0,0.0
31974,Malta,2020-07-24,9,Deaths,0.0,0.0
31975,Malta,2020-07-25,9,Deaths,0.0,0.0
31976,Malta,2020-07-26,9,Deaths,0.0,0.0
31977,Malta,2020-07-27,9,Deaths,0.0,0.0
31978,Malta,2020-07-28,9,Deaths,0.0,0.0
31979,Malta,2020-07-29,9,Deaths,0.0,0.0
31980,Malta,2020-07-30,9,Deaths,0.0,0.0
31981,Malta,2020-07-31,9,Deaths,0.0,0.0
31982,Malta,2020-08-01,9,Deaths,0.0,0.0
31983,Malta,2020-08-02,9,Deaths,0.0,0.0
31984,Malta,2020-08-03,9,Deaths,0.0,0.0
31985,Malta,2020-08-04,9,Deaths,0.0,0.0
31986,Malta,2020-08-05,9,Deaths,0.0,0.0
31987,Malta,2020-08-06,9,Deaths,0.0,0.0
31988,Malta,2020-08-07,9,Deaths,0.0,0.0
31989,Malta,2020-08-08,9,Deaths,0.0,0.0
31990,Malta,2020-08-09,9,Deaths,0.0,0.0
31991,Malta,2020-08-10,9,Deaths,0.0,0.0
31992,Malta,2020-08-11,9,Deaths,0.0,0.0
31993,Malta,2020-08-12,9,Deaths,0.0,0.0
31994,Malta,2020-08-13,9,Deaths,0.0,0.0
31995,Malta,2020-08-14,9,Deaths,0.0,0.0
31996,Malta,2020-08-15,9,Deaths,0.0,0.0
31997,Malta,2020-08-16,9,Deaths,0.0,0.0
31998,Malta,2020-08-17,9,Deaths,0.0,0.0
31999,Malta,2020-08-18,9,Deaths,0.0,0.0
32000,Malta,2020-08-19,9,Deaths,0.0,0.0
32001,Malta,2020-08-20,9,Deaths,0.0,0.0
32002,Malta,2020-08-21,10,Deaths,1.0,1.0
32003,Malta,2020-08-22,10,Deaths,0.0,1.0
32004,Malta,2020-08-23,10,Deaths,0.0,1.0
32005,Malta,2020-08-24,10,Deaths,0.0,1.0
32006,Malta,2020-08-25,10,Deaths,0.0,1.0
32007,Malta,2020-08-26,10,Deaths,0.0,1.0
32008,Malta,2020-08-27,10,Deaths,0.0,1.0
32009,Malta,2020-08-28,10,Deaths,0.0,0.0
32010,Malta,2020-08-29,10,Deaths,0.0,0.0
32011,Malta,2020-08-30,12,Deaths,2.0,2.0
32012,Malta,2020-08-31,12,Deaths,0.0,2.0
32013,Malta,2020-09-01,12,Deaths,0.0,2.0
32014,Malta,2020-09-02,13,Deaths,1.0,3.0
32015,Malta,2020-09-03,13,Deaths,0.0,3.0
32016,Malta,2020-09-04,13,Deaths,0.0,3.0
32017,Malta,2020-09-05,14,Deaths,1.0,4.0
32018,Malta,2020-09-06,14,Deaths,0.0,2.0
32019,Malta,2020-09-07,14,Deaths,0.0,2.0
32020,Malta,2020-09-08,14,Deaths,0.0,2.0
32021,Malta,2020-09-09,14,Deaths,0.0,1.0
32022,Malta,2020-09-10,14,Deaths,0.0,1.0
32023,Malta,2020-09-11,15,Deaths,1.0,2.0
32024,Malta,2020-09-12,15,Deaths,0.0,1.0
32025,Malta,2020-09-13,15,Deaths,0.0,1.0
32026,Malta,2020-09-14,16,Deaths,1.0,2.0
32027,Malta,2020-09-15,16,Deaths,0.0,2.0
32028,Malta,2020-09-16,16,Deaths,0.0,2.0
32029,Malta,2020-09-17,16,Deaths,0.0,2.0
32030,Malta,2020-09-18,17,Deaths,1.0,2.0
32031,Malta,2020-09-19,19,Deaths,2.0,4.0
32032,Malta,2020-09-20,20,Deaths,1.0,5.0
32033,Malta,2020-09-21,23,Deaths,3.0,7.0
32034,Malta,2020-09-22,23,Deaths,0.0,7.0
32035,Malta,2020-09-23,25,Deaths,2.0,9.0
32036,Malta,2020-09-24,27,Deaths,2.0,11.0
32037,Malta,2020-09-25,29,Deaths,2.0,12.0
32038,Malta,2020-09-26,31,Deaths,2.0,12.0
32039,Malta,2020-09-27,31,Deaths,0.0,11.0
32040,Malta,2020-09-28,32,Deaths,1.0,9.0
32041,Malta,2020-09-29,34,Deaths,2.0,11.0
32042,Malta,2020-09-30,35,Deaths,1.0,10.0
32043,Malta,2020-10-01,35,Deaths,0.0,8.0
32044,Malta,2020-10-02,37,Deaths,2.0,8.0
32045,Malta,2020-10-03,38,Deaths,1.0,7.0
32046,Malta,2020-10-04,39,Deaths,1.0,8.0
32047,Malta,2020-10-05,39,Deaths,0.0,7.0
32048,Malta,2020-10-06,40,Deaths,1.0,6.0
32049,Malta,2020-10-07,41,Deaths,1.0,6.0
32050,Malta,2020-10-08,41,Deaths,0.0,6.0
32051,Malta,2020-10-09,41,Deaths,0.0,4.0
32052,Malta,2020-10-10,41,Deaths,0.0,3.0
32053,Malta,2020-10-11,41,Deaths,0.0,2.0
32054,Malta,2020-10-12,43,Deaths,2.0,4.0
32055,Malta,2020-10-13,44,Deaths,1.0,4.0
32056,Malta,2020-10-14,44,Deaths,0.0,3.0
32057,Malta,2020-10-15,45,Deaths,1.0,4.0
32058,Malta,2020-10-16,45,Deaths,0.0,4.0
32059,Malta,2020-10-17,45,Deaths,0.0,4.0
32060,Malta,2020-10-18,45,Deaths,0.0,4.0
32061,Malta,2020-10-19,45,Deaths,0.0,2.0
32062,Malta,2020-10-20,46,Deaths,1.0,2.0
32063,Malta,2020-10-21,46,Deaths,0.0,2.0
32064,Malta,2020-10-22,49,Deaths,3.0,4.0
32065,Malta,2020-10-23,49,Deaths,0.0,4.0
32066,Malta,2020-10-24,50,Deaths,1.0,5.0
32067,Malta,2020-10-25,51,Deaths,1.0,6.0
32068,Malta,2020-10-26,53,Deaths,2.0,8.0
32069,Malta,2020-10-27,55,Deaths,2.0,9.0
32070,Malta,2020-10-28,56,Deaths,1.0,10.0
32071,Malta,2020-10-29,59,Deaths,3.0,10.0
32072,Malta,2020-10-30,61,Deaths,2.0,12.0
32073,Malta,2020-10-31,62,Deaths,1.0,12.0
32074,Malta,2020-11-01,64,Deaths,2.0,13.0
32075,Malta,2020-11-02,66,Deaths,2.0,13.0
32076,Malta,2020-11-03,64,Deaths,-2.0,9.0
32077,Malta,2020-11-04,65,Deaths,1.0,9.0
32078,Malta,2020-11-05,70,Deaths,5.0,11.0
32079,Marshall Islands,2020-01-22,0,Deaths,,
32080,Marshall Islands,2020-01-23,0,Deaths,0.0,
32081,Marshall Islands,2020-01-24,0,Deaths,0.0,
32082,Marshall Islands,2020-01-25,0,Deaths,0.0,
32083,Marshall Islands,2020-01-26,0,Deaths,0.0,
32084,Marshall Islands,2020-01-27,0,Deaths,0.0,
32085,Marshall Islands,2020-01-28,0,Deaths,0.0,
32086,Marshall Islands,2020-01-29,0,Deaths,0.0,0.0
32087,Marshall Islands,2020-01-30,0,Deaths,0.0,0.0
32088,Marshall Islands,2020-01-31,0,Deaths,0.0,0.0
32089,Marshall Islands,2020-02-01,0,Deaths,0.0,0.0
32090,Marshall Islands,2020-02-02,0,Deaths,0.0,0.0
32091,Marshall Islands,2020-02-03,0,Deaths,0.0,0.0
32092,Marshall Islands,2020-02-04,0,Deaths,0.0,0.0
32093,Marshall Islands,2020-02-05,0,Deaths,0.0,0.0
32094,Marshall Islands,2020-02-06,0,Deaths,0.0,0.0
32095,Marshall Islands,2020-02-07,0,Deaths,0.0,0.0
32096,Marshall Islands,2020-02-08,0,Deaths,0.0,0.0
32097,Marshall Islands,2020-02-09,0,Deaths,0.0,0.0
32098,Marshall Islands,2020-02-10,0,Deaths,0.0,0.0
32099,Marshall Islands,2020-02-11,0,Deaths,0.0,0.0
32100,Marshall Islands,2020-02-12,0,Deaths,0.0,0.0
32101,Marshall Islands,2020-02-13,0,Deaths,0.0,0.0
32102,Marshall Islands,2020-02-14,0,Deaths,0.0,0.0
32103,Marshall Islands,2020-02-15,0,Deaths,0.0,0.0
32104,Marshall Islands,2020-02-16,0,Deaths,0.0,0.0
32105,Marshall Islands,2020-02-17,0,Deaths,0.0,0.0
32106,Marshall Islands,2020-02-18,0,Deaths,0.0,0.0
32107,Marshall Islands,2020-02-19,0,Deaths,0.0,0.0
32108,Marshall Islands,2020-02-20,0,Deaths,0.0,0.0
32109,Marshall Islands,2020-02-21,0,Deaths,0.0,0.0
32110,Marshall Islands,2020-02-22,0,Deaths,0.0,0.0
32111,Marshall Islands,2020-02-23,0,Deaths,0.0,0.0
32112,Marshall Islands,2020-02-24,0,Deaths,0.0,0.0
32113,Marshall Islands,2020-02-25,0,Deaths,0.0,0.0
32114,Marshall Islands,2020-02-26,0,Deaths,0.0,0.0
32115,Marshall Islands,2020-02-27,0,Deaths,0.0,0.0
32116,Marshall Islands,2020-02-28,0,Deaths,0.0,0.0
32117,Marshall Islands,2020-02-29,0,Deaths,0.0,0.0
32118,Marshall Islands,2020-03-01,0,Deaths,0.0,0.0
32119,Marshall Islands,2020-03-02,0,Deaths,0.0,0.0
32120,Marshall Islands,2020-03-03,0,Deaths,0.0,0.0
32121,Marshall Islands,2020-03-04,0,Deaths,0.0,0.0
32122,Marshall Islands,2020-03-05,0,Deaths,0.0,0.0
32123,Marshall Islands,2020-03-06,0,Deaths,0.0,0.0
32124,Marshall Islands,2020-03-07,0,Deaths,0.0,0.0
32125,Marshall Islands,2020-03-08,0,Deaths,0.0,0.0
32126,Marshall Islands,2020-03-09,0,Deaths,0.0,0.0
32127,Marshall Islands,2020-03-10,0,Deaths,0.0,0.0
32128,Marshall Islands,2020-03-11,0,Deaths,0.0,0.0
32129,Marshall Islands,2020-03-12,0,Deaths,0.0,0.0
32130,Marshall Islands,2020-03-13,0,Deaths,0.0,0.0
32131,Marshall Islands,2020-03-14,0,Deaths,0.0,0.0
32132,Marshall Islands,2020-03-15,0,Deaths,0.0,0.0
32133,Marshall Islands,2020-03-16,0,Deaths,0.0,0.0
32134,Marshall Islands,2020-03-17,0,Deaths,0.0,0.0
32135,Marshall Islands,2020-03-18,0,Deaths,0.0,0.0
32136,Marshall Islands,2020-03-19,0,Deaths,0.0,0.0
32137,Marshall Islands,2020-03-20,0,Deaths,0.0,0.0
32138,Marshall Islands,2020-03-21,0,Deaths,0.0,0.0
32139,Marshall Islands,2020-03-22,0,Deaths,0.0,0.0
32140,Marshall Islands,2020-03-23,0,Deaths,0.0,0.0
32141,Marshall Islands,2020-03-24,0,Deaths,0.0,0.0
32142,Marshall Islands,2020-03-25,0,Deaths,0.0,0.0
32143,Marshall Islands,2020-03-26,0,Deaths,0.0,0.0
32144,Marshall Islands,2020-03-27,0,Deaths,0.0,0.0
32145,Marshall Islands,2020-03-28,0,Deaths,0.0,0.0
32146,Marshall Islands,2020-03-29,0,Deaths,0.0,0.0
32147,Marshall Islands,2020-03-30,0,Deaths,0.0,0.0
32148,Marshall Islands,2020-03-31,0,Deaths,0.0,0.0
32149,Marshall Islands,2020-04-01,0,Deaths,0.0,0.0
32150,Marshall Islands,2020-04-02,0,Deaths,0.0,0.0
32151,Marshall Islands,2020-04-03,0,Deaths,0.0,0.0
32152,Marshall Islands,2020-04-04,0,Deaths,0.0,0.0
32153,Marshall Islands,2020-04-05,0,Deaths,0.0,0.0
32154,Marshall Islands,2020-04-06,0,Deaths,0.0,0.0
32155,Marshall Islands,2020-04-07,0,Deaths,0.0,0.0
32156,Marshall Islands,2020-04-08,0,Deaths,0.0,0.0
32157,Marshall Islands,2020-04-09,0,Deaths,0.0,0.0
32158,Marshall Islands,2020-04-10,0,Deaths,0.0,0.0
32159,Marshall Islands,2020-04-11,0,Deaths,0.0,0.0
32160,Marshall Islands,2020-04-12,0,Deaths,0.0,0.0
32161,Marshall Islands,2020-04-13,0,Deaths,0.0,0.0
32162,Marshall Islands,2020-04-14,0,Deaths,0.0,0.0
32163,Marshall Islands,2020-04-15,0,Deaths,0.0,0.0
32164,Marshall Islands,2020-04-16,0,Deaths,0.0,0.0
32165,Marshall Islands,2020-04-17,0,Deaths,0.0,0.0
32166,Marshall Islands,2020-04-18,0,Deaths,0.0,0.0
32167,Marshall Islands,2020-04-19,0,Deaths,0.0,0.0
32168,Marshall Islands,2020-04-20,0,Deaths,0.0,0.0
32169,Marshall Islands,2020-04-21,0,Deaths,0.0,0.0
32170,Marshall Islands,2020-04-22,0,Deaths,0.0,0.0
32171,Marshall Islands,2020-04-23,0,Deaths,0.0,0.0
32172,Marshall Islands,2020-04-24,0,Deaths,0.0,0.0
32173,Marshall Islands,2020-04-25,0,Deaths,0.0,0.0
32174,Marshall Islands,2020-04-26,0,Deaths,0.0,0.0
32175,Marshall Islands,2020-04-27,0,Deaths,0.0,0.0
32176,Marshall Islands,2020-04-28,0,Deaths,0.0,0.0
32177,Marshall Islands,2020-04-29,0,Deaths,0.0,0.0
32178,Marshall Islands,2020-04-30,0,Deaths,0.0,0.0
32179,Marshall Islands,2020-05-01,0,Deaths,0.0,0.0
32180,Marshall Islands,2020-05-02,0,Deaths,0.0,0.0
32181,Marshall Islands,2020-05-03,0,Deaths,0.0,0.0
32182,Marshall Islands,2020-05-04,0,Deaths,0.0,0.0
32183,Marshall Islands,2020-05-05,0,Deaths,0.0,0.0
32184,Marshall Islands,2020-05-06,0,Deaths,0.0,0.0
32185,Marshall Islands,2020-05-07,0,Deaths,0.0,0.0
32186,Marshall Islands,2020-05-08,0,Deaths,0.0,0.0
32187,Marshall Islands,2020-05-09,0,Deaths,0.0,0.0
32188,Marshall Islands,2020-05-10,0,Deaths,0.0,0.0
32189,Marshall Islands,2020-05-11,0,Deaths,0.0,0.0
32190,Marshall Islands,2020-05-12,0,Deaths,0.0,0.0
32191,Marshall Islands,2020-05-13,0,Deaths,0.0,0.0
32192,Marshall Islands,2020-05-14,0,Deaths,0.0,0.0
32193,Marshall Islands,2020-05-15,0,Deaths,0.0,0.0
32194,Marshall Islands,2020-05-16,0,Deaths,0.0,0.0
32195,Marshall Islands,2020-05-17,0,Deaths,0.0,0.0
32196,Marshall Islands,2020-05-18,0,Deaths,0.0,0.0
32197,Marshall Islands,2020-05-19,0,Deaths,0.0,0.0
32198,Marshall Islands,2020-05-20,0,Deaths,0.0,0.0
32199,Marshall Islands,2020-05-21,0,Deaths,0.0,0.0
32200,Marshall Islands,2020-05-22,0,Deaths,0.0,0.0
32201,Marshall Islands,2020-05-23,0,Deaths,0.0,0.0
32202,Marshall Islands,2020-05-24,0,Deaths,0.0,0.0
32203,Marshall Islands,2020-05-25,0,Deaths,0.0,0.0
32204,Marshall Islands,2020-05-26,0,Deaths,0.0,0.0
32205,Marshall Islands,2020-05-27,0,Deaths,0.0,0.0
32206,Marshall Islands,2020-05-28,0,Deaths,0.0,0.0
32207,Marshall Islands,2020-05-29,0,Deaths,0.0,0.0
32208,Marshall Islands,2020-05-30,0,Deaths,0.0,0.0
32209,Marshall Islands,2020-05-31,0,Deaths,0.0,0.0
32210,Marshall Islands,2020-06-01,0,Deaths,0.0,0.0
32211,Marshall Islands,2020-06-02,0,Deaths,0.0,0.0
32212,Marshall Islands,2020-06-03,0,Deaths,0.0,0.0
32213,Marshall Islands,2020-06-04,0,Deaths,0.0,0.0
32214,Marshall Islands,2020-06-05,0,Deaths,0.0,0.0
32215,Marshall Islands,2020-06-06,0,Deaths,0.0,0.0
32216,Marshall Islands,2020-06-07,0,Deaths,0.0,0.0
32217,Marshall Islands,2020-06-08,0,Deaths,0.0,0.0
32218,Marshall Islands,2020-06-09,0,Deaths,0.0,0.0
32219,Marshall Islands,2020-06-10,0,Deaths,0.0,0.0
32220,Marshall Islands,2020-06-11,0,Deaths,0.0,0.0
32221,Marshall Islands,2020-06-12,0,Deaths,0.0,0.0
32222,Marshall Islands,2020-06-13,0,Deaths,0.0,0.0
32223,Marshall Islands,2020-06-14,0,Deaths,0.0,0.0
32224,Marshall Islands,2020-06-15,0,Deaths,0.0,0.0
32225,Marshall Islands,2020-06-16,0,Deaths,0.0,0.0
32226,Marshall Islands,2020-06-17,0,Deaths,0.0,0.0
32227,Marshall Islands,2020-06-18,0,Deaths,0.0,0.0
32228,Marshall Islands,2020-06-19,0,Deaths,0.0,0.0
32229,Marshall Islands,2020-06-20,0,Deaths,0.0,0.0
32230,Marshall Islands,2020-06-21,0,Deaths,0.0,0.0
32231,Marshall Islands,2020-06-22,0,Deaths,0.0,0.0
32232,Marshall Islands,2020-06-23,0,Deaths,0.0,0.0
32233,Marshall Islands,2020-06-24,0,Deaths,0.0,0.0
32234,Marshall Islands,2020-06-25,0,Deaths,0.0,0.0
32235,Marshall Islands,2020-06-26,0,Deaths,0.0,0.0
32236,Marshall Islands,2020-06-27,0,Deaths,0.0,0.0
32237,Marshall Islands,2020-06-28,0,Deaths,0.0,0.0
32238,Marshall Islands,2020-06-29,0,Deaths,0.0,0.0
32239,Marshall Islands,2020-06-30,0,Deaths,0.0,0.0
32240,Marshall Islands,2020-07-01,0,Deaths,0.0,0.0
32241,Marshall Islands,2020-07-02,0,Deaths,0.0,0.0
32242,Marshall Islands,2020-07-03,0,Deaths,0.0,0.0
32243,Marshall Islands,2020-07-04,0,Deaths,0.0,0.0
32244,Marshall Islands,2020-07-05,0,Deaths,0.0,0.0
32245,Marshall Islands,2020-07-06,0,Deaths,0.0,0.0
32246,Marshall Islands,2020-07-07,0,Deaths,0.0,0.0
32247,Marshall Islands,2020-07-08,0,Deaths,0.0,0.0
32248,Marshall Islands,2020-07-09,0,Deaths,0.0,0.0
32249,Marshall Islands,2020-07-10,0,Deaths,0.0,0.0
32250,Marshall Islands,2020-07-11,0,Deaths,0.0,0.0
32251,Marshall Islands,2020-07-12,0,Deaths,0.0,0.0
32252,Marshall Islands,2020-07-13,0,Deaths,0.0,0.0
32253,Marshall Islands,2020-07-14,0,Deaths,0.0,0.0
32254,Marshall Islands,2020-07-15,0,Deaths,0.0,0.0
32255,Marshall Islands,2020-07-16,0,Deaths,0.0,0.0
32256,Marshall Islands,2020-07-17,0,Deaths,0.0,0.0
32257,Marshall Islands,2020-07-18,0,Deaths,0.0,0.0
32258,Marshall Islands,2020-07-19,0,Deaths,0.0,0.0
32259,Marshall Islands,2020-07-20,0,Deaths,0.0,0.0
32260,Marshall Islands,2020-07-21,0,Deaths,0.0,0.0
32261,Marshall Islands,2020-07-22,0,Deaths,0.0,0.0
32262,Marshall Islands,2020-07-23,0,Deaths,0.0,0.0
32263,Marshall Islands,2020-07-24,0,Deaths,0.0,0.0
32264,Marshall Islands,2020-07-25,0,Deaths,0.0,0.0
32265,Marshall Islands,2020-07-26,0,Deaths,0.0,0.0
32266,Marshall Islands,2020-07-27,0,Deaths,0.0,0.0
32267,Marshall Islands,2020-07-28,0,Deaths,0.0,0.0
32268,Marshall Islands,2020-07-29,0,Deaths,0.0,0.0
32269,Marshall Islands,2020-07-30,0,Deaths,0.0,0.0
32270,Marshall Islands,2020-07-31,0,Deaths,0.0,0.0
32271,Marshall Islands,2020-08-01,0,Deaths,0.0,0.0
32272,Marshall Islands,2020-08-02,0,Deaths,0.0,0.0
32273,Marshall Islands,2020-08-03,0,Deaths,0.0,0.0
32274,Marshall Islands,2020-08-04,0,Deaths,0.0,0.0
32275,Marshall Islands,2020-08-05,0,Deaths,0.0,0.0
32276,Marshall Islands,2020-08-06,0,Deaths,0.0,0.0
32277,Marshall Islands,2020-08-07,0,Deaths,0.0,0.0
32278,Marshall Islands,2020-08-08,0,Deaths,0.0,0.0
32279,Marshall Islands,2020-08-09,0,Deaths,0.0,0.0
32280,Marshall Islands,2020-08-10,0,Deaths,0.0,0.0
32281,Marshall Islands,2020-08-11,0,Deaths,0.0,0.0
32282,Marshall Islands,2020-08-12,0,Deaths,0.0,0.0
32283,Marshall Islands,2020-08-13,0,Deaths,0.0,0.0
32284,Marshall Islands,2020-08-14,0,Deaths,0.0,0.0
32285,Marshall Islands,2020-08-15,0,Deaths,0.0,0.0
32286,Marshall Islands,2020-08-16,0,Deaths,0.0,0.0
32287,Marshall Islands,2020-08-17,0,Deaths,0.0,0.0
32288,Marshall Islands,2020-08-18,0,Deaths,0.0,0.0
32289,Marshall Islands,2020-08-19,0,Deaths,0.0,0.0
32290,Marshall Islands,2020-08-20,0,Deaths,0.0,0.0
32291,Marshall Islands,2020-08-21,0,Deaths,0.0,0.0
32292,Marshall Islands,2020-08-22,0,Deaths,0.0,0.0
32293,Marshall Islands,2020-08-23,0,Deaths,0.0,0.0
32294,Marshall Islands,2020-08-24,0,Deaths,0.0,0.0
32295,Marshall Islands,2020-08-25,0,Deaths,0.0,0.0
32296,Marshall Islands,2020-08-26,0,Deaths,0.0,0.0
32297,Marshall Islands,2020-08-27,0,Deaths,0.0,0.0
32298,Marshall Islands,2020-08-28,0,Deaths,0.0,0.0
32299,Marshall Islands,2020-08-29,0,Deaths,0.0,0.0
32300,Marshall Islands,2020-08-30,0,Deaths,0.0,0.0
32301,Marshall Islands,2020-08-31,0,Deaths,0.0,0.0
32302,Marshall Islands,2020-09-01,0,Deaths,0.0,0.0
32303,Marshall Islands,2020-09-02,0,Deaths,0.0,0.0
32304,Marshall Islands,2020-09-03,0,Deaths,0.0,0.0
32305,Marshall Islands,2020-09-04,0,Deaths,0.0,0.0
32306,Marshall Islands,2020-09-05,0,Deaths,0.0,0.0
32307,Marshall Islands,2020-09-06,0,Deaths,0.0,0.0
32308,Marshall Islands,2020-09-07,0,Deaths,0.0,0.0
32309,Marshall Islands,2020-09-08,0,Deaths,0.0,0.0
32310,Marshall Islands,2020-09-09,0,Deaths,0.0,0.0
32311,Marshall Islands,2020-09-10,0,Deaths,0.0,0.0
32312,Marshall Islands,2020-09-11,0,Deaths,0.0,0.0
32313,Marshall Islands,2020-09-12,0,Deaths,0.0,0.0
32314,Marshall Islands,2020-09-13,0,Deaths,0.0,0.0
32315,Marshall Islands,2020-09-14,0,Deaths,0.0,0.0
32316,Marshall Islands,2020-09-15,0,Deaths,0.0,0.0
32317,Marshall Islands,2020-09-16,0,Deaths,0.0,0.0
32318,Marshall Islands,2020-09-17,0,Deaths,0.0,0.0
32319,Marshall Islands,2020-09-18,0,Deaths,0.0,0.0
32320,Marshall Islands,2020-09-19,0,Deaths,0.0,0.0
32321,Marshall Islands,2020-09-20,0,Deaths,0.0,0.0
32322,Marshall Islands,2020-09-21,0,Deaths,0.0,0.0
32323,Marshall Islands,2020-09-22,0,Deaths,0.0,0.0
32324,Marshall Islands,2020-09-23,0,Deaths,0.0,0.0
32325,Marshall Islands,2020-09-24,0,Deaths,0.0,0.0
32326,Marshall Islands,2020-09-25,0,Deaths,0.0,0.0
32327,Marshall Islands,2020-09-26,0,Deaths,0.0,0.0
32328,Marshall Islands,2020-09-27,0,Deaths,0.0,0.0
32329,Marshall Islands,2020-09-28,0,Deaths,0.0,0.0
32330,Marshall Islands,2020-09-29,0,Deaths,0.0,0.0
32331,Marshall Islands,2020-09-30,0,Deaths,0.0,0.0
32332,Marshall Islands,2020-10-01,0,Deaths,0.0,0.0
32333,Marshall Islands,2020-10-02,0,Deaths,0.0,0.0
32334,Marshall Islands,2020-10-03,0,Deaths,0.0,0.0
32335,Marshall Islands,2020-10-04,0,Deaths,0.0,0.0
32336,Marshall Islands,2020-10-05,0,Deaths,0.0,0.0
32337,Marshall Islands,2020-10-06,0,Deaths,0.0,0.0
32338,Marshall Islands,2020-10-07,0,Deaths,0.0,0.0
32339,Marshall Islands,2020-10-08,0,Deaths,0.0,0.0
32340,Marshall Islands,2020-10-09,0,Deaths,0.0,0.0
32341,Marshall Islands,2020-10-10,0,Deaths,0.0,0.0
32342,Marshall Islands,2020-10-11,0,Deaths,0.0,0.0
32343,Marshall Islands,2020-10-12,0,Deaths,0.0,0.0
32344,Marshall Islands,2020-10-13,0,Deaths,0.0,0.0
32345,Marshall Islands,2020-10-14,0,Deaths,0.0,0.0
32346,Marshall Islands,2020-10-15,0,Deaths,0.0,0.0
32347,Marshall Islands,2020-10-16,0,Deaths,0.0,0.0
32348,Marshall Islands,2020-10-17,0,Deaths,0.0,0.0
32349,Marshall Islands,2020-10-18,0,Deaths,0.0,0.0
32350,Marshall Islands,2020-10-19,0,Deaths,0.0,0.0
32351,Marshall Islands,2020-10-20,0,Deaths,0.0,0.0
32352,Marshall Islands,2020-10-21,0,Deaths,0.0,0.0
32353,Marshall Islands,2020-10-22,0,Deaths,0.0,0.0
32354,Marshall Islands,2020-10-23,0,Deaths,0.0,0.0
32355,Marshall Islands,2020-10-24,0,Deaths,0.0,0.0
32356,Marshall Islands,2020-10-25,0,Deaths,0.0,0.0
32357,Marshall Islands,2020-10-26,0,Deaths,0.0,0.0
32358,Marshall Islands,2020-10-27,0,Deaths,0.0,0.0
32359,Marshall Islands,2020-10-28,0,Deaths,0.0,0.0
32360,Marshall Islands,2020-10-29,0,Deaths,0.0,0.0
32361,Marshall Islands,2020-10-30,0,Deaths,0.0,0.0
32362,Marshall Islands,2020-10-31,0,Deaths,0.0,0.0
32363,Marshall Islands,2020-11-01,0,Deaths,0.0,0.0
32364,Marshall Islands,2020-11-02,0,Deaths,0.0,0.0
32365,Marshall Islands,2020-11-03,0,Deaths,0.0,0.0
32366,Marshall Islands,2020-11-04,0,Deaths,0.0,0.0
32367,Marshall Islands,2020-11-05,0,Deaths,0.0,0.0
32368,Mauritania,2020-01-22,0,Deaths,,
32369,Mauritania,2020-01-23,0,Deaths,0.0,
32370,Mauritania,2020-01-24,0,Deaths,0.0,
32371,Mauritania,2020-01-25,0,Deaths,0.0,
32372,Mauritania,2020-01-26,0,Deaths,0.0,
32373,Mauritania,2020-01-27,0,Deaths,0.0,
32374,Mauritania,2020-01-28,0,Deaths,0.0,
32375,Mauritania,2020-01-29,0,Deaths,0.0,0.0
32376,Mauritania,2020-01-30,0,Deaths,0.0,0.0
32377,Mauritania,2020-01-31,0,Deaths,0.0,0.0
32378,Mauritania,2020-02-01,0,Deaths,0.0,0.0
32379,Mauritania,2020-02-02,0,Deaths,0.0,0.0
32380,Mauritania,2020-02-03,0,Deaths,0.0,0.0
32381,Mauritania,2020-02-04,0,Deaths,0.0,0.0
32382,Mauritania,2020-02-05,0,Deaths,0.0,0.0
32383,Mauritania,2020-02-06,0,Deaths,0.0,0.0
32384,Mauritania,2020-02-07,0,Deaths,0.0,0.0
32385,Mauritania,2020-02-08,0,Deaths,0.0,0.0
32386,Mauritania,2020-02-09,0,Deaths,0.0,0.0
32387,Mauritania,2020-02-10,0,Deaths,0.0,0.0
32388,Mauritania,2020-02-11,0,Deaths,0.0,0.0
32389,Mauritania,2020-02-12,0,Deaths,0.0,0.0
32390,Mauritania,2020-02-13,0,Deaths,0.0,0.0
32391,Mauritania,2020-02-14,0,Deaths,0.0,0.0
32392,Mauritania,2020-02-15,0,Deaths,0.0,0.0
32393,Mauritania,2020-02-16,0,Deaths,0.0,0.0
32394,Mauritania,2020-02-17,0,Deaths,0.0,0.0
32395,Mauritania,2020-02-18,0,Deaths,0.0,0.0
32396,Mauritania,2020-02-19,0,Deaths,0.0,0.0
32397,Mauritania,2020-02-20,0,Deaths,0.0,0.0
32398,Mauritania,2020-02-21,0,Deaths,0.0,0.0
32399,Mauritania,2020-02-22,0,Deaths,0.0,0.0
32400,Mauritania,2020-02-23,0,Deaths,0.0,0.0
32401,Mauritania,2020-02-24,0,Deaths,0.0,0.0
32402,Mauritania,2020-02-25,0,Deaths,0.0,0.0
32403,Mauritania,2020-02-26,0,Deaths,0.0,0.0
32404,Mauritania,2020-02-27,0,Deaths,0.0,0.0
32405,Mauritania,2020-02-28,0,Deaths,0.0,0.0
32406,Mauritania,2020-02-29,0,Deaths,0.0,0.0
32407,Mauritania,2020-03-01,0,Deaths,0.0,0.0
32408,Mauritania,2020-03-02,0,Deaths,0.0,0.0
32409,Mauritania,2020-03-03,0,Deaths,0.0,0.0
32410,Mauritania,2020-03-04,0,Deaths,0.0,0.0
32411,Mauritania,2020-03-05,0,Deaths,0.0,0.0
32412,Mauritania,2020-03-06,0,Deaths,0.0,0.0
32413,Mauritania,2020-03-07,0,Deaths,0.0,0.0
32414,Mauritania,2020-03-08,0,Deaths,0.0,0.0
32415,Mauritania,2020-03-09,0,Deaths,0.0,0.0
32416,Mauritania,2020-03-10,0,Deaths,0.0,0.0
32417,Mauritania,2020-03-11,0,Deaths,0.0,0.0
32418,Mauritania,2020-03-12,0,Deaths,0.0,0.0
32419,Mauritania,2020-03-13,0,Deaths,0.0,0.0
32420,Mauritania,2020-03-14,0,Deaths,0.0,0.0
32421,Mauritania,2020-03-15,0,Deaths,0.0,0.0
32422,Mauritania,2020-03-16,0,Deaths,0.0,0.0
32423,Mauritania,2020-03-17,0,Deaths,0.0,0.0
32424,Mauritania,2020-03-18,0,Deaths,0.0,0.0
32425,Mauritania,2020-03-19,0,Deaths,0.0,0.0
32426,Mauritania,2020-03-20,0,Deaths,0.0,0.0
32427,Mauritania,2020-03-21,0,Deaths,0.0,0.0
32428,Mauritania,2020-03-22,0,Deaths,0.0,0.0
32429,Mauritania,2020-03-23,0,Deaths,0.0,0.0
32430,Mauritania,2020-03-24,0,Deaths,0.0,0.0
32431,Mauritania,2020-03-25,0,Deaths,0.0,0.0
32432,Mauritania,2020-03-26,0,Deaths,0.0,0.0
32433,Mauritania,2020-03-27,0,Deaths,0.0,0.0
32434,Mauritania,2020-03-28,0,Deaths,0.0,0.0
32435,Mauritania,2020-03-29,0,Deaths,0.0,0.0
32436,Mauritania,2020-03-30,1,Deaths,1.0,1.0
32437,Mauritania,2020-03-31,1,Deaths,0.0,1.0
32438,Mauritania,2020-04-01,1,Deaths,0.0,1.0
32439,Mauritania,2020-04-02,1,Deaths,0.0,1.0
32440,Mauritania,2020-04-03,1,Deaths,0.0,1.0
32441,Mauritania,2020-04-04,1,Deaths,0.0,1.0
32442,Mauritania,2020-04-05,1,Deaths,0.0,1.0
32443,Mauritania,2020-04-06,1,Deaths,0.0,0.0
32444,Mauritania,2020-04-07,1,Deaths,0.0,0.0
32445,Mauritania,2020-04-08,1,Deaths,0.0,0.0
32446,Mauritania,2020-04-09,1,Deaths,0.0,0.0
32447,Mauritania,2020-04-10,1,Deaths,0.0,0.0
32448,Mauritania,2020-04-11,1,Deaths,0.0,0.0
32449,Mauritania,2020-04-12,1,Deaths,0.0,0.0
32450,Mauritania,2020-04-13,1,Deaths,0.0,0.0
32451,Mauritania,2020-04-14,1,Deaths,0.0,0.0
32452,Mauritania,2020-04-15,1,Deaths,0.0,0.0
32453,Mauritania,2020-04-16,1,Deaths,0.0,0.0
32454,Mauritania,2020-04-17,1,Deaths,0.0,0.0
32455,Mauritania,2020-04-18,1,Deaths,0.0,0.0
32456,Mauritania,2020-04-19,1,Deaths,0.0,0.0
32457,Mauritania,2020-04-20,1,Deaths,0.0,0.0
32458,Mauritania,2020-04-21,1,Deaths,0.0,0.0
32459,Mauritania,2020-04-22,1,Deaths,0.0,0.0
32460,Mauritania,2020-04-23,1,Deaths,0.0,0.0
32461,Mauritania,2020-04-24,1,Deaths,0.0,0.0
32462,Mauritania,2020-04-25,1,Deaths,0.0,0.0
32463,Mauritania,2020-04-26,1,Deaths,0.0,0.0
32464,Mauritania,2020-04-27,1,Deaths,0.0,0.0
32465,Mauritania,2020-04-28,1,Deaths,0.0,0.0
32466,Mauritania,2020-04-29,1,Deaths,0.0,0.0
32467,Mauritania,2020-04-30,1,Deaths,0.0,0.0
32468,Mauritania,2020-05-01,1,Deaths,0.0,0.0
32469,Mauritania,2020-05-02,1,Deaths,0.0,0.0
32470,Mauritania,2020-05-03,1,Deaths,0.0,0.0
32471,Mauritania,2020-05-04,1,Deaths,0.0,0.0
32472,Mauritania,2020-05-05,1,Deaths,0.0,0.0
32473,Mauritania,2020-05-06,1,Deaths,0.0,0.0
32474,Mauritania,2020-05-07,1,Deaths,0.0,0.0
32475,Mauritania,2020-05-08,1,Deaths,0.0,0.0
32476,Mauritania,2020-05-09,1,Deaths,0.0,0.0
32477,Mauritania,2020-05-10,1,Deaths,0.0,0.0
32478,Mauritania,2020-05-11,1,Deaths,0.0,0.0
32479,Mauritania,2020-05-12,1,Deaths,0.0,0.0
32480,Mauritania,2020-05-13,2,Deaths,1.0,1.0
32481,Mauritania,2020-05-14,2,Deaths,0.0,1.0
32482,Mauritania,2020-05-15,3,Deaths,1.0,2.0
32483,Mauritania,2020-05-16,4,Deaths,1.0,3.0
32484,Mauritania,2020-05-17,4,Deaths,0.0,3.0
32485,Mauritania,2020-05-18,4,Deaths,0.0,3.0
32486,Mauritania,2020-05-19,4,Deaths,0.0,3.0
32487,Mauritania,2020-05-20,4,Deaths,0.0,2.0
32488,Mauritania,2020-05-21,5,Deaths,1.0,3.0
32489,Mauritania,2020-05-22,6,Deaths,1.0,3.0
32490,Mauritania,2020-05-23,6,Deaths,0.0,2.0
32491,Mauritania,2020-05-24,6,Deaths,0.0,2.0
32492,Mauritania,2020-05-25,9,Deaths,3.0,5.0
32493,Mauritania,2020-05-26,13,Deaths,4.0,9.0
32494,Mauritania,2020-05-27,16,Deaths,3.0,12.0
32495,Mauritania,2020-05-28,19,Deaths,3.0,14.0
32496,Mauritania,2020-05-29,20,Deaths,1.0,14.0
32497,Mauritania,2020-05-30,20,Deaths,0.0,14.0
32498,Mauritania,2020-05-31,23,Deaths,3.0,17.0
32499,Mauritania,2020-06-01,23,Deaths,0.0,14.0
32500,Mauritania,2020-06-02,31,Deaths,8.0,18.0
32501,Mauritania,2020-06-03,34,Deaths,3.0,18.0
32502,Mauritania,2020-06-04,39,Deaths,5.0,20.0
32503,Mauritania,2020-06-05,43,Deaths,4.0,23.0
32504,Mauritania,2020-06-06,49,Deaths,6.0,29.0
32505,Mauritania,2020-06-07,55,Deaths,6.0,32.0
32506,Mauritania,2020-06-08,59,Deaths,4.0,36.0
32507,Mauritania,2020-06-09,61,Deaths,2.0,30.0
32508,Mauritania,2020-06-10,71,Deaths,10.0,37.0
32509,Mauritania,2020-06-11,74,Deaths,3.0,35.0
32510,Mauritania,2020-06-12,81,Deaths,7.0,38.0
32511,Mauritania,2020-06-13,83,Deaths,2.0,34.0
32512,Mauritania,2020-06-14,87,Deaths,4.0,32.0
32513,Mauritania,2020-06-15,91,Deaths,4.0,32.0
32514,Mauritania,2020-06-16,93,Deaths,2.0,32.0
32515,Mauritania,2020-06-17,95,Deaths,2.0,24.0
32516,Mauritania,2020-06-18,97,Deaths,2.0,23.0
32517,Mauritania,2020-06-19,102,Deaths,5.0,21.0
32518,Mauritania,2020-06-20,108,Deaths,6.0,25.0
32519,Mauritania,2020-06-21,111,Deaths,3.0,24.0
32520,Mauritania,2020-06-22,112,Deaths,1.0,21.0
32521,Mauritania,2020-06-23,114,Deaths,2.0,21.0
32522,Mauritania,2020-06-24,116,Deaths,2.0,21.0
32523,Mauritania,2020-06-25,119,Deaths,3.0,22.0
32524,Mauritania,2020-06-26,120,Deaths,1.0,18.0
32525,Mauritania,2020-06-27,121,Deaths,1.0,13.0
32526,Mauritania,2020-06-28,126,Deaths,5.0,15.0
32527,Mauritania,2020-06-29,128,Deaths,2.0,16.0
32528,Mauritania,2020-06-30,129,Deaths,1.0,15.0
32529,Mauritania,2020-07-01,129,Deaths,0.0,13.0
32530,Mauritania,2020-07-02,129,Deaths,0.0,10.0
32531,Mauritania,2020-07-03,129,Deaths,0.0,9.0
32532,Mauritania,2020-07-04,129,Deaths,0.0,8.0
32533,Mauritania,2020-07-05,130,Deaths,1.0,4.0
32534,Mauritania,2020-07-06,133,Deaths,3.0,5.0
32535,Mauritania,2020-07-07,135,Deaths,2.0,6.0
32536,Mauritania,2020-07-08,139,Deaths,4.0,10.0
32537,Mauritania,2020-07-09,144,Deaths,5.0,15.0
32538,Mauritania,2020-07-10,146,Deaths,2.0,17.0
32539,Mauritania,2020-07-11,147,Deaths,1.0,18.0
32540,Mauritania,2020-07-12,147,Deaths,0.0,17.0
32541,Mauritania,2020-07-13,147,Deaths,0.0,14.0
32542,Mauritania,2020-07-14,147,Deaths,0.0,12.0
32543,Mauritania,2020-07-15,149,Deaths,2.0,10.0
32544,Mauritania,2020-07-16,150,Deaths,1.0,6.0
32545,Mauritania,2020-07-17,151,Deaths,1.0,5.0
32546,Mauritania,2020-07-18,153,Deaths,2.0,6.0
32547,Mauritania,2020-07-19,155,Deaths,2.0,8.0
32548,Mauritania,2020-07-20,155,Deaths,0.0,8.0
32549,Mauritania,2020-07-21,155,Deaths,0.0,8.0
32550,Mauritania,2020-07-22,155,Deaths,0.0,6.0
32551,Mauritania,2020-07-23,156,Deaths,1.0,6.0
32552,Mauritania,2020-07-24,156,Deaths,0.0,5.0
32553,Mauritania,2020-07-25,156,Deaths,0.0,3.0
32554,Mauritania,2020-07-26,156,Deaths,0.0,1.0
32555,Mauritania,2020-07-27,156,Deaths,0.0,1.0
32556,Mauritania,2020-07-28,156,Deaths,0.0,1.0
32557,Mauritania,2020-07-29,156,Deaths,0.0,1.0
32558,Mauritania,2020-07-30,157,Deaths,1.0,1.0
32559,Mauritania,2020-07-31,157,Deaths,0.0,1.0
32560,Mauritania,2020-08-01,157,Deaths,0.0,1.0
32561,Mauritania,2020-08-02,157,Deaths,0.0,1.0
32562,Mauritania,2020-08-03,157,Deaths,0.0,1.0
32563,Mauritania,2020-08-04,157,Deaths,0.0,1.0
32564,Mauritania,2020-08-05,157,Deaths,0.0,1.0
32565,Mauritania,2020-08-06,157,Deaths,0.0,0.0
32566,Mauritania,2020-08-07,157,Deaths,0.0,0.0
32567,Mauritania,2020-08-08,157,Deaths,0.0,0.0
32568,Mauritania,2020-08-09,157,Deaths,0.0,0.0
32569,Mauritania,2020-08-10,157,Deaths,0.0,0.0
32570,Mauritania,2020-08-11,157,Deaths,0.0,0.0
32571,Mauritania,2020-08-12,157,Deaths,0.0,0.0
32572,Mauritania,2020-08-13,157,Deaths,0.0,0.0
32573,Mauritania,2020-08-14,157,Deaths,0.0,0.0
32574,Mauritania,2020-08-15,157,Deaths,0.0,0.0
32575,Mauritania,2020-08-16,157,Deaths,0.0,0.0
32576,Mauritania,2020-08-17,157,Deaths,0.0,0.0
32577,Mauritania,2020-08-18,157,Deaths,0.0,0.0
32578,Mauritania,2020-08-19,158,Deaths,1.0,1.0
32579,Mauritania,2020-08-20,158,Deaths,0.0,1.0
32580,Mauritania,2020-08-21,158,Deaths,0.0,1.0
32581,Mauritania,2020-08-22,158,Deaths,0.0,1.0
32582,Mauritania,2020-08-23,158,Deaths,0.0,1.0
32583,Mauritania,2020-08-24,158,Deaths,0.0,1.0
32584,Mauritania,2020-08-25,158,Deaths,0.0,1.0
32585,Mauritania,2020-08-26,158,Deaths,0.0,0.0
32586,Mauritania,2020-08-27,158,Deaths,0.0,0.0
32587,Mauritania,2020-08-28,158,Deaths,0.0,0.0
32588,Mauritania,2020-08-29,158,Deaths,0.0,0.0
32589,Mauritania,2020-08-30,159,Deaths,1.0,1.0
32590,Mauritania,2020-08-31,159,Deaths,0.0,1.0
32591,Mauritania,2020-09-01,159,Deaths,0.0,1.0
32592,Mauritania,2020-09-02,160,Deaths,1.0,2.0
32593,Mauritania,2020-09-03,160,Deaths,0.0,2.0
32594,Mauritania,2020-09-04,160,Deaths,0.0,2.0
32595,Mauritania,2020-09-05,160,Deaths,0.0,2.0
32596,Mauritania,2020-09-06,160,Deaths,0.0,1.0
32597,Mauritania,2020-09-07,160,Deaths,0.0,1.0
32598,Mauritania,2020-09-08,160,Deaths,0.0,1.0
32599,Mauritania,2020-09-09,161,Deaths,1.0,1.0
32600,Mauritania,2020-09-10,161,Deaths,0.0,1.0
32601,Mauritania,2020-09-11,161,Deaths,0.0,1.0
32602,Mauritania,2020-09-12,161,Deaths,0.0,1.0
32603,Mauritania,2020-09-13,161,Deaths,0.0,1.0
32604,Mauritania,2020-09-14,161,Deaths,0.0,1.0
32605,Mauritania,2020-09-15,161,Deaths,0.0,1.0
32606,Mauritania,2020-09-16,161,Deaths,0.0,0.0
32607,Mauritania,2020-09-17,161,Deaths,0.0,0.0
32608,Mauritania,2020-09-18,161,Deaths,0.0,0.0
32609,Mauritania,2020-09-19,161,Deaths,0.0,0.0
32610,Mauritania,2020-09-20,161,Deaths,0.0,0.0
32611,Mauritania,2020-09-21,161,Deaths,0.0,0.0
32612,Mauritania,2020-09-22,161,Deaths,0.0,0.0
32613,Mauritania,2020-09-23,161,Deaths,0.0,0.0
32614,Mauritania,2020-09-24,161,Deaths,0.0,0.0
32615,Mauritania,2020-09-25,161,Deaths,0.0,0.0
32616,Mauritania,2020-09-26,161,Deaths,0.0,0.0
32617,Mauritania,2020-09-27,161,Deaths,0.0,0.0
32618,Mauritania,2020-09-28,161,Deaths,0.0,0.0
32619,Mauritania,2020-09-29,161,Deaths,0.0,0.0
32620,Mauritania,2020-09-30,161,Deaths,0.0,0.0
32621,Mauritania,2020-10-01,161,Deaths,0.0,0.0
32622,Mauritania,2020-10-02,162,Deaths,1.0,1.0
32623,Mauritania,2020-10-03,162,Deaths,0.0,1.0
32624,Mauritania,2020-10-04,162,Deaths,0.0,1.0
32625,Mauritania,2020-10-05,162,Deaths,0.0,1.0
32626,Mauritania,2020-10-06,162,Deaths,0.0,1.0
32627,Mauritania,2020-10-07,162,Deaths,0.0,1.0
32628,Mauritania,2020-10-08,162,Deaths,0.0,1.0
32629,Mauritania,2020-10-09,163,Deaths,1.0,1.0
32630,Mauritania,2020-10-10,163,Deaths,0.0,1.0
32631,Mauritania,2020-10-11,163,Deaths,0.0,1.0
32632,Mauritania,2020-10-12,163,Deaths,0.0,1.0
32633,Mauritania,2020-10-13,163,Deaths,0.0,1.0
32634,Mauritania,2020-10-14,163,Deaths,0.0,1.0
32635,Mauritania,2020-10-15,163,Deaths,0.0,1.0
32636,Mauritania,2020-10-16,163,Deaths,0.0,0.0
32637,Mauritania,2020-10-17,163,Deaths,0.0,0.0
32638,Mauritania,2020-10-18,163,Deaths,0.0,0.0
32639,Mauritania,2020-10-19,163,Deaths,0.0,0.0
32640,Mauritania,2020-10-20,163,Deaths,0.0,0.0
32641,Mauritania,2020-10-21,163,Deaths,0.0,0.0
32642,Mauritania,2020-10-22,163,Deaths,0.0,0.0
32643,Mauritania,2020-10-23,163,Deaths,0.0,0.0
32644,Mauritania,2020-10-24,163,Deaths,0.0,0.0
32645,Mauritania,2020-10-25,163,Deaths,0.0,0.0
32646,Mauritania,2020-10-26,163,Deaths,0.0,0.0
32647,Mauritania,2020-10-27,163,Deaths,0.0,0.0
32648,Mauritania,2020-10-28,163,Deaths,0.0,0.0
32649,Mauritania,2020-10-29,163,Deaths,0.0,0.0
32650,Mauritania,2020-10-30,163,Deaths,0.0,0.0
32651,Mauritania,2020-10-31,163,Deaths,0.0,0.0
32652,Mauritania,2020-11-01,163,Deaths,0.0,0.0
32653,Mauritania,2020-11-02,163,Deaths,0.0,0.0
32654,Mauritania,2020-11-03,164,Deaths,1.0,1.0
32655,Mauritania,2020-11-04,164,Deaths,0.0,1.0
32656,Mauritania,2020-11-05,165,Deaths,1.0,2.0
32657,Mauritius,2020-01-22,0,Deaths,,
32658,Mauritius,2020-01-23,0,Deaths,0.0,
32659,Mauritius,2020-01-24,0,Deaths,0.0,
32660,Mauritius,2020-01-25,0,Deaths,0.0,
32661,Mauritius,2020-01-26,0,Deaths,0.0,
32662,Mauritius,2020-01-27,0,Deaths,0.0,
32663,Mauritius,2020-01-28,0,Deaths,0.0,
32664,Mauritius,2020-01-29,0,Deaths,0.0,0.0
32665,Mauritius,2020-01-30,0,Deaths,0.0,0.0
32666,Mauritius,2020-01-31,0,Deaths,0.0,0.0
32667,Mauritius,2020-02-01,0,Deaths,0.0,0.0
32668,Mauritius,2020-02-02,0,Deaths,0.0,0.0
32669,Mauritius,2020-02-03,0,Deaths,0.0,0.0
32670,Mauritius,2020-02-04,0,Deaths,0.0,0.0
32671,Mauritius,2020-02-05,0,Deaths,0.0,0.0
32672,Mauritius,2020-02-06,0,Deaths,0.0,0.0
32673,Mauritius,2020-02-07,0,Deaths,0.0,0.0
32674,Mauritius,2020-02-08,0,Deaths,0.0,0.0
32675,Mauritius,2020-02-09,0,Deaths,0.0,0.0
32676,Mauritius,2020-02-10,0,Deaths,0.0,0.0
32677,Mauritius,2020-02-11,0,Deaths,0.0,0.0
32678,Mauritius,2020-02-12,0,Deaths,0.0,0.0
32679,Mauritius,2020-02-13,0,Deaths,0.0,0.0
32680,Mauritius,2020-02-14,0,Deaths,0.0,0.0
32681,Mauritius,2020-02-15,0,Deaths,0.0,0.0
32682,Mauritius,2020-02-16,0,Deaths,0.0,0.0
32683,Mauritius,2020-02-17,0,Deaths,0.0,0.0
32684,Mauritius,2020-02-18,0,Deaths,0.0,0.0
32685,Mauritius,2020-02-19,0,Deaths,0.0,0.0
32686,Mauritius,2020-02-20,0,Deaths,0.0,0.0
32687,Mauritius,2020-02-21,0,Deaths,0.0,0.0
32688,Mauritius,2020-02-22,0,Deaths,0.0,0.0
32689,Mauritius,2020-02-23,0,Deaths,0.0,0.0
32690,Mauritius,2020-02-24,0,Deaths,0.0,0.0
32691,Mauritius,2020-02-25,0,Deaths,0.0,0.0
32692,Mauritius,2020-02-26,0,Deaths,0.0,0.0
32693,Mauritius,2020-02-27,0,Deaths,0.0,0.0
32694,Mauritius,2020-02-28,0,Deaths,0.0,0.0
32695,Mauritius,2020-02-29,0,Deaths,0.0,0.0
32696,Mauritius,2020-03-01,0,Deaths,0.0,0.0
32697,Mauritius,2020-03-02,0,Deaths,0.0,0.0
32698,Mauritius,2020-03-03,0,Deaths,0.0,0.0
32699,Mauritius,2020-03-04,0,Deaths,0.0,0.0
32700,Mauritius,2020-03-05,0,Deaths,0.0,0.0
32701,Mauritius,2020-03-06,0,Deaths,0.0,0.0
32702,Mauritius,2020-03-07,0,Deaths,0.0,0.0
32703,Mauritius,2020-03-08,0,Deaths,0.0,0.0
32704,Mauritius,2020-03-09,0,Deaths,0.0,0.0
32705,Mauritius,2020-03-10,0,Deaths,0.0,0.0
32706,Mauritius,2020-03-11,0,Deaths,0.0,0.0
32707,Mauritius,2020-03-12,0,Deaths,0.0,0.0
32708,Mauritius,2020-03-13,0,Deaths,0.0,0.0
32709,Mauritius,2020-03-14,0,Deaths,0.0,0.0
32710,Mauritius,2020-03-15,0,Deaths,0.0,0.0
32711,Mauritius,2020-03-16,0,Deaths,0.0,0.0
32712,Mauritius,2020-03-17,0,Deaths,0.0,0.0
32713,Mauritius,2020-03-18,0,Deaths,0.0,0.0
32714,Mauritius,2020-03-19,0,Deaths,0.0,0.0
32715,Mauritius,2020-03-20,0,Deaths,0.0,0.0
32716,Mauritius,2020-03-21,1,Deaths,1.0,1.0
32717,Mauritius,2020-03-22,2,Deaths,1.0,2.0
32718,Mauritius,2020-03-23,2,Deaths,0.0,2.0
32719,Mauritius,2020-03-24,2,Deaths,0.0,2.0
32720,Mauritius,2020-03-25,2,Deaths,0.0,2.0
32721,Mauritius,2020-03-26,2,Deaths,0.0,2.0
32722,Mauritius,2020-03-27,2,Deaths,0.0,2.0
32723,Mauritius,2020-03-28,2,Deaths,0.0,1.0
32724,Mauritius,2020-03-29,3,Deaths,1.0,1.0
32725,Mauritius,2020-03-30,3,Deaths,0.0,1.0
32726,Mauritius,2020-03-31,5,Deaths,2.0,3.0
32727,Mauritius,2020-04-01,6,Deaths,1.0,4.0
32728,Mauritius,2020-04-02,7,Deaths,1.0,5.0
32729,Mauritius,2020-04-03,7,Deaths,0.0,5.0
32730,Mauritius,2020-04-04,7,Deaths,0.0,5.0
32731,Mauritius,2020-04-05,7,Deaths,0.0,4.0
32732,Mauritius,2020-04-06,7,Deaths,0.0,4.0
32733,Mauritius,2020-04-07,7,Deaths,0.0,2.0
32734,Mauritius,2020-04-08,7,Deaths,0.0,1.0
32735,Mauritius,2020-04-09,7,Deaths,0.0,0.0
32736,Mauritius,2020-04-10,9,Deaths,2.0,2.0
32737,Mauritius,2020-04-11,9,Deaths,0.0,2.0
32738,Mauritius,2020-04-12,9,Deaths,0.0,2.0
32739,Mauritius,2020-04-13,9,Deaths,0.0,2.0
32740,Mauritius,2020-04-14,9,Deaths,0.0,2.0
32741,Mauritius,2020-04-15,9,Deaths,0.0,2.0
32742,Mauritius,2020-04-16,9,Deaths,0.0,2.0
32743,Mauritius,2020-04-17,9,Deaths,0.0,0.0
32744,Mauritius,2020-04-18,9,Deaths,0.0,0.0
32745,Mauritius,2020-04-19,9,Deaths,0.0,0.0
32746,Mauritius,2020-04-20,9,Deaths,0.0,0.0
32747,Mauritius,2020-04-21,9,Deaths,0.0,0.0
32748,Mauritius,2020-04-22,9,Deaths,0.0,0.0
32749,Mauritius,2020-04-23,9,Deaths,0.0,0.0
32750,Mauritius,2020-04-24,9,Deaths,0.0,0.0
32751,Mauritius,2020-04-25,9,Deaths,0.0,0.0
32752,Mauritius,2020-04-26,9,Deaths,0.0,0.0
32753,Mauritius,2020-04-27,10,Deaths,1.0,1.0
32754,Mauritius,2020-04-28,10,Deaths,0.0,1.0
32755,Mauritius,2020-04-29,10,Deaths,0.0,1.0
32756,Mauritius,2020-04-30,10,Deaths,0.0,1.0
32757,Mauritius,2020-05-01,10,Deaths,0.0,1.0
32758,Mauritius,2020-05-02,10,Deaths,0.0,1.0
32759,Mauritius,2020-05-03,10,Deaths,0.0,1.0
32760,Mauritius,2020-05-04,10,Deaths,0.0,0.0
32761,Mauritius,2020-05-05,10,Deaths,0.0,0.0
32762,Mauritius,2020-05-06,10,Deaths,0.0,0.0
32763,Mauritius,2020-05-07,10,Deaths,0.0,0.0
32764,Mauritius,2020-05-08,10,Deaths,0.0,0.0
32765,Mauritius,2020-05-09,10,Deaths,0.0,0.0
32766,Mauritius,2020-05-10,10,Deaths,0.0,0.0
32767,Mauritius,2020-05-11,10,Deaths,0.0,0.0
32768,Mauritius,2020-05-12,10,Deaths,0.0,0.0
32769,Mauritius,2020-05-13,10,Deaths,0.0,0.0
32770,Mauritius,2020-05-14,10,Deaths,0.0,0.0
32771,Mauritius,2020-05-15,10,Deaths,0.0,0.0
32772,Mauritius,2020-05-16,10,Deaths,0.0,0.0
32773,Mauritius,2020-05-17,10,Deaths,0.0,0.0
32774,Mauritius,2020-05-18,10,Deaths,0.0,0.0
32775,Mauritius,2020-05-19,10,Deaths,0.0,0.0
32776,Mauritius,2020-05-20,10,Deaths,0.0,0.0
32777,Mauritius,2020-05-21,10,Deaths,0.0,0.0
32778,Mauritius,2020-05-22,10,Deaths,0.0,0.0
32779,Mauritius,2020-05-23,10,Deaths,0.0,0.0
32780,Mauritius,2020-05-24,10,Deaths,0.0,0.0
32781,Mauritius,2020-05-25,10,Deaths,0.0,0.0
32782,Mauritius,2020-05-26,10,Deaths,0.0,0.0
32783,Mauritius,2020-05-27,10,Deaths,0.0,0.0
32784,Mauritius,2020-05-28,10,Deaths,0.0,0.0
32785,Mauritius,2020-05-29,10,Deaths,0.0,0.0
32786,Mauritius,2020-05-30,10,Deaths,0.0,0.0
32787,Mauritius,2020-05-31,10,Deaths,0.0,0.0
32788,Mauritius,2020-06-01,10,Deaths,0.0,0.0
32789,Mauritius,2020-06-02,10,Deaths,0.0,0.0
32790,Mauritius,2020-06-03,10,Deaths,0.0,0.0
32791,Mauritius,2020-06-04,10,Deaths,0.0,0.0
32792,Mauritius,2020-06-05,10,Deaths,0.0,0.0
32793,Mauritius,2020-06-06,10,Deaths,0.0,0.0
32794,Mauritius,2020-06-07,10,Deaths,0.0,0.0
32795,Mauritius,2020-06-08,10,Deaths,0.0,0.0
32796,Mauritius,2020-06-09,10,Deaths,0.0,0.0
32797,Mauritius,2020-06-10,10,Deaths,0.0,0.0
32798,Mauritius,2020-06-11,10,Deaths,0.0,0.0
32799,Mauritius,2020-06-12,10,Deaths,0.0,0.0
32800,Mauritius,2020-06-13,10,Deaths,0.0,0.0
32801,Mauritius,2020-06-14,10,Deaths,0.0,0.0
32802,Mauritius,2020-06-15,10,Deaths,0.0,0.0
32803,Mauritius,2020-06-16,10,Deaths,0.0,0.0
32804,Mauritius,2020-06-17,10,Deaths,0.0,0.0
32805,Mauritius,2020-06-18,10,Deaths,0.0,0.0
32806,Mauritius,2020-06-19,10,Deaths,0.0,0.0
32807,Mauritius,2020-06-20,10,Deaths,0.0,0.0
32808,Mauritius,2020-06-21,10,Deaths,0.0,0.0
32809,Mauritius,2020-06-22,10,Deaths,0.0,0.0
32810,Mauritius,2020-06-23,10,Deaths,0.0,0.0
32811,Mauritius,2020-06-24,10,Deaths,0.0,0.0
32812,Mauritius,2020-06-25,10,Deaths,0.0,0.0
32813,Mauritius,2020-06-26,10,Deaths,0.0,0.0
32814,Mauritius,2020-06-27,10,Deaths,0.0,0.0
32815,Mauritius,2020-06-28,10,Deaths,0.0,0.0
32816,Mauritius,2020-06-29,10,Deaths,0.0,0.0
32817,Mauritius,2020-06-30,10,Deaths,0.0,0.0
32818,Mauritius,2020-07-01,10,Deaths,0.0,0.0
32819,Mauritius,2020-07-02,10,Deaths,0.0,0.0
32820,Mauritius,2020-07-03,10,Deaths,0.0,0.0
32821,Mauritius,2020-07-04,10,Deaths,0.0,0.0
32822,Mauritius,2020-07-05,10,Deaths,0.0,0.0
32823,Mauritius,2020-07-06,10,Deaths,0.0,0.0
32824,Mauritius,2020-07-07,10,Deaths,0.0,0.0
32825,Mauritius,2020-07-08,10,Deaths,0.0,0.0
32826,Mauritius,2020-07-09,10,Deaths,0.0,0.0
32827,Mauritius,2020-07-10,10,Deaths,0.0,0.0
32828,Mauritius,2020-07-11,10,Deaths,0.0,0.0
32829,Mauritius,2020-07-12,10,Deaths,0.0,0.0
32830,Mauritius,2020-07-13,10,Deaths,0.0,0.0
32831,Mauritius,2020-07-14,10,Deaths,0.0,0.0
32832,Mauritius,2020-07-15,10,Deaths,0.0,0.0
32833,Mauritius,2020-07-16,10,Deaths,0.0,0.0
32834,Mauritius,2020-07-17,10,Deaths,0.0,0.0
32835,Mauritius,2020-07-18,10,Deaths,0.0,0.0
32836,Mauritius,2020-07-19,10,Deaths,0.0,0.0
32837,Mauritius,2020-07-20,10,Deaths,0.0,0.0
32838,Mauritius,2020-07-21,10,Deaths,0.0,0.0
32839,Mauritius,2020-07-22,10,Deaths,0.0,0.0
32840,Mauritius,2020-07-23,10,Deaths,0.0,0.0
32841,Mauritius,2020-07-24,10,Deaths,0.0,0.0
32842,Mauritius,2020-07-25,10,Deaths,0.0,0.0
32843,Mauritius,2020-07-26,10,Deaths,0.0,0.0
32844,Mauritius,2020-07-27,10,Deaths,0.0,0.0
32845,Mauritius,2020-07-28,10,Deaths,0.0,0.0
32846,Mauritius,2020-07-29,10,Deaths,0.0,0.0
32847,Mauritius,2020-07-30,10,Deaths,0.0,0.0
32848,Mauritius,2020-07-31,10,Deaths,0.0,0.0
32849,Mauritius,2020-08-01,10,Deaths,0.0,0.0
32850,Mauritius,2020-08-02,10,Deaths,0.0,0.0
32851,Mauritius,2020-08-03,10,Deaths,0.0,0.0
32852,Mauritius,2020-08-04,10,Deaths,0.0,0.0
32853,Mauritius,2020-08-05,10,Deaths,0.0,0.0
32854,Mauritius,2020-08-06,10,Deaths,0.0,0.0
32855,Mauritius,2020-08-07,10,Deaths,0.0,0.0
32856,Mauritius,2020-08-08,10,Deaths,0.0,0.0
32857,Mauritius,2020-08-09,10,Deaths,0.0,0.0
32858,Mauritius,2020-08-10,10,Deaths,0.0,0.0
32859,Mauritius,2020-08-11,10,Deaths,0.0,0.0
32860,Mauritius,2020-08-12,10,Deaths,0.0,0.0
32861,Mauritius,2020-08-13,10,Deaths,0.0,0.0
32862,Mauritius,2020-08-14,10,Deaths,0.0,0.0
32863,Mauritius,2020-08-15,10,Deaths,0.0,0.0
32864,Mauritius,2020-08-16,10,Deaths,0.0,0.0
32865,Mauritius,2020-08-17,10,Deaths,0.0,0.0
32866,Mauritius,2020-08-18,10,Deaths,0.0,0.0
32867,Mauritius,2020-08-19,10,Deaths,0.0,0.0
32868,Mauritius,2020-08-20,10,Deaths,0.0,0.0
32869,Mauritius,2020-08-21,10,Deaths,0.0,0.0
32870,Mauritius,2020-08-22,10,Deaths,0.0,0.0
32871,Mauritius,2020-08-23,10,Deaths,0.0,0.0
32872,Mauritius,2020-08-24,10,Deaths,0.0,0.0
32873,Mauritius,2020-08-25,10,Deaths,0.0,0.0
32874,Mauritius,2020-08-26,10,Deaths,0.0,0.0
32875,Mauritius,2020-08-27,10,Deaths,0.0,0.0
32876,Mauritius,2020-08-28,10,Deaths,0.0,0.0
32877,Mauritius,2020-08-29,10,Deaths,0.0,0.0
32878,Mauritius,2020-08-30,10,Deaths,0.0,0.0
32879,Mauritius,2020-08-31,10,Deaths,0.0,0.0
32880,Mauritius,2020-09-01,10,Deaths,0.0,0.0
32881,Mauritius,2020-09-02,10,Deaths,0.0,0.0
32882,Mauritius,2020-09-03,10,Deaths,0.0,0.0
32883,Mauritius,2020-09-04,10,Deaths,0.0,0.0
32884,Mauritius,2020-09-05,10,Deaths,0.0,0.0
32885,Mauritius,2020-09-06,10,Deaths,0.0,0.0
32886,Mauritius,2020-09-07,10,Deaths,0.0,0.0
32887,Mauritius,2020-09-08,10,Deaths,0.0,0.0
32888,Mauritius,2020-09-09,10,Deaths,0.0,0.0
32889,Mauritius,2020-09-10,10,Deaths,0.0,0.0
32890,Mauritius,2020-09-11,10,Deaths,0.0,0.0
32891,Mauritius,2020-09-12,10,Deaths,0.0,0.0
32892,Mauritius,2020-09-13,10,Deaths,0.0,0.0
32893,Mauritius,2020-09-14,10,Deaths,0.0,0.0
32894,Mauritius,2020-09-15,10,Deaths,0.0,0.0
32895,Mauritius,2020-09-16,10,Deaths,0.0,0.0
32896,Mauritius,2020-09-17,10,Deaths,0.0,0.0
32897,Mauritius,2020-09-18,10,Deaths,0.0,0.0
32898,Mauritius,2020-09-19,10,Deaths,0.0,0.0
32899,Mauritius,2020-09-20,10,Deaths,0.0,0.0
32900,Mauritius,2020-09-21,10,Deaths,0.0,0.0
32901,Mauritius,2020-09-22,10,Deaths,0.0,0.0
32902,Mauritius,2020-09-23,10,Deaths,0.0,0.0
32903,Mauritius,2020-09-24,10,Deaths,0.0,0.0
32904,Mauritius,2020-09-25,10,Deaths,0.0,0.0
32905,Mauritius,2020-09-26,10,Deaths,0.0,0.0
32906,Mauritius,2020-09-27,10,Deaths,0.0,0.0
32907,Mauritius,2020-09-28,10,Deaths,0.0,0.0
32908,Mauritius,2020-09-29,10,Deaths,0.0,0.0
32909,Mauritius,2020-09-30,10,Deaths,0.0,0.0
32910,Mauritius,2020-10-01,10,Deaths,0.0,0.0
32911,Mauritius,2020-10-02,10,Deaths,0.0,0.0
32912,Mauritius,2020-10-03,10,Deaths,0.0,0.0
32913,Mauritius,2020-10-04,10,Deaths,0.0,0.0
32914,Mauritius,2020-10-05,10,Deaths,0.0,0.0
32915,Mauritius,2020-10-06,10,Deaths,0.0,0.0
32916,Mauritius,2020-10-07,10,Deaths,0.0,0.0
32917,Mauritius,2020-10-08,10,Deaths,0.0,0.0
32918,Mauritius,2020-10-09,10,Deaths,0.0,0.0
32919,Mauritius,2020-10-10,10,Deaths,0.0,0.0
32920,Mauritius,2020-10-11,10,Deaths,0.0,0.0
32921,Mauritius,2020-10-12,10,Deaths,0.0,0.0
32922,Mauritius,2020-10-13,10,Deaths,0.0,0.0
32923,Mauritius,2020-10-14,10,Deaths,0.0,0.0
32924,Mauritius,2020-10-15,10,Deaths,0.0,0.0
32925,Mauritius,2020-10-16,10,Deaths,0.0,0.0
32926,Mauritius,2020-10-17,10,Deaths,0.0,0.0
32927,Mauritius,2020-10-18,10,Deaths,0.0,0.0
32928,Mauritius,2020-10-19,10,Deaths,0.0,0.0
32929,Mauritius,2020-10-20,10,Deaths,0.0,0.0
32930,Mauritius,2020-10-21,10,Deaths,0.0,0.0
32931,Mauritius,2020-10-22,10,Deaths,0.0,0.0
32932,Mauritius,2020-10-23,10,Deaths,0.0,0.0
32933,Mauritius,2020-10-24,10,Deaths,0.0,0.0
32934,Mauritius,2020-10-25,10,Deaths,0.0,0.0
32935,Mauritius,2020-10-26,10,Deaths,0.0,0.0
32936,Mauritius,2020-10-27,10,Deaths,0.0,0.0
32937,Mauritius,2020-10-28,10,Deaths,0.0,0.0
32938,Mauritius,2020-10-29,10,Deaths,0.0,0.0
32939,Mauritius,2020-10-30,10,Deaths,0.0,0.0
32940,Mauritius,2020-10-31,10,Deaths,0.0,0.0
32941,Mauritius,2020-11-01,10,Deaths,0.0,0.0
32942,Mauritius,2020-11-02,10,Deaths,0.0,0.0
32943,Mauritius,2020-11-03,10,Deaths,0.0,0.0
32944,Mauritius,2020-11-04,10,Deaths,0.0,0.0
32945,Mauritius,2020-11-05,10,Deaths,0.0,0.0
32946,Mexico,2020-01-22,0,Deaths,,
32947,Mexico,2020-01-23,0,Deaths,0.0,
32948,Mexico,2020-01-24,0,Deaths,0.0,
32949,Mexico,2020-01-25,0,Deaths,0.0,
32950,Mexico,2020-01-26,0,Deaths,0.0,
32951,Mexico,2020-01-27,0,Deaths,0.0,
32952,Mexico,2020-01-28,0,Deaths,0.0,
32953,Mexico,2020-01-29,0,Deaths,0.0,0.0
32954,Mexico,2020-01-30,0,Deaths,0.0,0.0
32955,Mexico,2020-01-31,0,Deaths,0.0,0.0
32956,Mexico,2020-02-01,0,Deaths,0.0,0.0
32957,Mexico,2020-02-02,0,Deaths,0.0,0.0
32958,Mexico,2020-02-03,0,Deaths,0.0,0.0
32959,Mexico,2020-02-04,0,Deaths,0.0,0.0
32960,Mexico,2020-02-05,0,Deaths,0.0,0.0
32961,Mexico,2020-02-06,0,Deaths,0.0,0.0
32962,Mexico,2020-02-07,0,Deaths,0.0,0.0
32963,Mexico,2020-02-08,0,Deaths,0.0,0.0
32964,Mexico,2020-02-09,0,Deaths,0.0,0.0
32965,Mexico,2020-02-10,0,Deaths,0.0,0.0
32966,Mexico,2020-02-11,0,Deaths,0.0,0.0
32967,Mexico,2020-02-12,0,Deaths,0.0,0.0
32968,Mexico,2020-02-13,0,Deaths,0.0,0.0
32969,Mexico,2020-02-14,0,Deaths,0.0,0.0
32970,Mexico,2020-02-15,0,Deaths,0.0,0.0
32971,Mexico,2020-02-16,0,Deaths,0.0,0.0
32972,Mexico,2020-02-17,0,Deaths,0.0,0.0
32973,Mexico,2020-02-18,0,Deaths,0.0,0.0
32974,Mexico,2020-02-19,0,Deaths,0.0,0.0
32975,Mexico,2020-02-20,0,Deaths,0.0,0.0
32976,Mexico,2020-02-21,0,Deaths,0.0,0.0
32977,Mexico,2020-02-22,0,Deaths,0.0,0.0
32978,Mexico,2020-02-23,0,Deaths,0.0,0.0
32979,Mexico,2020-02-24,0,Deaths,0.0,0.0
32980,Mexico,2020-02-25,0,Deaths,0.0,0.0
32981,Mexico,2020-02-26,0,Deaths,0.0,0.0
32982,Mexico,2020-02-27,0,Deaths,0.0,0.0
32983,Mexico,2020-02-28,0,Deaths,0.0,0.0
32984,Mexico,2020-02-29,0,Deaths,0.0,0.0
32985,Mexico,2020-03-01,0,Deaths,0.0,0.0
32986,Mexico,2020-03-02,0,Deaths,0.0,0.0
32987,Mexico,2020-03-03,0,Deaths,0.0,0.0
32988,Mexico,2020-03-04,0,Deaths,0.0,0.0
32989,Mexico,2020-03-05,0,Deaths,0.0,0.0
32990,Mexico,2020-03-06,0,Deaths,0.0,0.0
32991,Mexico,2020-03-07,0,Deaths,0.0,0.0
32992,Mexico,2020-03-08,0,Deaths,0.0,0.0
32993,Mexico,2020-03-09,0,Deaths,0.0,0.0
32994,Mexico,2020-03-10,0,Deaths,0.0,0.0
32995,Mexico,2020-03-11,0,Deaths,0.0,0.0
32996,Mexico,2020-03-12,0,Deaths,0.0,0.0
32997,Mexico,2020-03-13,0,Deaths,0.0,0.0
32998,Mexico,2020-03-14,0,Deaths,0.0,0.0
32999,Mexico,2020-03-15,0,Deaths,0.0,0.0
33000,Mexico,2020-03-16,0,Deaths,0.0,0.0
33001,Mexico,2020-03-17,0,Deaths,0.0,0.0
33002,Mexico,2020-03-18,0,Deaths,0.0,0.0
33003,Mexico,2020-03-19,1,Deaths,1.0,1.0
33004,Mexico,2020-03-20,2,Deaths,1.0,2.0
33005,Mexico,2020-03-21,2,Deaths,0.0,2.0
33006,Mexico,2020-03-22,3,Deaths,1.0,3.0
33007,Mexico,2020-03-23,4,Deaths,1.0,4.0
33008,Mexico,2020-03-24,5,Deaths,1.0,5.0
33009,Mexico,2020-03-25,6,Deaths,1.0,6.0
33010,Mexico,2020-03-26,8,Deaths,2.0,7.0
33011,Mexico,2020-03-27,12,Deaths,4.0,10.0
33012,Mexico,2020-03-28,16,Deaths,4.0,14.0
33013,Mexico,2020-03-29,20,Deaths,4.0,17.0
33014,Mexico,2020-03-30,28,Deaths,8.0,24.0
33015,Mexico,2020-03-31,29,Deaths,1.0,24.0
33016,Mexico,2020-04-01,37,Deaths,8.0,31.0
33017,Mexico,2020-04-02,50,Deaths,13.0,42.0
33018,Mexico,2020-04-03,60,Deaths,10.0,48.0
33019,Mexico,2020-04-04,79,Deaths,19.0,63.0
33020,Mexico,2020-04-05,94,Deaths,15.0,74.0
33021,Mexico,2020-04-06,125,Deaths,31.0,97.0
33022,Mexico,2020-04-07,141,Deaths,16.0,112.0
33023,Mexico,2020-04-08,174,Deaths,33.0,137.0
33024,Mexico,2020-04-09,194,Deaths,20.0,144.0
33025,Mexico,2020-04-10,233,Deaths,39.0,173.0
33026,Mexico,2020-04-11,273,Deaths,40.0,194.0
33027,Mexico,2020-04-12,296,Deaths,23.0,202.0
33028,Mexico,2020-04-13,332,Deaths,36.0,207.0
33029,Mexico,2020-04-14,406,Deaths,74.0,265.0
33030,Mexico,2020-04-15,449,Deaths,43.0,275.0
33031,Mexico,2020-04-16,486,Deaths,37.0,292.0
33032,Mexico,2020-04-17,546,Deaths,60.0,313.0
33033,Mexico,2020-04-18,650,Deaths,104.0,377.0
33034,Mexico,2020-04-19,686,Deaths,36.0,390.0
33035,Mexico,2020-04-20,712,Deaths,26.0,380.0
33036,Mexico,2020-04-21,857,Deaths,145.0,451.0
33037,Mexico,2020-04-22,970,Deaths,113.0,521.0
33038,Mexico,2020-04-23,1069,Deaths,99.0,583.0
33039,Mexico,2020-04-24,1221,Deaths,152.0,675.0
33040,Mexico,2020-04-25,1305,Deaths,84.0,655.0
33041,Mexico,2020-04-26,1351,Deaths,46.0,665.0
33042,Mexico,2020-04-27,1434,Deaths,83.0,722.0
33043,Mexico,2020-04-28,1569,Deaths,135.0,712.0
33044,Mexico,2020-04-29,1732,Deaths,163.0,762.0
33045,Mexico,2020-04-30,1859,Deaths,127.0,790.0
33046,Mexico,2020-05-01,1972,Deaths,113.0,751.0
33047,Mexico,2020-05-02,2061,Deaths,89.0,756.0
33048,Mexico,2020-05-03,2154,Deaths,93.0,803.0
33049,Mexico,2020-05-04,2271,Deaths,117.0,837.0
33050,Mexico,2020-05-05,2507,Deaths,236.0,938.0
33051,Mexico,2020-05-06,2704,Deaths,197.0,972.0
33052,Mexico,2020-05-07,2961,Deaths,257.0,1102.0
33053,Mexico,2020-05-08,3160,Deaths,199.0,1188.0
33054,Mexico,2020-05-09,3353,Deaths,193.0,1292.0
33055,Mexico,2020-05-10,3465,Deaths,112.0,1311.0
33056,Mexico,2020-05-11,3573,Deaths,108.0,1302.0
33057,Mexico,2020-05-12,3926,Deaths,353.0,1419.0
33058,Mexico,2020-05-13,4220,Deaths,294.0,1516.0
33059,Mexico,2020-05-14,4477,Deaths,257.0,1516.0
33060,Mexico,2020-05-15,4767,Deaths,290.0,1607.0
33061,Mexico,2020-05-16,5045,Deaths,278.0,1692.0
33062,Mexico,2020-05-17,5177,Deaths,132.0,1712.0
33063,Mexico,2020-05-18,5332,Deaths,155.0,1759.0
33064,Mexico,2020-05-19,5666,Deaths,334.0,1740.0
33065,Mexico,2020-05-20,6090,Deaths,424.0,1870.0
33066,Mexico,2020-05-21,6510,Deaths,420.0,2033.0
33067,Mexico,2020-05-22,6989,Deaths,479.0,2222.0
33068,Mexico,2020-05-23,7179,Deaths,190.0,2134.0
33069,Mexico,2020-05-24,7394,Deaths,215.0,2217.0
33070,Mexico,2020-05-25,7633,Deaths,239.0,2301.0
33071,Mexico,2020-05-26,8134,Deaths,501.0,2468.0
33072,Mexico,2020-05-27,8597,Deaths,463.0,2507.0
33073,Mexico,2020-05-28,9044,Deaths,447.0,2534.0
33074,Mexico,2020-05-29,9415,Deaths,371.0,2426.0
33075,Mexico,2020-05-30,9779,Deaths,364.0,2600.0
33076,Mexico,2020-05-31,9930,Deaths,151.0,2536.0
33077,Mexico,2020-06-01,10167,Deaths,237.0,2534.0
33078,Mexico,2020-06-02,10637,Deaths,470.0,2503.0
33079,Mexico,2020-06-03,11729,Deaths,1092.0,3132.0
33080,Mexico,2020-06-04,12545,Deaths,816.0,3501.0
33081,Mexico,2020-06-05,13170,Deaths,625.0,3755.0
33082,Mexico,2020-06-06,13511,Deaths,341.0,3732.0
33083,Mexico,2020-06-07,13699,Deaths,188.0,3769.0
33084,Mexico,2020-06-08,14053,Deaths,354.0,3886.0
33085,Mexico,2020-06-09,14649,Deaths,596.0,4012.0
33086,Mexico,2020-06-10,15357,Deaths,708.0,3628.0
33087,Mexico,2020-06-11,15944,Deaths,587.0,3399.0
33088,Mexico,2020-06-12,16448,Deaths,504.0,3278.0
33089,Mexico,2020-06-13,16872,Deaths,424.0,3361.0
33090,Mexico,2020-06-14,17141,Deaths,269.0,3442.0
33091,Mexico,2020-06-15,17580,Deaths,439.0,3527.0
33092,Mexico,2020-06-16,18310,Deaths,730.0,3661.0
33093,Mexico,2020-06-17,19080,Deaths,770.0,3723.0
33094,Mexico,2020-06-18,19747,Deaths,667.0,3803.0
33095,Mexico,2020-06-19,20394,Deaths,647.0,3946.0
33096,Mexico,2020-06-20,20781,Deaths,387.0,3909.0
33097,Mexico,2020-06-21,21825,Deaths,1044.0,4684.0
33098,Mexico,2020-06-22,22584,Deaths,759.0,5004.0
33099,Mexico,2020-06-23,23377,Deaths,793.0,5067.0
33100,Mexico,2020-06-24,24324,Deaths,947.0,5244.0
33101,Mexico,2020-06-25,25060,Deaths,736.0,5313.0
33102,Mexico,2020-06-26,25779,Deaths,719.0,5385.0
33103,Mexico,2020-06-27,26381,Deaths,602.0,5600.0
33104,Mexico,2020-06-28,26648,Deaths,267.0,4823.0
33105,Mexico,2020-06-29,27121,Deaths,473.0,4537.0
33106,Mexico,2020-06-30,27769,Deaths,648.0,4392.0
33107,Mexico,2020-07-01,28510,Deaths,741.0,4186.0
33108,Mexico,2020-07-02,29189,Deaths,679.0,4129.0
33109,Mexico,2020-07-03,29843,Deaths,654.0,4064.0
33110,Mexico,2020-07-04,30366,Deaths,523.0,3985.0
33111,Mexico,2020-07-05,30639,Deaths,273.0,3991.0
33112,Mexico,2020-07-06,31119,Deaths,480.0,3998.0
33113,Mexico,2020-07-07,32014,Deaths,895.0,4245.0
33114,Mexico,2020-07-08,32796,Deaths,782.0,4286.0
33115,Mexico,2020-07-09,33526,Deaths,730.0,4337.0
33116,Mexico,2020-07-10,34191,Deaths,665.0,4348.0
33117,Mexico,2020-07-11,34730,Deaths,539.0,4364.0
33118,Mexico,2020-07-12,35006,Deaths,276.0,4367.0
33119,Mexico,2020-07-13,35491,Deaths,485.0,4372.0
33120,Mexico,2020-07-14,36327,Deaths,836.0,4313.0
33121,Mexico,2020-07-15,36906,Deaths,579.0,4110.0
33122,Mexico,2020-07-16,37574,Deaths,668.0,4048.0
33123,Mexico,2020-07-17,38310,Deaths,736.0,4119.0
33124,Mexico,2020-07-18,38888,Deaths,578.0,4158.0
33125,Mexico,2020-07-19,39184,Deaths,296.0,4178.0
33126,Mexico,2020-07-20,39485,Deaths,301.0,3994.0
33127,Mexico,2020-07-21,40400,Deaths,915.0,4073.0
33128,Mexico,2020-07-22,41190,Deaths,790.0,4284.0
33129,Mexico,2020-07-23,41908,Deaths,718.0,4334.0
33130,Mexico,2020-07-24,42645,Deaths,737.0,4335.0
33131,Mexico,2020-07-25,43374,Deaths,729.0,4486.0
33132,Mexico,2020-07-26,43680,Deaths,306.0,4496.0
33133,Mexico,2020-07-27,44022,Deaths,342.0,4537.0
33134,Mexico,2020-07-28,44876,Deaths,854.0,4476.0
33135,Mexico,2020-07-29,45361,Deaths,485.0,4171.0
33136,Mexico,2020-07-30,46000,Deaths,639.0,4092.0
33137,Mexico,2020-07-31,46688,Deaths,688.0,4043.0
33138,Mexico,2020-08-01,47472,Deaths,784.0,4098.0
33139,Mexico,2020-08-02,47746,Deaths,274.0,4066.0
33140,Mexico,2020-08-03,48012,Deaths,266.0,3990.0
33141,Mexico,2020-08-04,48869,Deaths,857.0,3993.0
33142,Mexico,2020-08-05,49698,Deaths,829.0,4337.0
33143,Mexico,2020-08-06,50517,Deaths,819.0,4517.0
33144,Mexico,2020-08-07,51311,Deaths,794.0,4623.0
33145,Mexico,2020-08-08,52006,Deaths,695.0,4534.0
33146,Mexico,2020-08-09,52298,Deaths,292.0,4552.0
33147,Mexico,2020-08-10,53003,Deaths,705.0,4991.0
33148,Mexico,2020-08-11,53929,Deaths,926.0,5060.0
33149,Mexico,2020-08-12,54666,Deaths,737.0,4968.0
33150,Mexico,2020-08-13,55293,Deaths,627.0,4776.0
33151,Mexico,2020-08-14,55908,Deaths,615.0,4597.0
33152,Mexico,2020-08-15,56543,Deaths,635.0,4537.0
33153,Mexico,2020-08-16,56757,Deaths,214.0,4459.0
33154,Mexico,2020-08-17,57023,Deaths,266.0,4020.0
33155,Mexico,2020-08-18,57774,Deaths,751.0,3845.0
33156,Mexico,2020-08-19,58481,Deaths,707.0,3815.0
33157,Mexico,2020-08-20,59106,Deaths,625.0,3813.0
33158,Mexico,2020-08-21,59610,Deaths,504.0,3702.0
33159,Mexico,2020-08-22,60254,Deaths,644.0,3711.0
33160,Mexico,2020-08-23,60480,Deaths,226.0,3723.0
33161,Mexico,2020-08-24,60800,Deaths,320.0,3777.0
33162,Mexico,2020-08-25,61450,Deaths,650.0,3676.0
33163,Mexico,2020-08-26,62076,Deaths,626.0,3595.0
33164,Mexico,2020-08-27,62594,Deaths,518.0,3488.0
33165,Mexico,2020-08-28,63146,Deaths,552.0,3536.0
33166,Mexico,2020-08-29,63819,Deaths,673.0,3565.0
33167,Mexico,2020-08-30,64158,Deaths,339.0,3678.0
33168,Mexico,2020-08-31,64414,Deaths,256.0,3614.0
33169,Mexico,2020-09-01,65241,Deaths,827.0,3791.0
33170,Mexico,2020-09-02,65816,Deaths,575.0,3740.0
33171,Mexico,2020-09-03,66329,Deaths,513.0,3735.0
33172,Mexico,2020-09-04,66851,Deaths,522.0,3705.0
33173,Mexico,2020-09-05,67326,Deaths,475.0,3507.0
33174,Mexico,2020-09-06,67558,Deaths,232.0,3400.0
33175,Mexico,2020-09-07,67781,Deaths,223.0,3367.0
33176,Mexico,2020-09-08,68484,Deaths,703.0,3243.0
33177,Mexico,2020-09-09,69049,Deaths,565.0,3233.0
33178,Mexico,2020-09-10,69649,Deaths,600.0,3320.0
33179,Mexico,2020-09-11,70183,Deaths,534.0,3332.0
33180,Mexico,2020-09-12,70604,Deaths,421.0,3278.0
33181,Mexico,2020-09-13,70821,Deaths,217.0,3263.0
33182,Mexico,2020-09-14,71049,Deaths,228.0,3268.0
33183,Mexico,2020-09-15,71678,Deaths,629.0,3194.0
33184,Mexico,2020-09-16,71978,Deaths,300.0,2929.0
33185,Mexico,2020-09-17,72179,Deaths,201.0,2530.0
33186,Mexico,2020-09-18,72803,Deaths,624.0,2620.0
33187,Mexico,2020-09-19,73258,Deaths,455.0,2654.0
33188,Mexico,2020-09-20,73493,Deaths,235.0,2672.0
33189,Mexico,2020-09-21,73697,Deaths,204.0,2648.0
33190,Mexico,2020-09-22,74348,Deaths,651.0,2670.0
33191,Mexico,2020-09-23,74949,Deaths,601.0,2971.0
33192,Mexico,2020-09-24,75439,Deaths,490.0,3260.0
33193,Mexico,2020-09-25,75844,Deaths,405.0,3041.0
33194,Mexico,2020-09-26,76243,Deaths,399.0,2985.0
33195,Mexico,2020-09-27,76430,Deaths,187.0,2937.0
33196,Mexico,2020-09-28,76603,Deaths,173.0,2906.0
33197,Mexico,2020-09-29,77163,Deaths,560.0,2815.0
33198,Mexico,2020-09-30,77646,Deaths,483.0,2697.0
33199,Mexico,2020-10-01,78078,Deaths,432.0,2639.0
33200,Mexico,2020-10-02,78492,Deaths,414.0,2648.0
33201,Mexico,2020-10-03,78880,Deaths,388.0,2637.0
33202,Mexico,2020-10-04,79088,Deaths,208.0,2658.0
33203,Mexico,2020-10-05,81877,Deaths,2789.0,5274.0
33204,Mexico,2020-10-06,82348,Deaths,471.0,5185.0
33205,Mexico,2020-10-07,82726,Deaths,378.0,5080.0
33206,Mexico,2020-10-08,83096,Deaths,370.0,5018.0
33207,Mexico,2020-10-09,83497,Deaths,401.0,5005.0
33208,Mexico,2020-10-10,83642,Deaths,145.0,4762.0
33209,Mexico,2020-10-11,83781,Deaths,139.0,4693.0
33210,Mexico,2020-10-12,83945,Deaths,164.0,2068.0
33211,Mexico,2020-10-13,84420,Deaths,475.0,2072.0
33212,Mexico,2020-10-14,84898,Deaths,478.0,2172.0
33213,Mexico,2020-10-15,85285,Deaths,387.0,2189.0
33214,Mexico,2020-10-16,85704,Deaths,419.0,2207.0
33215,Mexico,2020-10-17,86059,Deaths,355.0,2417.0
33216,Mexico,2020-10-18,86167,Deaths,108.0,2386.0
33217,Mexico,2020-10-19,86338,Deaths,171.0,2393.0
33218,Mexico,2020-10-20,86893,Deaths,555.0,2473.0
33219,Mexico,2020-10-21,87415,Deaths,522.0,2517.0
33220,Mexico,2020-10-22,87415,Deaths,0.0,2130.0
33221,Mexico,2020-10-23,88312,Deaths,897.0,2608.0
33222,Mexico,2020-10-24,88743,Deaths,431.0,2684.0
33223,Mexico,2020-10-25,88924,Deaths,181.0,2757.0
33224,Mexico,2020-10-26,89171,Deaths,247.0,2833.0
33225,Mexico,2020-10-27,89814,Deaths,643.0,2921.0
33226,Mexico,2020-10-28,90309,Deaths,495.0,2894.0
33227,Mexico,2020-10-29,90773,Deaths,464.0,3358.0
33228,Mexico,2020-10-30,91289,Deaths,516.0,2977.0
33229,Mexico,2020-10-31,91753,Deaths,464.0,3010.0
33230,Mexico,2020-11-01,91895,Deaths,142.0,2971.0
33231,Mexico,2020-11-02,92100,Deaths,205.0,2929.0
33232,Mexico,2020-11-03,92593,Deaths,493.0,2779.0
33233,Mexico,2020-11-04,93228,Deaths,635.0,2919.0
33234,Mexico,2020-11-05,93772,Deaths,544.0,2999.0
33235,Moldova,2020-01-22,0,Deaths,,
33236,Moldova,2020-01-23,0,Deaths,0.0,
33237,Moldova,2020-01-24,0,Deaths,0.0,
33238,Moldova,2020-01-25,0,Deaths,0.0,
33239,Moldova,2020-01-26,0,Deaths,0.0,
33240,Moldova,2020-01-27,0,Deaths,0.0,
33241,Moldova,2020-01-28,0,Deaths,0.0,
33242,Moldova,2020-01-29,0,Deaths,0.0,0.0
33243,Moldova,2020-01-30,0,Deaths,0.0,0.0
33244,Moldova,2020-01-31,0,Deaths,0.0,0.0
33245,Moldova,2020-02-01,0,Deaths,0.0,0.0
33246,Moldova,2020-02-02,0,Deaths,0.0,0.0
33247,Moldova,2020-02-03,0,Deaths,0.0,0.0
33248,Moldova,2020-02-04,0,Deaths,0.0,0.0
33249,Moldova,2020-02-05,0,Deaths,0.0,0.0
33250,Moldova,2020-02-06,0,Deaths,0.0,0.0
33251,Moldova,2020-02-07,0,Deaths,0.0,0.0
33252,Moldova,2020-02-08,0,Deaths,0.0,0.0
33253,Moldova,2020-02-09,0,Deaths,0.0,0.0
33254,Moldova,2020-02-10,0,Deaths,0.0,0.0
33255,Moldova,2020-02-11,0,Deaths,0.0,0.0
33256,Moldova,2020-02-12,0,Deaths,0.0,0.0
33257,Moldova,2020-02-13,0,Deaths,0.0,0.0
33258,Moldova,2020-02-14,0,Deaths,0.0,0.0
33259,Moldova,2020-02-15,0,Deaths,0.0,0.0
33260,Moldova,2020-02-16,0,Deaths,0.0,0.0
33261,Moldova,2020-02-17,0,Deaths,0.0,0.0
33262,Moldova,2020-02-18,0,Deaths,0.0,0.0
33263,Moldova,2020-02-19,0,Deaths,0.0,0.0
33264,Moldova,2020-02-20,0,Deaths,0.0,0.0
33265,Moldova,2020-02-21,0,Deaths,0.0,0.0
33266,Moldova,2020-02-22,0,Deaths,0.0,0.0
33267,Moldova,2020-02-23,0,Deaths,0.0,0.0
33268,Moldova,2020-02-24,0,Deaths,0.0,0.0
33269,Moldova,2020-02-25,0,Deaths,0.0,0.0
33270,Moldova,2020-02-26,0,Deaths,0.0,0.0
33271,Moldova,2020-02-27,0,Deaths,0.0,0.0
33272,Moldova,2020-02-28,0,Deaths,0.0,0.0
33273,Moldova,2020-02-29,0,Deaths,0.0,0.0
33274,Moldova,2020-03-01,0,Deaths,0.0,0.0
33275,Moldova,2020-03-02,0,Deaths,0.0,0.0
33276,Moldova,2020-03-03,0,Deaths,0.0,0.0
33277,Moldova,2020-03-04,0,Deaths,0.0,0.0
33278,Moldova,2020-03-05,0,Deaths,0.0,0.0
33279,Moldova,2020-03-06,0,Deaths,0.0,0.0
33280,Moldova,2020-03-07,0,Deaths,0.0,0.0
33281,Moldova,2020-03-08,0,Deaths,0.0,0.0
33282,Moldova,2020-03-09,0,Deaths,0.0,0.0
33283,Moldova,2020-03-10,0,Deaths,0.0,0.0
33284,Moldova,2020-03-11,0,Deaths,0.0,0.0
33285,Moldova,2020-03-12,0,Deaths,0.0,0.0
33286,Moldova,2020-03-13,0,Deaths,0.0,0.0
33287,Moldova,2020-03-14,0,Deaths,0.0,0.0
33288,Moldova,2020-03-15,0,Deaths,0.0,0.0
33289,Moldova,2020-03-16,0,Deaths,0.0,0.0
33290,Moldova,2020-03-17,0,Deaths,0.0,0.0
33291,Moldova,2020-03-18,1,Deaths,1.0,1.0
33292,Moldova,2020-03-19,1,Deaths,0.0,1.0
33293,Moldova,2020-03-20,1,Deaths,0.0,1.0
33294,Moldova,2020-03-21,1,Deaths,0.0,1.0
33295,Moldova,2020-03-22,1,Deaths,0.0,1.0
33296,Moldova,2020-03-23,1,Deaths,0.0,1.0
33297,Moldova,2020-03-24,1,Deaths,0.0,1.0
33298,Moldova,2020-03-25,1,Deaths,0.0,0.0
33299,Moldova,2020-03-26,1,Deaths,0.0,0.0
33300,Moldova,2020-03-27,2,Deaths,1.0,1.0
33301,Moldova,2020-03-28,2,Deaths,0.0,1.0
33302,Moldova,2020-03-29,2,Deaths,0.0,1.0
33303,Moldova,2020-03-30,2,Deaths,0.0,1.0
33304,Moldova,2020-03-31,4,Deaths,2.0,3.0
33305,Moldova,2020-04-01,5,Deaths,1.0,4.0
33306,Moldova,2020-04-02,6,Deaths,1.0,5.0
33307,Moldova,2020-04-03,8,Deaths,2.0,6.0
33308,Moldova,2020-04-04,12,Deaths,4.0,10.0
33309,Moldova,2020-04-05,15,Deaths,3.0,13.0
33310,Moldova,2020-04-06,19,Deaths,4.0,17.0
33311,Moldova,2020-04-07,22,Deaths,3.0,18.0
33312,Moldova,2020-04-08,27,Deaths,5.0,22.0
33313,Moldova,2020-04-09,29,Deaths,2.0,23.0
33314,Moldova,2020-04-10,29,Deaths,0.0,21.0
33315,Moldova,2020-04-11,30,Deaths,1.0,18.0
33316,Moldova,2020-04-12,31,Deaths,1.0,16.0
33317,Moldova,2020-04-13,35,Deaths,4.0,16.0
33318,Moldova,2020-04-14,40,Deaths,5.0,18.0
33319,Moldova,2020-04-15,46,Deaths,6.0,19.0
33320,Moldova,2020-04-16,54,Deaths,8.0,25.0
33321,Moldova,2020-04-17,56,Deaths,2.0,27.0
33322,Moldova,2020-04-18,57,Deaths,1.0,27.0
33323,Moldova,2020-04-19,67,Deaths,10.0,36.0
33324,Moldova,2020-04-20,70,Deaths,3.0,35.0
33325,Moldova,2020-04-21,72,Deaths,2.0,32.0
33326,Moldova,2020-04-22,75,Deaths,3.0,29.0
33327,Moldova,2020-04-23,80,Deaths,5.0,26.0
33328,Moldova,2020-04-24,84,Deaths,4.0,28.0
33329,Moldova,2020-04-25,94,Deaths,10.0,37.0
33330,Moldova,2020-04-26,96,Deaths,2.0,29.0
33331,Moldova,2020-04-27,102,Deaths,6.0,32.0
33332,Moldova,2020-04-28,103,Deaths,1.0,31.0
33333,Moldova,2020-04-29,111,Deaths,8.0,36.0
33334,Moldova,2020-04-30,116,Deaths,5.0,36.0
33335,Moldova,2020-05-01,122,Deaths,6.0,38.0
33336,Moldova,2020-05-02,124,Deaths,2.0,30.0
33337,Moldova,2020-05-03,125,Deaths,1.0,29.0
33338,Moldova,2020-05-04,132,Deaths,7.0,30.0
33339,Moldova,2020-05-05,136,Deaths,4.0,33.0
33340,Moldova,2020-05-06,143,Deaths,7.0,32.0
33341,Moldova,2020-05-07,145,Deaths,2.0,29.0
33342,Moldova,2020-05-08,150,Deaths,5.0,28.0
33343,Moldova,2020-05-09,161,Deaths,11.0,37.0
33344,Moldova,2020-05-10,169,Deaths,8.0,44.0
33345,Moldova,2020-05-11,175,Deaths,6.0,43.0
33346,Moldova,2020-05-12,182,Deaths,7.0,46.0
33347,Moldova,2020-05-13,185,Deaths,3.0,42.0
33348,Moldova,2020-05-14,194,Deaths,9.0,49.0
33349,Moldova,2020-05-15,202,Deaths,8.0,52.0
33350,Moldova,2020-05-16,207,Deaths,5.0,46.0
33351,Moldova,2020-05-17,211,Deaths,4.0,42.0
33352,Moldova,2020-05-18,217,Deaths,6.0,42.0
33353,Moldova,2020-05-19,221,Deaths,4.0,39.0
33354,Moldova,2020-05-20,228,Deaths,7.0,43.0
33355,Moldova,2020-05-21,233,Deaths,5.0,39.0
33356,Moldova,2020-05-22,237,Deaths,4.0,35.0
33357,Moldova,2020-05-23,242,Deaths,5.0,35.0
33358,Moldova,2020-05-24,250,Deaths,8.0,39.0
33359,Moldova,2020-05-25,261,Deaths,11.0,44.0
33360,Moldova,2020-05-26,267,Deaths,6.0,46.0
33361,Moldova,2020-05-27,274,Deaths,7.0,46.0
33362,Moldova,2020-05-28,282,Deaths,8.0,49.0
33363,Moldova,2020-05-29,288,Deaths,6.0,51.0
33364,Moldova,2020-05-30,291,Deaths,3.0,49.0
33365,Moldova,2020-05-31,295,Deaths,4.0,45.0
33366,Moldova,2020-06-01,305,Deaths,10.0,44.0
33367,Moldova,2020-06-02,307,Deaths,2.0,40.0
33368,Moldova,2020-06-03,310,Deaths,3.0,36.0
33369,Moldova,2020-06-04,315,Deaths,5.0,33.0
33370,Moldova,2020-06-05,323,Deaths,8.0,35.0
33371,Moldova,2020-06-06,331,Deaths,8.0,40.0
33372,Moldova,2020-06-07,341,Deaths,10.0,46.0
33373,Moldova,2020-06-08,353,Deaths,12.0,48.0
33374,Moldova,2020-06-09,365,Deaths,12.0,58.0
33375,Moldova,2020-06-10,371,Deaths,6.0,61.0
33376,Moldova,2020-06-11,375,Deaths,4.0,60.0
33377,Moldova,2020-06-12,385,Deaths,10.0,62.0
33378,Moldova,2020-06-13,398,Deaths,13.0,67.0
33379,Moldova,2020-06-14,406,Deaths,8.0,65.0
33380,Moldova,2020-06-15,411,Deaths,5.0,58.0
33381,Moldova,2020-06-16,423,Deaths,12.0,58.0
33382,Moldova,2020-06-17,433,Deaths,10.0,62.0
33383,Moldova,2020-06-18,444,Deaths,11.0,69.0
33384,Moldova,2020-06-19,450,Deaths,6.0,65.0
33385,Moldova,2020-06-20,464,Deaths,14.0,66.0
33386,Moldova,2020-06-21,473,Deaths,9.0,67.0
33387,Moldova,2020-06-22,480,Deaths,7.0,69.0
33388,Moldova,2020-06-23,490,Deaths,10.0,67.0
33389,Moldova,2020-06-24,495,Deaths,5.0,62.0
33390,Moldova,2020-06-25,502,Deaths,7.0,58.0
33391,Moldova,2020-06-26,515,Deaths,13.0,65.0
33392,Moldova,2020-06-27,521,Deaths,6.0,57.0
33393,Moldova,2020-06-28,530,Deaths,9.0,57.0
33394,Moldova,2020-06-29,536,Deaths,6.0,56.0
33395,Moldova,2020-06-30,545,Deaths,9.0,55.0
33396,Moldova,2020-07-01,549,Deaths,4.0,54.0
33397,Moldova,2020-07-02,560,Deaths,11.0,58.0
33398,Moldova,2020-07-03,572,Deaths,12.0,57.0
33399,Moldova,2020-07-04,580,Deaths,8.0,59.0
33400,Moldova,2020-07-05,585,Deaths,5.0,55.0
33401,Moldova,2020-07-06,592,Deaths,7.0,56.0
33402,Moldova,2020-07-07,603,Deaths,11.0,58.0
33403,Moldova,2020-07-08,614,Deaths,11.0,65.0
33404,Moldova,2020-07-09,624,Deaths,10.0,64.0
33405,Moldova,2020-07-10,635,Deaths,11.0,63.0
33406,Moldova,2020-07-11,640,Deaths,5.0,60.0
33407,Moldova,2020-07-12,642,Deaths,2.0,57.0
33408,Moldova,2020-07-13,649,Deaths,7.0,57.0
33409,Moldova,2020-07-14,655,Deaths,6.0,52.0
33410,Moldova,2020-07-15,659,Deaths,4.0,45.0
33411,Moldova,2020-07-16,666,Deaths,7.0,42.0
33412,Moldova,2020-07-17,675,Deaths,9.0,40.0
33413,Moldova,2020-07-18,680,Deaths,5.0,40.0
33414,Moldova,2020-07-19,684,Deaths,4.0,42.0
33415,Moldova,2020-07-20,695,Deaths,11.0,46.0
33416,Moldova,2020-07-21,707,Deaths,12.0,52.0
33417,Moldova,2020-07-22,712,Deaths,5.0,53.0
33418,Moldova,2020-07-23,719,Deaths,7.0,53.0
33419,Moldova,2020-07-24,726,Deaths,7.0,51.0
33420,Moldova,2020-07-25,732,Deaths,6.0,52.0
33421,Moldova,2020-07-26,735,Deaths,3.0,51.0
33422,Moldova,2020-07-27,748,Deaths,13.0,53.0
33423,Moldova,2020-07-28,753,Deaths,5.0,46.0
33424,Moldova,2020-07-29,759,Deaths,6.0,47.0
33425,Moldova,2020-07-30,771,Deaths,12.0,52.0
33426,Moldova,2020-07-31,778,Deaths,7.0,52.0
33427,Moldova,2020-08-01,788,Deaths,10.0,56.0
33428,Moldova,2020-08-02,791,Deaths,3.0,56.0
33429,Moldova,2020-08-03,800,Deaths,9.0,52.0
33430,Moldova,2020-08-04,810,Deaths,10.0,57.0
33431,Moldova,2020-08-05,823,Deaths,13.0,64.0
33432,Moldova,2020-08-06,828,Deaths,5.0,57.0
33433,Moldova,2020-08-07,835,Deaths,7.0,57.0
33434,Moldova,2020-08-08,841,Deaths,6.0,53.0
33435,Moldova,2020-08-09,845,Deaths,4.0,54.0
33436,Moldova,2020-08-10,850,Deaths,5.0,50.0
33437,Moldova,2020-08-11,857,Deaths,7.0,47.0
33438,Moldova,2020-08-12,863,Deaths,6.0,40.0
33439,Moldova,2020-08-13,878,Deaths,15.0,50.0
33440,Moldova,2020-08-14,884,Deaths,6.0,49.0
33441,Moldova,2020-08-15,895,Deaths,11.0,54.0
33442,Moldova,2020-08-16,896,Deaths,1.0,51.0
33443,Moldova,2020-08-17,908,Deaths,12.0,58.0
33444,Moldova,2020-08-18,908,Deaths,0.0,51.0
33445,Moldova,2020-08-19,914,Deaths,6.0,51.0
33446,Moldova,2020-08-20,921,Deaths,7.0,43.0
33447,Moldova,2020-08-21,929,Deaths,8.0,45.0
33448,Moldova,2020-08-22,935,Deaths,6.0,40.0
33449,Moldova,2020-08-23,940,Deaths,5.0,44.0
33450,Moldova,2020-08-24,945,Deaths,5.0,37.0
33451,Moldova,2020-08-25,960,Deaths,15.0,52.0
33452,Moldova,2020-08-26,967,Deaths,7.0,53.0
33453,Moldova,2020-08-27,977,Deaths,10.0,56.0
33454,Moldova,2020-08-28,981,Deaths,4.0,52.0
33455,Moldova,2020-08-29,990,Deaths,9.0,55.0
33456,Moldova,2020-08-30,992,Deaths,2.0,52.0
33457,Moldova,2020-08-31,995,Deaths,3.0,50.0
33458,Moldova,2020-09-01,1008,Deaths,13.0,48.0
33459,Moldova,2020-09-02,1024,Deaths,16.0,57.0
33460,Moldova,2020-09-03,1036,Deaths,12.0,59.0
33461,Moldova,2020-09-04,1047,Deaths,11.0,66.0
33462,Moldova,2020-09-05,1063,Deaths,16.0,73.0
33463,Moldova,2020-09-06,1063,Deaths,0.0,71.0
33464,Moldova,2020-09-07,1074,Deaths,11.0,79.0
33465,Moldova,2020-09-08,1087,Deaths,13.0,79.0
33466,Moldova,2020-09-09,1096,Deaths,9.0,72.0
33467,Moldova,2020-09-10,1106,Deaths,10.0,70.0
33468,Moldova,2020-09-11,1114,Deaths,8.0,67.0
33469,Moldova,2020-09-12,1117,Deaths,3.0,54.0
33470,Moldova,2020-09-13,1123,Deaths,6.0,60.0
33471,Moldova,2020-09-14,1129,Deaths,6.0,55.0
33472,Moldova,2020-09-15,1143,Deaths,14.0,56.0
33473,Moldova,2020-09-16,1159,Deaths,16.0,63.0
33474,Moldova,2020-09-17,1170,Deaths,11.0,64.0
33475,Moldova,2020-09-18,1186,Deaths,16.0,72.0
33476,Moldova,2020-09-19,1201,Deaths,15.0,84.0
33477,Moldova,2020-09-20,1203,Deaths,2.0,80.0
33478,Moldova,2020-09-21,1211,Deaths,8.0,82.0
33479,Moldova,2020-09-22,1230,Deaths,19.0,87.0
33480,Moldova,2020-09-23,1244,Deaths,14.0,85.0
33481,Moldova,2020-09-24,1252,Deaths,8.0,82.0
33482,Moldova,2020-09-25,1264,Deaths,12.0,78.0
33483,Moldova,2020-09-26,1279,Deaths,15.0,78.0
33484,Moldova,2020-09-27,1287,Deaths,8.0,84.0
33485,Moldova,2020-09-28,1301,Deaths,14.0,90.0
33486,Moldova,2020-09-29,1310,Deaths,9.0,80.0
33487,Moldova,2020-09-30,1320,Deaths,10.0,76.0
33488,Moldova,2020-10-01,1336,Deaths,16.0,84.0
33489,Moldova,2020-10-02,1344,Deaths,8.0,80.0
33490,Moldova,2020-10-03,1353,Deaths,9.0,74.0
33491,Moldova,2020-10-04,1366,Deaths,13.0,79.0
33492,Moldova,2020-10-05,1375,Deaths,9.0,74.0
33493,Moldova,2020-10-06,1389,Deaths,14.0,79.0
33494,Moldova,2020-10-07,1406,Deaths,17.0,86.0
33495,Moldova,2020-10-08,1424,Deaths,18.0,88.0
33496,Moldova,2020-10-09,1442,Deaths,18.0,98.0
33497,Moldova,2020-10-10,1458,Deaths,16.0,105.0
33498,Moldova,2020-10-11,1461,Deaths,3.0,95.0
33499,Moldova,2020-10-12,1478,Deaths,17.0,103.0
33500,Moldova,2020-10-13,1495,Deaths,17.0,106.0
33501,Moldova,2020-10-14,1514,Deaths,19.0,108.0
33502,Moldova,2020-10-15,1530,Deaths,16.0,106.0
33503,Moldova,2020-10-16,1549,Deaths,19.0,107.0
33504,Moldova,2020-10-17,1569,Deaths,20.0,111.0
33505,Moldova,2020-10-18,1584,Deaths,15.0,123.0
33506,Moldova,2020-10-19,1600,Deaths,16.0,122.0
33507,Moldova,2020-10-20,1617,Deaths,17.0,122.0
33508,Moldova,2020-10-21,1630,Deaths,13.0,116.0
33509,Moldova,2020-10-22,1641,Deaths,11.0,111.0
33510,Moldova,2020-10-23,1654,Deaths,13.0,105.0
33511,Moldova,2020-10-24,1669,Deaths,15.0,100.0
33512,Moldova,2020-10-25,1685,Deaths,16.0,101.0
33513,Moldova,2020-10-26,1700,Deaths,15.0,100.0
33514,Moldova,2020-10-27,1710,Deaths,10.0,93.0
33515,Moldova,2020-10-28,1729,Deaths,19.0,99.0
33516,Moldova,2020-10-29,1747,Deaths,18.0,106.0
33517,Moldova,2020-10-30,1766,Deaths,19.0,112.0
33518,Moldova,2020-10-31,1785,Deaths,19.0,116.0
33519,Moldova,2020-11-01,1800,Deaths,15.0,115.0
33520,Moldova,2020-11-02,1818,Deaths,18.0,118.0
33521,Moldova,2020-11-03,1838,Deaths,20.0,128.0
33522,Moldova,2020-11-04,1851,Deaths,13.0,122.0
33523,Moldova,2020-11-05,1866,Deaths,15.0,119.0
33524,Monaco,2020-01-22,0,Deaths,,
33525,Monaco,2020-01-23,0,Deaths,0.0,
33526,Monaco,2020-01-24,0,Deaths,0.0,
33527,Monaco,2020-01-25,0,Deaths,0.0,
33528,Monaco,2020-01-26,0,Deaths,0.0,
33529,Monaco,2020-01-27,0,Deaths,0.0,
33530,Monaco,2020-01-28,0,Deaths,0.0,
33531,Monaco,2020-01-29,0,Deaths,0.0,0.0
33532,Monaco,2020-01-30,0,Deaths,0.0,0.0
33533,Monaco,2020-01-31,0,Deaths,0.0,0.0
33534,Monaco,2020-02-01,0,Deaths,0.0,0.0
33535,Monaco,2020-02-02,0,Deaths,0.0,0.0
33536,Monaco,2020-02-03,0,Deaths,0.0,0.0
33537,Monaco,2020-02-04,0,Deaths,0.0,0.0
33538,Monaco,2020-02-05,0,Deaths,0.0,0.0
33539,Monaco,2020-02-06,0,Deaths,0.0,0.0
33540,Monaco,2020-02-07,0,Deaths,0.0,0.0
33541,Monaco,2020-02-08,0,Deaths,0.0,0.0
33542,Monaco,2020-02-09,0,Deaths,0.0,0.0
33543,Monaco,2020-02-10,0,Deaths,0.0,0.0
33544,Monaco,2020-02-11,0,Deaths,0.0,0.0
33545,Monaco,2020-02-12,0,Deaths,0.0,0.0
33546,Monaco,2020-02-13,0,Deaths,0.0,0.0
33547,Monaco,2020-02-14,0,Deaths,0.0,0.0
33548,Monaco,2020-02-15,0,Deaths,0.0,0.0
33549,Monaco,2020-02-16,0,Deaths,0.0,0.0
33550,Monaco,2020-02-17,0,Deaths,0.0,0.0
33551,Monaco,2020-02-18,0,Deaths,0.0,0.0
33552,Monaco,2020-02-19,0,Deaths,0.0,0.0
33553,Monaco,2020-02-20,0,Deaths,0.0,0.0
33554,Monaco,2020-02-21,0,Deaths,0.0,0.0
33555,Monaco,2020-02-22,0,Deaths,0.0,0.0
33556,Monaco,2020-02-23,0,Deaths,0.0,0.0
33557,Monaco,2020-02-24,0,Deaths,0.0,0.0
33558,Monaco,2020-02-25,0,Deaths,0.0,0.0
33559,Monaco,2020-02-26,0,Deaths,0.0,0.0
33560,Monaco,2020-02-27,0,Deaths,0.0,0.0
33561,Monaco,2020-02-28,0,Deaths,0.0,0.0
33562,Monaco,2020-02-29,0,Deaths,0.0,0.0
33563,Monaco,2020-03-01,0,Deaths,0.0,0.0
33564,Monaco,2020-03-02,0,Deaths,0.0,0.0
33565,Monaco,2020-03-03,0,Deaths,0.0,0.0
33566,Monaco,2020-03-04,0,Deaths,0.0,0.0
33567,Monaco,2020-03-05,0,Deaths,0.0,0.0
33568,Monaco,2020-03-06,0,Deaths,0.0,0.0
33569,Monaco,2020-03-07,0,Deaths,0.0,0.0
33570,Monaco,2020-03-08,0,Deaths,0.0,0.0
33571,Monaco,2020-03-09,0,Deaths,0.0,0.0
33572,Monaco,2020-03-10,0,Deaths,0.0,0.0
33573,Monaco,2020-03-11,0,Deaths,0.0,0.0
33574,Monaco,2020-03-12,0,Deaths,0.0,0.0
33575,Monaco,2020-03-13,0,Deaths,0.0,0.0
33576,Monaco,2020-03-14,0,Deaths,0.0,0.0
33577,Monaco,2020-03-15,0,Deaths,0.0,0.0
33578,Monaco,2020-03-16,0,Deaths,0.0,0.0
33579,Monaco,2020-03-17,0,Deaths,0.0,0.0
33580,Monaco,2020-03-18,0,Deaths,0.0,0.0
33581,Monaco,2020-03-19,0,Deaths,0.0,0.0
33582,Monaco,2020-03-20,0,Deaths,0.0,0.0
33583,Monaco,2020-03-21,0,Deaths,0.0,0.0
33584,Monaco,2020-03-22,0,Deaths,0.0,0.0
33585,Monaco,2020-03-23,0,Deaths,0.0,0.0
33586,Monaco,2020-03-24,0,Deaths,0.0,0.0
33587,Monaco,2020-03-25,0,Deaths,0.0,0.0
33588,Monaco,2020-03-26,0,Deaths,0.0,0.0
33589,Monaco,2020-03-27,0,Deaths,0.0,0.0
33590,Monaco,2020-03-28,0,Deaths,0.0,0.0
33591,Monaco,2020-03-29,1,Deaths,1.0,1.0
33592,Monaco,2020-03-30,1,Deaths,0.0,1.0
33593,Monaco,2020-03-31,1,Deaths,0.0,1.0
33594,Monaco,2020-04-01,1,Deaths,0.0,1.0
33595,Monaco,2020-04-02,1,Deaths,0.0,1.0
33596,Monaco,2020-04-03,1,Deaths,0.0,1.0
33597,Monaco,2020-04-04,1,Deaths,0.0,1.0
33598,Monaco,2020-04-05,1,Deaths,0.0,0.0
33599,Monaco,2020-04-06,1,Deaths,0.0,0.0
33600,Monaco,2020-04-07,1,Deaths,0.0,0.0
33601,Monaco,2020-04-08,1,Deaths,0.0,0.0
33602,Monaco,2020-04-09,1,Deaths,0.0,0.0
33603,Monaco,2020-04-10,1,Deaths,0.0,0.0
33604,Monaco,2020-04-11,1,Deaths,0.0,0.0
33605,Monaco,2020-04-12,1,Deaths,0.0,0.0
33606,Monaco,2020-04-13,1,Deaths,0.0,0.0
33607,Monaco,2020-04-14,1,Deaths,0.0,0.0
33608,Monaco,2020-04-15,3,Deaths,2.0,2.0
33609,Monaco,2020-04-16,3,Deaths,0.0,2.0
33610,Monaco,2020-04-17,3,Deaths,0.0,2.0
33611,Monaco,2020-04-18,3,Deaths,0.0,2.0
33612,Monaco,2020-04-19,3,Deaths,0.0,2.0
33613,Monaco,2020-04-20,3,Deaths,0.0,2.0
33614,Monaco,2020-04-21,3,Deaths,0.0,2.0
33615,Monaco,2020-04-22,3,Deaths,0.0,0.0
33616,Monaco,2020-04-23,4,Deaths,1.0,1.0
33617,Monaco,2020-04-24,4,Deaths,0.0,1.0
33618,Monaco,2020-04-25,4,Deaths,0.0,1.0
33619,Monaco,2020-04-26,4,Deaths,0.0,1.0
33620,Monaco,2020-04-27,4,Deaths,0.0,1.0
33621,Monaco,2020-04-28,4,Deaths,0.0,1.0
33622,Monaco,2020-04-29,4,Deaths,0.0,1.0
33623,Monaco,2020-04-30,4,Deaths,0.0,0.0
33624,Monaco,2020-05-01,4,Deaths,0.0,0.0
33625,Monaco,2020-05-02,4,Deaths,0.0,0.0
33626,Monaco,2020-05-03,4,Deaths,0.0,0.0
33627,Monaco,2020-05-04,4,Deaths,0.0,0.0
33628,Monaco,2020-05-05,4,Deaths,0.0,0.0
33629,Monaco,2020-05-06,4,Deaths,0.0,0.0
33630,Monaco,2020-05-07,4,Deaths,0.0,0.0
33631,Monaco,2020-05-08,4,Deaths,0.0,0.0
33632,Monaco,2020-05-09,4,Deaths,0.0,0.0
33633,Monaco,2020-05-10,4,Deaths,0.0,0.0
33634,Monaco,2020-05-11,4,Deaths,0.0,0.0
33635,Monaco,2020-05-12,4,Deaths,0.0,0.0
33636,Monaco,2020-05-13,4,Deaths,0.0,0.0
33637,Monaco,2020-05-14,4,Deaths,0.0,0.0
33638,Monaco,2020-05-15,4,Deaths,0.0,0.0
33639,Monaco,2020-05-16,4,Deaths,0.0,0.0
33640,Monaco,2020-05-17,4,Deaths,0.0,0.0
33641,Monaco,2020-05-18,4,Deaths,0.0,0.0
33642,Monaco,2020-05-19,4,Deaths,0.0,0.0
33643,Monaco,2020-05-20,4,Deaths,0.0,0.0
33644,Monaco,2020-05-21,4,Deaths,0.0,0.0
33645,Monaco,2020-05-22,4,Deaths,0.0,0.0
33646,Monaco,2020-05-23,4,Deaths,0.0,0.0
33647,Monaco,2020-05-24,4,Deaths,0.0,0.0
33648,Monaco,2020-05-25,4,Deaths,0.0,0.0
33649,Monaco,2020-05-26,4,Deaths,0.0,0.0
33650,Monaco,2020-05-27,4,Deaths,0.0,0.0
33651,Monaco,2020-05-28,4,Deaths,0.0,0.0
33652,Monaco,2020-05-29,4,Deaths,0.0,0.0
33653,Monaco,2020-05-30,4,Deaths,0.0,0.0
33654,Monaco,2020-05-31,4,Deaths,0.0,0.0
33655,Monaco,2020-06-01,4,Deaths,0.0,0.0
33656,Monaco,2020-06-02,4,Deaths,0.0,0.0
33657,Monaco,2020-06-03,4,Deaths,0.0,0.0
33658,Monaco,2020-06-04,4,Deaths,0.0,0.0
33659,Monaco,2020-06-05,4,Deaths,0.0,0.0
33660,Monaco,2020-06-06,4,Deaths,0.0,0.0
33661,Monaco,2020-06-07,4,Deaths,0.0,0.0
33662,Monaco,2020-06-08,4,Deaths,0.0,0.0
33663,Monaco,2020-06-09,4,Deaths,0.0,0.0
33664,Monaco,2020-06-10,4,Deaths,0.0,0.0
33665,Monaco,2020-06-11,4,Deaths,0.0,0.0
33666,Monaco,2020-06-12,4,Deaths,0.0,0.0
33667,Monaco,2020-06-13,4,Deaths,0.0,0.0
33668,Monaco,2020-06-14,4,Deaths,0.0,0.0
33669,Monaco,2020-06-15,4,Deaths,0.0,0.0
33670,Monaco,2020-06-16,4,Deaths,0.0,0.0
33671,Monaco,2020-06-17,4,Deaths,0.0,0.0
33672,Monaco,2020-06-18,4,Deaths,0.0,0.0
33673,Monaco,2020-06-19,4,Deaths,0.0,0.0
33674,Monaco,2020-06-20,4,Deaths,0.0,0.0
33675,Monaco,2020-06-21,4,Deaths,0.0,0.0
33676,Monaco,2020-06-22,4,Deaths,0.0,0.0
33677,Monaco,2020-06-23,4,Deaths,0.0,0.0
33678,Monaco,2020-06-24,4,Deaths,0.0,0.0
33679,Monaco,2020-06-25,4,Deaths,0.0,0.0
33680,Monaco,2020-06-26,4,Deaths,0.0,0.0
33681,Monaco,2020-06-27,4,Deaths,0.0,0.0
33682,Monaco,2020-06-28,4,Deaths,0.0,0.0
33683,Monaco,2020-06-29,4,Deaths,0.0,0.0
33684,Monaco,2020-06-30,4,Deaths,0.0,0.0
33685,Monaco,2020-07-01,4,Deaths,0.0,0.0
33686,Monaco,2020-07-02,4,Deaths,0.0,0.0
33687,Monaco,2020-07-03,4,Deaths,0.0,0.0
33688,Monaco,2020-07-04,4,Deaths,0.0,0.0
33689,Monaco,2020-07-05,4,Deaths,0.0,0.0
33690,Monaco,2020-07-06,4,Deaths,0.0,0.0
33691,Monaco,2020-07-07,4,Deaths,0.0,0.0
33692,Monaco,2020-07-08,4,Deaths,0.0,0.0
33693,Monaco,2020-07-09,4,Deaths,0.0,0.0
33694,Monaco,2020-07-10,4,Deaths,0.0,0.0
33695,Monaco,2020-07-11,4,Deaths,0.0,0.0
33696,Monaco,2020-07-12,4,Deaths,0.0,0.0
33697,Monaco,2020-07-13,4,Deaths,0.0,0.0
33698,Monaco,2020-07-14,4,Deaths,0.0,0.0
33699,Monaco,2020-07-15,4,Deaths,0.0,0.0
33700,Monaco,2020-07-16,4,Deaths,0.0,0.0
33701,Monaco,2020-07-17,4,Deaths,0.0,0.0
33702,Monaco,2020-07-18,4,Deaths,0.0,0.0
33703,Monaco,2020-07-19,4,Deaths,0.0,0.0
33704,Monaco,2020-07-20,4,Deaths,0.0,0.0
33705,Monaco,2020-07-21,4,Deaths,0.0,0.0
33706,Monaco,2020-07-22,4,Deaths,0.0,0.0
33707,Monaco,2020-07-23,4,Deaths,0.0,0.0
33708,Monaco,2020-07-24,4,Deaths,0.0,0.0
33709,Monaco,2020-07-25,4,Deaths,0.0,0.0
33710,Monaco,2020-07-26,4,Deaths,0.0,0.0
33711,Monaco,2020-07-27,4,Deaths,0.0,0.0
33712,Monaco,2020-07-28,4,Deaths,0.0,0.0
33713,Monaco,2020-07-29,4,Deaths,0.0,0.0
33714,Monaco,2020-07-30,4,Deaths,0.0,0.0
33715,Monaco,2020-07-31,4,Deaths,0.0,0.0
33716,Monaco,2020-08-01,4,Deaths,0.0,0.0
33717,Monaco,2020-08-02,4,Deaths,0.0,0.0
33718,Monaco,2020-08-03,4,Deaths,0.0,0.0
33719,Monaco,2020-08-04,4,Deaths,0.0,0.0
33720,Monaco,2020-08-05,4,Deaths,0.0,0.0
33721,Monaco,2020-08-06,4,Deaths,0.0,0.0
33722,Monaco,2020-08-07,4,Deaths,0.0,0.0
33723,Monaco,2020-08-08,4,Deaths,0.0,0.0
33724,Monaco,2020-08-09,4,Deaths,0.0,0.0
33725,Monaco,2020-08-10,4,Deaths,0.0,0.0
33726,Monaco,2020-08-11,4,Deaths,0.0,0.0
33727,Monaco,2020-08-12,4,Deaths,0.0,0.0
33728,Monaco,2020-08-13,4,Deaths,0.0,0.0
33729,Monaco,2020-08-14,4,Deaths,0.0,0.0
33730,Monaco,2020-08-15,4,Deaths,0.0,0.0
33731,Monaco,2020-08-16,4,Deaths,0.0,0.0
33732,Monaco,2020-08-17,4,Deaths,0.0,0.0
33733,Monaco,2020-08-18,4,Deaths,0.0,0.0
33734,Monaco,2020-08-19,4,Deaths,0.0,0.0
33735,Monaco,2020-08-20,4,Deaths,0.0,0.0
33736,Monaco,2020-08-21,4,Deaths,0.0,0.0
33737,Monaco,2020-08-22,4,Deaths,0.0,0.0
33738,Monaco,2020-08-23,4,Deaths,0.0,0.0
33739,Monaco,2020-08-24,4,Deaths,0.0,0.0
33740,Monaco,2020-08-25,4,Deaths,0.0,0.0
33741,Monaco,2020-08-26,4,Deaths,0.0,0.0
33742,Monaco,2020-08-27,4,Deaths,0.0,0.0
33743,Monaco,2020-08-28,4,Deaths,0.0,0.0
33744,Monaco,2020-08-29,4,Deaths,0.0,0.0
33745,Monaco,2020-08-30,4,Deaths,0.0,0.0
33746,Monaco,2020-08-31,4,Deaths,0.0,0.0
33747,Monaco,2020-09-01,4,Deaths,0.0,0.0
33748,Monaco,2020-09-02,1,Deaths,-3.0,-3.0
33749,Monaco,2020-09-03,1,Deaths,0.0,-3.0
33750,Monaco,2020-09-04,1,Deaths,0.0,-3.0
33751,Monaco,2020-09-05,1,Deaths,0.0,-3.0
33752,Monaco,2020-09-06,1,Deaths,0.0,-3.0
33753,Monaco,2020-09-07,1,Deaths,0.0,-3.0
33754,Monaco,2020-09-08,1,Deaths,0.0,-3.0
33755,Monaco,2020-09-09,1,Deaths,0.0,0.0
33756,Monaco,2020-09-10,1,Deaths,0.0,0.0
33757,Monaco,2020-09-11,1,Deaths,0.0,0.0
33758,Monaco,2020-09-12,1,Deaths,0.0,0.0
33759,Monaco,2020-09-13,1,Deaths,0.0,0.0
33760,Monaco,2020-09-14,1,Deaths,0.0,0.0
33761,Monaco,2020-09-15,1,Deaths,0.0,0.0
33762,Monaco,2020-09-16,1,Deaths,0.0,0.0
33763,Monaco,2020-09-17,1,Deaths,0.0,0.0
33764,Monaco,2020-09-18,1,Deaths,0.0,0.0
33765,Monaco,2020-09-19,1,Deaths,0.0,0.0
33766,Monaco,2020-09-20,1,Deaths,0.0,0.0
33767,Monaco,2020-09-21,1,Deaths,0.0,0.0
33768,Monaco,2020-09-22,1,Deaths,0.0,0.0
33769,Monaco,2020-09-23,1,Deaths,0.0,0.0
33770,Monaco,2020-09-24,1,Deaths,0.0,0.0
33771,Monaco,2020-09-25,2,Deaths,1.0,1.0
33772,Monaco,2020-09-26,2,Deaths,0.0,1.0
33773,Monaco,2020-09-27,2,Deaths,0.0,1.0
33774,Monaco,2020-09-28,2,Deaths,0.0,1.0
33775,Monaco,2020-09-29,2,Deaths,0.0,1.0
33776,Monaco,2020-09-30,2,Deaths,0.0,1.0
33777,Monaco,2020-10-01,2,Deaths,0.0,1.0
33778,Monaco,2020-10-02,2,Deaths,0.0,0.0
33779,Monaco,2020-10-03,2,Deaths,0.0,0.0
33780,Monaco,2020-10-04,2,Deaths,0.0,0.0
33781,Monaco,2020-10-05,2,Deaths,0.0,0.0
33782,Monaco,2020-10-06,2,Deaths,0.0,0.0
33783,Monaco,2020-10-07,2,Deaths,0.0,0.0
33784,Monaco,2020-10-08,2,Deaths,0.0,0.0
33785,Monaco,2020-10-09,2,Deaths,0.0,0.0
33786,Monaco,2020-10-10,2,Deaths,0.0,0.0
33787,Monaco,2020-10-11,2,Deaths,0.0,0.0
33788,Monaco,2020-10-12,2,Deaths,0.0,0.0
33789,Monaco,2020-10-13,2,Deaths,0.0,0.0
33790,Monaco,2020-10-14,2,Deaths,0.0,0.0
33791,Monaco,2020-10-15,2,Deaths,0.0,0.0
33792,Monaco,2020-10-16,2,Deaths,0.0,0.0
33793,Monaco,2020-10-17,2,Deaths,0.0,0.0
33794,Monaco,2020-10-18,2,Deaths,0.0,0.0
33795,Monaco,2020-10-19,2,Deaths,0.0,0.0
33796,Monaco,2020-10-20,2,Deaths,0.0,0.0
33797,Monaco,2020-10-21,2,Deaths,0.0,0.0
33798,Monaco,2020-10-22,2,Deaths,0.0,0.0
33799,Monaco,2020-10-23,2,Deaths,0.0,0.0
33800,Monaco,2020-10-24,2,Deaths,0.0,0.0
33801,Monaco,2020-10-25,2,Deaths,0.0,0.0
33802,Monaco,2020-10-26,2,Deaths,0.0,0.0
33803,Monaco,2020-10-27,2,Deaths,0.0,0.0
33804,Monaco,2020-10-28,2,Deaths,0.0,0.0
33805,Monaco,2020-10-29,2,Deaths,0.0,0.0
33806,Monaco,2020-10-30,2,Deaths,0.0,0.0
33807,Monaco,2020-10-31,2,Deaths,0.0,0.0
33808,Monaco,2020-11-01,2,Deaths,0.0,0.0
33809,Monaco,2020-11-02,2,Deaths,0.0,0.0
33810,Monaco,2020-11-03,2,Deaths,0.0,0.0
33811,Monaco,2020-11-04,2,Deaths,0.0,0.0
33812,Monaco,2020-11-05,2,Deaths,0.0,0.0
33813,Mongolia,2020-01-22,0,Deaths,,
33814,Mongolia,2020-01-23,0,Deaths,0.0,
33815,Mongolia,2020-01-24,0,Deaths,0.0,
33816,Mongolia,2020-01-25,0,Deaths,0.0,
33817,Mongolia,2020-01-26,0,Deaths,0.0,
33818,Mongolia,2020-01-27,0,Deaths,0.0,
33819,Mongolia,2020-01-28,0,Deaths,0.0,
33820,Mongolia,2020-01-29,0,Deaths,0.0,0.0
33821,Mongolia,2020-01-30,0,Deaths,0.0,0.0
33822,Mongolia,2020-01-31,0,Deaths,0.0,0.0
33823,Mongolia,2020-02-01,0,Deaths,0.0,0.0
33824,Mongolia,2020-02-02,0,Deaths,0.0,0.0
33825,Mongolia,2020-02-03,0,Deaths,0.0,0.0
33826,Mongolia,2020-02-04,0,Deaths,0.0,0.0
33827,Mongolia,2020-02-05,0,Deaths,0.0,0.0
33828,Mongolia,2020-02-06,0,Deaths,0.0,0.0
33829,Mongolia,2020-02-07,0,Deaths,0.0,0.0
33830,Mongolia,2020-02-08,0,Deaths,0.0,0.0
33831,Mongolia,2020-02-09,0,Deaths,0.0,0.0
33832,Mongolia,2020-02-10,0,Deaths,0.0,0.0
33833,Mongolia,2020-02-11,0,Deaths,0.0,0.0
33834,Mongolia,2020-02-12,0,Deaths,0.0,0.0
33835,Mongolia,2020-02-13,0,Deaths,0.0,0.0
33836,Mongolia,2020-02-14,0,Deaths,0.0,0.0
33837,Mongolia,2020-02-15,0,Deaths,0.0,0.0
33838,Mongolia,2020-02-16,0,Deaths,0.0,0.0
33839,Mongolia,2020-02-17,0,Deaths,0.0,0.0
33840,Mongolia,2020-02-18,0,Deaths,0.0,0.0
33841,Mongolia,2020-02-19,0,Deaths,0.0,0.0
33842,Mongolia,2020-02-20,0,Deaths,0.0,0.0
33843,Mongolia,2020-02-21,0,Deaths,0.0,0.0
33844,Mongolia,2020-02-22,0,Deaths,0.0,0.0
33845,Mongolia,2020-02-23,0,Deaths,0.0,0.0
33846,Mongolia,2020-02-24,0,Deaths,0.0,0.0
33847,Mongolia,2020-02-25,0,Deaths,0.0,0.0
33848,Mongolia,2020-02-26,0,Deaths,0.0,0.0
33849,Mongolia,2020-02-27,0,Deaths,0.0,0.0
33850,Mongolia,2020-02-28,0,Deaths,0.0,0.0
33851,Mongolia,2020-02-29,0,Deaths,0.0,0.0
33852,Mongolia,2020-03-01,0,Deaths,0.0,0.0
33853,Mongolia,2020-03-02,0,Deaths,0.0,0.0
33854,Mongolia,2020-03-03,0,Deaths,0.0,0.0
33855,Mongolia,2020-03-04,0,Deaths,0.0,0.0
33856,Mongolia,2020-03-05,0,Deaths,0.0,0.0
33857,Mongolia,2020-03-06,0,Deaths,0.0,0.0
33858,Mongolia,2020-03-07,0,Deaths,0.0,0.0
33859,Mongolia,2020-03-08,0,Deaths,0.0,0.0
33860,Mongolia,2020-03-09,0,Deaths,0.0,0.0
33861,Mongolia,2020-03-10,0,Deaths,0.0,0.0
33862,Mongolia,2020-03-11,0,Deaths,0.0,0.0
33863,Mongolia,2020-03-12,0,Deaths,0.0,0.0
33864,Mongolia,2020-03-13,0,Deaths,0.0,0.0
33865,Mongolia,2020-03-14,0,Deaths,0.0,0.0
33866,Mongolia,2020-03-15,0,Deaths,0.0,0.0
33867,Mongolia,2020-03-16,0,Deaths,0.0,0.0
33868,Mongolia,2020-03-17,0,Deaths,0.0,0.0
33869,Mongolia,2020-03-18,0,Deaths,0.0,0.0
33870,Mongolia,2020-03-19,0,Deaths,0.0,0.0
33871,Mongolia,2020-03-20,0,Deaths,0.0,0.0
33872,Mongolia,2020-03-21,0,Deaths,0.0,0.0
33873,Mongolia,2020-03-22,0,Deaths,0.0,0.0
33874,Mongolia,2020-03-23,0,Deaths,0.0,0.0
33875,Mongolia,2020-03-24,0,Deaths,0.0,0.0
33876,Mongolia,2020-03-25,0,Deaths,0.0,0.0
33877,Mongolia,2020-03-26,0,Deaths,0.0,0.0
33878,Mongolia,2020-03-27,0,Deaths,0.0,0.0
33879,Mongolia,2020-03-28,0,Deaths,0.0,0.0
33880,Mongolia,2020-03-29,0,Deaths,0.0,0.0
33881,Mongolia,2020-03-30,0,Deaths,0.0,0.0
33882,Mongolia,2020-03-31,0,Deaths,0.0,0.0
33883,Mongolia,2020-04-01,0,Deaths,0.0,0.0
33884,Mongolia,2020-04-02,0,Deaths,0.0,0.0
33885,Mongolia,2020-04-03,0,Deaths,0.0,0.0
33886,Mongolia,2020-04-04,0,Deaths,0.0,0.0
33887,Mongolia,2020-04-05,0,Deaths,0.0,0.0
33888,Mongolia,2020-04-06,0,Deaths,0.0,0.0
33889,Mongolia,2020-04-07,0,Deaths,0.0,0.0
33890,Mongolia,2020-04-08,0,Deaths,0.0,0.0
33891,Mongolia,2020-04-09,0,Deaths,0.0,0.0
33892,Mongolia,2020-04-10,0,Deaths,0.0,0.0
33893,Mongolia,2020-04-11,0,Deaths,0.0,0.0
33894,Mongolia,2020-04-12,0,Deaths,0.0,0.0
33895,Mongolia,2020-04-13,0,Deaths,0.0,0.0
33896,Mongolia,2020-04-14,0,Deaths,0.0,0.0
33897,Mongolia,2020-04-15,0,Deaths,0.0,0.0
33898,Mongolia,2020-04-16,0,Deaths,0.0,0.0
33899,Mongolia,2020-04-17,0,Deaths,0.0,0.0
33900,Mongolia,2020-04-18,0,Deaths,0.0,0.0
33901,Mongolia,2020-04-19,0,Deaths,0.0,0.0
33902,Mongolia,2020-04-20,0,Deaths,0.0,0.0
33903,Mongolia,2020-04-21,0,Deaths,0.0,0.0
33904,Mongolia,2020-04-22,0,Deaths,0.0,0.0
33905,Mongolia,2020-04-23,0,Deaths,0.0,0.0
33906,Mongolia,2020-04-24,0,Deaths,0.0,0.0
33907,Mongolia,2020-04-25,0,Deaths,0.0,0.0
33908,Mongolia,2020-04-26,0,Deaths,0.0,0.0
33909,Mongolia,2020-04-27,0,Deaths,0.0,0.0
33910,Mongolia,2020-04-28,0,Deaths,0.0,0.0
33911,Mongolia,2020-04-29,0,Deaths,0.0,0.0
33912,Mongolia,2020-04-30,0,Deaths,0.0,0.0
33913,Mongolia,2020-05-01,0,Deaths,0.0,0.0
33914,Mongolia,2020-05-02,0,Deaths,0.0,0.0
33915,Mongolia,2020-05-03,0,Deaths,0.0,0.0
33916,Mongolia,2020-05-04,0,Deaths,0.0,0.0
33917,Mongolia,2020-05-05,0,Deaths,0.0,0.0
33918,Mongolia,2020-05-06,0,Deaths,0.0,0.0
33919,Mongolia,2020-05-07,0,Deaths,0.0,0.0
33920,Mongolia,2020-05-08,0,Deaths,0.0,0.0
33921,Mongolia,2020-05-09,0,Deaths,0.0,0.0
33922,Mongolia,2020-05-10,0,Deaths,0.0,0.0
33923,Mongolia,2020-05-11,0,Deaths,0.0,0.0
33924,Mongolia,2020-05-12,0,Deaths,0.0,0.0
33925,Mongolia,2020-05-13,0,Deaths,0.0,0.0
33926,Mongolia,2020-05-14,0,Deaths,0.0,0.0
33927,Mongolia,2020-05-15,0,Deaths,0.0,0.0
33928,Mongolia,2020-05-16,0,Deaths,0.0,0.0
33929,Mongolia,2020-05-17,0,Deaths,0.0,0.0
33930,Mongolia,2020-05-18,0,Deaths,0.0,0.0
33931,Mongolia,2020-05-19,0,Deaths,0.0,0.0
33932,Mongolia,2020-05-20,0,Deaths,0.0,0.0
33933,Mongolia,2020-05-21,0,Deaths,0.0,0.0
33934,Mongolia,2020-05-22,0,Deaths,0.0,0.0
33935,Mongolia,2020-05-23,0,Deaths,0.0,0.0
33936,Mongolia,2020-05-24,0,Deaths,0.0,0.0
33937,Mongolia,2020-05-25,0,Deaths,0.0,0.0
33938,Mongolia,2020-05-26,0,Deaths,0.0,0.0
33939,Mongolia,2020-05-27,0,Deaths,0.0,0.0
33940,Mongolia,2020-05-28,0,Deaths,0.0,0.0
33941,Mongolia,2020-05-29,0,Deaths,0.0,0.0
33942,Mongolia,2020-05-30,0,Deaths,0.0,0.0
33943,Mongolia,2020-05-31,0,Deaths,0.0,0.0
33944,Mongolia,2020-06-01,0,Deaths,0.0,0.0
33945,Mongolia,2020-06-02,0,Deaths,0.0,0.0
33946,Mongolia,2020-06-03,0,Deaths,0.0,0.0
33947,Mongolia,2020-06-04,0,Deaths,0.0,0.0
33948,Mongolia,2020-06-05,0,Deaths,0.0,0.0
33949,Mongolia,2020-06-06,0,Deaths,0.0,0.0
33950,Mongolia,2020-06-07,0,Deaths,0.0,0.0
33951,Mongolia,2020-06-08,0,Deaths,0.0,0.0
33952,Mongolia,2020-06-09,0,Deaths,0.0,0.0
33953,Mongolia,2020-06-10,0,Deaths,0.0,0.0
33954,Mongolia,2020-06-11,0,Deaths,0.0,0.0
33955,Mongolia,2020-06-12,0,Deaths,0.0,0.0
33956,Mongolia,2020-06-13,0,Deaths,0.0,0.0
33957,Mongolia,2020-06-14,0,Deaths,0.0,0.0
33958,Mongolia,2020-06-15,0,Deaths,0.0,0.0
33959,Mongolia,2020-06-16,0,Deaths,0.0,0.0
33960,Mongolia,2020-06-17,0,Deaths,0.0,0.0
33961,Mongolia,2020-06-18,0,Deaths,0.0,0.0
33962,Mongolia,2020-06-19,0,Deaths,0.0,0.0
33963,Mongolia,2020-06-20,0,Deaths,0.0,0.0
33964,Mongolia,2020-06-21,0,Deaths,0.0,0.0
33965,Mongolia,2020-06-22,0,Deaths,0.0,0.0
33966,Mongolia,2020-06-23,0,Deaths,0.0,0.0
33967,Mongolia,2020-06-24,0,Deaths,0.0,0.0
33968,Mongolia,2020-06-25,0,Deaths,0.0,0.0
33969,Mongolia,2020-06-26,0,Deaths,0.0,0.0
33970,Mongolia,2020-06-27,0,Deaths,0.0,0.0
33971,Mongolia,2020-06-28,0,Deaths,0.0,0.0
33972,Mongolia,2020-06-29,0,Deaths,0.0,0.0
33973,Mongolia,2020-06-30,0,Deaths,0.0,0.0
33974,Mongolia,2020-07-01,0,Deaths,0.0,0.0
33975,Mongolia,2020-07-02,0,Deaths,0.0,0.0
33976,Mongolia,2020-07-03,0,Deaths,0.0,0.0
33977,Mongolia,2020-07-04,0,Deaths,0.0,0.0
33978,Mongolia,2020-07-05,0,Deaths,0.0,0.0
33979,Mongolia,2020-07-06,0,Deaths,0.0,0.0
33980,Mongolia,2020-07-07,0,Deaths,0.0,0.0
33981,Mongolia,2020-07-08,0,Deaths,0.0,0.0
33982,Mongolia,2020-07-09,0,Deaths,0.0,0.0
33983,Mongolia,2020-07-10,0,Deaths,0.0,0.0
33984,Mongolia,2020-07-11,0,Deaths,0.0,0.0
33985,Mongolia,2020-07-12,0,Deaths,0.0,0.0
33986,Mongolia,2020-07-13,0,Deaths,0.0,0.0
33987,Mongolia,2020-07-14,0,Deaths,0.0,0.0
33988,Mongolia,2020-07-15,0,Deaths,0.0,0.0
33989,Mongolia,2020-07-16,0,Deaths,0.0,0.0
33990,Mongolia,2020-07-17,0,Deaths,0.0,0.0
33991,Mongolia,2020-07-18,0,Deaths,0.0,0.0
33992,Mongolia,2020-07-19,0,Deaths,0.0,0.0
33993,Mongolia,2020-07-20,0,Deaths,0.0,0.0
33994,Mongolia,2020-07-21,0,Deaths,0.0,0.0
33995,Mongolia,2020-07-22,0,Deaths,0.0,0.0
33996,Mongolia,2020-07-23,0,Deaths,0.0,0.0
33997,Mongolia,2020-07-24,0,Deaths,0.0,0.0
33998,Mongolia,2020-07-25,0,Deaths,0.0,0.0
33999,Mongolia,2020-07-26,0,Deaths,0.0,0.0
34000,Mongolia,2020-07-27,0,Deaths,0.0,0.0
34001,Mongolia,2020-07-28,0,Deaths,0.0,0.0
34002,Mongolia,2020-07-29,0,Deaths,0.0,0.0
34003,Mongolia,2020-07-30,0,Deaths,0.0,0.0
34004,Mongolia,2020-07-31,0,Deaths,0.0,0.0
34005,Mongolia,2020-08-01,0,Deaths,0.0,0.0
34006,Mongolia,2020-08-02,0,Deaths,0.0,0.0
34007,Mongolia,2020-08-03,0,Deaths,0.0,0.0
34008,Mongolia,2020-08-04,0,Deaths,0.0,0.0
34009,Mongolia,2020-08-05,0,Deaths,0.0,0.0
34010,Mongolia,2020-08-06,0,Deaths,0.0,0.0
34011,Mongolia,2020-08-07,0,Deaths,0.0,0.0
34012,Mongolia,2020-08-08,0,Deaths,0.0,0.0
34013,Mongolia,2020-08-09,0,Deaths,0.0,0.0
34014,Mongolia,2020-08-10,0,Deaths,0.0,0.0
34015,Mongolia,2020-08-11,0,Deaths,0.0,0.0
34016,Mongolia,2020-08-12,0,Deaths,0.0,0.0
34017,Mongolia,2020-08-13,0,Deaths,0.0,0.0
34018,Mongolia,2020-08-14,0,Deaths,0.0,0.0
34019,Mongolia,2020-08-15,0,Deaths,0.0,0.0
34020,Mongolia,2020-08-16,0,Deaths,0.0,0.0
34021,Mongolia,2020-08-17,0,Deaths,0.0,0.0
34022,Mongolia,2020-08-18,0,Deaths,0.0,0.0
34023,Mongolia,2020-08-19,0,Deaths,0.0,0.0
34024,Mongolia,2020-08-20,0,Deaths,0.0,0.0
34025,Mongolia,2020-08-21,0,Deaths,0.0,0.0
34026,Mongolia,2020-08-22,0,Deaths,0.0,0.0
34027,Mongolia,2020-08-23,0,Deaths,0.0,0.0
34028,Mongolia,2020-08-24,0,Deaths,0.0,0.0
34029,Mongolia,2020-08-25,0,Deaths,0.0,0.0
34030,Mongolia,2020-08-26,0,Deaths,0.0,0.0
34031,Mongolia,2020-08-27,0,Deaths,0.0,0.0
34032,Mongolia,2020-08-28,0,Deaths,0.0,0.0
34033,Mongolia,2020-08-29,0,Deaths,0.0,0.0
34034,Mongolia,2020-08-30,0,Deaths,0.0,0.0
34035,Mongolia,2020-08-31,0,Deaths,0.0,0.0
34036,Mongolia,2020-09-01,0,Deaths,0.0,0.0
34037,Mongolia,2020-09-02,0,Deaths,0.0,0.0
34038,Mongolia,2020-09-03,0,Deaths,0.0,0.0
34039,Mongolia,2020-09-04,0,Deaths,0.0,0.0
34040,Mongolia,2020-09-05,0,Deaths,0.0,0.0
34041,Mongolia,2020-09-06,0,Deaths,0.0,0.0
34042,Mongolia,2020-09-07,0,Deaths,0.0,0.0
34043,Mongolia,2020-09-08,0,Deaths,0.0,0.0
34044,Mongolia,2020-09-09,0,Deaths,0.0,0.0
34045,Mongolia,2020-09-10,0,Deaths,0.0,0.0
34046,Mongolia,2020-09-11,0,Deaths,0.0,0.0
34047,Mongolia,2020-09-12,0,Deaths,0.0,0.0
34048,Mongolia,2020-09-13,0,Deaths,0.0,0.0
34049,Mongolia,2020-09-14,0,Deaths,0.0,0.0
34050,Mongolia,2020-09-15,0,Deaths,0.0,0.0
34051,Mongolia,2020-09-16,0,Deaths,0.0,0.0
34052,Mongolia,2020-09-17,0,Deaths,0.0,0.0
34053,Mongolia,2020-09-18,0,Deaths,0.0,0.0
34054,Mongolia,2020-09-19,0,Deaths,0.0,0.0
34055,Mongolia,2020-09-20,0,Deaths,0.0,0.0
34056,Mongolia,2020-09-21,0,Deaths,0.0,0.0
34057,Mongolia,2020-09-22,0,Deaths,0.0,0.0
34058,Mongolia,2020-09-23,0,Deaths,0.0,0.0
34059,Mongolia,2020-09-24,0,Deaths,0.0,0.0
34060,Mongolia,2020-09-25,0,Deaths,0.0,0.0
34061,Mongolia,2020-09-26,0,Deaths,0.0,0.0
34062,Mongolia,2020-09-27,0,Deaths,0.0,0.0
34063,Mongolia,2020-09-28,0,Deaths,0.0,0.0
34064,Mongolia,2020-09-29,0,Deaths,0.0,0.0
34065,Mongolia,2020-09-30,0,Deaths,0.0,0.0
34066,Mongolia,2020-10-01,0,Deaths,0.0,0.0
34067,Mongolia,2020-10-02,0,Deaths,0.0,0.0
34068,Mongolia,2020-10-03,0,Deaths,0.0,0.0
34069,Mongolia,2020-10-04,0,Deaths,0.0,0.0
34070,Mongolia,2020-10-05,0,Deaths,0.0,0.0
34071,Mongolia,2020-10-06,0,Deaths,0.0,0.0
34072,Mongolia,2020-10-07,0,Deaths,0.0,0.0
34073,Mongolia,2020-10-08,0,Deaths,0.0,0.0
34074,Mongolia,2020-10-09,0,Deaths,0.0,0.0
34075,Mongolia,2020-10-10,0,Deaths,0.0,0.0
34076,Mongolia,2020-10-11,0,Deaths,0.0,0.0
34077,Mongolia,2020-10-12,0,Deaths,0.0,0.0
34078,Mongolia,2020-10-13,0,Deaths,0.0,0.0
34079,Mongolia,2020-10-14,0,Deaths,0.0,0.0
34080,Mongolia,2020-10-15,0,Deaths,0.0,0.0
34081,Mongolia,2020-10-16,0,Deaths,0.0,0.0
34082,Mongolia,2020-10-17,0,Deaths,0.0,0.0
34083,Mongolia,2020-10-18,0,Deaths,0.0,0.0
34084,Mongolia,2020-10-19,0,Deaths,0.0,0.0
34085,Mongolia,2020-10-20,0,Deaths,0.0,0.0
34086,Mongolia,2020-10-21,0,Deaths,0.0,0.0
34087,Mongolia,2020-10-22,0,Deaths,0.0,0.0
34088,Mongolia,2020-10-23,0,Deaths,0.0,0.0
34089,Mongolia,2020-10-24,0,Deaths,0.0,0.0
34090,Mongolia,2020-10-25,0,Deaths,0.0,0.0
34091,Mongolia,2020-10-26,0,Deaths,0.0,0.0
34092,Mongolia,2020-10-27,0,Deaths,0.0,0.0
34093,Mongolia,2020-10-28,0,Deaths,0.0,0.0
34094,Mongolia,2020-10-29,0,Deaths,0.0,0.0
34095,Mongolia,2020-10-30,0,Deaths,0.0,0.0
34096,Mongolia,2020-10-31,0,Deaths,0.0,0.0
34097,Mongolia,2020-11-01,0,Deaths,0.0,0.0
34098,Mongolia,2020-11-02,0,Deaths,0.0,0.0
34099,Mongolia,2020-11-03,0,Deaths,0.0,0.0
34100,Mongolia,2020-11-04,0,Deaths,0.0,0.0
34101,Mongolia,2020-11-05,0,Deaths,0.0,0.0
34102,Montenegro,2020-01-22,0,Deaths,,
34103,Montenegro,2020-01-23,0,Deaths,0.0,
34104,Montenegro,2020-01-24,0,Deaths,0.0,
34105,Montenegro,2020-01-25,0,Deaths,0.0,
34106,Montenegro,2020-01-26,0,Deaths,0.0,
34107,Montenegro,2020-01-27,0,Deaths,0.0,
34108,Montenegro,2020-01-28,0,Deaths,0.0,
34109,Montenegro,2020-01-29,0,Deaths,0.0,0.0
34110,Montenegro,2020-01-30,0,Deaths,0.0,0.0
34111,Montenegro,2020-01-31,0,Deaths,0.0,0.0
34112,Montenegro,2020-02-01,0,Deaths,0.0,0.0
34113,Montenegro,2020-02-02,0,Deaths,0.0,0.0
34114,Montenegro,2020-02-03,0,Deaths,0.0,0.0
34115,Montenegro,2020-02-04,0,Deaths,0.0,0.0
34116,Montenegro,2020-02-05,0,Deaths,0.0,0.0
34117,Montenegro,2020-02-06,0,Deaths,0.0,0.0
34118,Montenegro,2020-02-07,0,Deaths,0.0,0.0
34119,Montenegro,2020-02-08,0,Deaths,0.0,0.0
34120,Montenegro,2020-02-09,0,Deaths,0.0,0.0
34121,Montenegro,2020-02-10,0,Deaths,0.0,0.0
34122,Montenegro,2020-02-11,0,Deaths,0.0,0.0
34123,Montenegro,2020-02-12,0,Deaths,0.0,0.0
34124,Montenegro,2020-02-13,0,Deaths,0.0,0.0
34125,Montenegro,2020-02-14,0,Deaths,0.0,0.0
34126,Montenegro,2020-02-15,0,Deaths,0.0,0.0
34127,Montenegro,2020-02-16,0,Deaths,0.0,0.0
34128,Montenegro,2020-02-17,0,Deaths,0.0,0.0
34129,Montenegro,2020-02-18,0,Deaths,0.0,0.0
34130,Montenegro,2020-02-19,0,Deaths,0.0,0.0
34131,Montenegro,2020-02-20,0,Deaths,0.0,0.0
34132,Montenegro,2020-02-21,0,Deaths,0.0,0.0
34133,Montenegro,2020-02-22,0,Deaths,0.0,0.0
34134,Montenegro,2020-02-23,0,Deaths,0.0,0.0
34135,Montenegro,2020-02-24,0,Deaths,0.0,0.0
34136,Montenegro,2020-02-25,0,Deaths,0.0,0.0
34137,Montenegro,2020-02-26,0,Deaths,0.0,0.0
34138,Montenegro,2020-02-27,0,Deaths,0.0,0.0
34139,Montenegro,2020-02-28,0,Deaths,0.0,0.0
34140,Montenegro,2020-02-29,0,Deaths,0.0,0.0
34141,Montenegro,2020-03-01,0,Deaths,0.0,0.0
34142,Montenegro,2020-03-02,0,Deaths,0.0,0.0
34143,Montenegro,2020-03-03,0,Deaths,0.0,0.0
34144,Montenegro,2020-03-04,0,Deaths,0.0,0.0
34145,Montenegro,2020-03-05,0,Deaths,0.0,0.0
34146,Montenegro,2020-03-06,0,Deaths,0.0,0.0
34147,Montenegro,2020-03-07,0,Deaths,0.0,0.0
34148,Montenegro,2020-03-08,0,Deaths,0.0,0.0
34149,Montenegro,2020-03-09,0,Deaths,0.0,0.0
34150,Montenegro,2020-03-10,0,Deaths,0.0,0.0
34151,Montenegro,2020-03-11,0,Deaths,0.0,0.0
34152,Montenegro,2020-03-12,0,Deaths,0.0,0.0
34153,Montenegro,2020-03-13,0,Deaths,0.0,0.0
34154,Montenegro,2020-03-14,0,Deaths,0.0,0.0
34155,Montenegro,2020-03-15,0,Deaths,0.0,0.0
34156,Montenegro,2020-03-16,0,Deaths,0.0,0.0
34157,Montenegro,2020-03-17,0,Deaths,0.0,0.0
34158,Montenegro,2020-03-18,0,Deaths,0.0,0.0
34159,Montenegro,2020-03-19,0,Deaths,0.0,0.0
34160,Montenegro,2020-03-20,0,Deaths,0.0,0.0
34161,Montenegro,2020-03-21,0,Deaths,0.0,0.0
34162,Montenegro,2020-03-22,0,Deaths,0.0,0.0
34163,Montenegro,2020-03-23,1,Deaths,1.0,1.0
34164,Montenegro,2020-03-24,1,Deaths,0.0,1.0
34165,Montenegro,2020-03-25,1,Deaths,0.0,1.0
34166,Montenegro,2020-03-26,1,Deaths,0.0,1.0
34167,Montenegro,2020-03-27,1,Deaths,0.0,1.0
34168,Montenegro,2020-03-28,1,Deaths,0.0,1.0
34169,Montenegro,2020-03-29,1,Deaths,0.0,1.0
34170,Montenegro,2020-03-30,1,Deaths,0.0,0.0
34171,Montenegro,2020-03-31,2,Deaths,1.0,1.0
34172,Montenegro,2020-04-01,2,Deaths,0.0,1.0
34173,Montenegro,2020-04-02,2,Deaths,0.0,1.0
34174,Montenegro,2020-04-03,2,Deaths,0.0,1.0
34175,Montenegro,2020-04-04,2,Deaths,0.0,1.0
34176,Montenegro,2020-04-05,2,Deaths,0.0,1.0
34177,Montenegro,2020-04-06,2,Deaths,0.0,1.0
34178,Montenegro,2020-04-07,2,Deaths,0.0,0.0
34179,Montenegro,2020-04-08,2,Deaths,0.0,0.0
34180,Montenegro,2020-04-09,2,Deaths,0.0,0.0
34181,Montenegro,2020-04-10,2,Deaths,0.0,0.0
34182,Montenegro,2020-04-11,2,Deaths,0.0,0.0
34183,Montenegro,2020-04-12,3,Deaths,1.0,1.0
34184,Montenegro,2020-04-13,3,Deaths,0.0,1.0
34185,Montenegro,2020-04-14,4,Deaths,1.0,2.0
34186,Montenegro,2020-04-15,4,Deaths,0.0,2.0
34187,Montenegro,2020-04-16,4,Deaths,0.0,2.0
34188,Montenegro,2020-04-17,5,Deaths,1.0,3.0
34189,Montenegro,2020-04-18,5,Deaths,0.0,3.0
34190,Montenegro,2020-04-19,5,Deaths,0.0,2.0
34191,Montenegro,2020-04-20,5,Deaths,0.0,2.0
34192,Montenegro,2020-04-21,5,Deaths,0.0,1.0
34193,Montenegro,2020-04-22,5,Deaths,0.0,1.0
34194,Montenegro,2020-04-23,5,Deaths,0.0,1.0
34195,Montenegro,2020-04-24,6,Deaths,1.0,1.0
34196,Montenegro,2020-04-25,6,Deaths,0.0,1.0
34197,Montenegro,2020-04-26,7,Deaths,1.0,2.0
34198,Montenegro,2020-04-27,7,Deaths,0.0,2.0
34199,Montenegro,2020-04-28,7,Deaths,0.0,2.0
34200,Montenegro,2020-04-29,7,Deaths,0.0,2.0
34201,Montenegro,2020-04-30,7,Deaths,0.0,2.0
34202,Montenegro,2020-05-01,7,Deaths,0.0,1.0
34203,Montenegro,2020-05-02,8,Deaths,1.0,2.0
34204,Montenegro,2020-05-03,8,Deaths,0.0,1.0
34205,Montenegro,2020-05-04,8,Deaths,0.0,1.0
34206,Montenegro,2020-05-05,8,Deaths,0.0,1.0
34207,Montenegro,2020-05-06,8,Deaths,0.0,1.0
34208,Montenegro,2020-05-07,8,Deaths,0.0,1.0
34209,Montenegro,2020-05-08,8,Deaths,0.0,1.0
34210,Montenegro,2020-05-09,8,Deaths,0.0,0.0
34211,Montenegro,2020-05-10,9,Deaths,1.0,1.0
34212,Montenegro,2020-05-11,9,Deaths,0.0,1.0
34213,Montenegro,2020-05-12,9,Deaths,0.0,1.0
34214,Montenegro,2020-05-13,9,Deaths,0.0,1.0
34215,Montenegro,2020-05-14,9,Deaths,0.0,1.0
34216,Montenegro,2020-05-15,9,Deaths,0.0,1.0
34217,Montenegro,2020-05-16,9,Deaths,0.0,1.0
34218,Montenegro,2020-05-17,9,Deaths,0.0,0.0
34219,Montenegro,2020-05-18,9,Deaths,0.0,0.0
34220,Montenegro,2020-05-19,9,Deaths,0.0,0.0
34221,Montenegro,2020-05-20,9,Deaths,0.0,0.0
34222,Montenegro,2020-05-21,9,Deaths,0.0,0.0
34223,Montenegro,2020-05-22,9,Deaths,0.0,0.0
34224,Montenegro,2020-05-23,9,Deaths,0.0,0.0
34225,Montenegro,2020-05-24,9,Deaths,0.0,0.0
34226,Montenegro,2020-05-25,9,Deaths,0.0,0.0
34227,Montenegro,2020-05-26,9,Deaths,0.0,0.0
34228,Montenegro,2020-05-27,9,Deaths,0.0,0.0
34229,Montenegro,2020-05-28,9,Deaths,0.0,0.0
34230,Montenegro,2020-05-29,9,Deaths,0.0,0.0
34231,Montenegro,2020-05-30,9,Deaths,0.0,0.0
34232,Montenegro,2020-05-31,9,Deaths,0.0,0.0
34233,Montenegro,2020-06-01,9,Deaths,0.0,0.0
34234,Montenegro,2020-06-02,9,Deaths,0.0,0.0
34235,Montenegro,2020-06-03,9,Deaths,0.0,0.0
34236,Montenegro,2020-06-04,9,Deaths,0.0,0.0
34237,Montenegro,2020-06-05,9,Deaths,0.0,0.0
34238,Montenegro,2020-06-06,9,Deaths,0.0,0.0
34239,Montenegro,2020-06-07,9,Deaths,0.0,0.0
34240,Montenegro,2020-06-08,9,Deaths,0.0,0.0
34241,Montenegro,2020-06-09,9,Deaths,0.0,0.0
34242,Montenegro,2020-06-10,9,Deaths,0.0,0.0
34243,Montenegro,2020-06-11,9,Deaths,0.0,0.0
34244,Montenegro,2020-06-12,9,Deaths,0.0,0.0
34245,Montenegro,2020-06-13,9,Deaths,0.0,0.0
34246,Montenegro,2020-06-14,9,Deaths,0.0,0.0
34247,Montenegro,2020-06-15,9,Deaths,0.0,0.0
34248,Montenegro,2020-06-16,9,Deaths,0.0,0.0
34249,Montenegro,2020-06-17,9,Deaths,0.0,0.0
34250,Montenegro,2020-06-18,9,Deaths,0.0,0.0
34251,Montenegro,2020-06-19,9,Deaths,0.0,0.0
34252,Montenegro,2020-06-20,9,Deaths,0.0,0.0
34253,Montenegro,2020-06-21,9,Deaths,0.0,0.0
34254,Montenegro,2020-06-22,9,Deaths,0.0,0.0
34255,Montenegro,2020-06-23,9,Deaths,0.0,0.0
34256,Montenegro,2020-06-24,9,Deaths,0.0,0.0
34257,Montenegro,2020-06-25,9,Deaths,0.0,0.0
34258,Montenegro,2020-06-26,9,Deaths,0.0,0.0
34259,Montenegro,2020-06-27,9,Deaths,0.0,0.0
34260,Montenegro,2020-06-28,11,Deaths,2.0,2.0
34261,Montenegro,2020-06-29,11,Deaths,0.0,2.0
34262,Montenegro,2020-06-30,12,Deaths,1.0,3.0
34263,Montenegro,2020-07-01,12,Deaths,0.0,3.0
34264,Montenegro,2020-07-02,12,Deaths,0.0,3.0
34265,Montenegro,2020-07-03,13,Deaths,1.0,4.0
34266,Montenegro,2020-07-04,14,Deaths,1.0,5.0
34267,Montenegro,2020-07-05,14,Deaths,0.0,3.0
34268,Montenegro,2020-07-06,14,Deaths,0.0,3.0
34269,Montenegro,2020-07-07,17,Deaths,3.0,5.0
34270,Montenegro,2020-07-08,17,Deaths,0.0,5.0
34271,Montenegro,2020-07-09,19,Deaths,2.0,7.0
34272,Montenegro,2020-07-10,19,Deaths,0.0,6.0
34273,Montenegro,2020-07-11,23,Deaths,4.0,9.0
34274,Montenegro,2020-07-12,23,Deaths,0.0,9.0
34275,Montenegro,2020-07-13,24,Deaths,1.0,10.0
34276,Montenegro,2020-07-14,24,Deaths,0.0,7.0
34277,Montenegro,2020-07-15,24,Deaths,0.0,7.0
34278,Montenegro,2020-07-16,24,Deaths,0.0,5.0
34279,Montenegro,2020-07-17,26,Deaths,2.0,7.0
34280,Montenegro,2020-07-18,30,Deaths,4.0,7.0
34281,Montenegro,2020-07-19,32,Deaths,2.0,9.0
34282,Montenegro,2020-07-20,32,Deaths,0.0,8.0
34283,Montenegro,2020-07-21,35,Deaths,3.0,11.0
34284,Montenegro,2020-07-22,39,Deaths,4.0,15.0
34285,Montenegro,2020-07-23,40,Deaths,1.0,16.0
34286,Montenegro,2020-07-24,43,Deaths,3.0,17.0
34287,Montenegro,2020-07-25,43,Deaths,0.0,13.0
34288,Montenegro,2020-07-26,43,Deaths,0.0,11.0
34289,Montenegro,2020-07-27,45,Deaths,2.0,13.0
34290,Montenegro,2020-07-28,45,Deaths,0.0,10.0
34291,Montenegro,2020-07-29,47,Deaths,2.0,8.0
34292,Montenegro,2020-07-30,47,Deaths,0.0,7.0
34293,Montenegro,2020-07-31,48,Deaths,1.0,5.0
34294,Montenegro,2020-08-01,50,Deaths,2.0,7.0
34295,Montenegro,2020-08-02,51,Deaths,1.0,8.0
34296,Montenegro,2020-08-03,52,Deaths,1.0,7.0
34297,Montenegro,2020-08-04,53,Deaths,1.0,8.0
34298,Montenegro,2020-08-05,57,Deaths,4.0,10.0
34299,Montenegro,2020-08-06,60,Deaths,3.0,13.0
34300,Montenegro,2020-08-07,61,Deaths,1.0,13.0
34301,Montenegro,2020-08-08,62,Deaths,1.0,12.0
34302,Montenegro,2020-08-09,64,Deaths,2.0,13.0
34303,Montenegro,2020-08-10,68,Deaths,4.0,16.0
34304,Montenegro,2020-08-11,71,Deaths,3.0,18.0
34305,Montenegro,2020-08-12,73,Deaths,2.0,16.0
34306,Montenegro,2020-08-13,73,Deaths,0.0,13.0
34307,Montenegro,2020-08-14,73,Deaths,0.0,12.0
34308,Montenegro,2020-08-15,75,Deaths,2.0,13.0
34309,Montenegro,2020-08-16,77,Deaths,2.0,13.0
34310,Montenegro,2020-08-17,80,Deaths,3.0,12.0
34311,Montenegro,2020-08-18,80,Deaths,0.0,9.0
34312,Montenegro,2020-08-19,80,Deaths,0.0,7.0
34313,Montenegro,2020-08-20,81,Deaths,1.0,8.0
34314,Montenegro,2020-08-21,82,Deaths,1.0,9.0
34315,Montenegro,2020-08-22,84,Deaths,2.0,9.0
34316,Montenegro,2020-08-23,84,Deaths,0.0,7.0
34317,Montenegro,2020-08-24,84,Deaths,0.0,4.0
34318,Montenegro,2020-08-25,87,Deaths,3.0,7.0
34319,Montenegro,2020-08-26,88,Deaths,1.0,8.0
34320,Montenegro,2020-08-27,89,Deaths,1.0,8.0
34321,Montenegro,2020-08-28,92,Deaths,3.0,10.0
34322,Montenegro,2020-08-29,93,Deaths,1.0,9.0
34323,Montenegro,2020-08-30,98,Deaths,5.0,14.0
34324,Montenegro,2020-08-31,100,Deaths,2.0,16.0
34325,Montenegro,2020-09-01,102,Deaths,2.0,15.0
34326,Montenegro,2020-09-02,104,Deaths,2.0,16.0
34327,Montenegro,2020-09-03,104,Deaths,0.0,15.0
34328,Montenegro,2020-09-04,106,Deaths,2.0,14.0
34329,Montenegro,2020-09-05,107,Deaths,1.0,14.0
34330,Montenegro,2020-09-06,108,Deaths,1.0,10.0
34331,Montenegro,2020-09-07,109,Deaths,1.0,9.0
34332,Montenegro,2020-09-08,112,Deaths,3.0,10.0
34333,Montenegro,2020-09-09,114,Deaths,2.0,10.0
34334,Montenegro,2020-09-10,114,Deaths,0.0,10.0
34335,Montenegro,2020-09-11,115,Deaths,1.0,9.0
34336,Montenegro,2020-09-12,118,Deaths,3.0,11.0
34337,Montenegro,2020-09-13,120,Deaths,2.0,12.0
34338,Montenegro,2020-09-14,121,Deaths,1.0,12.0
34339,Montenegro,2020-09-15,123,Deaths,2.0,11.0
34340,Montenegro,2020-09-16,126,Deaths,3.0,12.0
34341,Montenegro,2020-09-17,129,Deaths,3.0,15.0
34342,Montenegro,2020-09-18,133,Deaths,4.0,18.0
34343,Montenegro,2020-09-19,134,Deaths,1.0,16.0
34344,Montenegro,2020-09-20,136,Deaths,2.0,16.0
34345,Montenegro,2020-09-21,138,Deaths,2.0,17.0
34346,Montenegro,2020-09-22,146,Deaths,8.0,23.0
34347,Montenegro,2020-09-23,151,Deaths,5.0,25.0
34348,Montenegro,2020-09-24,154,Deaths,3.0,25.0
34349,Montenegro,2020-09-25,155,Deaths,1.0,22.0
34350,Montenegro,2020-09-26,158,Deaths,3.0,24.0
34351,Montenegro,2020-09-27,158,Deaths,0.0,22.0
34352,Montenegro,2020-09-28,163,Deaths,5.0,25.0
34353,Montenegro,2020-09-29,164,Deaths,1.0,18.0
34354,Montenegro,2020-09-30,169,Deaths,5.0,18.0
34355,Montenegro,2020-10-01,170,Deaths,1.0,16.0
34356,Montenegro,2020-10-02,172,Deaths,2.0,17.0
34357,Montenegro,2020-10-03,174,Deaths,2.0,16.0
34358,Montenegro,2020-10-04,179,Deaths,5.0,21.0
34359,Montenegro,2020-10-05,182,Deaths,3.0,19.0
34360,Montenegro,2020-10-06,188,Deaths,6.0,24.0
34361,Montenegro,2020-10-07,190,Deaths,2.0,21.0
34362,Montenegro,2020-10-08,191,Deaths,1.0,21.0
34363,Montenegro,2020-10-09,194,Deaths,3.0,22.0
34364,Montenegro,2020-10-10,198,Deaths,4.0,24.0
34365,Montenegro,2020-10-11,202,Deaths,4.0,23.0
34366,Montenegro,2020-10-12,211,Deaths,9.0,29.0
34367,Montenegro,2020-10-13,213,Deaths,2.0,25.0
34368,Montenegro,2020-10-14,217,Deaths,4.0,27.0
34369,Montenegro,2020-10-15,221,Deaths,4.0,30.0
34370,Montenegro,2020-10-16,228,Deaths,7.0,34.0
34371,Montenegro,2020-10-17,231,Deaths,3.0,33.0
34372,Montenegro,2020-10-18,236,Deaths,5.0,34.0
34373,Montenegro,2020-10-19,240,Deaths,4.0,29.0
34374,Montenegro,2020-10-20,247,Deaths,7.0,34.0
34375,Montenegro,2020-10-21,250,Deaths,3.0,33.0
34376,Montenegro,2020-10-22,253,Deaths,3.0,32.0
34377,Montenegro,2020-10-23,255,Deaths,2.0,27.0
34378,Montenegro,2020-10-24,263,Deaths,8.0,32.0
34379,Montenegro,2020-10-25,266,Deaths,3.0,30.0
34380,Montenegro,2020-10-26,270,Deaths,4.0,30.0
34381,Montenegro,2020-10-27,275,Deaths,5.0,28.0
34382,Montenegro,2020-10-28,282,Deaths,7.0,32.0
34383,Montenegro,2020-10-29,290,Deaths,8.0,37.0
34384,Montenegro,2020-10-30,294,Deaths,4.0,39.0
34385,Montenegro,2020-10-31,301,Deaths,7.0,38.0
34386,Montenegro,2020-11-01,313,Deaths,12.0,47.0
34387,Montenegro,2020-11-02,320,Deaths,7.0,50.0
34388,Montenegro,2020-11-03,322,Deaths,2.0,47.0
34389,Montenegro,2020-11-04,326,Deaths,4.0,44.0
34390,Montenegro,2020-11-05,328,Deaths,2.0,38.0
34391,Morocco,2020-01-22,0,Deaths,,
34392,Morocco,2020-01-23,0,Deaths,0.0,
34393,Morocco,2020-01-24,0,Deaths,0.0,
34394,Morocco,2020-01-25,0,Deaths,0.0,
34395,Morocco,2020-01-26,0,Deaths,0.0,
34396,Morocco,2020-01-27,0,Deaths,0.0,
34397,Morocco,2020-01-28,0,Deaths,0.0,
34398,Morocco,2020-01-29,0,Deaths,0.0,0.0
34399,Morocco,2020-01-30,0,Deaths,0.0,0.0
34400,Morocco,2020-01-31,0,Deaths,0.0,0.0
34401,Morocco,2020-02-01,0,Deaths,0.0,0.0
34402,Morocco,2020-02-02,0,Deaths,0.0,0.0
34403,Morocco,2020-02-03,0,Deaths,0.0,0.0
34404,Morocco,2020-02-04,0,Deaths,0.0,0.0
34405,Morocco,2020-02-05,0,Deaths,0.0,0.0
34406,Morocco,2020-02-06,0,Deaths,0.0,0.0
34407,Morocco,2020-02-07,0,Deaths,0.0,0.0
34408,Morocco,2020-02-08,0,Deaths,0.0,0.0
34409,Morocco,2020-02-09,0,Deaths,0.0,0.0
34410,Morocco,2020-02-10,0,Deaths,0.0,0.0
34411,Morocco,2020-02-11,0,Deaths,0.0,0.0
34412,Morocco,2020-02-12,0,Deaths,0.0,0.0
34413,Morocco,2020-02-13,0,Deaths,0.0,0.0
34414,Morocco,2020-02-14,0,Deaths,0.0,0.0
34415,Morocco,2020-02-15,0,Deaths,0.0,0.0
34416,Morocco,2020-02-16,0,Deaths,0.0,0.0
34417,Morocco,2020-02-17,0,Deaths,0.0,0.0
34418,Morocco,2020-02-18,0,Deaths,0.0,0.0
34419,Morocco,2020-02-19,0,Deaths,0.0,0.0
34420,Morocco,2020-02-20,0,Deaths,0.0,0.0
34421,Morocco,2020-02-21,0,Deaths,0.0,0.0
34422,Morocco,2020-02-22,0,Deaths,0.0,0.0
34423,Morocco,2020-02-23,0,Deaths,0.0,0.0
34424,Morocco,2020-02-24,0,Deaths,0.0,0.0
34425,Morocco,2020-02-25,0,Deaths,0.0,0.0
34426,Morocco,2020-02-26,0,Deaths,0.0,0.0
34427,Morocco,2020-02-27,0,Deaths,0.0,0.0
34428,Morocco,2020-02-28,0,Deaths,0.0,0.0
34429,Morocco,2020-02-29,0,Deaths,0.0,0.0
34430,Morocco,2020-03-01,0,Deaths,0.0,0.0
34431,Morocco,2020-03-02,0,Deaths,0.0,0.0
34432,Morocco,2020-03-03,0,Deaths,0.0,0.0
34433,Morocco,2020-03-04,0,Deaths,0.0,0.0
34434,Morocco,2020-03-05,0,Deaths,0.0,0.0
34435,Morocco,2020-03-06,0,Deaths,0.0,0.0
34436,Morocco,2020-03-07,0,Deaths,0.0,0.0
34437,Morocco,2020-03-08,0,Deaths,0.0,0.0
34438,Morocco,2020-03-09,0,Deaths,0.0,0.0
34439,Morocco,2020-03-10,1,Deaths,1.0,1.0
34440,Morocco,2020-03-11,1,Deaths,0.0,1.0
34441,Morocco,2020-03-12,1,Deaths,0.0,1.0
34442,Morocco,2020-03-13,1,Deaths,0.0,1.0
34443,Morocco,2020-03-14,1,Deaths,0.0,1.0
34444,Morocco,2020-03-15,1,Deaths,0.0,1.0
34445,Morocco,2020-03-16,1,Deaths,0.0,1.0
34446,Morocco,2020-03-17,2,Deaths,1.0,1.0
34447,Morocco,2020-03-18,2,Deaths,0.0,1.0
34448,Morocco,2020-03-19,2,Deaths,0.0,1.0
34449,Morocco,2020-03-20,3,Deaths,1.0,2.0
34450,Morocco,2020-03-21,3,Deaths,0.0,2.0
34451,Morocco,2020-03-22,4,Deaths,1.0,3.0
34452,Morocco,2020-03-23,4,Deaths,0.0,3.0
34453,Morocco,2020-03-24,5,Deaths,1.0,3.0
34454,Morocco,2020-03-25,6,Deaths,1.0,4.0
34455,Morocco,2020-03-26,11,Deaths,5.0,9.0
34456,Morocco,2020-03-27,23,Deaths,12.0,20.0
34457,Morocco,2020-03-28,25,Deaths,2.0,22.0
34458,Morocco,2020-03-29,26,Deaths,1.0,22.0
34459,Morocco,2020-03-30,33,Deaths,7.0,29.0
34460,Morocco,2020-03-31,36,Deaths,3.0,31.0
34461,Morocco,2020-04-01,39,Deaths,3.0,33.0
34462,Morocco,2020-04-02,44,Deaths,5.0,33.0
34463,Morocco,2020-04-03,48,Deaths,4.0,25.0
34464,Morocco,2020-04-04,59,Deaths,11.0,34.0
34465,Morocco,2020-04-05,70,Deaths,11.0,44.0
34466,Morocco,2020-04-06,80,Deaths,10.0,47.0
34467,Morocco,2020-04-07,90,Deaths,10.0,54.0
34468,Morocco,2020-04-08,93,Deaths,3.0,54.0
34469,Morocco,2020-04-09,97,Deaths,4.0,53.0
34470,Morocco,2020-04-10,107,Deaths,10.0,59.0
34471,Morocco,2020-04-11,111,Deaths,4.0,52.0
34472,Morocco,2020-04-12,118,Deaths,7.0,48.0
34473,Morocco,2020-04-13,126,Deaths,8.0,46.0
34474,Morocco,2020-04-14,126,Deaths,0.0,36.0
34475,Morocco,2020-04-15,127,Deaths,1.0,34.0
34476,Morocco,2020-04-16,130,Deaths,3.0,33.0
34477,Morocco,2020-04-17,135,Deaths,5.0,28.0
34478,Morocco,2020-04-18,137,Deaths,2.0,26.0
34479,Morocco,2020-04-19,141,Deaths,4.0,23.0
34480,Morocco,2020-04-20,143,Deaths,2.0,17.0
34481,Morocco,2020-04-21,145,Deaths,2.0,19.0
34482,Morocco,2020-04-22,149,Deaths,4.0,22.0
34483,Morocco,2020-04-23,155,Deaths,6.0,25.0
34484,Morocco,2020-04-24,158,Deaths,3.0,23.0
34485,Morocco,2020-04-25,159,Deaths,1.0,22.0
34486,Morocco,2020-04-26,161,Deaths,2.0,20.0
34487,Morocco,2020-04-27,162,Deaths,1.0,19.0
34488,Morocco,2020-04-28,165,Deaths,3.0,20.0
34489,Morocco,2020-04-29,168,Deaths,3.0,19.0
34490,Morocco,2020-04-30,170,Deaths,2.0,15.0
34491,Morocco,2020-05-01,171,Deaths,1.0,13.0
34492,Morocco,2020-05-02,173,Deaths,2.0,14.0
34493,Morocco,2020-05-03,174,Deaths,1.0,13.0
34494,Morocco,2020-05-04,179,Deaths,5.0,17.0
34495,Morocco,2020-05-05,181,Deaths,2.0,16.0
34496,Morocco,2020-05-06,183,Deaths,2.0,15.0
34497,Morocco,2020-05-07,183,Deaths,0.0,13.0
34498,Morocco,2020-05-08,186,Deaths,3.0,15.0
34499,Morocco,2020-05-09,186,Deaths,0.0,13.0
34500,Morocco,2020-05-10,188,Deaths,2.0,14.0
34501,Morocco,2020-05-11,188,Deaths,0.0,9.0
34502,Morocco,2020-05-12,188,Deaths,0.0,7.0
34503,Morocco,2020-05-13,188,Deaths,0.0,5.0
34504,Morocco,2020-05-14,190,Deaths,2.0,7.0
34505,Morocco,2020-05-15,190,Deaths,0.0,4.0
34506,Morocco,2020-05-16,192,Deaths,2.0,6.0
34507,Morocco,2020-05-17,192,Deaths,0.0,4.0
34508,Morocco,2020-05-18,192,Deaths,0.0,4.0
34509,Morocco,2020-05-19,193,Deaths,1.0,5.0
34510,Morocco,2020-05-20,194,Deaths,1.0,6.0
34511,Morocco,2020-05-21,196,Deaths,2.0,6.0
34512,Morocco,2020-05-22,197,Deaths,1.0,7.0
34513,Morocco,2020-05-23,198,Deaths,1.0,6.0
34514,Morocco,2020-05-24,199,Deaths,1.0,7.0
34515,Morocco,2020-05-25,200,Deaths,1.0,8.0
34516,Morocco,2020-05-26,202,Deaths,2.0,9.0
34517,Morocco,2020-05-27,202,Deaths,0.0,8.0
34518,Morocco,2020-05-28,202,Deaths,0.0,6.0
34519,Morocco,2020-05-29,202,Deaths,0.0,5.0
34520,Morocco,2020-05-30,204,Deaths,2.0,6.0
34521,Morocco,2020-05-31,205,Deaths,1.0,6.0
34522,Morocco,2020-06-01,205,Deaths,0.0,5.0
34523,Morocco,2020-06-02,206,Deaths,1.0,4.0
34524,Morocco,2020-06-03,206,Deaths,0.0,4.0
34525,Morocco,2020-06-04,208,Deaths,2.0,6.0
34526,Morocco,2020-06-05,208,Deaths,0.0,6.0
34527,Morocco,2020-06-06,208,Deaths,0.0,4.0
34528,Morocco,2020-06-07,208,Deaths,0.0,3.0
34529,Morocco,2020-06-08,208,Deaths,0.0,3.0
34530,Morocco,2020-06-09,210,Deaths,2.0,4.0
34531,Morocco,2020-06-10,211,Deaths,1.0,5.0
34532,Morocco,2020-06-11,211,Deaths,0.0,3.0
34533,Morocco,2020-06-12,212,Deaths,1.0,4.0
34534,Morocco,2020-06-13,212,Deaths,0.0,4.0
34535,Morocco,2020-06-14,212,Deaths,0.0,4.0
34536,Morocco,2020-06-15,212,Deaths,0.0,4.0
34537,Morocco,2020-06-16,212,Deaths,0.0,2.0
34538,Morocco,2020-06-17,213,Deaths,1.0,2.0
34539,Morocco,2020-06-18,213,Deaths,0.0,2.0
34540,Morocco,2020-06-19,213,Deaths,0.0,1.0
34541,Morocco,2020-06-20,213,Deaths,0.0,1.0
34542,Morocco,2020-06-21,214,Deaths,1.0,2.0
34543,Morocco,2020-06-22,214,Deaths,0.0,2.0
34544,Morocco,2020-06-23,214,Deaths,0.0,2.0
34545,Morocco,2020-06-24,216,Deaths,2.0,3.0
34546,Morocco,2020-06-25,217,Deaths,1.0,4.0
34547,Morocco,2020-06-26,218,Deaths,1.0,5.0
34548,Morocco,2020-06-27,220,Deaths,2.0,7.0
34549,Morocco,2020-06-28,221,Deaths,1.0,7.0
34550,Morocco,2020-06-29,225,Deaths,4.0,11.0
34551,Morocco,2020-06-30,228,Deaths,3.0,14.0
34552,Morocco,2020-07-01,228,Deaths,0.0,12.0
34553,Morocco,2020-07-02,229,Deaths,1.0,12.0
34554,Morocco,2020-07-03,230,Deaths,1.0,12.0
34555,Morocco,2020-07-04,232,Deaths,2.0,12.0
34556,Morocco,2020-07-05,235,Deaths,3.0,14.0
34557,Morocco,2020-07-06,237,Deaths,2.0,12.0
34558,Morocco,2020-07-07,240,Deaths,3.0,12.0
34559,Morocco,2020-07-08,242,Deaths,2.0,14.0
34560,Morocco,2020-07-09,242,Deaths,0.0,13.0
34561,Morocco,2020-07-10,243,Deaths,1.0,13.0
34562,Morocco,2020-07-11,245,Deaths,2.0,13.0
34563,Morocco,2020-07-12,250,Deaths,5.0,15.0
34564,Morocco,2020-07-13,255,Deaths,5.0,18.0
34565,Morocco,2020-07-14,257,Deaths,2.0,17.0
34566,Morocco,2020-07-15,259,Deaths,2.0,17.0
34567,Morocco,2020-07-16,263,Deaths,4.0,21.0
34568,Morocco,2020-07-17,264,Deaths,1.0,21.0
34569,Morocco,2020-07-18,269,Deaths,5.0,24.0
34570,Morocco,2020-07-19,273,Deaths,4.0,23.0
34571,Morocco,2020-07-20,276,Deaths,3.0,21.0
34572,Morocco,2020-07-21,280,Deaths,4.0,23.0
34573,Morocco,2020-07-22,285,Deaths,5.0,26.0
34574,Morocco,2020-07-23,292,Deaths,7.0,29.0
34575,Morocco,2020-07-24,299,Deaths,7.0,35.0
34576,Morocco,2020-07-25,305,Deaths,6.0,36.0
34577,Morocco,2020-07-26,313,Deaths,8.0,40.0
34578,Morocco,2020-07-27,316,Deaths,3.0,40.0
34579,Morocco,2020-07-28,327,Deaths,11.0,47.0
34580,Morocco,2020-07-29,334,Deaths,7.0,49.0
34581,Morocco,2020-07-30,346,Deaths,12.0,54.0
34582,Morocco,2020-07-31,353,Deaths,7.0,54.0
34583,Morocco,2020-08-01,367,Deaths,14.0,62.0
34584,Morocco,2020-08-02,382,Deaths,15.0,69.0
34585,Morocco,2020-08-03,401,Deaths,19.0,85.0
34586,Morocco,2020-08-04,417,Deaths,16.0,90.0
34587,Morocco,2020-08-05,435,Deaths,18.0,101.0
34588,Morocco,2020-08-06,449,Deaths,14.0,103.0
34589,Morocco,2020-08-07,461,Deaths,12.0,108.0
34590,Morocco,2020-08-08,480,Deaths,19.0,113.0
34591,Morocco,2020-08-09,498,Deaths,18.0,116.0
34592,Morocco,2020-08-10,516,Deaths,18.0,115.0
34593,Morocco,2020-08-11,533,Deaths,17.0,116.0
34594,Morocco,2020-08-12,556,Deaths,23.0,121.0
34595,Morocco,2020-08-13,584,Deaths,28.0,135.0
34596,Morocco,2020-08-14,611,Deaths,27.0,150.0
34597,Morocco,2020-08-15,632,Deaths,21.0,152.0
34598,Morocco,2020-08-16,658,Deaths,26.0,160.0
34599,Morocco,2020-08-17,681,Deaths,23.0,165.0
34600,Morocco,2020-08-18,714,Deaths,33.0,181.0
34601,Morocco,2020-08-19,743,Deaths,29.0,187.0
34602,Morocco,2020-08-20,775,Deaths,32.0,191.0
34603,Morocco,2020-08-21,817,Deaths,42.0,206.0
34604,Morocco,2020-08-22,858,Deaths,41.0,226.0
34605,Morocco,2020-08-23,888,Deaths,30.0,230.0
34606,Morocco,2020-08-24,920,Deaths,32.0,239.0
34607,Morocco,2020-08-25,955,Deaths,35.0,241.0
34608,Morocco,2020-08-26,984,Deaths,29.0,241.0
34609,Morocco,2020-08-27,1011,Deaths,27.0,236.0
34610,Morocco,2020-08-28,1052,Deaths,41.0,235.0
34611,Morocco,2020-08-29,1078,Deaths,26.0,220.0
34612,Morocco,2020-08-30,1111,Deaths,33.0,223.0
34613,Morocco,2020-08-31,1141,Deaths,30.0,221.0
34614,Morocco,2020-09-01,1184,Deaths,43.0,229.0
34615,Morocco,2020-09-02,1216,Deaths,32.0,232.0
34616,Morocco,2020-09-03,1253,Deaths,37.0,242.0
34617,Morocco,2020-09-04,1292,Deaths,39.0,240.0
34618,Morocco,2020-09-05,1329,Deaths,37.0,251.0
34619,Morocco,2020-09-06,1361,Deaths,32.0,250.0
34620,Morocco,2020-09-07,1394,Deaths,33.0,253.0
34621,Morocco,2020-09-08,1427,Deaths,33.0,243.0
34622,Morocco,2020-09-09,1453,Deaths,26.0,237.0
34623,Morocco,2020-09-10,1491,Deaths,38.0,238.0
34624,Morocco,2020-09-11,1524,Deaths,33.0,232.0
34625,Morocco,2020-09-12,1553,Deaths,29.0,224.0
34626,Morocco,2020-09-13,1578,Deaths,25.0,217.0
34627,Morocco,2020-09-14,1614,Deaths,36.0,220.0
34628,Morocco,2020-09-15,1648,Deaths,34.0,221.0
34629,Morocco,2020-09-16,1686,Deaths,38.0,233.0
34630,Morocco,2020-09-17,1714,Deaths,28.0,223.0
34631,Morocco,2020-09-18,1755,Deaths,41.0,231.0
34632,Morocco,2020-09-19,1795,Deaths,40.0,242.0
34633,Morocco,2020-09-20,1830,Deaths,35.0,252.0
34634,Morocco,2020-09-21,1855,Deaths,25.0,241.0
34635,Morocco,2020-09-22,1889,Deaths,34.0,241.0
34636,Morocco,2020-09-23,1918,Deaths,29.0,232.0
34637,Morocco,2020-09-24,1956,Deaths,38.0,242.0
34638,Morocco,2020-09-25,1998,Deaths,42.0,243.0
34639,Morocco,2020-09-26,2041,Deaths,43.0,246.0
34640,Morocco,2020-09-27,2069,Deaths,28.0,239.0
34641,Morocco,2020-09-28,2113,Deaths,44.0,258.0
34642,Morocco,2020-09-29,2152,Deaths,39.0,263.0
34643,Morocco,2020-09-30,2194,Deaths,42.0,276.0
34644,Morocco,2020-10-01,2229,Deaths,35.0,273.0
34645,Morocco,2020-10-02,2263,Deaths,34.0,265.0
34646,Morocco,2020-10-03,2293,Deaths,30.0,252.0
34647,Morocco,2020-10-04,2330,Deaths,37.0,261.0
34648,Morocco,2020-10-05,2369,Deaths,39.0,256.0
34649,Morocco,2020-10-06,2410,Deaths,41.0,258.0
34650,Morocco,2020-10-07,2439,Deaths,29.0,245.0
34651,Morocco,2020-10-08,2486,Deaths,47.0,257.0
34652,Morocco,2020-10-09,2530,Deaths,44.0,267.0
34653,Morocco,2020-10-10,2572,Deaths,42.0,279.0
34654,Morocco,2020-10-11,2605,Deaths,33.0,275.0
34655,Morocco,2020-10-12,2636,Deaths,31.0,267.0
34656,Morocco,2020-10-13,2685,Deaths,49.0,275.0
34657,Morocco,2020-10-14,2726,Deaths,41.0,287.0
34658,Morocco,2020-10-15,2772,Deaths,46.0,286.0
34659,Morocco,2020-10-16,2818,Deaths,46.0,288.0
34660,Morocco,2020-10-17,2878,Deaths,60.0,306.0
34661,Morocco,2020-10-18,2928,Deaths,50.0,323.0
34662,Morocco,2020-10-19,2976,Deaths,48.0,340.0
34663,Morocco,2020-10-20,3027,Deaths,51.0,342.0
34664,Morocco,2020-10-21,3079,Deaths,52.0,353.0
34665,Morocco,2020-10-22,3132,Deaths,53.0,360.0
34666,Morocco,2020-10-23,3205,Deaths,73.0,387.0
34667,Morocco,2020-10-24,3255,Deaths,50.0,377.0
34668,Morocco,2020-10-25,3301,Deaths,46.0,373.0
34669,Morocco,2020-10-26,3373,Deaths,72.0,397.0
34670,Morocco,2020-10-27,3445,Deaths,72.0,418.0
34671,Morocco,2020-10-28,3506,Deaths,61.0,427.0
34672,Morocco,2020-10-29,3572,Deaths,66.0,440.0
34673,Morocco,2020-10-30,3625,Deaths,53.0,420.0
34674,Morocco,2020-10-31,3695,Deaths,70.0,440.0
34675,Morocco,2020-11-01,3762,Deaths,67.0,461.0
34676,Morocco,2020-11-02,3826,Deaths,64.0,453.0
34677,Morocco,2020-11-03,3900,Deaths,74.0,455.0
34678,Morocco,2020-11-04,3982,Deaths,82.0,476.0
34679,Morocco,2020-11-05,4059,Deaths,77.0,487.0
34680,Mozambique,2020-01-22,0,Deaths,,
34681,Mozambique,2020-01-23,0,Deaths,0.0,
34682,Mozambique,2020-01-24,0,Deaths,0.0,
34683,Mozambique,2020-01-25,0,Deaths,0.0,
34684,Mozambique,2020-01-26,0,Deaths,0.0,
34685,Mozambique,2020-01-27,0,Deaths,0.0,
34686,Mozambique,2020-01-28,0,Deaths,0.0,
34687,Mozambique,2020-01-29,0,Deaths,0.0,0.0
34688,Mozambique,2020-01-30,0,Deaths,0.0,0.0
34689,Mozambique,2020-01-31,0,Deaths,0.0,0.0
34690,Mozambique,2020-02-01,0,Deaths,0.0,0.0
34691,Mozambique,2020-02-02,0,Deaths,0.0,0.0
34692,Mozambique,2020-02-03,0,Deaths,0.0,0.0
34693,Mozambique,2020-02-04,0,Deaths,0.0,0.0
34694,Mozambique,2020-02-05,0,Deaths,0.0,0.0
34695,Mozambique,2020-02-06,0,Deaths,0.0,0.0
34696,Mozambique,2020-02-07,0,Deaths,0.0,0.0
34697,Mozambique,2020-02-08,0,Deaths,0.0,0.0
34698,Mozambique,2020-02-09,0,Deaths,0.0,0.0
34699,Mozambique,2020-02-10,0,Deaths,0.0,0.0
34700,Mozambique,2020-02-11,0,Deaths,0.0,0.0
34701,Mozambique,2020-02-12,0,Deaths,0.0,0.0
34702,Mozambique,2020-02-13,0,Deaths,0.0,0.0
34703,Mozambique,2020-02-14,0,Deaths,0.0,0.0
34704,Mozambique,2020-02-15,0,Deaths,0.0,0.0
34705,Mozambique,2020-02-16,0,Deaths,0.0,0.0
34706,Mozambique,2020-02-17,0,Deaths,0.0,0.0
34707,Mozambique,2020-02-18,0,Deaths,0.0,0.0
34708,Mozambique,2020-02-19,0,Deaths,0.0,0.0
34709,Mozambique,2020-02-20,0,Deaths,0.0,0.0
34710,Mozambique,2020-02-21,0,Deaths,0.0,0.0
34711,Mozambique,2020-02-22,0,Deaths,0.0,0.0
34712,Mozambique,2020-02-23,0,Deaths,0.0,0.0
34713,Mozambique,2020-02-24,0,Deaths,0.0,0.0
34714,Mozambique,2020-02-25,0,Deaths,0.0,0.0
34715,Mozambique,2020-02-26,0,Deaths,0.0,0.0
34716,Mozambique,2020-02-27,0,Deaths,0.0,0.0
34717,Mozambique,2020-02-28,0,Deaths,0.0,0.0
34718,Mozambique,2020-02-29,0,Deaths,0.0,0.0
34719,Mozambique,2020-03-01,0,Deaths,0.0,0.0
34720,Mozambique,2020-03-02,0,Deaths,0.0,0.0
34721,Mozambique,2020-03-03,0,Deaths,0.0,0.0
34722,Mozambique,2020-03-04,0,Deaths,0.0,0.0
34723,Mozambique,2020-03-05,0,Deaths,0.0,0.0
34724,Mozambique,2020-03-06,0,Deaths,0.0,0.0
34725,Mozambique,2020-03-07,0,Deaths,0.0,0.0
34726,Mozambique,2020-03-08,0,Deaths,0.0,0.0
34727,Mozambique,2020-03-09,0,Deaths,0.0,0.0
34728,Mozambique,2020-03-10,0,Deaths,0.0,0.0
34729,Mozambique,2020-03-11,0,Deaths,0.0,0.0
34730,Mozambique,2020-03-12,0,Deaths,0.0,0.0
34731,Mozambique,2020-03-13,0,Deaths,0.0,0.0
34732,Mozambique,2020-03-14,0,Deaths,0.0,0.0
34733,Mozambique,2020-03-15,0,Deaths,0.0,0.0
34734,Mozambique,2020-03-16,0,Deaths,0.0,0.0
34735,Mozambique,2020-03-17,0,Deaths,0.0,0.0
34736,Mozambique,2020-03-18,0,Deaths,0.0,0.0
34737,Mozambique,2020-03-19,0,Deaths,0.0,0.0
34738,Mozambique,2020-03-20,0,Deaths,0.0,0.0
34739,Mozambique,2020-03-21,0,Deaths,0.0,0.0
34740,Mozambique,2020-03-22,0,Deaths,0.0,0.0
34741,Mozambique,2020-03-23,0,Deaths,0.0,0.0
34742,Mozambique,2020-03-24,0,Deaths,0.0,0.0
34743,Mozambique,2020-03-25,0,Deaths,0.0,0.0
34744,Mozambique,2020-03-26,0,Deaths,0.0,0.0
34745,Mozambique,2020-03-27,0,Deaths,0.0,0.0
34746,Mozambique,2020-03-28,0,Deaths,0.0,0.0
34747,Mozambique,2020-03-29,0,Deaths,0.0,0.0
34748,Mozambique,2020-03-30,0,Deaths,0.0,0.0
34749,Mozambique,2020-03-31,0,Deaths,0.0,0.0
34750,Mozambique,2020-04-01,0,Deaths,0.0,0.0
34751,Mozambique,2020-04-02,0,Deaths,0.0,0.0
34752,Mozambique,2020-04-03,0,Deaths,0.0,0.0
34753,Mozambique,2020-04-04,0,Deaths,0.0,0.0
34754,Mozambique,2020-04-05,0,Deaths,0.0,0.0
34755,Mozambique,2020-04-06,0,Deaths,0.0,0.0
34756,Mozambique,2020-04-07,0,Deaths,0.0,0.0
34757,Mozambique,2020-04-08,0,Deaths,0.0,0.0
34758,Mozambique,2020-04-09,0,Deaths,0.0,0.0
34759,Mozambique,2020-04-10,0,Deaths,0.0,0.0
34760,Mozambique,2020-04-11,0,Deaths,0.0,0.0
34761,Mozambique,2020-04-12,0,Deaths,0.0,0.0
34762,Mozambique,2020-04-13,0,Deaths,0.0,0.0
34763,Mozambique,2020-04-14,0,Deaths,0.0,0.0
34764,Mozambique,2020-04-15,0,Deaths,0.0,0.0
34765,Mozambique,2020-04-16,0,Deaths,0.0,0.0
34766,Mozambique,2020-04-17,0,Deaths,0.0,0.0
34767,Mozambique,2020-04-18,0,Deaths,0.0,0.0
34768,Mozambique,2020-04-19,0,Deaths,0.0,0.0
34769,Mozambique,2020-04-20,0,Deaths,0.0,0.0
34770,Mozambique,2020-04-21,0,Deaths,0.0,0.0
34771,Mozambique,2020-04-22,0,Deaths,0.0,0.0
34772,Mozambique,2020-04-23,0,Deaths,0.0,0.0
34773,Mozambique,2020-04-24,0,Deaths,0.0,0.0
34774,Mozambique,2020-04-25,0,Deaths,0.0,0.0
34775,Mozambique,2020-04-26,0,Deaths,0.0,0.0
34776,Mozambique,2020-04-27,0,Deaths,0.0,0.0
34777,Mozambique,2020-04-28,0,Deaths,0.0,0.0
34778,Mozambique,2020-04-29,0,Deaths,0.0,0.0
34779,Mozambique,2020-04-30,0,Deaths,0.0,0.0
34780,Mozambique,2020-05-01,0,Deaths,0.0,0.0
34781,Mozambique,2020-05-02,0,Deaths,0.0,0.0
34782,Mozambique,2020-05-03,0,Deaths,0.0,0.0
34783,Mozambique,2020-05-04,0,Deaths,0.0,0.0
34784,Mozambique,2020-05-05,0,Deaths,0.0,0.0
34785,Mozambique,2020-05-06,0,Deaths,0.0,0.0
34786,Mozambique,2020-05-07,0,Deaths,0.0,0.0
34787,Mozambique,2020-05-08,0,Deaths,0.0,0.0
34788,Mozambique,2020-05-09,0,Deaths,0.0,0.0
34789,Mozambique,2020-05-10,0,Deaths,0.0,0.0
34790,Mozambique,2020-05-11,0,Deaths,0.0,0.0
34791,Mozambique,2020-05-12,0,Deaths,0.0,0.0
34792,Mozambique,2020-05-13,0,Deaths,0.0,0.0
34793,Mozambique,2020-05-14,0,Deaths,0.0,0.0
34794,Mozambique,2020-05-15,0,Deaths,0.0,0.0
34795,Mozambique,2020-05-16,0,Deaths,0.0,0.0
34796,Mozambique,2020-05-17,0,Deaths,0.0,0.0
34797,Mozambique,2020-05-18,0,Deaths,0.0,0.0
34798,Mozambique,2020-05-19,0,Deaths,0.0,0.0
34799,Mozambique,2020-05-20,0,Deaths,0.0,0.0
34800,Mozambique,2020-05-21,0,Deaths,0.0,0.0
34801,Mozambique,2020-05-22,0,Deaths,0.0,0.0
34802,Mozambique,2020-05-23,0,Deaths,0.0,0.0
34803,Mozambique,2020-05-24,0,Deaths,0.0,0.0
34804,Mozambique,2020-05-25,1,Deaths,1.0,1.0
34805,Mozambique,2020-05-26,1,Deaths,0.0,1.0
34806,Mozambique,2020-05-27,1,Deaths,0.0,1.0
34807,Mozambique,2020-05-28,2,Deaths,1.0,2.0
34808,Mozambique,2020-05-29,2,Deaths,0.0,2.0
34809,Mozambique,2020-05-30,2,Deaths,0.0,2.0
34810,Mozambique,2020-05-31,2,Deaths,0.0,2.0
34811,Mozambique,2020-06-01,2,Deaths,0.0,1.0
34812,Mozambique,2020-06-02,2,Deaths,0.0,1.0
34813,Mozambique,2020-06-03,2,Deaths,0.0,1.0
34814,Mozambique,2020-06-04,2,Deaths,0.0,0.0
34815,Mozambique,2020-06-05,2,Deaths,0.0,0.0
34816,Mozambique,2020-06-06,2,Deaths,0.0,0.0
34817,Mozambique,2020-06-07,2,Deaths,0.0,0.0
34818,Mozambique,2020-06-08,2,Deaths,0.0,0.0
34819,Mozambique,2020-06-09,2,Deaths,0.0,0.0
34820,Mozambique,2020-06-10,2,Deaths,0.0,0.0
34821,Mozambique,2020-06-11,2,Deaths,0.0,0.0
34822,Mozambique,2020-06-12,2,Deaths,0.0,0.0
34823,Mozambique,2020-06-13,2,Deaths,0.0,0.0
34824,Mozambique,2020-06-14,3,Deaths,1.0,1.0
34825,Mozambique,2020-06-15,3,Deaths,0.0,1.0
34826,Mozambique,2020-06-16,4,Deaths,1.0,2.0
34827,Mozambique,2020-06-17,4,Deaths,0.0,2.0
34828,Mozambique,2020-06-18,4,Deaths,0.0,2.0
34829,Mozambique,2020-06-19,4,Deaths,0.0,2.0
34830,Mozambique,2020-06-20,4,Deaths,0.0,2.0
34831,Mozambique,2020-06-21,5,Deaths,1.0,2.0
34832,Mozambique,2020-06-22,5,Deaths,0.0,2.0
34833,Mozambique,2020-06-23,5,Deaths,0.0,1.0
34834,Mozambique,2020-06-24,5,Deaths,0.0,1.0
34835,Mozambique,2020-06-25,5,Deaths,0.0,1.0
34836,Mozambique,2020-06-26,5,Deaths,0.0,1.0
34837,Mozambique,2020-06-27,5,Deaths,0.0,1.0
34838,Mozambique,2020-06-28,5,Deaths,0.0,0.0
34839,Mozambique,2020-06-29,6,Deaths,1.0,1.0
34840,Mozambique,2020-06-30,6,Deaths,0.0,1.0
34841,Mozambique,2020-07-01,6,Deaths,0.0,1.0
34842,Mozambique,2020-07-02,6,Deaths,0.0,1.0
34843,Mozambique,2020-07-03,6,Deaths,0.0,1.0
34844,Mozambique,2020-07-04,7,Deaths,1.0,2.0
34845,Mozambique,2020-07-05,8,Deaths,1.0,3.0
34846,Mozambique,2020-07-06,8,Deaths,0.0,2.0
34847,Mozambique,2020-07-07,8,Deaths,0.0,2.0
34848,Mozambique,2020-07-08,8,Deaths,0.0,2.0
34849,Mozambique,2020-07-09,9,Deaths,1.0,3.0
34850,Mozambique,2020-07-10,9,Deaths,0.0,3.0
34851,Mozambique,2020-07-11,9,Deaths,0.0,2.0
34852,Mozambique,2020-07-12,9,Deaths,0.0,1.0
34853,Mozambique,2020-07-13,9,Deaths,0.0,1.0
34854,Mozambique,2020-07-14,9,Deaths,0.0,1.0
34855,Mozambique,2020-07-15,9,Deaths,0.0,1.0
34856,Mozambique,2020-07-16,9,Deaths,0.0,0.0
34857,Mozambique,2020-07-17,9,Deaths,0.0,0.0
34858,Mozambique,2020-07-18,10,Deaths,1.0,1.0
34859,Mozambique,2020-07-19,10,Deaths,0.0,1.0
34860,Mozambique,2020-07-20,11,Deaths,1.0,2.0
34861,Mozambique,2020-07-21,11,Deaths,0.0,2.0
34862,Mozambique,2020-07-22,11,Deaths,0.0,2.0
34863,Mozambique,2020-07-23,11,Deaths,0.0,2.0
34864,Mozambique,2020-07-24,11,Deaths,0.0,2.0
34865,Mozambique,2020-07-25,11,Deaths,0.0,1.0
34866,Mozambique,2020-07-26,11,Deaths,0.0,1.0
34867,Mozambique,2020-07-27,11,Deaths,0.0,0.0
34868,Mozambique,2020-07-28,11,Deaths,0.0,0.0
34869,Mozambique,2020-07-29,11,Deaths,0.0,0.0
34870,Mozambique,2020-07-30,11,Deaths,0.0,0.0
34871,Mozambique,2020-07-31,11,Deaths,0.0,0.0
34872,Mozambique,2020-08-01,12,Deaths,1.0,1.0
34873,Mozambique,2020-08-02,13,Deaths,1.0,2.0
34874,Mozambique,2020-08-03,14,Deaths,1.0,3.0
34875,Mozambique,2020-08-04,15,Deaths,1.0,4.0
34876,Mozambique,2020-08-05,15,Deaths,0.0,4.0
34877,Mozambique,2020-08-06,15,Deaths,0.0,4.0
34878,Mozambique,2020-08-07,15,Deaths,0.0,4.0
34879,Mozambique,2020-08-08,16,Deaths,1.0,4.0
34880,Mozambique,2020-08-09,16,Deaths,0.0,3.0
34881,Mozambique,2020-08-10,16,Deaths,0.0,2.0
34882,Mozambique,2020-08-11,17,Deaths,1.0,2.0
34883,Mozambique,2020-08-12,19,Deaths,2.0,4.0
34884,Mozambique,2020-08-13,19,Deaths,0.0,4.0
34885,Mozambique,2020-08-14,19,Deaths,0.0,4.0
34886,Mozambique,2020-08-15,19,Deaths,0.0,3.0
34887,Mozambique,2020-08-16,19,Deaths,0.0,3.0
34888,Mozambique,2020-08-17,19,Deaths,0.0,3.0
34889,Mozambique,2020-08-18,19,Deaths,0.0,2.0
34890,Mozambique,2020-08-19,19,Deaths,0.0,0.0
34891,Mozambique,2020-08-20,20,Deaths,1.0,1.0
34892,Mozambique,2020-08-21,20,Deaths,0.0,1.0
34893,Mozambique,2020-08-22,20,Deaths,0.0,1.0
34894,Mozambique,2020-08-23,20,Deaths,0.0,1.0
34895,Mozambique,2020-08-24,21,Deaths,1.0,2.0
34896,Mozambique,2020-08-25,21,Deaths,0.0,2.0
34897,Mozambique,2020-08-26,21,Deaths,0.0,2.0
34898,Mozambique,2020-08-27,21,Deaths,0.0,1.0
34899,Mozambique,2020-08-28,21,Deaths,0.0,1.0
34900,Mozambique,2020-08-29,22,Deaths,1.0,2.0
34901,Mozambique,2020-08-30,23,Deaths,1.0,3.0
34902,Mozambique,2020-08-31,23,Deaths,0.0,2.0
34903,Mozambique,2020-09-01,23,Deaths,0.0,2.0
34904,Mozambique,2020-09-02,25,Deaths,2.0,4.0
34905,Mozambique,2020-09-03,26,Deaths,1.0,5.0
34906,Mozambique,2020-09-04,26,Deaths,0.0,5.0
34907,Mozambique,2020-09-05,26,Deaths,0.0,4.0
34908,Mozambique,2020-09-06,27,Deaths,1.0,4.0
34909,Mozambique,2020-09-07,27,Deaths,0.0,4.0
34910,Mozambique,2020-09-08,28,Deaths,1.0,5.0
34911,Mozambique,2020-09-09,28,Deaths,0.0,3.0
34912,Mozambique,2020-09-10,31,Deaths,3.0,5.0
34913,Mozambique,2020-09-11,31,Deaths,0.0,5.0
34914,Mozambique,2020-09-12,35,Deaths,4.0,9.0
34915,Mozambique,2020-09-13,35,Deaths,0.0,8.0
34916,Mozambique,2020-09-14,35,Deaths,0.0,8.0
34917,Mozambique,2020-09-15,37,Deaths,2.0,9.0
34918,Mozambique,2020-09-16,39,Deaths,2.0,11.0
34919,Mozambique,2020-09-17,39,Deaths,0.0,8.0
34920,Mozambique,2020-09-18,40,Deaths,1.0,9.0
34921,Mozambique,2020-09-19,41,Deaths,1.0,6.0
34922,Mozambique,2020-09-20,43,Deaths,2.0,8.0
34923,Mozambique,2020-09-21,44,Deaths,1.0,9.0
34924,Mozambique,2020-09-22,45,Deaths,1.0,8.0
34925,Mozambique,2020-09-23,49,Deaths,4.0,10.0
34926,Mozambique,2020-09-24,51,Deaths,2.0,12.0
34927,Mozambique,2020-09-25,53,Deaths,2.0,13.0
34928,Mozambique,2020-09-26,54,Deaths,1.0,13.0
34929,Mozambique,2020-09-27,58,Deaths,4.0,15.0
34930,Mozambique,2020-09-28,59,Deaths,1.0,15.0
34931,Mozambique,2020-09-29,59,Deaths,0.0,14.0
34932,Mozambique,2020-09-30,61,Deaths,2.0,12.0
34933,Mozambique,2020-10-01,62,Deaths,1.0,11.0
34934,Mozambique,2020-10-02,64,Deaths,2.0,11.0
34935,Mozambique,2020-10-03,64,Deaths,0.0,10.0
34936,Mozambique,2020-10-04,66,Deaths,2.0,8.0
34937,Mozambique,2020-10-05,66,Deaths,0.0,7.0
34938,Mozambique,2020-10-06,67,Deaths,1.0,8.0
34939,Mozambique,2020-10-07,68,Deaths,1.0,7.0
34940,Mozambique,2020-10-08,68,Deaths,0.0,6.0
34941,Mozambique,2020-10-09,69,Deaths,1.0,5.0
34942,Mozambique,2020-10-10,70,Deaths,1.0,6.0
34943,Mozambique,2020-10-11,71,Deaths,1.0,5.0
34944,Mozambique,2020-10-12,72,Deaths,1.0,6.0
34945,Mozambique,2020-10-13,73,Deaths,1.0,6.0
34946,Mozambique,2020-10-14,73,Deaths,0.0,5.0
34947,Mozambique,2020-10-15,73,Deaths,0.0,5.0
34948,Mozambique,2020-10-16,73,Deaths,0.0,4.0
34949,Mozambique,2020-10-17,74,Deaths,1.0,4.0
34950,Mozambique,2020-10-18,75,Deaths,1.0,4.0
34951,Mozambique,2020-10-19,75,Deaths,0.0,3.0
34952,Mozambique,2020-10-20,78,Deaths,3.0,5.0
34953,Mozambique,2020-10-21,79,Deaths,1.0,6.0
34954,Mozambique,2020-10-22,81,Deaths,2.0,8.0
34955,Mozambique,2020-10-23,82,Deaths,1.0,9.0
34956,Mozambique,2020-10-24,85,Deaths,3.0,11.0
34957,Mozambique,2020-10-25,86,Deaths,1.0,11.0
34958,Mozambique,2020-10-26,88,Deaths,2.0,13.0
34959,Mozambique,2020-10-27,89,Deaths,1.0,11.0
34960,Mozambique,2020-10-28,91,Deaths,2.0,12.0
34961,Mozambique,2020-10-29,91,Deaths,0.0,10.0
34962,Mozambique,2020-10-30,91,Deaths,0.0,9.0
34963,Mozambique,2020-10-31,92,Deaths,1.0,7.0
34964,Mozambique,2020-11-01,93,Deaths,1.0,7.0
34965,Mozambique,2020-11-02,94,Deaths,1.0,6.0
34966,Mozambique,2020-11-03,95,Deaths,1.0,6.0
34967,Mozambique,2020-11-04,95,Deaths,0.0,4.0
34968,Mozambique,2020-11-05,97,Deaths,2.0,6.0
34969,Namibia,2020-01-22,0,Deaths,,
34970,Namibia,2020-01-23,0,Deaths,0.0,
34971,Namibia,2020-01-24,0,Deaths,0.0,
34972,Namibia,2020-01-25,0,Deaths,0.0,
34973,Namibia,2020-01-26,0,Deaths,0.0,
34974,Namibia,2020-01-27,0,Deaths,0.0,
34975,Namibia,2020-01-28,0,Deaths,0.0,
34976,Namibia,2020-01-29,0,Deaths,0.0,0.0
34977,Namibia,2020-01-30,0,Deaths,0.0,0.0
34978,Namibia,2020-01-31,0,Deaths,0.0,0.0
34979,Namibia,2020-02-01,0,Deaths,0.0,0.0
34980,Namibia,2020-02-02,0,Deaths,0.0,0.0
34981,Namibia,2020-02-03,0,Deaths,0.0,0.0
34982,Namibia,2020-02-04,0,Deaths,0.0,0.0
34983,Namibia,2020-02-05,0,Deaths,0.0,0.0
34984,Namibia,2020-02-06,0,Deaths,0.0,0.0
34985,Namibia,2020-02-07,0,Deaths,0.0,0.0
34986,Namibia,2020-02-08,0,Deaths,0.0,0.0
34987,Namibia,2020-02-09,0,Deaths,0.0,0.0
34988,Namibia,2020-02-10,0,Deaths,0.0,0.0
34989,Namibia,2020-02-11,0,Deaths,0.0,0.0
34990,Namibia,2020-02-12,0,Deaths,0.0,0.0
34991,Namibia,2020-02-13,0,Deaths,0.0,0.0
34992,Namibia,2020-02-14,0,Deaths,0.0,0.0
34993,Namibia,2020-02-15,0,Deaths,0.0,0.0
34994,Namibia,2020-02-16,0,Deaths,0.0,0.0
34995,Namibia,2020-02-17,0,Deaths,0.0,0.0
34996,Namibia,2020-02-18,0,Deaths,0.0,0.0
34997,Namibia,2020-02-19,0,Deaths,0.0,0.0
34998,Namibia,2020-02-20,0,Deaths,0.0,0.0
34999,Namibia,2020-02-21,0,Deaths,0.0,0.0
35000,Namibia,2020-02-22,0,Deaths,0.0,0.0
35001,Namibia,2020-02-23,0,Deaths,0.0,0.0
35002,Namibia,2020-02-24,0,Deaths,0.0,0.0
35003,Namibia,2020-02-25,0,Deaths,0.0,0.0
35004,Namibia,2020-02-26,0,Deaths,0.0,0.0
35005,Namibia,2020-02-27,0,Deaths,0.0,0.0
35006,Namibia,2020-02-28,0,Deaths,0.0,0.0
35007,Namibia,2020-02-29,0,Deaths,0.0,0.0
35008,Namibia,2020-03-01,0,Deaths,0.0,0.0
35009,Namibia,2020-03-02,0,Deaths,0.0,0.0
35010,Namibia,2020-03-03,0,Deaths,0.0,0.0
35011,Namibia,2020-03-04,0,Deaths,0.0,0.0
35012,Namibia,2020-03-05,0,Deaths,0.0,0.0
35013,Namibia,2020-03-06,0,Deaths,0.0,0.0
35014,Namibia,2020-03-07,0,Deaths,0.0,0.0
35015,Namibia,2020-03-08,0,Deaths,0.0,0.0
35016,Namibia,2020-03-09,0,Deaths,0.0,0.0
35017,Namibia,2020-03-10,0,Deaths,0.0,0.0
35018,Namibia,2020-03-11,0,Deaths,0.0,0.0
35019,Namibia,2020-03-12,0,Deaths,0.0,0.0
35020,Namibia,2020-03-13,0,Deaths,0.0,0.0
35021,Namibia,2020-03-14,0,Deaths,0.0,0.0
35022,Namibia,2020-03-15,0,Deaths,0.0,0.0
35023,Namibia,2020-03-16,0,Deaths,0.0,0.0
35024,Namibia,2020-03-17,0,Deaths,0.0,0.0
35025,Namibia,2020-03-18,0,Deaths,0.0,0.0
35026,Namibia,2020-03-19,0,Deaths,0.0,0.0
35027,Namibia,2020-03-20,0,Deaths,0.0,0.0
35028,Namibia,2020-03-21,0,Deaths,0.0,0.0
35029,Namibia,2020-03-22,0,Deaths,0.0,0.0
35030,Namibia,2020-03-23,0,Deaths,0.0,0.0
35031,Namibia,2020-03-24,0,Deaths,0.0,0.0
35032,Namibia,2020-03-25,0,Deaths,0.0,0.0
35033,Namibia,2020-03-26,0,Deaths,0.0,0.0
35034,Namibia,2020-03-27,0,Deaths,0.0,0.0
35035,Namibia,2020-03-28,0,Deaths,0.0,0.0
35036,Namibia,2020-03-29,0,Deaths,0.0,0.0
35037,Namibia,2020-03-30,0,Deaths,0.0,0.0
35038,Namibia,2020-03-31,0,Deaths,0.0,0.0
35039,Namibia,2020-04-01,0,Deaths,0.0,0.0
35040,Namibia,2020-04-02,0,Deaths,0.0,0.0
35041,Namibia,2020-04-03,0,Deaths,0.0,0.0
35042,Namibia,2020-04-04,0,Deaths,0.0,0.0
35043,Namibia,2020-04-05,0,Deaths,0.0,0.0
35044,Namibia,2020-04-06,0,Deaths,0.0,0.0
35045,Namibia,2020-04-07,0,Deaths,0.0,0.0
35046,Namibia,2020-04-08,0,Deaths,0.0,0.0
35047,Namibia,2020-04-09,0,Deaths,0.0,0.0
35048,Namibia,2020-04-10,0,Deaths,0.0,0.0
35049,Namibia,2020-04-11,0,Deaths,0.0,0.0
35050,Namibia,2020-04-12,0,Deaths,0.0,0.0
35051,Namibia,2020-04-13,0,Deaths,0.0,0.0
35052,Namibia,2020-04-14,0,Deaths,0.0,0.0
35053,Namibia,2020-04-15,0,Deaths,0.0,0.0
35054,Namibia,2020-04-16,0,Deaths,0.0,0.0
35055,Namibia,2020-04-17,0,Deaths,0.0,0.0
35056,Namibia,2020-04-18,0,Deaths,0.0,0.0
35057,Namibia,2020-04-19,0,Deaths,0.0,0.0
35058,Namibia,2020-04-20,0,Deaths,0.0,0.0
35059,Namibia,2020-04-21,0,Deaths,0.0,0.0
35060,Namibia,2020-04-22,0,Deaths,0.0,0.0
35061,Namibia,2020-04-23,0,Deaths,0.0,0.0
35062,Namibia,2020-04-24,0,Deaths,0.0,0.0
35063,Namibia,2020-04-25,0,Deaths,0.0,0.0
35064,Namibia,2020-04-26,0,Deaths,0.0,0.0
35065,Namibia,2020-04-27,0,Deaths,0.0,0.0
35066,Namibia,2020-04-28,0,Deaths,0.0,0.0
35067,Namibia,2020-04-29,0,Deaths,0.0,0.0
35068,Namibia,2020-04-30,0,Deaths,0.0,0.0
35069,Namibia,2020-05-01,0,Deaths,0.0,0.0
35070,Namibia,2020-05-02,0,Deaths,0.0,0.0
35071,Namibia,2020-05-03,0,Deaths,0.0,0.0
35072,Namibia,2020-05-04,0,Deaths,0.0,0.0
35073,Namibia,2020-05-05,0,Deaths,0.0,0.0
35074,Namibia,2020-05-06,0,Deaths,0.0,0.0
35075,Namibia,2020-05-07,0,Deaths,0.0,0.0
35076,Namibia,2020-05-08,0,Deaths,0.0,0.0
35077,Namibia,2020-05-09,0,Deaths,0.0,0.0
35078,Namibia,2020-05-10,0,Deaths,0.0,0.0
35079,Namibia,2020-05-11,0,Deaths,0.0,0.0
35080,Namibia,2020-05-12,0,Deaths,0.0,0.0
35081,Namibia,2020-05-13,0,Deaths,0.0,0.0
35082,Namibia,2020-05-14,0,Deaths,0.0,0.0
35083,Namibia,2020-05-15,0,Deaths,0.0,0.0
35084,Namibia,2020-05-16,0,Deaths,0.0,0.0
35085,Namibia,2020-05-17,0,Deaths,0.0,0.0
35086,Namibia,2020-05-18,0,Deaths,0.0,0.0
35087,Namibia,2020-05-19,0,Deaths,0.0,0.0
35088,Namibia,2020-05-20,0,Deaths,0.0,0.0
35089,Namibia,2020-05-21,0,Deaths,0.0,0.0
35090,Namibia,2020-05-22,0,Deaths,0.0,0.0
35091,Namibia,2020-05-23,0,Deaths,0.0,0.0
35092,Namibia,2020-05-24,0,Deaths,0.0,0.0
35093,Namibia,2020-05-25,0,Deaths,0.0,0.0
35094,Namibia,2020-05-26,0,Deaths,0.0,0.0
35095,Namibia,2020-05-27,0,Deaths,0.0,0.0
35096,Namibia,2020-05-28,0,Deaths,0.0,0.0
35097,Namibia,2020-05-29,0,Deaths,0.0,0.0
35098,Namibia,2020-05-30,0,Deaths,0.0,0.0
35099,Namibia,2020-05-31,0,Deaths,0.0,0.0
35100,Namibia,2020-06-01,0,Deaths,0.0,0.0
35101,Namibia,2020-06-02,0,Deaths,0.0,0.0
35102,Namibia,2020-06-03,0,Deaths,0.0,0.0
35103,Namibia,2020-06-04,0,Deaths,0.0,0.0
35104,Namibia,2020-06-05,0,Deaths,0.0,0.0
35105,Namibia,2020-06-06,0,Deaths,0.0,0.0
35106,Namibia,2020-06-07,0,Deaths,0.0,0.0
35107,Namibia,2020-06-08,0,Deaths,0.0,0.0
35108,Namibia,2020-06-09,0,Deaths,0.0,0.0
35109,Namibia,2020-06-10,0,Deaths,0.0,0.0
35110,Namibia,2020-06-11,0,Deaths,0.0,0.0
35111,Namibia,2020-06-12,0,Deaths,0.0,0.0
35112,Namibia,2020-06-13,0,Deaths,0.0,0.0
35113,Namibia,2020-06-14,0,Deaths,0.0,0.0
35114,Namibia,2020-06-15,0,Deaths,0.0,0.0
35115,Namibia,2020-06-16,0,Deaths,0.0,0.0
35116,Namibia,2020-06-17,0,Deaths,0.0,0.0
35117,Namibia,2020-06-18,0,Deaths,0.0,0.0
35118,Namibia,2020-06-19,0,Deaths,0.0,0.0
35119,Namibia,2020-06-20,0,Deaths,0.0,0.0
35120,Namibia,2020-06-21,0,Deaths,0.0,0.0
35121,Namibia,2020-06-22,0,Deaths,0.0,0.0
35122,Namibia,2020-06-23,0,Deaths,0.0,0.0
35123,Namibia,2020-06-24,0,Deaths,0.0,0.0
35124,Namibia,2020-06-25,0,Deaths,0.0,0.0
35125,Namibia,2020-06-26,0,Deaths,0.0,0.0
35126,Namibia,2020-06-27,0,Deaths,0.0,0.0
35127,Namibia,2020-06-28,0,Deaths,0.0,0.0
35128,Namibia,2020-06-29,0,Deaths,0.0,0.0
35129,Namibia,2020-06-30,0,Deaths,0.0,0.0
35130,Namibia,2020-07-01,0,Deaths,0.0,0.0
35131,Namibia,2020-07-02,0,Deaths,0.0,0.0
35132,Namibia,2020-07-03,0,Deaths,0.0,0.0
35133,Namibia,2020-07-04,0,Deaths,0.0,0.0
35134,Namibia,2020-07-05,0,Deaths,0.0,0.0
35135,Namibia,2020-07-06,0,Deaths,0.0,0.0
35136,Namibia,2020-07-07,0,Deaths,0.0,0.0
35137,Namibia,2020-07-08,0,Deaths,0.0,0.0
35138,Namibia,2020-07-09,0,Deaths,0.0,0.0
35139,Namibia,2020-07-10,1,Deaths,1.0,1.0
35140,Namibia,2020-07-11,1,Deaths,0.0,1.0
35141,Namibia,2020-07-12,1,Deaths,0.0,1.0
35142,Namibia,2020-07-13,1,Deaths,0.0,1.0
35143,Namibia,2020-07-14,2,Deaths,1.0,2.0
35144,Namibia,2020-07-15,2,Deaths,0.0,2.0
35145,Namibia,2020-07-16,2,Deaths,0.0,2.0
35146,Namibia,2020-07-17,2,Deaths,0.0,1.0
35147,Namibia,2020-07-18,2,Deaths,0.0,1.0
35148,Namibia,2020-07-19,3,Deaths,1.0,2.0
35149,Namibia,2020-07-20,4,Deaths,1.0,3.0
35150,Namibia,2020-07-21,7,Deaths,3.0,5.0
35151,Namibia,2020-07-22,7,Deaths,0.0,5.0
35152,Namibia,2020-07-23,7,Deaths,0.0,5.0
35153,Namibia,2020-07-24,7,Deaths,0.0,5.0
35154,Namibia,2020-07-25,7,Deaths,0.0,5.0
35155,Namibia,2020-07-26,8,Deaths,1.0,5.0
35156,Namibia,2020-07-27,8,Deaths,0.0,4.0
35157,Namibia,2020-07-28,8,Deaths,0.0,1.0
35158,Namibia,2020-07-29,9,Deaths,1.0,2.0
35159,Namibia,2020-07-30,10,Deaths,1.0,3.0
35160,Namibia,2020-07-31,10,Deaths,0.0,3.0
35161,Namibia,2020-08-01,11,Deaths,1.0,4.0
35162,Namibia,2020-08-02,11,Deaths,0.0,3.0
35163,Namibia,2020-08-03,12,Deaths,1.0,4.0
35164,Namibia,2020-08-04,12,Deaths,0.0,4.0
35165,Namibia,2020-08-05,12,Deaths,0.0,3.0
35166,Namibia,2020-08-06,15,Deaths,3.0,5.0
35167,Namibia,2020-08-07,16,Deaths,1.0,6.0
35168,Namibia,2020-08-08,16,Deaths,0.0,5.0
35169,Namibia,2020-08-09,19,Deaths,3.0,8.0
35170,Namibia,2020-08-10,19,Deaths,0.0,7.0
35171,Namibia,2020-08-11,19,Deaths,0.0,7.0
35172,Namibia,2020-08-12,22,Deaths,3.0,10.0
35173,Namibia,2020-08-13,27,Deaths,5.0,12.0
35174,Namibia,2020-08-14,31,Deaths,4.0,15.0
35175,Namibia,2020-08-15,35,Deaths,4.0,19.0
35176,Namibia,2020-08-16,35,Deaths,0.0,16.0
35177,Namibia,2020-08-17,36,Deaths,1.0,17.0
35178,Namibia,2020-08-18,37,Deaths,1.0,18.0
35179,Namibia,2020-08-19,39,Deaths,2.0,17.0
35180,Namibia,2020-08-20,41,Deaths,2.0,14.0
35181,Namibia,2020-08-21,42,Deaths,1.0,11.0
35182,Namibia,2020-08-22,46,Deaths,4.0,11.0
35183,Namibia,2020-08-23,52,Deaths,6.0,17.0
35184,Namibia,2020-08-24,56,Deaths,4.0,20.0
35185,Namibia,2020-08-25,57,Deaths,1.0,20.0
35186,Namibia,2020-08-26,59,Deaths,2.0,20.0
35187,Namibia,2020-08-27,60,Deaths,1.0,19.0
35188,Namibia,2020-08-28,65,Deaths,5.0,23.0
35189,Namibia,2020-08-29,69,Deaths,4.0,23.0
35190,Namibia,2020-08-30,72,Deaths,3.0,20.0
35191,Namibia,2020-08-31,75,Deaths,3.0,19.0
35192,Namibia,2020-09-01,81,Deaths,6.0,24.0
35193,Namibia,2020-09-02,82,Deaths,1.0,23.0
35194,Namibia,2020-09-03,86,Deaths,4.0,26.0
35195,Namibia,2020-09-04,87,Deaths,1.0,22.0
35196,Namibia,2020-09-05,87,Deaths,0.0,18.0
35197,Namibia,2020-09-06,89,Deaths,2.0,17.0
35198,Namibia,2020-09-07,91,Deaths,2.0,16.0
35199,Namibia,2020-09-08,91,Deaths,0.0,10.0
35200,Namibia,2020-09-09,93,Deaths,2.0,11.0
35201,Namibia,2020-09-10,96,Deaths,3.0,10.0
35202,Namibia,2020-09-11,98,Deaths,2.0,11.0
35203,Namibia,2020-09-12,98,Deaths,0.0,11.0
35204,Namibia,2020-09-13,101,Deaths,3.0,12.0
35205,Namibia,2020-09-14,103,Deaths,2.0,12.0
35206,Namibia,2020-09-15,106,Deaths,3.0,15.0
35207,Namibia,2020-09-16,108,Deaths,2.0,15.0
35208,Namibia,2020-09-17,108,Deaths,0.0,12.0
35209,Namibia,2020-09-18,108,Deaths,0.0,10.0
35210,Namibia,2020-09-19,111,Deaths,3.0,13.0
35211,Namibia,2020-09-20,112,Deaths,1.0,11.0
35212,Namibia,2020-09-21,113,Deaths,1.0,10.0
35213,Namibia,2020-09-22,116,Deaths,3.0,10.0
35214,Namibia,2020-09-23,117,Deaths,1.0,9.0
35215,Namibia,2020-09-24,119,Deaths,2.0,11.0
35216,Namibia,2020-09-25,119,Deaths,0.0,11.0
35217,Namibia,2020-09-26,120,Deaths,1.0,9.0
35218,Namibia,2020-09-27,120,Deaths,0.0,8.0
35219,Namibia,2020-09-28,121,Deaths,1.0,8.0
35220,Namibia,2020-09-29,121,Deaths,0.0,5.0
35221,Namibia,2020-09-30,121,Deaths,0.0,4.0
35222,Namibia,2020-10-01,123,Deaths,2.0,4.0
35223,Namibia,2020-10-02,123,Deaths,0.0,4.0
35224,Namibia,2020-10-03,123,Deaths,0.0,3.0
35225,Namibia,2020-10-04,123,Deaths,0.0,3.0
35226,Namibia,2020-10-05,125,Deaths,2.0,4.0
35227,Namibia,2020-10-06,125,Deaths,0.0,4.0
35228,Namibia,2020-10-07,126,Deaths,1.0,5.0
35229,Namibia,2020-10-08,127,Deaths,1.0,4.0
35230,Namibia,2020-10-09,127,Deaths,0.0,4.0
35231,Namibia,2020-10-10,128,Deaths,1.0,5.0
35232,Namibia,2020-10-11,128,Deaths,0.0,5.0
35233,Namibia,2020-10-12,129,Deaths,1.0,4.0
35234,Namibia,2020-10-13,129,Deaths,0.0,4.0
35235,Namibia,2020-10-14,130,Deaths,1.0,4.0
35236,Namibia,2020-10-15,130,Deaths,0.0,3.0
35237,Namibia,2020-10-16,131,Deaths,1.0,4.0
35238,Namibia,2020-10-17,131,Deaths,0.0,3.0
35239,Namibia,2020-10-18,131,Deaths,0.0,3.0
35240,Namibia,2020-10-19,131,Deaths,0.0,2.0
35241,Namibia,2020-10-20,132,Deaths,1.0,3.0
35242,Namibia,2020-10-21,133,Deaths,1.0,3.0
35243,Namibia,2020-10-22,133,Deaths,0.0,3.0
35244,Namibia,2020-10-23,133,Deaths,0.0,2.0
35245,Namibia,2020-10-24,133,Deaths,0.0,2.0
35246,Namibia,2020-10-25,133,Deaths,0.0,2.0
35247,Namibia,2020-10-26,133,Deaths,0.0,2.0
35248,Namibia,2020-10-27,133,Deaths,0.0,1.0
35249,Namibia,2020-10-28,133,Deaths,0.0,0.0
35250,Namibia,2020-10-29,133,Deaths,0.0,0.0
35251,Namibia,2020-10-30,133,Deaths,0.0,0.0
35252,Namibia,2020-10-31,133,Deaths,0.0,0.0
35253,Namibia,2020-11-01,133,Deaths,0.0,0.0
35254,Namibia,2020-11-02,133,Deaths,0.0,0.0
35255,Namibia,2020-11-03,133,Deaths,0.0,0.0
35256,Namibia,2020-11-04,133,Deaths,0.0,0.0
35257,Namibia,2020-11-05,133,Deaths,0.0,0.0
35258,Nepal,2020-01-22,0,Deaths,,
35259,Nepal,2020-01-23,0,Deaths,0.0,
35260,Nepal,2020-01-24,0,Deaths,0.0,
35261,Nepal,2020-01-25,0,Deaths,0.0,
35262,Nepal,2020-01-26,0,Deaths,0.0,
35263,Nepal,2020-01-27,0,Deaths,0.0,
35264,Nepal,2020-01-28,0,Deaths,0.0,
35265,Nepal,2020-01-29,0,Deaths,0.0,0.0
35266,Nepal,2020-01-30,0,Deaths,0.0,0.0
35267,Nepal,2020-01-31,0,Deaths,0.0,0.0
35268,Nepal,2020-02-01,0,Deaths,0.0,0.0
35269,Nepal,2020-02-02,0,Deaths,0.0,0.0
35270,Nepal,2020-02-03,0,Deaths,0.0,0.0
35271,Nepal,2020-02-04,0,Deaths,0.0,0.0
35272,Nepal,2020-02-05,0,Deaths,0.0,0.0
35273,Nepal,2020-02-06,0,Deaths,0.0,0.0
35274,Nepal,2020-02-07,0,Deaths,0.0,0.0
35275,Nepal,2020-02-08,0,Deaths,0.0,0.0
35276,Nepal,2020-02-09,0,Deaths,0.0,0.0
35277,Nepal,2020-02-10,0,Deaths,0.0,0.0
35278,Nepal,2020-02-11,0,Deaths,0.0,0.0
35279,Nepal,2020-02-12,0,Deaths,0.0,0.0
35280,Nepal,2020-02-13,0,Deaths,0.0,0.0
35281,Nepal,2020-02-14,0,Deaths,0.0,0.0
35282,Nepal,2020-02-15,0,Deaths,0.0,0.0
35283,Nepal,2020-02-16,0,Deaths,0.0,0.0
35284,Nepal,2020-02-17,0,Deaths,0.0,0.0
35285,Nepal,2020-02-18,0,Deaths,0.0,0.0
35286,Nepal,2020-02-19,0,Deaths,0.0,0.0
35287,Nepal,2020-02-20,0,Deaths,0.0,0.0
35288,Nepal,2020-02-21,0,Deaths,0.0,0.0
35289,Nepal,2020-02-22,0,Deaths,0.0,0.0
35290,Nepal,2020-02-23,0,Deaths,0.0,0.0
35291,Nepal,2020-02-24,0,Deaths,0.0,0.0
35292,Nepal,2020-02-25,0,Deaths,0.0,0.0
35293,Nepal,2020-02-26,0,Deaths,0.0,0.0
35294,Nepal,2020-02-27,0,Deaths,0.0,0.0
35295,Nepal,2020-02-28,0,Deaths,0.0,0.0
35296,Nepal,2020-02-29,0,Deaths,0.0,0.0
35297,Nepal,2020-03-01,0,Deaths,0.0,0.0
35298,Nepal,2020-03-02,0,Deaths,0.0,0.0
35299,Nepal,2020-03-03,0,Deaths,0.0,0.0
35300,Nepal,2020-03-04,0,Deaths,0.0,0.0
35301,Nepal,2020-03-05,0,Deaths,0.0,0.0
35302,Nepal,2020-03-06,0,Deaths,0.0,0.0
35303,Nepal,2020-03-07,0,Deaths,0.0,0.0
35304,Nepal,2020-03-08,0,Deaths,0.0,0.0
35305,Nepal,2020-03-09,0,Deaths,0.0,0.0
35306,Nepal,2020-03-10,0,Deaths,0.0,0.0
35307,Nepal,2020-03-11,0,Deaths,0.0,0.0
35308,Nepal,2020-03-12,0,Deaths,0.0,0.0
35309,Nepal,2020-03-13,0,Deaths,0.0,0.0
35310,Nepal,2020-03-14,0,Deaths,0.0,0.0
35311,Nepal,2020-03-15,0,Deaths,0.0,0.0
35312,Nepal,2020-03-16,0,Deaths,0.0,0.0
35313,Nepal,2020-03-17,0,Deaths,0.0,0.0
35314,Nepal,2020-03-18,0,Deaths,0.0,0.0
35315,Nepal,2020-03-19,0,Deaths,0.0,0.0
35316,Nepal,2020-03-20,0,Deaths,0.0,0.0
35317,Nepal,2020-03-21,0,Deaths,0.0,0.0
35318,Nepal,2020-03-22,0,Deaths,0.0,0.0
35319,Nepal,2020-03-23,0,Deaths,0.0,0.0
35320,Nepal,2020-03-24,0,Deaths,0.0,0.0
35321,Nepal,2020-03-25,0,Deaths,0.0,0.0
35322,Nepal,2020-03-26,0,Deaths,0.0,0.0
35323,Nepal,2020-03-27,0,Deaths,0.0,0.0
35324,Nepal,2020-03-28,0,Deaths,0.0,0.0
35325,Nepal,2020-03-29,0,Deaths,0.0,0.0
35326,Nepal,2020-03-30,0,Deaths,0.0,0.0
35327,Nepal,2020-03-31,0,Deaths,0.0,0.0
35328,Nepal,2020-04-01,0,Deaths,0.0,0.0
35329,Nepal,2020-04-02,0,Deaths,0.0,0.0
35330,Nepal,2020-04-03,0,Deaths,0.0,0.0
35331,Nepal,2020-04-04,0,Deaths,0.0,0.0
35332,Nepal,2020-04-05,0,Deaths,0.0,0.0
35333,Nepal,2020-04-06,0,Deaths,0.0,0.0
35334,Nepal,2020-04-07,0,Deaths,0.0,0.0
35335,Nepal,2020-04-08,0,Deaths,0.0,0.0
35336,Nepal,2020-04-09,0,Deaths,0.0,0.0
35337,Nepal,2020-04-10,0,Deaths,0.0,0.0
35338,Nepal,2020-04-11,0,Deaths,0.0,0.0
35339,Nepal,2020-04-12,0,Deaths,0.0,0.0
35340,Nepal,2020-04-13,0,Deaths,0.0,0.0
35341,Nepal,2020-04-14,0,Deaths,0.0,0.0
35342,Nepal,2020-04-15,0,Deaths,0.0,0.0
35343,Nepal,2020-04-16,0,Deaths,0.0,0.0
35344,Nepal,2020-04-17,0,Deaths,0.0,0.0
35345,Nepal,2020-04-18,0,Deaths,0.0,0.0
35346,Nepal,2020-04-19,0,Deaths,0.0,0.0
35347,Nepal,2020-04-20,0,Deaths,0.0,0.0
35348,Nepal,2020-04-21,0,Deaths,0.0,0.0
35349,Nepal,2020-04-22,0,Deaths,0.0,0.0
35350,Nepal,2020-04-23,0,Deaths,0.0,0.0
35351,Nepal,2020-04-24,0,Deaths,0.0,0.0
35352,Nepal,2020-04-25,0,Deaths,0.0,0.0
35353,Nepal,2020-04-26,0,Deaths,0.0,0.0
35354,Nepal,2020-04-27,0,Deaths,0.0,0.0
35355,Nepal,2020-04-28,0,Deaths,0.0,0.0
35356,Nepal,2020-04-29,0,Deaths,0.0,0.0
35357,Nepal,2020-04-30,0,Deaths,0.0,0.0
35358,Nepal,2020-05-01,0,Deaths,0.0,0.0
35359,Nepal,2020-05-02,0,Deaths,0.0,0.0
35360,Nepal,2020-05-03,0,Deaths,0.0,0.0
35361,Nepal,2020-05-04,0,Deaths,0.0,0.0
35362,Nepal,2020-05-05,0,Deaths,0.0,0.0
35363,Nepal,2020-05-06,0,Deaths,0.0,0.0
35364,Nepal,2020-05-07,0,Deaths,0.0,0.0
35365,Nepal,2020-05-08,0,Deaths,0.0,0.0
35366,Nepal,2020-05-09,0,Deaths,0.0,0.0
35367,Nepal,2020-05-10,0,Deaths,0.0,0.0
35368,Nepal,2020-05-11,0,Deaths,0.0,0.0
35369,Nepal,2020-05-12,0,Deaths,0.0,0.0
35370,Nepal,2020-05-13,0,Deaths,0.0,0.0
35371,Nepal,2020-05-14,0,Deaths,0.0,0.0
35372,Nepal,2020-05-15,0,Deaths,0.0,0.0
35373,Nepal,2020-05-16,1,Deaths,1.0,1.0
35374,Nepal,2020-05-17,2,Deaths,1.0,2.0
35375,Nepal,2020-05-18,2,Deaths,0.0,2.0
35376,Nepal,2020-05-19,2,Deaths,0.0,2.0
35377,Nepal,2020-05-20,2,Deaths,0.0,2.0
35378,Nepal,2020-05-21,3,Deaths,1.0,3.0
35379,Nepal,2020-05-22,3,Deaths,0.0,3.0
35380,Nepal,2020-05-23,3,Deaths,0.0,2.0
35381,Nepal,2020-05-24,3,Deaths,0.0,1.0
35382,Nepal,2020-05-25,4,Deaths,1.0,2.0
35383,Nepal,2020-05-26,4,Deaths,0.0,2.0
35384,Nepal,2020-05-27,4,Deaths,0.0,2.0
35385,Nepal,2020-05-28,5,Deaths,1.0,2.0
35386,Nepal,2020-05-29,6,Deaths,1.0,3.0
35387,Nepal,2020-05-30,6,Deaths,0.0,3.0
35388,Nepal,2020-05-31,8,Deaths,2.0,5.0
35389,Nepal,2020-06-01,8,Deaths,0.0,4.0
35390,Nepal,2020-06-02,8,Deaths,0.0,4.0
35391,Nepal,2020-06-03,9,Deaths,1.0,5.0
35392,Nepal,2020-06-04,10,Deaths,1.0,5.0
35393,Nepal,2020-06-05,11,Deaths,1.0,5.0
35394,Nepal,2020-06-06,13,Deaths,2.0,7.0
35395,Nepal,2020-06-07,13,Deaths,0.0,5.0
35396,Nepal,2020-06-08,14,Deaths,1.0,6.0
35397,Nepal,2020-06-09,15,Deaths,1.0,7.0
35398,Nepal,2020-06-10,15,Deaths,0.0,6.0
35399,Nepal,2020-06-11,15,Deaths,0.0,5.0
35400,Nepal,2020-06-12,16,Deaths,1.0,5.0
35401,Nepal,2020-06-13,18,Deaths,2.0,5.0
35402,Nepal,2020-06-14,19,Deaths,1.0,6.0
35403,Nepal,2020-06-15,19,Deaths,0.0,5.0
35404,Nepal,2020-06-16,19,Deaths,0.0,4.0
35405,Nepal,2020-06-17,20,Deaths,1.0,5.0
35406,Nepal,2020-06-18,22,Deaths,2.0,7.0
35407,Nepal,2020-06-19,22,Deaths,0.0,6.0
35408,Nepal,2020-06-20,22,Deaths,0.0,4.0
35409,Nepal,2020-06-21,23,Deaths,1.0,4.0
35410,Nepal,2020-06-22,23,Deaths,0.0,4.0
35411,Nepal,2020-06-23,24,Deaths,1.0,5.0
35412,Nepal,2020-06-24,24,Deaths,0.0,4.0
35413,Nepal,2020-06-25,26,Deaths,2.0,4.0
35414,Nepal,2020-06-26,27,Deaths,1.0,5.0
35415,Nepal,2020-06-27,28,Deaths,1.0,6.0
35416,Nepal,2020-06-28,28,Deaths,0.0,5.0
35417,Nepal,2020-06-29,29,Deaths,1.0,6.0
35418,Nepal,2020-06-30,29,Deaths,0.0,5.0
35419,Nepal,2020-07-01,30,Deaths,1.0,6.0
35420,Nepal,2020-07-02,31,Deaths,1.0,5.0
35421,Nepal,2020-07-03,32,Deaths,1.0,5.0
35422,Nepal,2020-07-04,34,Deaths,2.0,6.0
35423,Nepal,2020-07-05,34,Deaths,0.0,6.0
35424,Nepal,2020-07-06,35,Deaths,1.0,6.0
35425,Nepal,2020-07-07,35,Deaths,0.0,6.0
35426,Nepal,2020-07-08,35,Deaths,0.0,5.0
35427,Nepal,2020-07-09,35,Deaths,0.0,4.0
35428,Nepal,2020-07-10,35,Deaths,0.0,3.0
35429,Nepal,2020-07-11,38,Deaths,3.0,4.0
35430,Nepal,2020-07-12,38,Deaths,0.0,4.0
35431,Nepal,2020-07-13,38,Deaths,0.0,3.0
35432,Nepal,2020-07-14,38,Deaths,0.0,3.0
35433,Nepal,2020-07-15,39,Deaths,1.0,4.0
35434,Nepal,2020-07-16,39,Deaths,0.0,4.0
35435,Nepal,2020-07-17,40,Deaths,1.0,5.0
35436,Nepal,2020-07-18,40,Deaths,0.0,2.0
35437,Nepal,2020-07-19,40,Deaths,0.0,2.0
35438,Nepal,2020-07-20,40,Deaths,0.0,2.0
35439,Nepal,2020-07-21,40,Deaths,0.0,2.0
35440,Nepal,2020-07-22,42,Deaths,2.0,3.0
35441,Nepal,2020-07-23,43,Deaths,1.0,4.0
35442,Nepal,2020-07-24,44,Deaths,1.0,4.0
35443,Nepal,2020-07-25,45,Deaths,1.0,5.0
35444,Nepal,2020-07-26,45,Deaths,0.0,5.0
35445,Nepal,2020-07-27,48,Deaths,3.0,8.0
35446,Nepal,2020-07-28,49,Deaths,1.0,9.0
35447,Nepal,2020-07-29,49,Deaths,0.0,7.0
35448,Nepal,2020-07-30,52,Deaths,3.0,9.0
35449,Nepal,2020-07-31,56,Deaths,4.0,12.0
35450,Nepal,2020-08-01,56,Deaths,0.0,11.0
35451,Nepal,2020-08-02,57,Deaths,1.0,12.0
35452,Nepal,2020-08-03,57,Deaths,0.0,9.0
35453,Nepal,2020-08-04,58,Deaths,1.0,9.0
35454,Nepal,2020-08-05,60,Deaths,2.0,11.0
35455,Nepal,2020-08-06,65,Deaths,5.0,13.0
35456,Nepal,2020-08-07,70,Deaths,5.0,14.0
35457,Nepal,2020-08-08,73,Deaths,3.0,17.0
35458,Nepal,2020-08-09,75,Deaths,2.0,18.0
35459,Nepal,2020-08-10,79,Deaths,4.0,22.0
35460,Nepal,2020-08-11,83,Deaths,4.0,25.0
35461,Nepal,2020-08-12,91,Deaths,8.0,31.0
35462,Nepal,2020-08-13,95,Deaths,4.0,30.0
35463,Nepal,2020-08-14,99,Deaths,4.0,29.0
35464,Nepal,2020-08-15,102,Deaths,3.0,29.0
35465,Nepal,2020-08-16,104,Deaths,2.0,29.0
35466,Nepal,2020-08-17,107,Deaths,3.0,28.0
35467,Nepal,2020-08-18,114,Deaths,7.0,31.0
35468,Nepal,2020-08-19,120,Deaths,6.0,29.0
35469,Nepal,2020-08-20,126,Deaths,6.0,31.0
35470,Nepal,2020-08-21,137,Deaths,11.0,38.0
35471,Nepal,2020-08-22,146,Deaths,9.0,44.0
35472,Nepal,2020-08-23,149,Deaths,3.0,45.0
35473,Nepal,2020-08-24,157,Deaths,8.0,50.0
35474,Nepal,2020-08-25,164,Deaths,7.0,50.0
35475,Nepal,2020-08-26,175,Deaths,11.0,55.0
35476,Nepal,2020-08-27,183,Deaths,8.0,57.0
35477,Nepal,2020-08-28,195,Deaths,12.0,58.0
35478,Nepal,2020-08-29,207,Deaths,12.0,61.0
35479,Nepal,2020-08-30,221,Deaths,14.0,72.0
35480,Nepal,2020-08-31,228,Deaths,7.0,71.0
35481,Nepal,2020-09-01,239,Deaths,11.0,75.0
35482,Nepal,2020-09-02,251,Deaths,12.0,76.0
35483,Nepal,2020-09-03,257,Deaths,6.0,74.0
35484,Nepal,2020-09-04,271,Deaths,14.0,76.0
35485,Nepal,2020-09-05,280,Deaths,9.0,73.0
35486,Nepal,2020-09-06,289,Deaths,9.0,68.0
35487,Nepal,2020-09-07,300,Deaths,11.0,72.0
35488,Nepal,2020-09-08,306,Deaths,6.0,67.0
35489,Nepal,2020-09-09,312,Deaths,6.0,61.0
35490,Nepal,2020-09-10,317,Deaths,5.0,60.0
35491,Nepal,2020-09-11,322,Deaths,5.0,51.0
35492,Nepal,2020-09-12,336,Deaths,14.0,56.0
35493,Nepal,2020-09-13,345,Deaths,9.0,56.0
35494,Nepal,2020-09-14,360,Deaths,15.0,60.0
35495,Nepal,2020-09-15,371,Deaths,11.0,65.0
35496,Nepal,2020-09-16,379,Deaths,8.0,67.0
35497,Nepal,2020-09-17,383,Deaths,4.0,66.0
35498,Nepal,2020-09-18,390,Deaths,7.0,68.0
35499,Nepal,2020-09-19,401,Deaths,11.0,65.0
35500,Nepal,2020-09-20,411,Deaths,10.0,66.0
35501,Nepal,2020-09-21,427,Deaths,16.0,67.0
35502,Nepal,2020-09-22,429,Deaths,2.0,58.0
35503,Nepal,2020-09-23,436,Deaths,7.0,57.0
35504,Nepal,2020-09-24,453,Deaths,17.0,70.0
35505,Nepal,2020-09-25,459,Deaths,6.0,69.0
35506,Nepal,2020-09-26,467,Deaths,8.0,66.0
35507,Nepal,2020-09-27,477,Deaths,10.0,66.0
35508,Nepal,2020-09-28,481,Deaths,4.0,54.0
35509,Nepal,2020-09-29,491,Deaths,10.0,62.0
35510,Nepal,2020-09-30,498,Deaths,7.0,62.0
35511,Nepal,2020-10-01,509,Deaths,11.0,56.0
35512,Nepal,2020-10-02,520,Deaths,11.0,61.0
35513,Nepal,2020-10-03,528,Deaths,8.0,61.0
35514,Nepal,2020-10-04,535,Deaths,7.0,58.0
35515,Nepal,2020-10-05,554,Deaths,19.0,73.0
35516,Nepal,2020-10-06,563,Deaths,9.0,72.0
35517,Nepal,2020-10-07,578,Deaths,15.0,80.0
35518,Nepal,2020-10-08,590,Deaths,12.0,81.0
35519,Nepal,2020-10-09,600,Deaths,10.0,80.0
35520,Nepal,2020-10-10,614,Deaths,14.0,86.0
35521,Nepal,2020-10-11,636,Deaths,22.0,101.0
35522,Nepal,2020-10-12,645,Deaths,9.0,91.0
35523,Nepal,2020-10-13,663,Deaths,18.0,100.0
35524,Nepal,2020-10-14,675,Deaths,12.0,97.0
35525,Nepal,2020-10-15,694,Deaths,19.0,104.0
35526,Nepal,2020-10-16,715,Deaths,21.0,115.0
35527,Nepal,2020-10-17,727,Deaths,12.0,113.0
35528,Nepal,2020-10-18,739,Deaths,12.0,103.0
35529,Nepal,2020-10-19,757,Deaths,18.0,112.0
35530,Nepal,2020-10-20,765,Deaths,8.0,102.0
35531,Nepal,2020-10-21,791,Deaths,26.0,116.0
35532,Nepal,2020-10-22,812,Deaths,21.0,118.0
35533,Nepal,2020-10-23,829,Deaths,17.0,114.0
35534,Nepal,2020-10-24,842,Deaths,13.0,115.0
35535,Nepal,2020-10-25,847,Deaths,5.0,108.0
35536,Nepal,2020-10-26,862,Deaths,15.0,105.0
35537,Nepal,2020-10-27,876,Deaths,14.0,111.0
35538,Nepal,2020-10-28,887,Deaths,11.0,96.0
35539,Nepal,2020-10-29,904,Deaths,17.0,92.0
35540,Nepal,2020-10-30,920,Deaths,16.0,91.0
35541,Nepal,2020-10-31,937,Deaths,17.0,95.0
35542,Nepal,2020-11-01,960,Deaths,23.0,113.0
35543,Nepal,2020-11-02,984,Deaths,24.0,122.0
35544,Nepal,2020-11-03,1004,Deaths,20.0,128.0
35545,Nepal,2020-11-04,1034,Deaths,30.0,147.0
35546,Nepal,2020-11-05,1052,Deaths,18.0,148.0
35547,Netherlands,2020-01-22,0,Deaths,,
35548,Netherlands,2020-01-23,0,Deaths,0.0,
35549,Netherlands,2020-01-24,0,Deaths,0.0,
35550,Netherlands,2020-01-25,0,Deaths,0.0,
35551,Netherlands,2020-01-26,0,Deaths,0.0,
35552,Netherlands,2020-01-27,0,Deaths,0.0,
35553,Netherlands,2020-01-28,0,Deaths,0.0,
35554,Netherlands,2020-01-29,0,Deaths,0.0,0.0
35555,Netherlands,2020-01-30,0,Deaths,0.0,0.0
35556,Netherlands,2020-01-31,0,Deaths,0.0,0.0
35557,Netherlands,2020-02-01,0,Deaths,0.0,0.0
35558,Netherlands,2020-02-02,0,Deaths,0.0,0.0
35559,Netherlands,2020-02-03,0,Deaths,0.0,0.0
35560,Netherlands,2020-02-04,0,Deaths,0.0,0.0
35561,Netherlands,2020-02-05,0,Deaths,0.0,0.0
35562,Netherlands,2020-02-06,0,Deaths,0.0,0.0
35563,Netherlands,2020-02-07,0,Deaths,0.0,0.0
35564,Netherlands,2020-02-08,0,Deaths,0.0,0.0
35565,Netherlands,2020-02-09,0,Deaths,0.0,0.0
35566,Netherlands,2020-02-10,0,Deaths,0.0,0.0
35567,Netherlands,2020-02-11,0,Deaths,0.0,0.0
35568,Netherlands,2020-02-12,0,Deaths,0.0,0.0
35569,Netherlands,2020-02-13,0,Deaths,0.0,0.0
35570,Netherlands,2020-02-14,0,Deaths,0.0,0.0
35571,Netherlands,2020-02-15,0,Deaths,0.0,0.0
35572,Netherlands,2020-02-16,0,Deaths,0.0,0.0
35573,Netherlands,2020-02-17,0,Deaths,0.0,0.0
35574,Netherlands,2020-02-18,0,Deaths,0.0,0.0
35575,Netherlands,2020-02-19,0,Deaths,0.0,0.0
35576,Netherlands,2020-02-20,0,Deaths,0.0,0.0
35577,Netherlands,2020-02-21,0,Deaths,0.0,0.0
35578,Netherlands,2020-02-22,0,Deaths,0.0,0.0
35579,Netherlands,2020-02-23,0,Deaths,0.0,0.0
35580,Netherlands,2020-02-24,0,Deaths,0.0,0.0
35581,Netherlands,2020-02-25,0,Deaths,0.0,0.0
35582,Netherlands,2020-02-26,0,Deaths,0.0,0.0
35583,Netherlands,2020-02-27,0,Deaths,0.0,0.0
35584,Netherlands,2020-02-28,0,Deaths,0.0,0.0
35585,Netherlands,2020-02-29,0,Deaths,0.0,0.0
35586,Netherlands,2020-03-01,0,Deaths,0.0,0.0
35587,Netherlands,2020-03-02,0,Deaths,0.0,0.0
35588,Netherlands,2020-03-03,0,Deaths,0.0,0.0
35589,Netherlands,2020-03-04,0,Deaths,0.0,0.0
35590,Netherlands,2020-03-05,0,Deaths,0.0,0.0
35591,Netherlands,2020-03-06,1,Deaths,1.0,1.0
35592,Netherlands,2020-03-07,1,Deaths,0.0,1.0
35593,Netherlands,2020-03-08,3,Deaths,2.0,3.0
35594,Netherlands,2020-03-09,3,Deaths,0.0,3.0
35595,Netherlands,2020-03-10,4,Deaths,1.0,4.0
35596,Netherlands,2020-03-11,5,Deaths,1.0,5.0
35597,Netherlands,2020-03-12,5,Deaths,0.0,5.0
35598,Netherlands,2020-03-13,10,Deaths,5.0,9.0
35599,Netherlands,2020-03-14,12,Deaths,2.0,11.0
35600,Netherlands,2020-03-15,20,Deaths,8.0,17.0
35601,Netherlands,2020-03-16,24,Deaths,4.0,21.0
35602,Netherlands,2020-03-17,43,Deaths,19.0,39.0
35603,Netherlands,2020-03-18,58,Deaths,15.0,53.0
35604,Netherlands,2020-03-19,77,Deaths,19.0,72.0
35605,Netherlands,2020-03-20,107,Deaths,30.0,97.0
35606,Netherlands,2020-03-21,137,Deaths,30.0,125.0
35607,Netherlands,2020-03-22,180,Deaths,43.0,160.0
35608,Netherlands,2020-03-23,214,Deaths,34.0,190.0
35609,Netherlands,2020-03-24,277,Deaths,63.0,234.0
35610,Netherlands,2020-03-25,357,Deaths,80.0,299.0
35611,Netherlands,2020-03-26,435,Deaths,78.0,358.0
35612,Netherlands,2020-03-27,547,Deaths,112.0,440.0
35613,Netherlands,2020-03-28,640,Deaths,93.0,503.0
35614,Netherlands,2020-03-29,772,Deaths,132.0,592.0
35615,Netherlands,2020-03-30,865,Deaths,93.0,651.0
35616,Netherlands,2020-03-31,1040,Deaths,175.0,763.0
35617,Netherlands,2020-04-01,1175,Deaths,135.0,818.0
35618,Netherlands,2020-04-02,1341,Deaths,166.0,906.0
35619,Netherlands,2020-04-03,1490,Deaths,149.0,943.0
35620,Netherlands,2020-04-04,1656,Deaths,166.0,1016.0
35621,Netherlands,2020-04-05,1771,Deaths,115.0,999.0
35622,Netherlands,2020-04-06,1874,Deaths,103.0,1009.0
35623,Netherlands,2020-04-07,2108,Deaths,234.0,1068.0
35624,Netherlands,2020-04-08,2255,Deaths,147.0,1080.0
35625,Netherlands,2020-04-09,2403,Deaths,148.0,1062.0
35626,Netherlands,2020-04-10,2520,Deaths,117.0,1030.0
35627,Netherlands,2020-04-11,2653,Deaths,133.0,997.0
35628,Netherlands,2020-04-12,2747,Deaths,94.0,976.0
35629,Netherlands,2020-04-13,2833,Deaths,86.0,959.0
35630,Netherlands,2020-04-14,2955,Deaths,122.0,847.0
35631,Netherlands,2020-04-15,3145,Deaths,190.0,890.0
35632,Netherlands,2020-04-16,3327,Deaths,182.0,924.0
35633,Netherlands,2020-04-17,3471,Deaths,144.0,951.0
35634,Netherlands,2020-04-18,3613,Deaths,142.0,960.0
35635,Netherlands,2020-04-19,3697,Deaths,84.0,950.0
35636,Netherlands,2020-04-20,3764,Deaths,67.0,931.0
35637,Netherlands,2020-04-21,3929,Deaths,165.0,974.0
35638,Netherlands,2020-04-22,4068,Deaths,139.0,923.0
35639,Netherlands,2020-04-23,4192,Deaths,124.0,865.0
35640,Netherlands,2020-04-24,4304,Deaths,112.0,833.0
35641,Netherlands,2020-04-25,4424,Deaths,120.0,811.0
35642,Netherlands,2020-04-26,4491,Deaths,67.0,794.0
35643,Netherlands,2020-04-27,4534,Deaths,43.0,770.0
35644,Netherlands,2020-04-28,4582,Deaths,48.0,653.0
35645,Netherlands,2020-04-29,4727,Deaths,145.0,659.0
35646,Netherlands,2020-04-30,4811,Deaths,84.0,619.0
35647,Netherlands,2020-05-01,4909,Deaths,98.0,605.0
35648,Netherlands,2020-05-02,5003,Deaths,94.0,579.0
35649,Netherlands,2020-05-03,5072,Deaths,69.0,581.0
35650,Netherlands,2020-05-04,5098,Deaths,26.0,564.0
35651,Netherlands,2020-05-05,5185,Deaths,87.0,603.0
35652,Netherlands,2020-05-06,5221,Deaths,36.0,494.0
35653,Netherlands,2020-05-07,5306,Deaths,85.0,495.0
35654,Netherlands,2020-05-08,5377,Deaths,71.0,468.0
35655,Netherlands,2020-05-09,5441,Deaths,64.0,438.0
35656,Netherlands,2020-05-10,5459,Deaths,18.0,387.0
35657,Netherlands,2020-05-11,5475,Deaths,16.0,377.0
35658,Netherlands,2020-05-12,5529,Deaths,54.0,344.0
35659,Netherlands,2020-05-13,5581,Deaths,52.0,360.0
35660,Netherlands,2020-05-14,5609,Deaths,28.0,303.0
35661,Netherlands,2020-05-15,5662,Deaths,53.0,285.0
35662,Netherlands,2020-05-16,5689,Deaths,27.0,248.0
35663,Netherlands,2020-05-17,5699,Deaths,10.0,240.0
35664,Netherlands,2020-05-18,5713,Deaths,14.0,238.0
35665,Netherlands,2020-05-19,5734,Deaths,21.0,205.0
35666,Netherlands,2020-05-20,5767,Deaths,33.0,186.0
35667,Netherlands,2020-05-21,5794,Deaths,27.0,185.0
35668,Netherlands,2020-05-22,5807,Deaths,13.0,145.0
35669,Netherlands,2020-05-23,5830,Deaths,23.0,141.0
35670,Netherlands,2020-05-24,5841,Deaths,11.0,142.0
35671,Netherlands,2020-05-25,5849,Deaths,8.0,136.0
35672,Netherlands,2020-05-26,5875,Deaths,26.0,141.0
35673,Netherlands,2020-05-27,5890,Deaths,15.0,123.0
35674,Netherlands,2020-05-28,5922,Deaths,32.0,128.0
35675,Netherlands,2020-05-29,5950,Deaths,28.0,143.0
35676,Netherlands,2020-05-30,5970,Deaths,20.0,140.0
35677,Netherlands,2020-05-31,5975,Deaths,5.0,134.0
35678,Netherlands,2020-06-01,5981,Deaths,6.0,132.0
35679,Netherlands,2020-06-02,5986,Deaths,5.0,111.0
35680,Netherlands,2020-06-03,5996,Deaths,10.0,106.0
35681,Netherlands,2020-06-04,6009,Deaths,13.0,87.0
35682,Netherlands,2020-06-05,6024,Deaths,15.0,74.0
35683,Netherlands,2020-06-06,6030,Deaths,6.0,60.0
35684,Netherlands,2020-06-07,6032,Deaths,2.0,57.0
35685,Netherlands,2020-06-08,6035,Deaths,3.0,54.0
35686,Netherlands,2020-06-09,6050,Deaths,15.0,64.0
35687,Netherlands,2020-06-10,6061,Deaths,11.0,65.0
35688,Netherlands,2020-06-11,6063,Deaths,2.0,54.0
35689,Netherlands,2020-06-12,6072,Deaths,9.0,48.0
35690,Netherlands,2020-06-13,6076,Deaths,4.0,46.0
35691,Netherlands,2020-06-14,6078,Deaths,2.0,46.0
35692,Netherlands,2020-06-15,6084,Deaths,6.0,49.0
35693,Netherlands,2020-06-16,6089,Deaths,5.0,39.0
35694,Netherlands,2020-06-17,6093,Deaths,4.0,32.0
35695,Netherlands,2020-06-18,6097,Deaths,4.0,34.0
35696,Netherlands,2020-06-19,6100,Deaths,3.0,28.0
35697,Netherlands,2020-06-20,6108,Deaths,8.0,32.0
35698,Netherlands,2020-06-21,6109,Deaths,1.0,31.0
35699,Netherlands,2020-06-22,6109,Deaths,0.0,25.0
35700,Netherlands,2020-06-23,6114,Deaths,5.0,25.0
35701,Netherlands,2020-06-24,6116,Deaths,2.0,23.0
35702,Netherlands,2020-06-25,6119,Deaths,3.0,22.0
35703,Netherlands,2020-06-26,6122,Deaths,3.0,22.0
35704,Netherlands,2020-06-27,6124,Deaths,2.0,16.0
35705,Netherlands,2020-06-28,6124,Deaths,0.0,15.0
35706,Netherlands,2020-06-29,6126,Deaths,2.0,17.0
35707,Netherlands,2020-06-30,6132,Deaths,6.0,18.0
35708,Netherlands,2020-07-01,6134,Deaths,2.0,18.0
35709,Netherlands,2020-07-02,6137,Deaths,3.0,18.0
35710,Netherlands,2020-07-03,6139,Deaths,2.0,17.0
35711,Netherlands,2020-07-04,6145,Deaths,6.0,21.0
35712,Netherlands,2020-07-05,6146,Deaths,1.0,22.0
35713,Netherlands,2020-07-06,6147,Deaths,1.0,21.0
35714,Netherlands,2020-07-07,6151,Deaths,4.0,19.0
35715,Netherlands,2020-07-08,6154,Deaths,3.0,20.0
35716,Netherlands,2020-07-09,6156,Deaths,2.0,19.0
35717,Netherlands,2020-07-10,6155,Deaths,-1.0,16.0
35718,Netherlands,2020-07-11,6156,Deaths,1.0,11.0
35719,Netherlands,2020-07-12,6156,Deaths,0.0,10.0
35720,Netherlands,2020-07-13,6156,Deaths,0.0,9.0
35721,Netherlands,2020-07-14,6154,Deaths,-2.0,3.0
35722,Netherlands,2020-07-15,6155,Deaths,1.0,1.0
35723,Netherlands,2020-07-16,6156,Deaths,1.0,0.0
35724,Netherlands,2020-07-17,6157,Deaths,1.0,2.0
35725,Netherlands,2020-07-18,6155,Deaths,-2.0,-1.0
35726,Netherlands,2020-07-19,6155,Deaths,0.0,-1.0
35727,Netherlands,2020-07-20,6155,Deaths,0.0,-1.0
35728,Netherlands,2020-07-21,6155,Deaths,0.0,1.0
35729,Netherlands,2020-07-22,6158,Deaths,3.0,3.0
35730,Netherlands,2020-07-23,6158,Deaths,0.0,2.0
35731,Netherlands,2020-07-24,6158,Deaths,0.0,1.0
35732,Netherlands,2020-07-25,6159,Deaths,1.0,4.0
35733,Netherlands,2020-07-26,6178,Deaths,19.0,23.0
35734,Netherlands,2020-07-27,6160,Deaths,-18.0,5.0
35735,Netherlands,2020-07-28,6164,Deaths,4.0,9.0
35736,Netherlands,2020-07-29,6166,Deaths,2.0,8.0
35737,Netherlands,2020-07-30,6166,Deaths,0.0,8.0
35738,Netherlands,2020-07-31,6166,Deaths,0.0,8.0
35739,Netherlands,2020-08-01,6167,Deaths,1.0,8.0
35740,Netherlands,2020-08-02,6169,Deaths,2.0,-9.0
35741,Netherlands,2020-08-03,6169,Deaths,0.0,9.0
35742,Netherlands,2020-08-04,6170,Deaths,1.0,6.0
35743,Netherlands,2020-08-05,6173,Deaths,3.0,7.0
35744,Netherlands,2020-08-06,6173,Deaths,0.0,7.0
35745,Netherlands,2020-08-07,6174,Deaths,1.0,8.0
35746,Netherlands,2020-08-08,6178,Deaths,4.0,11.0
35747,Netherlands,2020-08-09,6178,Deaths,0.0,9.0
35748,Netherlands,2020-08-10,6178,Deaths,0.0,9.0
35749,Netherlands,2020-08-11,6162,Deaths,-16.0,-8.0
35750,Netherlands,2020-08-12,6182,Deaths,20.0,9.0
35751,Netherlands,2020-08-13,6187,Deaths,5.0,14.0
35752,Netherlands,2020-08-14,6189,Deaths,2.0,15.0
35753,Netherlands,2020-08-15,6191,Deaths,2.0,13.0
35754,Netherlands,2020-08-16,6194,Deaths,3.0,16.0
35755,Netherlands,2020-08-17,6194,Deaths,0.0,16.0
35756,Netherlands,2020-08-18,6197,Deaths,3.0,35.0
35757,Netherlands,2020-08-19,6204,Deaths,7.0,22.0
35758,Netherlands,2020-08-20,6215,Deaths,11.0,28.0
35759,Netherlands,2020-08-21,6219,Deaths,4.0,30.0
35760,Netherlands,2020-08-22,6225,Deaths,6.0,34.0
35761,Netherlands,2020-08-23,6225,Deaths,0.0,31.0
35762,Netherlands,2020-08-24,6227,Deaths,2.0,33.0
35763,Netherlands,2020-08-25,6233,Deaths,6.0,36.0
35764,Netherlands,2020-08-26,6241,Deaths,8.0,37.0
35765,Netherlands,2020-08-27,6244,Deaths,3.0,29.0
35766,Netherlands,2020-08-28,6247,Deaths,3.0,28.0
35767,Netherlands,2020-08-29,6252,Deaths,5.0,27.0
35768,Netherlands,2020-08-30,6252,Deaths,0.0,27.0
35769,Netherlands,2020-08-31,6252,Deaths,0.0,25.0
35770,Netherlands,2020-09-01,6260,Deaths,8.0,27.0
35771,Netherlands,2020-09-02,6267,Deaths,7.0,26.0
35772,Netherlands,2020-09-03,6268,Deaths,1.0,24.0
35773,Netherlands,2020-09-04,6270,Deaths,2.0,23.0
35774,Netherlands,2020-09-05,6275,Deaths,5.0,23.0
35775,Netherlands,2020-09-06,6277,Deaths,2.0,25.0
35776,Netherlands,2020-09-07,6278,Deaths,1.0,26.0
35777,Netherlands,2020-09-08,6279,Deaths,1.0,19.0
35778,Netherlands,2020-09-09,6281,Deaths,2.0,14.0
35779,Netherlands,2020-09-10,6285,Deaths,4.0,17.0
35780,Netherlands,2020-09-11,6290,Deaths,5.0,20.0
35781,Netherlands,2020-09-12,6291,Deaths,1.0,16.0
35782,Netherlands,2020-09-13,6292,Deaths,1.0,15.0
35783,Netherlands,2020-09-14,6296,Deaths,4.0,18.0
35784,Netherlands,2020-09-15,6300,Deaths,4.0,21.0
35785,Netherlands,2020-09-16,6303,Deaths,3.0,22.0
35786,Netherlands,2020-09-17,6310,Deaths,7.0,25.0
35787,Netherlands,2020-09-18,6318,Deaths,8.0,28.0
35788,Netherlands,2020-09-19,6320,Deaths,2.0,29.0
35789,Netherlands,2020-09-20,6324,Deaths,4.0,32.0
35790,Netherlands,2020-09-21,6327,Deaths,3.0,31.0
35791,Netherlands,2020-09-22,6338,Deaths,11.0,38.0
35792,Netherlands,2020-09-23,6344,Deaths,6.0,41.0
35793,Netherlands,2020-09-24,6361,Deaths,17.0,51.0
35794,Netherlands,2020-09-25,6377,Deaths,16.0,59.0
35795,Netherlands,2020-09-26,6415,Deaths,38.0,95.0
35796,Netherlands,2020-09-27,6423,Deaths,8.0,99.0
35797,Netherlands,2020-09-28,6429,Deaths,6.0,102.0
35798,Netherlands,2020-09-29,6443,Deaths,14.0,105.0
35799,Netherlands,2020-09-30,6457,Deaths,14.0,113.0
35800,Netherlands,2020-10-01,6470,Deaths,13.0,109.0
35801,Netherlands,2020-10-02,6482,Deaths,12.0,105.0
35802,Netherlands,2020-10-03,6503,Deaths,21.0,88.0
35803,Netherlands,2020-10-04,6508,Deaths,5.0,85.0
35804,Netherlands,2020-10-05,6509,Deaths,1.0,80.0
35805,Netherlands,2020-10-06,6538,Deaths,29.0,95.0
35806,Netherlands,2020-10-07,6574,Deaths,36.0,117.0
35807,Netherlands,2020-10-08,6587,Deaths,13.0,117.0
35808,Netherlands,2020-10-09,6601,Deaths,14.0,119.0
35809,Netherlands,2020-10-10,6624,Deaths,23.0,121.0
35810,Netherlands,2020-10-11,6642,Deaths,18.0,134.0
35811,Netherlands,2020-10-12,6654,Deaths,12.0,145.0
35812,Netherlands,2020-10-13,6689,Deaths,35.0,151.0
35813,Netherlands,2020-10-14,6720,Deaths,31.0,146.0
35814,Netherlands,2020-10-15,6749,Deaths,29.0,162.0
35815,Netherlands,2020-10-16,6765,Deaths,16.0,164.0
35816,Netherlands,2020-10-17,6797,Deaths,32.0,173.0
35817,Netherlands,2020-10-18,6811,Deaths,14.0,169.0
35818,Netherlands,2020-10-19,6828,Deaths,17.0,174.0
35819,Netherlands,2020-10-20,6874,Deaths,46.0,185.0
35820,Netherlands,2020-10-21,6934,Deaths,60.0,214.0
35821,Netherlands,2020-10-22,6981,Deaths,47.0,232.0
35822,Netherlands,2020-10-23,7026,Deaths,45.0,261.0
35823,Netherlands,2020-10-24,7081,Deaths,55.0,284.0
35824,Netherlands,2020-10-25,7108,Deaths,27.0,297.0
35825,Netherlands,2020-10-26,7134,Deaths,26.0,306.0
35826,Netherlands,2020-10-27,7204,Deaths,70.0,330.0
35827,Netherlands,2020-10-28,7265,Deaths,61.0,331.0
35828,Netherlands,2020-10-29,7321,Deaths,56.0,340.0
35829,Netherlands,2020-10-30,7408,Deaths,87.0,382.0
35830,Netherlands,2020-10-31,7459,Deaths,51.0,378.0
35831,Netherlands,2020-11-01,7498,Deaths,39.0,390.0
35832,Netherlands,2020-11-02,7527,Deaths,29.0,393.0
35833,Netherlands,2020-11-03,7640,Deaths,113.0,436.0
35834,Netherlands,2020-11-04,7748,Deaths,108.0,483.0
35835,Netherlands,2020-11-05,7836,Deaths,88.0,515.0
35836,New Zealand,2020-01-22,0,Deaths,,
35837,New Zealand,2020-01-23,0,Deaths,0.0,
35838,New Zealand,2020-01-24,0,Deaths,0.0,
35839,New Zealand,2020-01-25,0,Deaths,0.0,
35840,New Zealand,2020-01-26,0,Deaths,0.0,
35841,New Zealand,2020-01-27,0,Deaths,0.0,
35842,New Zealand,2020-01-28,0,Deaths,0.0,
35843,New Zealand,2020-01-29,0,Deaths,0.0,0.0
35844,New Zealand,2020-01-30,0,Deaths,0.0,0.0
35845,New Zealand,2020-01-31,0,Deaths,0.0,0.0
35846,New Zealand,2020-02-01,0,Deaths,0.0,0.0
35847,New Zealand,2020-02-02,0,Deaths,0.0,0.0
35848,New Zealand,2020-02-03,0,Deaths,0.0,0.0
35849,New Zealand,2020-02-04,0,Deaths,0.0,0.0
35850,New Zealand,2020-02-05,0,Deaths,0.0,0.0
35851,New Zealand,2020-02-06,0,Deaths,0.0,0.0
35852,New Zealand,2020-02-07,0,Deaths,0.0,0.0
35853,New Zealand,2020-02-08,0,Deaths,0.0,0.0
35854,New Zealand,2020-02-09,0,Deaths,0.0,0.0
35855,New Zealand,2020-02-10,0,Deaths,0.0,0.0
35856,New Zealand,2020-02-11,0,Deaths,0.0,0.0
35857,New Zealand,2020-02-12,0,Deaths,0.0,0.0
35858,New Zealand,2020-02-13,0,Deaths,0.0,0.0
35859,New Zealand,2020-02-14,0,Deaths,0.0,0.0
35860,New Zealand,2020-02-15,0,Deaths,0.0,0.0
35861,New Zealand,2020-02-16,0,Deaths,0.0,0.0
35862,New Zealand,2020-02-17,0,Deaths,0.0,0.0
35863,New Zealand,2020-02-18,0,Deaths,0.0,0.0
35864,New Zealand,2020-02-19,0,Deaths,0.0,0.0
35865,New Zealand,2020-02-20,0,Deaths,0.0,0.0
35866,New Zealand,2020-02-21,0,Deaths,0.0,0.0
35867,New Zealand,2020-02-22,0,Deaths,0.0,0.0
35868,New Zealand,2020-02-23,0,Deaths,0.0,0.0
35869,New Zealand,2020-02-24,0,Deaths,0.0,0.0
35870,New Zealand,2020-02-25,0,Deaths,0.0,0.0
35871,New Zealand,2020-02-26,0,Deaths,0.0,0.0
35872,New Zealand,2020-02-27,0,Deaths,0.0,0.0
35873,New Zealand,2020-02-28,0,Deaths,0.0,0.0
35874,New Zealand,2020-02-29,0,Deaths,0.0,0.0
35875,New Zealand,2020-03-01,0,Deaths,0.0,0.0
35876,New Zealand,2020-03-02,0,Deaths,0.0,0.0
35877,New Zealand,2020-03-03,0,Deaths,0.0,0.0
35878,New Zealand,2020-03-04,0,Deaths,0.0,0.0
35879,New Zealand,2020-03-05,0,Deaths,0.0,0.0
35880,New Zealand,2020-03-06,0,Deaths,0.0,0.0
35881,New Zealand,2020-03-07,0,Deaths,0.0,0.0
35882,New Zealand,2020-03-08,0,Deaths,0.0,0.0
35883,New Zealand,2020-03-09,0,Deaths,0.0,0.0
35884,New Zealand,2020-03-10,0,Deaths,0.0,0.0
35885,New Zealand,2020-03-11,0,Deaths,0.0,0.0
35886,New Zealand,2020-03-12,0,Deaths,0.0,0.0
35887,New Zealand,2020-03-13,0,Deaths,0.0,0.0
35888,New Zealand,2020-03-14,0,Deaths,0.0,0.0
35889,New Zealand,2020-03-15,0,Deaths,0.0,0.0
35890,New Zealand,2020-03-16,0,Deaths,0.0,0.0
35891,New Zealand,2020-03-17,0,Deaths,0.0,0.0
35892,New Zealand,2020-03-18,0,Deaths,0.0,0.0
35893,New Zealand,2020-03-19,0,Deaths,0.0,0.0
35894,New Zealand,2020-03-20,0,Deaths,0.0,0.0
35895,New Zealand,2020-03-21,0,Deaths,0.0,0.0
35896,New Zealand,2020-03-22,0,Deaths,0.0,0.0
35897,New Zealand,2020-03-23,0,Deaths,0.0,0.0
35898,New Zealand,2020-03-24,0,Deaths,0.0,0.0
35899,New Zealand,2020-03-25,0,Deaths,0.0,0.0
35900,New Zealand,2020-03-26,0,Deaths,0.0,0.0
35901,New Zealand,2020-03-27,0,Deaths,0.0,0.0
35902,New Zealand,2020-03-28,0,Deaths,0.0,0.0
35903,New Zealand,2020-03-29,1,Deaths,1.0,1.0
35904,New Zealand,2020-03-30,1,Deaths,0.0,1.0
35905,New Zealand,2020-03-31,1,Deaths,0.0,1.0
35906,New Zealand,2020-04-01,1,Deaths,0.0,1.0
35907,New Zealand,2020-04-02,1,Deaths,0.0,1.0
35908,New Zealand,2020-04-03,1,Deaths,0.0,1.0
35909,New Zealand,2020-04-04,1,Deaths,0.0,1.0
35910,New Zealand,2020-04-05,1,Deaths,0.0,0.0
35911,New Zealand,2020-04-06,1,Deaths,0.0,0.0
35912,New Zealand,2020-04-07,1,Deaths,0.0,0.0
35913,New Zealand,2020-04-08,1,Deaths,0.0,0.0
35914,New Zealand,2020-04-09,1,Deaths,0.0,0.0
35915,New Zealand,2020-04-10,2,Deaths,1.0,1.0
35916,New Zealand,2020-04-11,4,Deaths,2.0,3.0
35917,New Zealand,2020-04-12,4,Deaths,0.0,3.0
35918,New Zealand,2020-04-13,5,Deaths,1.0,4.0
35919,New Zealand,2020-04-14,9,Deaths,4.0,8.0
35920,New Zealand,2020-04-15,9,Deaths,0.0,8.0
35921,New Zealand,2020-04-16,9,Deaths,0.0,8.0
35922,New Zealand,2020-04-17,11,Deaths,2.0,9.0
35923,New Zealand,2020-04-18,11,Deaths,0.0,7.0
35924,New Zealand,2020-04-19,12,Deaths,1.0,8.0
35925,New Zealand,2020-04-20,12,Deaths,0.0,7.0
35926,New Zealand,2020-04-21,13,Deaths,1.0,4.0
35927,New Zealand,2020-04-22,14,Deaths,1.0,5.0
35928,New Zealand,2020-04-23,17,Deaths,3.0,8.0
35929,New Zealand,2020-04-24,18,Deaths,1.0,7.0
35930,New Zealand,2020-04-25,18,Deaths,0.0,7.0
35931,New Zealand,2020-04-26,19,Deaths,1.0,7.0
35932,New Zealand,2020-04-27,19,Deaths,0.0,7.0
35933,New Zealand,2020-04-28,19,Deaths,0.0,6.0
35934,New Zealand,2020-04-29,19,Deaths,0.0,5.0
35935,New Zealand,2020-04-30,19,Deaths,0.0,2.0
35936,New Zealand,2020-05-01,20,Deaths,1.0,2.0
35937,New Zealand,2020-05-02,20,Deaths,0.0,2.0
35938,New Zealand,2020-05-03,20,Deaths,0.0,1.0
35939,New Zealand,2020-05-04,20,Deaths,0.0,1.0
35940,New Zealand,2020-05-05,21,Deaths,1.0,2.0
35941,New Zealand,2020-05-06,21,Deaths,0.0,2.0
35942,New Zealand,2020-05-07,21,Deaths,0.0,2.0
35943,New Zealand,2020-05-08,21,Deaths,0.0,1.0
35944,New Zealand,2020-05-09,21,Deaths,0.0,1.0
35945,New Zealand,2020-05-10,21,Deaths,0.0,1.0
35946,New Zealand,2020-05-11,21,Deaths,0.0,1.0
35947,New Zealand,2020-05-12,21,Deaths,0.0,0.0
35948,New Zealand,2020-05-13,21,Deaths,0.0,0.0
35949,New Zealand,2020-05-14,21,Deaths,0.0,0.0
35950,New Zealand,2020-05-15,21,Deaths,0.0,0.0
35951,New Zealand,2020-05-16,21,Deaths,0.0,0.0
35952,New Zealand,2020-05-17,21,Deaths,0.0,0.0
35953,New Zealand,2020-05-18,21,Deaths,0.0,0.0
35954,New Zealand,2020-05-19,21,Deaths,0.0,0.0
35955,New Zealand,2020-05-20,21,Deaths,0.0,0.0
35956,New Zealand,2020-05-21,21,Deaths,0.0,0.0
35957,New Zealand,2020-05-22,21,Deaths,0.0,0.0
35958,New Zealand,2020-05-23,21,Deaths,0.0,0.0
35959,New Zealand,2020-05-24,21,Deaths,0.0,0.0
35960,New Zealand,2020-05-25,21,Deaths,0.0,0.0
35961,New Zealand,2020-05-26,21,Deaths,0.0,0.0
35962,New Zealand,2020-05-27,22,Deaths,1.0,1.0
35963,New Zealand,2020-05-28,22,Deaths,0.0,1.0
35964,New Zealand,2020-05-29,22,Deaths,0.0,1.0
35965,New Zealand,2020-05-30,22,Deaths,0.0,1.0
35966,New Zealand,2020-05-31,22,Deaths,0.0,1.0
35967,New Zealand,2020-06-01,22,Deaths,0.0,1.0
35968,New Zealand,2020-06-02,22,Deaths,0.0,1.0
35969,New Zealand,2020-06-03,22,Deaths,0.0,0.0
35970,New Zealand,2020-06-04,22,Deaths,0.0,0.0
35971,New Zealand,2020-06-05,22,Deaths,0.0,0.0
35972,New Zealand,2020-06-06,22,Deaths,0.0,0.0
35973,New Zealand,2020-06-07,22,Deaths,0.0,0.0
35974,New Zealand,2020-06-08,22,Deaths,0.0,0.0
35975,New Zealand,2020-06-09,22,Deaths,0.0,0.0
35976,New Zealand,2020-06-10,22,Deaths,0.0,0.0
35977,New Zealand,2020-06-11,22,Deaths,0.0,0.0
35978,New Zealand,2020-06-12,22,Deaths,0.0,0.0
35979,New Zealand,2020-06-13,22,Deaths,0.0,0.0
35980,New Zealand,2020-06-14,22,Deaths,0.0,0.0
35981,New Zealand,2020-06-15,22,Deaths,0.0,0.0
35982,New Zealand,2020-06-16,22,Deaths,0.0,0.0
35983,New Zealand,2020-06-17,22,Deaths,0.0,0.0
35984,New Zealand,2020-06-18,22,Deaths,0.0,0.0
35985,New Zealand,2020-06-19,22,Deaths,0.0,0.0
35986,New Zealand,2020-06-20,22,Deaths,0.0,0.0
35987,New Zealand,2020-06-21,22,Deaths,0.0,0.0
35988,New Zealand,2020-06-22,22,Deaths,0.0,0.0
35989,New Zealand,2020-06-23,22,Deaths,0.0,0.0
35990,New Zealand,2020-06-24,22,Deaths,0.0,0.0
35991,New Zealand,2020-06-25,22,Deaths,0.0,0.0
35992,New Zealand,2020-06-26,22,Deaths,0.0,0.0
35993,New Zealand,2020-06-27,22,Deaths,0.0,0.0
35994,New Zealand,2020-06-28,22,Deaths,0.0,0.0
35995,New Zealand,2020-06-29,22,Deaths,0.0,0.0
35996,New Zealand,2020-06-30,22,Deaths,0.0,0.0
35997,New Zealand,2020-07-01,22,Deaths,0.0,0.0
35998,New Zealand,2020-07-02,22,Deaths,0.0,0.0
35999,New Zealand,2020-07-03,22,Deaths,0.0,0.0
36000,New Zealand,2020-07-04,22,Deaths,0.0,0.0
36001,New Zealand,2020-07-05,22,Deaths,0.0,0.0
36002,New Zealand,2020-07-06,22,Deaths,0.0,0.0
36003,New Zealand,2020-07-07,22,Deaths,0.0,0.0
36004,New Zealand,2020-07-08,22,Deaths,0.0,0.0
36005,New Zealand,2020-07-09,22,Deaths,0.0,0.0
36006,New Zealand,2020-07-10,22,Deaths,0.0,0.0
36007,New Zealand,2020-07-11,22,Deaths,0.0,0.0
36008,New Zealand,2020-07-12,22,Deaths,0.0,0.0
36009,New Zealand,2020-07-13,22,Deaths,0.0,0.0
36010,New Zealand,2020-07-14,22,Deaths,0.0,0.0
36011,New Zealand,2020-07-15,22,Deaths,0.0,0.0
36012,New Zealand,2020-07-16,22,Deaths,0.0,0.0
36013,New Zealand,2020-07-17,22,Deaths,0.0,0.0
36014,New Zealand,2020-07-18,22,Deaths,0.0,0.0
36015,New Zealand,2020-07-19,22,Deaths,0.0,0.0
36016,New Zealand,2020-07-20,22,Deaths,0.0,0.0
36017,New Zealand,2020-07-21,22,Deaths,0.0,0.0
36018,New Zealand,2020-07-22,22,Deaths,0.0,0.0
36019,New Zealand,2020-07-23,22,Deaths,0.0,0.0
36020,New Zealand,2020-07-24,22,Deaths,0.0,0.0
36021,New Zealand,2020-07-25,22,Deaths,0.0,0.0
36022,New Zealand,2020-07-26,22,Deaths,0.0,0.0
36023,New Zealand,2020-07-27,22,Deaths,0.0,0.0
36024,New Zealand,2020-07-28,22,Deaths,0.0,0.0
36025,New Zealand,2020-07-29,22,Deaths,0.0,0.0
36026,New Zealand,2020-07-30,22,Deaths,0.0,0.0
36027,New Zealand,2020-07-31,22,Deaths,0.0,0.0
36028,New Zealand,2020-08-01,22,Deaths,0.0,0.0
36029,New Zealand,2020-08-02,22,Deaths,0.0,0.0
36030,New Zealand,2020-08-03,22,Deaths,0.0,0.0
36031,New Zealand,2020-08-04,22,Deaths,0.0,0.0
36032,New Zealand,2020-08-05,22,Deaths,0.0,0.0
36033,New Zealand,2020-08-06,22,Deaths,0.0,0.0
36034,New Zealand,2020-08-07,22,Deaths,0.0,0.0
36035,New Zealand,2020-08-08,22,Deaths,0.0,0.0
36036,New Zealand,2020-08-09,22,Deaths,0.0,0.0
36037,New Zealand,2020-08-10,22,Deaths,0.0,0.0
36038,New Zealand,2020-08-11,22,Deaths,0.0,0.0
36039,New Zealand,2020-08-12,22,Deaths,0.0,0.0
36040,New Zealand,2020-08-13,22,Deaths,0.0,0.0
36041,New Zealand,2020-08-14,22,Deaths,0.0,0.0
36042,New Zealand,2020-08-15,22,Deaths,0.0,0.0
36043,New Zealand,2020-08-16,22,Deaths,0.0,0.0
36044,New Zealand,2020-08-17,22,Deaths,0.0,0.0
36045,New Zealand,2020-08-18,22,Deaths,0.0,0.0
36046,New Zealand,2020-08-19,22,Deaths,0.0,0.0
36047,New Zealand,2020-08-20,22,Deaths,0.0,0.0
36048,New Zealand,2020-08-21,22,Deaths,0.0,0.0
36049,New Zealand,2020-08-22,22,Deaths,0.0,0.0
36050,New Zealand,2020-08-23,22,Deaths,0.0,0.0
36051,New Zealand,2020-08-24,22,Deaths,0.0,0.0
36052,New Zealand,2020-08-25,22,Deaths,0.0,0.0
36053,New Zealand,2020-08-26,22,Deaths,0.0,0.0
36054,New Zealand,2020-08-27,22,Deaths,0.0,0.0
36055,New Zealand,2020-08-28,22,Deaths,0.0,0.0
36056,New Zealand,2020-08-29,22,Deaths,0.0,0.0
36057,New Zealand,2020-08-30,22,Deaths,0.0,0.0
36058,New Zealand,2020-08-31,22,Deaths,0.0,0.0
36059,New Zealand,2020-09-01,22,Deaths,0.0,0.0
36060,New Zealand,2020-09-02,22,Deaths,0.0,0.0
36061,New Zealand,2020-09-03,22,Deaths,0.0,0.0
36062,New Zealand,2020-09-04,24,Deaths,2.0,2.0
36063,New Zealand,2020-09-05,24,Deaths,0.0,2.0
36064,New Zealand,2020-09-06,24,Deaths,0.0,2.0
36065,New Zealand,2020-09-07,24,Deaths,0.0,2.0
36066,New Zealand,2020-09-08,24,Deaths,0.0,2.0
36067,New Zealand,2020-09-09,24,Deaths,0.0,2.0
36068,New Zealand,2020-09-10,24,Deaths,0.0,2.0
36069,New Zealand,2020-09-11,24,Deaths,0.0,0.0
36070,New Zealand,2020-09-12,24,Deaths,0.0,0.0
36071,New Zealand,2020-09-13,24,Deaths,0.0,0.0
36072,New Zealand,2020-09-14,24,Deaths,0.0,0.0
36073,New Zealand,2020-09-15,25,Deaths,1.0,1.0
36074,New Zealand,2020-09-16,25,Deaths,0.0,1.0
36075,New Zealand,2020-09-17,25,Deaths,0.0,1.0
36076,New Zealand,2020-09-18,25,Deaths,0.0,1.0
36077,New Zealand,2020-09-19,25,Deaths,0.0,1.0
36078,New Zealand,2020-09-20,25,Deaths,0.0,1.0
36079,New Zealand,2020-09-21,25,Deaths,0.0,1.0
36080,New Zealand,2020-09-22,25,Deaths,0.0,0.0
36081,New Zealand,2020-09-23,25,Deaths,0.0,0.0
36082,New Zealand,2020-09-24,25,Deaths,0.0,0.0
36083,New Zealand,2020-09-25,25,Deaths,0.0,0.0
36084,New Zealand,2020-09-26,25,Deaths,0.0,0.0
36085,New Zealand,2020-09-27,25,Deaths,0.0,0.0
36086,New Zealand,2020-09-28,25,Deaths,0.0,0.0
36087,New Zealand,2020-09-29,25,Deaths,0.0,0.0
36088,New Zealand,2020-09-30,25,Deaths,0.0,0.0
36089,New Zealand,2020-10-01,25,Deaths,0.0,0.0
36090,New Zealand,2020-10-02,25,Deaths,0.0,0.0
36091,New Zealand,2020-10-03,25,Deaths,0.0,0.0
36092,New Zealand,2020-10-04,25,Deaths,0.0,0.0
36093,New Zealand,2020-10-05,25,Deaths,0.0,0.0
36094,New Zealand,2020-10-06,25,Deaths,0.0,0.0
36095,New Zealand,2020-10-07,25,Deaths,0.0,0.0
36096,New Zealand,2020-10-08,25,Deaths,0.0,0.0
36097,New Zealand,2020-10-09,25,Deaths,0.0,0.0
36098,New Zealand,2020-10-10,25,Deaths,0.0,0.0
36099,New Zealand,2020-10-11,25,Deaths,0.0,0.0
36100,New Zealand,2020-10-12,25,Deaths,0.0,0.0
36101,New Zealand,2020-10-13,25,Deaths,0.0,0.0
36102,New Zealand,2020-10-14,25,Deaths,0.0,0.0
36103,New Zealand,2020-10-15,25,Deaths,0.0,0.0
36104,New Zealand,2020-10-16,25,Deaths,0.0,0.0
36105,New Zealand,2020-10-17,25,Deaths,0.0,0.0
36106,New Zealand,2020-10-18,25,Deaths,0.0,0.0
36107,New Zealand,2020-10-19,25,Deaths,0.0,0.0
36108,New Zealand,2020-10-20,25,Deaths,0.0,0.0
36109,New Zealand,2020-10-21,25,Deaths,0.0,0.0
36110,New Zealand,2020-10-22,25,Deaths,0.0,0.0
36111,New Zealand,2020-10-23,25,Deaths,0.0,0.0
36112,New Zealand,2020-10-24,25,Deaths,0.0,0.0
36113,New Zealand,2020-10-25,25,Deaths,0.0,0.0
36114,New Zealand,2020-10-26,25,Deaths,0.0,0.0
36115,New Zealand,2020-10-27,25,Deaths,0.0,0.0
36116,New Zealand,2020-10-28,25,Deaths,0.0,0.0
36117,New Zealand,2020-10-29,25,Deaths,0.0,0.0
36118,New Zealand,2020-10-30,25,Deaths,0.0,0.0
36119,New Zealand,2020-10-31,25,Deaths,0.0,0.0
36120,New Zealand,2020-11-01,25,Deaths,0.0,0.0
36121,New Zealand,2020-11-02,25,Deaths,0.0,0.0
36122,New Zealand,2020-11-03,25,Deaths,0.0,0.0
36123,New Zealand,2020-11-04,25,Deaths,0.0,0.0
36124,New Zealand,2020-11-05,25,Deaths,0.0,0.0
36125,Nicaragua,2020-01-22,0,Deaths,,
36126,Nicaragua,2020-01-23,0,Deaths,0.0,
36127,Nicaragua,2020-01-24,0,Deaths,0.0,
36128,Nicaragua,2020-01-25,0,Deaths,0.0,
36129,Nicaragua,2020-01-26,0,Deaths,0.0,
36130,Nicaragua,2020-01-27,0,Deaths,0.0,
36131,Nicaragua,2020-01-28,0,Deaths,0.0,
36132,Nicaragua,2020-01-29,0,Deaths,0.0,0.0
36133,Nicaragua,2020-01-30,0,Deaths,0.0,0.0
36134,Nicaragua,2020-01-31,0,Deaths,0.0,0.0
36135,Nicaragua,2020-02-01,0,Deaths,0.0,0.0
36136,Nicaragua,2020-02-02,0,Deaths,0.0,0.0
36137,Nicaragua,2020-02-03,0,Deaths,0.0,0.0
36138,Nicaragua,2020-02-04,0,Deaths,0.0,0.0
36139,Nicaragua,2020-02-05,0,Deaths,0.0,0.0
36140,Nicaragua,2020-02-06,0,Deaths,0.0,0.0
36141,Nicaragua,2020-02-07,0,Deaths,0.0,0.0
36142,Nicaragua,2020-02-08,0,Deaths,0.0,0.0
36143,Nicaragua,2020-02-09,0,Deaths,0.0,0.0
36144,Nicaragua,2020-02-10,0,Deaths,0.0,0.0
36145,Nicaragua,2020-02-11,0,Deaths,0.0,0.0
36146,Nicaragua,2020-02-12,0,Deaths,0.0,0.0
36147,Nicaragua,2020-02-13,0,Deaths,0.0,0.0
36148,Nicaragua,2020-02-14,0,Deaths,0.0,0.0
36149,Nicaragua,2020-02-15,0,Deaths,0.0,0.0
36150,Nicaragua,2020-02-16,0,Deaths,0.0,0.0
36151,Nicaragua,2020-02-17,0,Deaths,0.0,0.0
36152,Nicaragua,2020-02-18,0,Deaths,0.0,0.0
36153,Nicaragua,2020-02-19,0,Deaths,0.0,0.0
36154,Nicaragua,2020-02-20,0,Deaths,0.0,0.0
36155,Nicaragua,2020-02-21,0,Deaths,0.0,0.0
36156,Nicaragua,2020-02-22,0,Deaths,0.0,0.0
36157,Nicaragua,2020-02-23,0,Deaths,0.0,0.0
36158,Nicaragua,2020-02-24,0,Deaths,0.0,0.0
36159,Nicaragua,2020-02-25,0,Deaths,0.0,0.0
36160,Nicaragua,2020-02-26,0,Deaths,0.0,0.0
36161,Nicaragua,2020-02-27,0,Deaths,0.0,0.0
36162,Nicaragua,2020-02-28,0,Deaths,0.0,0.0
36163,Nicaragua,2020-02-29,0,Deaths,0.0,0.0
36164,Nicaragua,2020-03-01,0,Deaths,0.0,0.0
36165,Nicaragua,2020-03-02,0,Deaths,0.0,0.0
36166,Nicaragua,2020-03-03,0,Deaths,0.0,0.0
36167,Nicaragua,2020-03-04,0,Deaths,0.0,0.0
36168,Nicaragua,2020-03-05,0,Deaths,0.0,0.0
36169,Nicaragua,2020-03-06,0,Deaths,0.0,0.0
36170,Nicaragua,2020-03-07,0,Deaths,0.0,0.0
36171,Nicaragua,2020-03-08,0,Deaths,0.0,0.0
36172,Nicaragua,2020-03-09,0,Deaths,0.0,0.0
36173,Nicaragua,2020-03-10,0,Deaths,0.0,0.0
36174,Nicaragua,2020-03-11,0,Deaths,0.0,0.0
36175,Nicaragua,2020-03-12,0,Deaths,0.0,0.0
36176,Nicaragua,2020-03-13,0,Deaths,0.0,0.0
36177,Nicaragua,2020-03-14,0,Deaths,0.0,0.0
36178,Nicaragua,2020-03-15,0,Deaths,0.0,0.0
36179,Nicaragua,2020-03-16,0,Deaths,0.0,0.0
36180,Nicaragua,2020-03-17,0,Deaths,0.0,0.0
36181,Nicaragua,2020-03-18,0,Deaths,0.0,0.0
36182,Nicaragua,2020-03-19,0,Deaths,0.0,0.0
36183,Nicaragua,2020-03-20,0,Deaths,0.0,0.0
36184,Nicaragua,2020-03-21,0,Deaths,0.0,0.0
36185,Nicaragua,2020-03-22,0,Deaths,0.0,0.0
36186,Nicaragua,2020-03-23,0,Deaths,0.0,0.0
36187,Nicaragua,2020-03-24,0,Deaths,0.0,0.0
36188,Nicaragua,2020-03-25,0,Deaths,0.0,0.0
36189,Nicaragua,2020-03-26,0,Deaths,0.0,0.0
36190,Nicaragua,2020-03-27,1,Deaths,1.0,1.0
36191,Nicaragua,2020-03-28,1,Deaths,0.0,1.0
36192,Nicaragua,2020-03-29,1,Deaths,0.0,1.0
36193,Nicaragua,2020-03-30,1,Deaths,0.0,1.0
36194,Nicaragua,2020-03-31,1,Deaths,0.0,1.0
36195,Nicaragua,2020-04-01,1,Deaths,0.0,1.0
36196,Nicaragua,2020-04-02,1,Deaths,0.0,1.0
36197,Nicaragua,2020-04-03,1,Deaths,0.0,0.0
36198,Nicaragua,2020-04-04,1,Deaths,0.0,0.0
36199,Nicaragua,2020-04-05,1,Deaths,0.0,0.0
36200,Nicaragua,2020-04-06,1,Deaths,0.0,0.0
36201,Nicaragua,2020-04-07,1,Deaths,0.0,0.0
36202,Nicaragua,2020-04-08,1,Deaths,0.0,0.0
36203,Nicaragua,2020-04-09,1,Deaths,0.0,0.0
36204,Nicaragua,2020-04-10,1,Deaths,0.0,0.0
36205,Nicaragua,2020-04-11,1,Deaths,0.0,0.0
36206,Nicaragua,2020-04-12,1,Deaths,0.0,0.0
36207,Nicaragua,2020-04-13,1,Deaths,0.0,0.0
36208,Nicaragua,2020-04-14,1,Deaths,0.0,0.0
36209,Nicaragua,2020-04-15,1,Deaths,0.0,0.0
36210,Nicaragua,2020-04-16,1,Deaths,0.0,0.0
36211,Nicaragua,2020-04-17,1,Deaths,0.0,0.0
36212,Nicaragua,2020-04-18,2,Deaths,1.0,1.0
36213,Nicaragua,2020-04-19,2,Deaths,0.0,1.0
36214,Nicaragua,2020-04-20,2,Deaths,0.0,1.0
36215,Nicaragua,2020-04-21,2,Deaths,0.0,1.0
36216,Nicaragua,2020-04-22,2,Deaths,0.0,1.0
36217,Nicaragua,2020-04-23,3,Deaths,1.0,2.0
36218,Nicaragua,2020-04-24,3,Deaths,0.0,2.0
36219,Nicaragua,2020-04-25,3,Deaths,0.0,1.0
36220,Nicaragua,2020-04-26,3,Deaths,0.0,1.0
36221,Nicaragua,2020-04-27,3,Deaths,0.0,1.0
36222,Nicaragua,2020-04-28,3,Deaths,0.0,1.0
36223,Nicaragua,2020-04-29,3,Deaths,0.0,1.0
36224,Nicaragua,2020-04-30,3,Deaths,0.0,0.0
36225,Nicaragua,2020-05-01,3,Deaths,0.0,0.0
36226,Nicaragua,2020-05-02,3,Deaths,0.0,0.0
36227,Nicaragua,2020-05-03,5,Deaths,2.0,2.0
36228,Nicaragua,2020-05-04,5,Deaths,0.0,2.0
36229,Nicaragua,2020-05-05,5,Deaths,0.0,2.0
36230,Nicaragua,2020-05-06,5,Deaths,0.0,2.0
36231,Nicaragua,2020-05-07,5,Deaths,0.0,2.0
36232,Nicaragua,2020-05-08,5,Deaths,0.0,2.0
36233,Nicaragua,2020-05-09,5,Deaths,0.0,2.0
36234,Nicaragua,2020-05-10,5,Deaths,0.0,0.0
36235,Nicaragua,2020-05-11,5,Deaths,0.0,0.0
36236,Nicaragua,2020-05-12,8,Deaths,3.0,3.0
36237,Nicaragua,2020-05-13,8,Deaths,0.0,3.0
36238,Nicaragua,2020-05-14,8,Deaths,0.0,3.0
36239,Nicaragua,2020-05-15,8,Deaths,0.0,3.0
36240,Nicaragua,2020-05-16,8,Deaths,0.0,3.0
36241,Nicaragua,2020-05-17,8,Deaths,0.0,3.0
36242,Nicaragua,2020-05-18,8,Deaths,0.0,3.0
36243,Nicaragua,2020-05-19,17,Deaths,9.0,9.0
36244,Nicaragua,2020-05-20,17,Deaths,0.0,9.0
36245,Nicaragua,2020-05-21,17,Deaths,0.0,9.0
36246,Nicaragua,2020-05-22,17,Deaths,0.0,9.0
36247,Nicaragua,2020-05-23,17,Deaths,0.0,9.0
36248,Nicaragua,2020-05-24,17,Deaths,0.0,9.0
36249,Nicaragua,2020-05-25,17,Deaths,0.0,9.0
36250,Nicaragua,2020-05-26,35,Deaths,18.0,18.0
36251,Nicaragua,2020-05-27,35,Deaths,0.0,18.0
36252,Nicaragua,2020-05-28,35,Deaths,0.0,18.0
36253,Nicaragua,2020-05-29,35,Deaths,0.0,18.0
36254,Nicaragua,2020-05-30,35,Deaths,0.0,18.0
36255,Nicaragua,2020-05-31,35,Deaths,0.0,18.0
36256,Nicaragua,2020-06-01,35,Deaths,0.0,18.0
36257,Nicaragua,2020-06-02,46,Deaths,11.0,11.0
36258,Nicaragua,2020-06-03,46,Deaths,0.0,11.0
36259,Nicaragua,2020-06-04,46,Deaths,0.0,11.0
36260,Nicaragua,2020-06-05,46,Deaths,0.0,11.0
36261,Nicaragua,2020-06-06,46,Deaths,0.0,11.0
36262,Nicaragua,2020-06-07,46,Deaths,0.0,11.0
36263,Nicaragua,2020-06-08,46,Deaths,0.0,11.0
36264,Nicaragua,2020-06-09,55,Deaths,9.0,9.0
36265,Nicaragua,2020-06-10,55,Deaths,0.0,9.0
36266,Nicaragua,2020-06-11,55,Deaths,0.0,9.0
36267,Nicaragua,2020-06-12,55,Deaths,0.0,9.0
36268,Nicaragua,2020-06-13,55,Deaths,0.0,9.0
36269,Nicaragua,2020-06-14,55,Deaths,0.0,9.0
36270,Nicaragua,2020-06-15,55,Deaths,0.0,9.0
36271,Nicaragua,2020-06-16,64,Deaths,9.0,9.0
36272,Nicaragua,2020-06-17,64,Deaths,0.0,9.0
36273,Nicaragua,2020-06-18,64,Deaths,0.0,9.0
36274,Nicaragua,2020-06-19,64,Deaths,0.0,9.0
36275,Nicaragua,2020-06-20,64,Deaths,0.0,9.0
36276,Nicaragua,2020-06-21,64,Deaths,0.0,9.0
36277,Nicaragua,2020-06-22,64,Deaths,0.0,9.0
36278,Nicaragua,2020-06-23,74,Deaths,10.0,10.0
36279,Nicaragua,2020-06-24,74,Deaths,0.0,10.0
36280,Nicaragua,2020-06-25,74,Deaths,0.0,10.0
36281,Nicaragua,2020-06-26,74,Deaths,0.0,10.0
36282,Nicaragua,2020-06-27,74,Deaths,0.0,10.0
36283,Nicaragua,2020-06-28,74,Deaths,0.0,10.0
36284,Nicaragua,2020-06-29,74,Deaths,0.0,10.0
36285,Nicaragua,2020-06-30,83,Deaths,9.0,9.0
36286,Nicaragua,2020-07-01,83,Deaths,0.0,9.0
36287,Nicaragua,2020-07-02,83,Deaths,0.0,9.0
36288,Nicaragua,2020-07-03,83,Deaths,0.0,9.0
36289,Nicaragua,2020-07-04,83,Deaths,0.0,9.0
36290,Nicaragua,2020-07-05,83,Deaths,0.0,9.0
36291,Nicaragua,2020-07-06,83,Deaths,0.0,9.0
36292,Nicaragua,2020-07-07,91,Deaths,8.0,8.0
36293,Nicaragua,2020-07-08,91,Deaths,0.0,8.0
36294,Nicaragua,2020-07-09,91,Deaths,0.0,8.0
36295,Nicaragua,2020-07-10,91,Deaths,0.0,8.0
36296,Nicaragua,2020-07-11,91,Deaths,0.0,8.0
36297,Nicaragua,2020-07-12,91,Deaths,0.0,8.0
36298,Nicaragua,2020-07-13,91,Deaths,0.0,8.0
36299,Nicaragua,2020-07-14,99,Deaths,8.0,8.0
36300,Nicaragua,2020-07-15,99,Deaths,0.0,8.0
36301,Nicaragua,2020-07-16,99,Deaths,0.0,8.0
36302,Nicaragua,2020-07-17,99,Deaths,0.0,8.0
36303,Nicaragua,2020-07-18,99,Deaths,0.0,8.0
36304,Nicaragua,2020-07-19,99,Deaths,0.0,8.0
36305,Nicaragua,2020-07-20,99,Deaths,0.0,8.0
36306,Nicaragua,2020-07-21,108,Deaths,9.0,9.0
36307,Nicaragua,2020-07-22,108,Deaths,0.0,9.0
36308,Nicaragua,2020-07-23,108,Deaths,0.0,9.0
36309,Nicaragua,2020-07-24,108,Deaths,0.0,9.0
36310,Nicaragua,2020-07-25,108,Deaths,0.0,9.0
36311,Nicaragua,2020-07-26,108,Deaths,0.0,9.0
36312,Nicaragua,2020-07-27,108,Deaths,0.0,9.0
36313,Nicaragua,2020-07-28,116,Deaths,8.0,8.0
36314,Nicaragua,2020-07-29,116,Deaths,0.0,8.0
36315,Nicaragua,2020-07-30,116,Deaths,0.0,8.0
36316,Nicaragua,2020-07-31,116,Deaths,0.0,8.0
36317,Nicaragua,2020-08-01,116,Deaths,0.0,8.0
36318,Nicaragua,2020-08-02,116,Deaths,0.0,8.0
36319,Nicaragua,2020-08-03,116,Deaths,0.0,8.0
36320,Nicaragua,2020-08-04,123,Deaths,7.0,7.0
36321,Nicaragua,2020-08-05,123,Deaths,0.0,7.0
36322,Nicaragua,2020-08-06,123,Deaths,0.0,7.0
36323,Nicaragua,2020-08-07,123,Deaths,0.0,7.0
36324,Nicaragua,2020-08-08,123,Deaths,0.0,7.0
36325,Nicaragua,2020-08-09,123,Deaths,0.0,7.0
36326,Nicaragua,2020-08-10,123,Deaths,0.0,7.0
36327,Nicaragua,2020-08-11,128,Deaths,5.0,5.0
36328,Nicaragua,2020-08-12,128,Deaths,0.0,5.0
36329,Nicaragua,2020-08-13,128,Deaths,0.0,5.0
36330,Nicaragua,2020-08-14,128,Deaths,0.0,5.0
36331,Nicaragua,2020-08-15,128,Deaths,0.0,5.0
36332,Nicaragua,2020-08-16,128,Deaths,0.0,5.0
36333,Nicaragua,2020-08-17,128,Deaths,0.0,5.0
36334,Nicaragua,2020-08-18,133,Deaths,5.0,5.0
36335,Nicaragua,2020-08-19,133,Deaths,0.0,5.0
36336,Nicaragua,2020-08-20,133,Deaths,0.0,5.0
36337,Nicaragua,2020-08-21,133,Deaths,0.0,5.0
36338,Nicaragua,2020-08-22,133,Deaths,0.0,5.0
36339,Nicaragua,2020-08-23,133,Deaths,0.0,5.0
36340,Nicaragua,2020-08-24,133,Deaths,0.0,5.0
36341,Nicaragua,2020-08-25,137,Deaths,4.0,4.0
36342,Nicaragua,2020-08-26,137,Deaths,0.0,4.0
36343,Nicaragua,2020-08-27,137,Deaths,0.0,4.0
36344,Nicaragua,2020-08-28,137,Deaths,0.0,4.0
36345,Nicaragua,2020-08-29,137,Deaths,0.0,4.0
36346,Nicaragua,2020-08-30,137,Deaths,0.0,4.0
36347,Nicaragua,2020-08-31,137,Deaths,0.0,4.0
36348,Nicaragua,2020-09-01,141,Deaths,4.0,4.0
36349,Nicaragua,2020-09-02,141,Deaths,0.0,4.0
36350,Nicaragua,2020-09-03,141,Deaths,0.0,4.0
36351,Nicaragua,2020-09-04,141,Deaths,0.0,4.0
36352,Nicaragua,2020-09-05,141,Deaths,0.0,4.0
36353,Nicaragua,2020-09-06,141,Deaths,0.0,4.0
36354,Nicaragua,2020-09-07,141,Deaths,0.0,4.0
36355,Nicaragua,2020-09-08,144,Deaths,3.0,3.0
36356,Nicaragua,2020-09-09,144,Deaths,0.0,3.0
36357,Nicaragua,2020-09-10,144,Deaths,0.0,3.0
36358,Nicaragua,2020-09-11,144,Deaths,0.0,3.0
36359,Nicaragua,2020-09-12,144,Deaths,0.0,3.0
36360,Nicaragua,2020-09-13,144,Deaths,0.0,3.0
36361,Nicaragua,2020-09-14,144,Deaths,0.0,3.0
36362,Nicaragua,2020-09-15,147,Deaths,3.0,3.0
36363,Nicaragua,2020-09-16,147,Deaths,0.0,3.0
36364,Nicaragua,2020-09-17,147,Deaths,0.0,3.0
36365,Nicaragua,2020-09-18,147,Deaths,0.0,3.0
36366,Nicaragua,2020-09-19,147,Deaths,0.0,3.0
36367,Nicaragua,2020-09-20,147,Deaths,0.0,3.0
36368,Nicaragua,2020-09-21,147,Deaths,0.0,3.0
36369,Nicaragua,2020-09-22,149,Deaths,2.0,2.0
36370,Nicaragua,2020-09-23,149,Deaths,0.0,2.0
36371,Nicaragua,2020-09-24,149,Deaths,0.0,2.0
36372,Nicaragua,2020-09-25,149,Deaths,0.0,2.0
36373,Nicaragua,2020-09-26,149,Deaths,0.0,2.0
36374,Nicaragua,2020-09-27,149,Deaths,0.0,2.0
36375,Nicaragua,2020-09-28,149,Deaths,0.0,2.0
36376,Nicaragua,2020-09-29,151,Deaths,2.0,2.0
36377,Nicaragua,2020-09-30,151,Deaths,0.0,2.0
36378,Nicaragua,2020-10-01,151,Deaths,0.0,2.0
36379,Nicaragua,2020-10-02,151,Deaths,0.0,2.0
36380,Nicaragua,2020-10-03,151,Deaths,0.0,2.0
36381,Nicaragua,2020-10-04,151,Deaths,0.0,2.0
36382,Nicaragua,2020-10-05,151,Deaths,0.0,2.0
36383,Nicaragua,2020-10-06,151,Deaths,0.0,0.0
36384,Nicaragua,2020-10-07,153,Deaths,2.0,2.0
36385,Nicaragua,2020-10-08,153,Deaths,0.0,2.0
36386,Nicaragua,2020-10-09,153,Deaths,0.0,2.0
36387,Nicaragua,2020-10-10,153,Deaths,0.0,2.0
36388,Nicaragua,2020-10-11,153,Deaths,0.0,2.0
36389,Nicaragua,2020-10-12,153,Deaths,0.0,2.0
36390,Nicaragua,2020-10-13,154,Deaths,1.0,3.0
36391,Nicaragua,2020-10-14,154,Deaths,0.0,1.0
36392,Nicaragua,2020-10-15,154,Deaths,0.0,1.0
36393,Nicaragua,2020-10-16,154,Deaths,0.0,1.0
36394,Nicaragua,2020-10-17,154,Deaths,0.0,1.0
36395,Nicaragua,2020-10-18,154,Deaths,0.0,1.0
36396,Nicaragua,2020-10-19,154,Deaths,0.0,1.0
36397,Nicaragua,2020-10-20,155,Deaths,1.0,1.0
36398,Nicaragua,2020-10-21,155,Deaths,0.0,1.0
36399,Nicaragua,2020-10-22,155,Deaths,0.0,1.0
36400,Nicaragua,2020-10-23,155,Deaths,0.0,1.0
36401,Nicaragua,2020-10-24,155,Deaths,0.0,1.0
36402,Nicaragua,2020-10-25,155,Deaths,0.0,1.0
36403,Nicaragua,2020-10-26,155,Deaths,0.0,1.0
36404,Nicaragua,2020-10-27,156,Deaths,1.0,1.0
36405,Nicaragua,2020-10-28,156,Deaths,0.0,1.0
36406,Nicaragua,2020-10-29,156,Deaths,0.0,1.0
36407,Nicaragua,2020-10-30,156,Deaths,0.0,1.0
36408,Nicaragua,2020-10-31,156,Deaths,0.0,1.0
36409,Nicaragua,2020-11-01,156,Deaths,0.0,1.0
36410,Nicaragua,2020-11-02,156,Deaths,0.0,1.0
36411,Nicaragua,2020-11-03,156,Deaths,0.0,0.0
36412,Nicaragua,2020-11-04,156,Deaths,0.0,0.0
36413,Nicaragua,2020-11-05,157,Deaths,1.0,1.0
36414,Niger,2020-01-22,0,Deaths,,
36415,Niger,2020-01-23,0,Deaths,0.0,
36416,Niger,2020-01-24,0,Deaths,0.0,
36417,Niger,2020-01-25,0,Deaths,0.0,
36418,Niger,2020-01-26,0,Deaths,0.0,
36419,Niger,2020-01-27,0,Deaths,0.0,
36420,Niger,2020-01-28,0,Deaths,0.0,
36421,Niger,2020-01-29,0,Deaths,0.0,0.0
36422,Niger,2020-01-30,0,Deaths,0.0,0.0
36423,Niger,2020-01-31,0,Deaths,0.0,0.0
36424,Niger,2020-02-01,0,Deaths,0.0,0.0
36425,Niger,2020-02-02,0,Deaths,0.0,0.0
36426,Niger,2020-02-03,0,Deaths,0.0,0.0
36427,Niger,2020-02-04,0,Deaths,0.0,0.0
36428,Niger,2020-02-05,0,Deaths,0.0,0.0
36429,Niger,2020-02-06,0,Deaths,0.0,0.0
36430,Niger,2020-02-07,0,Deaths,0.0,0.0
36431,Niger,2020-02-08,0,Deaths,0.0,0.0
36432,Niger,2020-02-09,0,Deaths,0.0,0.0
36433,Niger,2020-02-10,0,Deaths,0.0,0.0
36434,Niger,2020-02-11,0,Deaths,0.0,0.0
36435,Niger,2020-02-12,0,Deaths,0.0,0.0
36436,Niger,2020-02-13,0,Deaths,0.0,0.0
36437,Niger,2020-02-14,0,Deaths,0.0,0.0
36438,Niger,2020-02-15,0,Deaths,0.0,0.0
36439,Niger,2020-02-16,0,Deaths,0.0,0.0
36440,Niger,2020-02-17,0,Deaths,0.0,0.0
36441,Niger,2020-02-18,0,Deaths,0.0,0.0
36442,Niger,2020-02-19,0,Deaths,0.0,0.0
36443,Niger,2020-02-20,0,Deaths,0.0,0.0
36444,Niger,2020-02-21,0,Deaths,0.0,0.0
36445,Niger,2020-02-22,0,Deaths,0.0,0.0
36446,Niger,2020-02-23,0,Deaths,0.0,0.0
36447,Niger,2020-02-24,0,Deaths,0.0,0.0
36448,Niger,2020-02-25,0,Deaths,0.0,0.0
36449,Niger,2020-02-26,0,Deaths,0.0,0.0
36450,Niger,2020-02-27,0,Deaths,0.0,0.0
36451,Niger,2020-02-28,0,Deaths,0.0,0.0
36452,Niger,2020-02-29,0,Deaths,0.0,0.0
36453,Niger,2020-03-01,0,Deaths,0.0,0.0
36454,Niger,2020-03-02,0,Deaths,0.0,0.0
36455,Niger,2020-03-03,0,Deaths,0.0,0.0
36456,Niger,2020-03-04,0,Deaths,0.0,0.0
36457,Niger,2020-03-05,0,Deaths,0.0,0.0
36458,Niger,2020-03-06,0,Deaths,0.0,0.0
36459,Niger,2020-03-07,0,Deaths,0.0,0.0
36460,Niger,2020-03-08,0,Deaths,0.0,0.0
36461,Niger,2020-03-09,0,Deaths,0.0,0.0
36462,Niger,2020-03-10,0,Deaths,0.0,0.0
36463,Niger,2020-03-11,0,Deaths,0.0,0.0
36464,Niger,2020-03-12,0,Deaths,0.0,0.0
36465,Niger,2020-03-13,0,Deaths,0.0,0.0
36466,Niger,2020-03-14,0,Deaths,0.0,0.0
36467,Niger,2020-03-15,0,Deaths,0.0,0.0
36468,Niger,2020-03-16,0,Deaths,0.0,0.0
36469,Niger,2020-03-17,0,Deaths,0.0,0.0
36470,Niger,2020-03-18,0,Deaths,0.0,0.0
36471,Niger,2020-03-19,0,Deaths,0.0,0.0
36472,Niger,2020-03-20,0,Deaths,0.0,0.0
36473,Niger,2020-03-21,0,Deaths,0.0,0.0
36474,Niger,2020-03-22,0,Deaths,0.0,0.0
36475,Niger,2020-03-23,0,Deaths,0.0,0.0
36476,Niger,2020-03-24,0,Deaths,0.0,0.0
36477,Niger,2020-03-25,1,Deaths,1.0,1.0
36478,Niger,2020-03-26,1,Deaths,0.0,1.0
36479,Niger,2020-03-27,1,Deaths,0.0,1.0
36480,Niger,2020-03-28,1,Deaths,0.0,1.0
36481,Niger,2020-03-29,1,Deaths,0.0,1.0
36482,Niger,2020-03-30,3,Deaths,2.0,3.0
36483,Niger,2020-03-31,3,Deaths,0.0,3.0
36484,Niger,2020-04-01,5,Deaths,2.0,4.0
36485,Niger,2020-04-02,5,Deaths,0.0,4.0
36486,Niger,2020-04-03,5,Deaths,0.0,4.0
36487,Niger,2020-04-04,8,Deaths,3.0,7.0
36488,Niger,2020-04-05,10,Deaths,2.0,9.0
36489,Niger,2020-04-06,10,Deaths,0.0,7.0
36490,Niger,2020-04-07,11,Deaths,1.0,8.0
36491,Niger,2020-04-08,11,Deaths,0.0,6.0
36492,Niger,2020-04-09,11,Deaths,0.0,6.0
36493,Niger,2020-04-10,11,Deaths,0.0,6.0
36494,Niger,2020-04-11,11,Deaths,0.0,3.0
36495,Niger,2020-04-12,12,Deaths,1.0,2.0
36496,Niger,2020-04-13,12,Deaths,0.0,2.0
36497,Niger,2020-04-14,14,Deaths,2.0,3.0
36498,Niger,2020-04-15,14,Deaths,0.0,3.0
36499,Niger,2020-04-16,14,Deaths,0.0,3.0
36500,Niger,2020-04-17,18,Deaths,4.0,7.0
36501,Niger,2020-04-18,19,Deaths,1.0,8.0
36502,Niger,2020-04-19,20,Deaths,1.0,8.0
36503,Niger,2020-04-20,20,Deaths,0.0,8.0
36504,Niger,2020-04-21,20,Deaths,0.0,6.0
36505,Niger,2020-04-22,22,Deaths,2.0,8.0
36506,Niger,2020-04-23,24,Deaths,2.0,10.0
36507,Niger,2020-04-24,24,Deaths,0.0,6.0
36508,Niger,2020-04-25,27,Deaths,3.0,8.0
36509,Niger,2020-04-26,29,Deaths,2.0,9.0
36510,Niger,2020-04-27,29,Deaths,0.0,9.0
36511,Niger,2020-04-28,31,Deaths,2.0,11.0
36512,Niger,2020-04-29,32,Deaths,1.0,10.0
36513,Niger,2020-04-30,32,Deaths,0.0,8.0
36514,Niger,2020-05-01,33,Deaths,1.0,9.0
36515,Niger,2020-05-02,35,Deaths,2.0,8.0
36516,Niger,2020-05-03,36,Deaths,1.0,7.0
36517,Niger,2020-05-04,37,Deaths,1.0,8.0
36518,Niger,2020-05-05,38,Deaths,1.0,7.0
36519,Niger,2020-05-06,38,Deaths,0.0,6.0
36520,Niger,2020-05-07,42,Deaths,4.0,10.0
36521,Niger,2020-05-08,44,Deaths,2.0,11.0
36522,Niger,2020-05-09,45,Deaths,1.0,10.0
36523,Niger,2020-05-10,46,Deaths,1.0,10.0
36524,Niger,2020-05-11,46,Deaths,0.0,9.0
36525,Niger,2020-05-12,47,Deaths,1.0,9.0
36526,Niger,2020-05-13,49,Deaths,2.0,11.0
36527,Niger,2020-05-14,50,Deaths,1.0,8.0
36528,Niger,2020-05-15,51,Deaths,1.0,7.0
36529,Niger,2020-05-16,51,Deaths,0.0,6.0
36530,Niger,2020-05-17,54,Deaths,3.0,8.0
36531,Niger,2020-05-18,55,Deaths,1.0,9.0
36532,Niger,2020-05-19,55,Deaths,0.0,8.0
36533,Niger,2020-05-20,58,Deaths,3.0,9.0
36534,Niger,2020-05-21,60,Deaths,2.0,10.0
36535,Niger,2020-05-22,60,Deaths,0.0,9.0
36536,Niger,2020-05-23,61,Deaths,1.0,10.0
36537,Niger,2020-05-24,61,Deaths,0.0,7.0
36538,Niger,2020-05-25,62,Deaths,1.0,7.0
36539,Niger,2020-05-26,63,Deaths,1.0,8.0
36540,Niger,2020-05-27,63,Deaths,0.0,5.0
36541,Niger,2020-05-28,64,Deaths,1.0,4.0
36542,Niger,2020-05-29,64,Deaths,0.0,4.0
36543,Niger,2020-05-30,64,Deaths,0.0,3.0
36544,Niger,2020-05-31,64,Deaths,0.0,3.0
36545,Niger,2020-06-01,65,Deaths,1.0,3.0
36546,Niger,2020-06-02,65,Deaths,0.0,2.0
36547,Niger,2020-06-03,65,Deaths,0.0,2.0
36548,Niger,2020-06-04,65,Deaths,0.0,1.0
36549,Niger,2020-06-05,65,Deaths,0.0,1.0
36550,Niger,2020-06-06,65,Deaths,0.0,1.0
36551,Niger,2020-06-07,65,Deaths,0.0,1.0
36552,Niger,2020-06-08,65,Deaths,0.0,0.0
36553,Niger,2020-06-09,65,Deaths,0.0,0.0
36554,Niger,2020-06-10,65,Deaths,0.0,0.0
36555,Niger,2020-06-11,65,Deaths,0.0,0.0
36556,Niger,2020-06-12,65,Deaths,0.0,0.0
36557,Niger,2020-06-13,66,Deaths,1.0,1.0
36558,Niger,2020-06-14,66,Deaths,0.0,1.0
36559,Niger,2020-06-15,66,Deaths,0.0,1.0
36560,Niger,2020-06-16,66,Deaths,0.0,1.0
36561,Niger,2020-06-17,67,Deaths,1.0,2.0
36562,Niger,2020-06-18,67,Deaths,0.0,2.0
36563,Niger,2020-06-19,67,Deaths,0.0,2.0
36564,Niger,2020-06-20,67,Deaths,0.0,1.0
36565,Niger,2020-06-21,67,Deaths,0.0,1.0
36566,Niger,2020-06-22,67,Deaths,0.0,1.0
36567,Niger,2020-06-23,67,Deaths,0.0,1.0
36568,Niger,2020-06-24,67,Deaths,0.0,0.0
36569,Niger,2020-06-25,67,Deaths,0.0,0.0
36570,Niger,2020-06-26,67,Deaths,0.0,0.0
36571,Niger,2020-06-27,67,Deaths,0.0,0.0
36572,Niger,2020-06-28,67,Deaths,0.0,0.0
36573,Niger,2020-06-29,67,Deaths,0.0,0.0
36574,Niger,2020-06-30,67,Deaths,0.0,0.0
36575,Niger,2020-07-01,67,Deaths,0.0,0.0
36576,Niger,2020-07-02,68,Deaths,1.0,1.0
36577,Niger,2020-07-03,68,Deaths,0.0,1.0
36578,Niger,2020-07-04,68,Deaths,0.0,1.0
36579,Niger,2020-07-05,68,Deaths,0.0,1.0
36580,Niger,2020-07-06,68,Deaths,0.0,1.0
36581,Niger,2020-07-07,68,Deaths,0.0,1.0
36582,Niger,2020-07-08,68,Deaths,0.0,1.0
36583,Niger,2020-07-09,68,Deaths,0.0,0.0
36584,Niger,2020-07-10,68,Deaths,0.0,0.0
36585,Niger,2020-07-11,68,Deaths,0.0,0.0
36586,Niger,2020-07-12,68,Deaths,0.0,0.0
36587,Niger,2020-07-13,68,Deaths,0.0,0.0
36588,Niger,2020-07-14,68,Deaths,0.0,0.0
36589,Niger,2020-07-15,69,Deaths,1.0,1.0
36590,Niger,2020-07-16,69,Deaths,0.0,1.0
36591,Niger,2020-07-17,69,Deaths,0.0,1.0
36592,Niger,2020-07-18,69,Deaths,0.0,1.0
36593,Niger,2020-07-19,69,Deaths,0.0,1.0
36594,Niger,2020-07-20,69,Deaths,0.0,1.0
36595,Niger,2020-07-21,69,Deaths,0.0,1.0
36596,Niger,2020-07-22,69,Deaths,0.0,0.0
36597,Niger,2020-07-23,69,Deaths,0.0,0.0
36598,Niger,2020-07-24,69,Deaths,0.0,0.0
36599,Niger,2020-07-25,69,Deaths,0.0,0.0
36600,Niger,2020-07-26,69,Deaths,0.0,0.0
36601,Niger,2020-07-27,69,Deaths,0.0,0.0
36602,Niger,2020-07-28,69,Deaths,0.0,0.0
36603,Niger,2020-07-29,69,Deaths,0.0,0.0
36604,Niger,2020-07-30,69,Deaths,0.0,0.0
36605,Niger,2020-07-31,69,Deaths,0.0,0.0
36606,Niger,2020-08-01,69,Deaths,0.0,0.0
36607,Niger,2020-08-02,69,Deaths,0.0,0.0
36608,Niger,2020-08-03,69,Deaths,0.0,0.0
36609,Niger,2020-08-04,69,Deaths,0.0,0.0
36610,Niger,2020-08-05,69,Deaths,0.0,0.0
36611,Niger,2020-08-06,69,Deaths,0.0,0.0
36612,Niger,2020-08-07,69,Deaths,0.0,0.0
36613,Niger,2020-08-08,69,Deaths,0.0,0.0
36614,Niger,2020-08-09,69,Deaths,0.0,0.0
36615,Niger,2020-08-10,69,Deaths,0.0,0.0
36616,Niger,2020-08-11,69,Deaths,0.0,0.0
36617,Niger,2020-08-12,69,Deaths,0.0,0.0
36618,Niger,2020-08-13,69,Deaths,0.0,0.0
36619,Niger,2020-08-14,69,Deaths,0.0,0.0
36620,Niger,2020-08-15,69,Deaths,0.0,0.0
36621,Niger,2020-08-16,69,Deaths,0.0,0.0
36622,Niger,2020-08-17,69,Deaths,0.0,0.0
36623,Niger,2020-08-18,69,Deaths,0.0,0.0
36624,Niger,2020-08-19,69,Deaths,0.0,0.0
36625,Niger,2020-08-20,69,Deaths,0.0,0.0
36626,Niger,2020-08-21,69,Deaths,0.0,0.0
36627,Niger,2020-08-22,69,Deaths,0.0,0.0
36628,Niger,2020-08-23,69,Deaths,0.0,0.0
36629,Niger,2020-08-24,69,Deaths,0.0,0.0
36630,Niger,2020-08-25,69,Deaths,0.0,0.0
36631,Niger,2020-08-26,69,Deaths,0.0,0.0
36632,Niger,2020-08-27,69,Deaths,0.0,0.0
36633,Niger,2020-08-28,69,Deaths,0.0,0.0
36634,Niger,2020-08-29,69,Deaths,0.0,0.0
36635,Niger,2020-08-30,69,Deaths,0.0,0.0
36636,Niger,2020-08-31,69,Deaths,0.0,0.0
36637,Niger,2020-09-01,69,Deaths,0.0,0.0
36638,Niger,2020-09-02,69,Deaths,0.0,0.0
36639,Niger,2020-09-03,69,Deaths,0.0,0.0
36640,Niger,2020-09-04,69,Deaths,0.0,0.0
36641,Niger,2020-09-05,69,Deaths,0.0,0.0
36642,Niger,2020-09-06,69,Deaths,0.0,0.0
36643,Niger,2020-09-07,69,Deaths,0.0,0.0
36644,Niger,2020-09-08,69,Deaths,0.0,0.0
36645,Niger,2020-09-09,69,Deaths,0.0,0.0
36646,Niger,2020-09-10,69,Deaths,0.0,0.0
36647,Niger,2020-09-11,69,Deaths,0.0,0.0
36648,Niger,2020-09-12,69,Deaths,0.0,0.0
36649,Niger,2020-09-13,69,Deaths,0.0,0.0
36650,Niger,2020-09-14,69,Deaths,0.0,0.0
36651,Niger,2020-09-15,69,Deaths,0.0,0.0
36652,Niger,2020-09-16,69,Deaths,0.0,0.0
36653,Niger,2020-09-17,69,Deaths,0.0,0.0
36654,Niger,2020-09-18,69,Deaths,0.0,0.0
36655,Niger,2020-09-19,69,Deaths,0.0,0.0
36656,Niger,2020-09-20,69,Deaths,0.0,0.0
36657,Niger,2020-09-21,69,Deaths,0.0,0.0
36658,Niger,2020-09-22,69,Deaths,0.0,0.0
36659,Niger,2020-09-23,69,Deaths,0.0,0.0
36660,Niger,2020-09-24,69,Deaths,0.0,0.0
36661,Niger,2020-09-25,69,Deaths,0.0,0.0
36662,Niger,2020-09-26,69,Deaths,0.0,0.0
36663,Niger,2020-09-27,69,Deaths,0.0,0.0
36664,Niger,2020-09-28,69,Deaths,0.0,0.0
36665,Niger,2020-09-29,69,Deaths,0.0,0.0
36666,Niger,2020-09-30,69,Deaths,0.0,0.0
36667,Niger,2020-10-01,69,Deaths,0.0,0.0
36668,Niger,2020-10-02,69,Deaths,0.0,0.0
36669,Niger,2020-10-03,69,Deaths,0.0,0.0
36670,Niger,2020-10-04,69,Deaths,0.0,0.0
36671,Niger,2020-10-05,69,Deaths,0.0,0.0
36672,Niger,2020-10-06,69,Deaths,0.0,0.0
36673,Niger,2020-10-07,69,Deaths,0.0,0.0
36674,Niger,2020-10-08,69,Deaths,0.0,0.0
36675,Niger,2020-10-09,69,Deaths,0.0,0.0
36676,Niger,2020-10-10,69,Deaths,0.0,0.0
36677,Niger,2020-10-11,69,Deaths,0.0,0.0
36678,Niger,2020-10-12,69,Deaths,0.0,0.0
36679,Niger,2020-10-13,69,Deaths,0.0,0.0
36680,Niger,2020-10-14,69,Deaths,0.0,0.0
36681,Niger,2020-10-15,69,Deaths,0.0,0.0
36682,Niger,2020-10-16,69,Deaths,0.0,0.0
36683,Niger,2020-10-17,69,Deaths,0.0,0.0
36684,Niger,2020-10-18,69,Deaths,0.0,0.0
36685,Niger,2020-10-19,69,Deaths,0.0,0.0
36686,Niger,2020-10-20,69,Deaths,0.0,0.0
36687,Niger,2020-10-21,69,Deaths,0.0,0.0
36688,Niger,2020-10-22,69,Deaths,0.0,0.0
36689,Niger,2020-10-23,69,Deaths,0.0,0.0
36690,Niger,2020-10-24,69,Deaths,0.0,0.0
36691,Niger,2020-10-25,69,Deaths,0.0,0.0
36692,Niger,2020-10-26,69,Deaths,0.0,0.0
36693,Niger,2020-10-27,69,Deaths,0.0,0.0
36694,Niger,2020-10-28,69,Deaths,0.0,0.0
36695,Niger,2020-10-29,69,Deaths,0.0,0.0
36696,Niger,2020-10-30,69,Deaths,0.0,0.0
36697,Niger,2020-10-31,69,Deaths,0.0,0.0
36698,Niger,2020-11-01,69,Deaths,0.0,0.0
36699,Niger,2020-11-02,69,Deaths,0.0,0.0
36700,Niger,2020-11-03,69,Deaths,0.0,0.0
36701,Niger,2020-11-04,69,Deaths,0.0,0.0
36702,Niger,2020-11-05,69,Deaths,0.0,0.0
36703,Nigeria,2020-01-22,0,Deaths,,
36704,Nigeria,2020-01-23,0,Deaths,0.0,
36705,Nigeria,2020-01-24,0,Deaths,0.0,
36706,Nigeria,2020-01-25,0,Deaths,0.0,
36707,Nigeria,2020-01-26,0,Deaths,0.0,
36708,Nigeria,2020-01-27,0,Deaths,0.0,
36709,Nigeria,2020-01-28,0,Deaths,0.0,
36710,Nigeria,2020-01-29,0,Deaths,0.0,0.0
36711,Nigeria,2020-01-30,0,Deaths,0.0,0.0
36712,Nigeria,2020-01-31,0,Deaths,0.0,0.0
36713,Nigeria,2020-02-01,0,Deaths,0.0,0.0
36714,Nigeria,2020-02-02,0,Deaths,0.0,0.0
36715,Nigeria,2020-02-03,0,Deaths,0.0,0.0
36716,Nigeria,2020-02-04,0,Deaths,0.0,0.0
36717,Nigeria,2020-02-05,0,Deaths,0.0,0.0
36718,Nigeria,2020-02-06,0,Deaths,0.0,0.0
36719,Nigeria,2020-02-07,0,Deaths,0.0,0.0
36720,Nigeria,2020-02-08,0,Deaths,0.0,0.0
36721,Nigeria,2020-02-09,0,Deaths,0.0,0.0
36722,Nigeria,2020-02-10,0,Deaths,0.0,0.0
36723,Nigeria,2020-02-11,0,Deaths,0.0,0.0
36724,Nigeria,2020-02-12,0,Deaths,0.0,0.0
36725,Nigeria,2020-02-13,0,Deaths,0.0,0.0
36726,Nigeria,2020-02-14,0,Deaths,0.0,0.0
36727,Nigeria,2020-02-15,0,Deaths,0.0,0.0
36728,Nigeria,2020-02-16,0,Deaths,0.0,0.0
36729,Nigeria,2020-02-17,0,Deaths,0.0,0.0
36730,Nigeria,2020-02-18,0,Deaths,0.0,0.0
36731,Nigeria,2020-02-19,0,Deaths,0.0,0.0
36732,Nigeria,2020-02-20,0,Deaths,0.0,0.0
36733,Nigeria,2020-02-21,0,Deaths,0.0,0.0
36734,Nigeria,2020-02-22,0,Deaths,0.0,0.0
36735,Nigeria,2020-02-23,0,Deaths,0.0,0.0
36736,Nigeria,2020-02-24,0,Deaths,0.0,0.0
36737,Nigeria,2020-02-25,0,Deaths,0.0,0.0
36738,Nigeria,2020-02-26,0,Deaths,0.0,0.0
36739,Nigeria,2020-02-27,0,Deaths,0.0,0.0
36740,Nigeria,2020-02-28,0,Deaths,0.0,0.0
36741,Nigeria,2020-02-29,0,Deaths,0.0,0.0
36742,Nigeria,2020-03-01,0,Deaths,0.0,0.0
36743,Nigeria,2020-03-02,0,Deaths,0.0,0.0
36744,Nigeria,2020-03-03,0,Deaths,0.0,0.0
36745,Nigeria,2020-03-04,0,Deaths,0.0,0.0
36746,Nigeria,2020-03-05,0,Deaths,0.0,0.0
36747,Nigeria,2020-03-06,0,Deaths,0.0,0.0
36748,Nigeria,2020-03-07,0,Deaths,0.0,0.0
36749,Nigeria,2020-03-08,0,Deaths,0.0,0.0
36750,Nigeria,2020-03-09,0,Deaths,0.0,0.0
36751,Nigeria,2020-03-10,0,Deaths,0.0,0.0
36752,Nigeria,2020-03-11,0,Deaths,0.0,0.0
36753,Nigeria,2020-03-12,0,Deaths,0.0,0.0
36754,Nigeria,2020-03-13,0,Deaths,0.0,0.0
36755,Nigeria,2020-03-14,0,Deaths,0.0,0.0
36756,Nigeria,2020-03-15,0,Deaths,0.0,0.0
36757,Nigeria,2020-03-16,0,Deaths,0.0,0.0
36758,Nigeria,2020-03-17,0,Deaths,0.0,0.0
36759,Nigeria,2020-03-18,0,Deaths,0.0,0.0
36760,Nigeria,2020-03-19,0,Deaths,0.0,0.0
36761,Nigeria,2020-03-20,0,Deaths,0.0,0.0
36762,Nigeria,2020-03-21,0,Deaths,0.0,0.0
36763,Nigeria,2020-03-22,0,Deaths,0.0,0.0
36764,Nigeria,2020-03-23,1,Deaths,1.0,1.0
36765,Nigeria,2020-03-24,1,Deaths,0.0,1.0
36766,Nigeria,2020-03-25,1,Deaths,0.0,1.0
36767,Nigeria,2020-03-26,1,Deaths,0.0,1.0
36768,Nigeria,2020-03-27,1,Deaths,0.0,1.0
36769,Nigeria,2020-03-28,1,Deaths,0.0,1.0
36770,Nigeria,2020-03-29,1,Deaths,0.0,1.0
36771,Nigeria,2020-03-30,2,Deaths,1.0,1.0
36772,Nigeria,2020-03-31,2,Deaths,0.0,1.0
36773,Nigeria,2020-04-01,2,Deaths,0.0,1.0
36774,Nigeria,2020-04-02,2,Deaths,0.0,1.0
36775,Nigeria,2020-04-03,4,Deaths,2.0,3.0
36776,Nigeria,2020-04-04,4,Deaths,0.0,3.0
36777,Nigeria,2020-04-05,5,Deaths,1.0,4.0
36778,Nigeria,2020-04-06,5,Deaths,0.0,3.0
36779,Nigeria,2020-04-07,6,Deaths,1.0,4.0
36780,Nigeria,2020-04-08,6,Deaths,0.0,4.0
36781,Nigeria,2020-04-09,7,Deaths,1.0,5.0
36782,Nigeria,2020-04-10,7,Deaths,0.0,3.0
36783,Nigeria,2020-04-11,10,Deaths,3.0,6.0
36784,Nigeria,2020-04-12,10,Deaths,0.0,5.0
36785,Nigeria,2020-04-13,10,Deaths,0.0,5.0
36786,Nigeria,2020-04-14,11,Deaths,1.0,5.0
36787,Nigeria,2020-04-15,12,Deaths,1.0,6.0
36788,Nigeria,2020-04-16,13,Deaths,1.0,6.0
36789,Nigeria,2020-04-17,17,Deaths,4.0,10.0
36790,Nigeria,2020-04-18,19,Deaths,2.0,9.0
36791,Nigeria,2020-04-19,21,Deaths,2.0,11.0
36792,Nigeria,2020-04-20,22,Deaths,1.0,12.0
36793,Nigeria,2020-04-21,22,Deaths,0.0,11.0
36794,Nigeria,2020-04-22,28,Deaths,6.0,16.0
36795,Nigeria,2020-04-23,31,Deaths,3.0,18.0
36796,Nigeria,2020-04-24,32,Deaths,1.0,15.0
36797,Nigeria,2020-04-25,35,Deaths,3.0,16.0
36798,Nigeria,2020-04-26,40,Deaths,5.0,19.0
36799,Nigeria,2020-04-27,40,Deaths,0.0,18.0
36800,Nigeria,2020-04-28,44,Deaths,4.0,22.0
36801,Nigeria,2020-04-29,51,Deaths,7.0,23.0
36802,Nigeria,2020-04-30,58,Deaths,7.0,27.0
36803,Nigeria,2020-05-01,68,Deaths,10.0,36.0
36804,Nigeria,2020-05-02,85,Deaths,17.0,50.0
36805,Nigeria,2020-05-03,87,Deaths,2.0,47.0
36806,Nigeria,2020-05-04,93,Deaths,6.0,53.0
36807,Nigeria,2020-05-05,98,Deaths,5.0,54.0
36808,Nigeria,2020-05-06,103,Deaths,5.0,52.0
36809,Nigeria,2020-05-07,107,Deaths,4.0,49.0
36810,Nigeria,2020-05-08,117,Deaths,10.0,49.0
36811,Nigeria,2020-05-09,128,Deaths,11.0,43.0
36812,Nigeria,2020-05-10,143,Deaths,15.0,56.0
36813,Nigeria,2020-05-11,150,Deaths,7.0,57.0
36814,Nigeria,2020-05-12,158,Deaths,8.0,60.0
36815,Nigeria,2020-05-13,164,Deaths,6.0,61.0
36816,Nigeria,2020-05-14,167,Deaths,3.0,60.0
36817,Nigeria,2020-05-15,171,Deaths,4.0,54.0
36818,Nigeria,2020-05-16,176,Deaths,5.0,48.0
36819,Nigeria,2020-05-17,182,Deaths,6.0,39.0
36820,Nigeria,2020-05-18,191,Deaths,9.0,41.0
36821,Nigeria,2020-05-19,192,Deaths,1.0,34.0
36822,Nigeria,2020-05-20,200,Deaths,8.0,36.0
36823,Nigeria,2020-05-21,211,Deaths,11.0,44.0
36824,Nigeria,2020-05-22,221,Deaths,10.0,50.0
36825,Nigeria,2020-05-23,221,Deaths,0.0,45.0
36826,Nigeria,2020-05-24,226,Deaths,5.0,44.0
36827,Nigeria,2020-05-25,233,Deaths,7.0,42.0
36828,Nigeria,2020-05-26,249,Deaths,16.0,57.0
36829,Nigeria,2020-05-27,254,Deaths,5.0,54.0
36830,Nigeria,2020-05-28,259,Deaths,5.0,48.0
36831,Nigeria,2020-05-29,261,Deaths,2.0,40.0
36832,Nigeria,2020-05-30,273,Deaths,12.0,52.0
36833,Nigeria,2020-05-31,287,Deaths,14.0,61.0
36834,Nigeria,2020-06-01,299,Deaths,12.0,66.0
36835,Nigeria,2020-06-02,314,Deaths,15.0,65.0
36836,Nigeria,2020-06-03,315,Deaths,1.0,61.0
36837,Nigeria,2020-06-04,323,Deaths,8.0,64.0
36838,Nigeria,2020-06-05,333,Deaths,10.0,72.0
36839,Nigeria,2020-06-06,342,Deaths,9.0,69.0
36840,Nigeria,2020-06-07,354,Deaths,12.0,67.0
36841,Nigeria,2020-06-08,361,Deaths,7.0,62.0
36842,Nigeria,2020-06-09,365,Deaths,4.0,51.0
36843,Nigeria,2020-06-10,382,Deaths,17.0,67.0
36844,Nigeria,2020-06-11,387,Deaths,5.0,64.0
36845,Nigeria,2020-06-12,399,Deaths,12.0,66.0
36846,Nigeria,2020-06-13,407,Deaths,8.0,65.0
36847,Nigeria,2020-06-14,420,Deaths,13.0,66.0
36848,Nigeria,2020-06-15,424,Deaths,4.0,63.0
36849,Nigeria,2020-06-16,455,Deaths,31.0,90.0
36850,Nigeria,2020-06-17,469,Deaths,14.0,87.0
36851,Nigeria,2020-06-18,475,Deaths,6.0,88.0
36852,Nigeria,2020-06-19,487,Deaths,12.0,88.0
36853,Nigeria,2020-06-20,506,Deaths,19.0,99.0
36854,Nigeria,2020-06-21,518,Deaths,12.0,98.0
36855,Nigeria,2020-06-22,525,Deaths,7.0,101.0
36856,Nigeria,2020-06-23,533,Deaths,8.0,78.0
36857,Nigeria,2020-06-24,542,Deaths,9.0,73.0
36858,Nigeria,2020-06-25,549,Deaths,7.0,74.0
36859,Nigeria,2020-06-26,554,Deaths,5.0,67.0
36860,Nigeria,2020-06-27,558,Deaths,4.0,52.0
36861,Nigeria,2020-06-28,565,Deaths,7.0,47.0
36862,Nigeria,2020-06-29,573,Deaths,8.0,48.0
36863,Nigeria,2020-06-30,590,Deaths,17.0,57.0
36864,Nigeria,2020-07-01,603,Deaths,13.0,61.0
36865,Nigeria,2020-07-02,616,Deaths,13.0,67.0
36866,Nigeria,2020-07-03,628,Deaths,12.0,74.0
36867,Nigeria,2020-07-04,634,Deaths,6.0,76.0
36868,Nigeria,2020-07-05,645,Deaths,11.0,80.0
36869,Nigeria,2020-07-06,654,Deaths,9.0,81.0
36870,Nigeria,2020-07-07,669,Deaths,15.0,79.0
36871,Nigeria,2020-07-08,684,Deaths,15.0,81.0
36872,Nigeria,2020-07-09,689,Deaths,5.0,73.0
36873,Nigeria,2020-07-10,709,Deaths,20.0,81.0
36874,Nigeria,2020-07-11,724,Deaths,15.0,90.0
36875,Nigeria,2020-07-12,740,Deaths,16.0,95.0
36876,Nigeria,2020-07-13,744,Deaths,4.0,90.0
36877,Nigeria,2020-07-14,754,Deaths,10.0,85.0
36878,Nigeria,2020-07-15,760,Deaths,6.0,76.0
36879,Nigeria,2020-07-16,769,Deaths,9.0,80.0
36880,Nigeria,2020-07-17,772,Deaths,3.0,63.0
36881,Nigeria,2020-07-18,778,Deaths,6.0,54.0
36882,Nigeria,2020-07-19,789,Deaths,11.0,49.0
36883,Nigeria,2020-07-20,801,Deaths,12.0,57.0
36884,Nigeria,2020-07-21,805,Deaths,4.0,51.0
36885,Nigeria,2020-07-22,813,Deaths,8.0,53.0
36886,Nigeria,2020-07-23,833,Deaths,20.0,64.0
36887,Nigeria,2020-07-24,845,Deaths,12.0,73.0
36888,Nigeria,2020-07-25,856,Deaths,11.0,78.0
36889,Nigeria,2020-07-26,858,Deaths,2.0,69.0
36890,Nigeria,2020-07-27,860,Deaths,2.0,59.0
36891,Nigeria,2020-07-28,868,Deaths,8.0,63.0
36892,Nigeria,2020-07-29,873,Deaths,5.0,60.0
36893,Nigeria,2020-07-30,878,Deaths,5.0,45.0
36894,Nigeria,2020-07-31,879,Deaths,1.0,34.0
36895,Nigeria,2020-08-01,883,Deaths,4.0,27.0
36896,Nigeria,2020-08-02,888,Deaths,5.0,30.0
36897,Nigeria,2020-08-03,896,Deaths,8.0,36.0
36898,Nigeria,2020-08-04,910,Deaths,14.0,42.0
36899,Nigeria,2020-08-05,927,Deaths,17.0,54.0
36900,Nigeria,2020-08-06,930,Deaths,3.0,52.0
36901,Nigeria,2020-08-07,936,Deaths,6.0,57.0
36902,Nigeria,2020-08-08,942,Deaths,6.0,59.0
36903,Nigeria,2020-08-09,945,Deaths,3.0,57.0
36904,Nigeria,2020-08-10,950,Deaths,5.0,54.0
36905,Nigeria,2020-08-11,956,Deaths,6.0,46.0
36906,Nigeria,2020-08-12,956,Deaths,0.0,29.0
36907,Nigeria,2020-08-13,966,Deaths,10.0,36.0
36908,Nigeria,2020-08-14,973,Deaths,7.0,37.0
36909,Nigeria,2020-08-15,974,Deaths,1.0,32.0
36910,Nigeria,2020-08-16,975,Deaths,1.0,30.0
36911,Nigeria,2020-08-17,977,Deaths,2.0,27.0
36912,Nigeria,2020-08-18,981,Deaths,4.0,25.0
36913,Nigeria,2020-08-19,985,Deaths,4.0,29.0
36914,Nigeria,2020-08-20,992,Deaths,7.0,26.0
36915,Nigeria,2020-08-21,996,Deaths,4.0,23.0
36916,Nigeria,2020-08-22,997,Deaths,1.0,23.0
36917,Nigeria,2020-08-23,1002,Deaths,5.0,27.0
36918,Nigeria,2020-08-24,1004,Deaths,2.0,27.0
36919,Nigeria,2020-08-25,1007,Deaths,3.0,26.0
36920,Nigeria,2020-08-26,1010,Deaths,3.0,25.0
36921,Nigeria,2020-08-27,1011,Deaths,1.0,19.0
36922,Nigeria,2020-08-28,1011,Deaths,0.0,15.0
36923,Nigeria,2020-08-29,1011,Deaths,0.0,14.0
36924,Nigeria,2020-08-30,1013,Deaths,2.0,11.0
36925,Nigeria,2020-08-31,1013,Deaths,0.0,9.0
36926,Nigeria,2020-09-01,1023,Deaths,10.0,16.0
36927,Nigeria,2020-09-02,1027,Deaths,4.0,17.0
36928,Nigeria,2020-09-03,1048,Deaths,21.0,37.0
36929,Nigeria,2020-09-04,1051,Deaths,3.0,40.0
36930,Nigeria,2020-09-05,1054,Deaths,3.0,43.0
36931,Nigeria,2020-09-06,1057,Deaths,3.0,44.0
36932,Nigeria,2020-09-07,1061,Deaths,4.0,48.0
36933,Nigeria,2020-09-08,1067,Deaths,6.0,44.0
36934,Nigeria,2020-09-09,1070,Deaths,3.0,43.0
36935,Nigeria,2020-09-10,1075,Deaths,5.0,27.0
36936,Nigeria,2020-09-11,1076,Deaths,1.0,25.0
36937,Nigeria,2020-09-12,1078,Deaths,2.0,24.0
36938,Nigeria,2020-09-13,1082,Deaths,4.0,25.0
36939,Nigeria,2020-09-14,1083,Deaths,1.0,22.0
36940,Nigeria,2020-09-15,1088,Deaths,5.0,21.0
36941,Nigeria,2020-09-16,1091,Deaths,3.0,21.0
36942,Nigeria,2020-09-17,1093,Deaths,2.0,18.0
36943,Nigeria,2020-09-18,1094,Deaths,1.0,18.0
36944,Nigeria,2020-09-19,1095,Deaths,1.0,17.0
36945,Nigeria,2020-09-20,1098,Deaths,3.0,16.0
36946,Nigeria,2020-09-21,1100,Deaths,2.0,17.0
36947,Nigeria,2020-09-22,1100,Deaths,0.0,12.0
36948,Nigeria,2020-09-23,1102,Deaths,2.0,11.0
36949,Nigeria,2020-09-24,1102,Deaths,0.0,9.0
36950,Nigeria,2020-09-25,1103,Deaths,1.0,9.0
36951,Nigeria,2020-09-26,1106,Deaths,3.0,11.0
36952,Nigeria,2020-09-27,1108,Deaths,2.0,10.0
36953,Nigeria,2020-09-28,1111,Deaths,3.0,11.0
36954,Nigeria,2020-09-29,1111,Deaths,0.0,11.0
36955,Nigeria,2020-09-30,1112,Deaths,1.0,10.0
36956,Nigeria,2020-10-01,1112,Deaths,0.0,10.0
36957,Nigeria,2020-10-02,1112,Deaths,0.0,9.0
36958,Nigeria,2020-10-03,1113,Deaths,1.0,7.0
36959,Nigeria,2020-10-04,1113,Deaths,0.0,5.0
36960,Nigeria,2020-10-05,1113,Deaths,0.0,2.0
36961,Nigeria,2020-10-06,1113,Deaths,0.0,2.0
36962,Nigeria,2020-10-07,1113,Deaths,0.0,1.0
36963,Nigeria,2020-10-08,1113,Deaths,0.0,1.0
36964,Nigeria,2020-10-09,1113,Deaths,0.0,1.0
36965,Nigeria,2020-10-10,1115,Deaths,2.0,2.0
36966,Nigeria,2020-10-11,1115,Deaths,0.0,2.0
36967,Nigeria,2020-10-12,1115,Deaths,0.0,2.0
36968,Nigeria,2020-10-13,1116,Deaths,1.0,3.0
36969,Nigeria,2020-10-14,1116,Deaths,0.0,3.0
36970,Nigeria,2020-10-15,1116,Deaths,0.0,3.0
36971,Nigeria,2020-10-16,1119,Deaths,3.0,6.0
36972,Nigeria,2020-10-17,1123,Deaths,4.0,8.0
36973,Nigeria,2020-10-18,1125,Deaths,2.0,10.0
36974,Nigeria,2020-10-19,1125,Deaths,0.0,10.0
36975,Nigeria,2020-10-20,1125,Deaths,0.0,9.0
36976,Nigeria,2020-10-21,1125,Deaths,0.0,9.0
36977,Nigeria,2020-10-22,1127,Deaths,2.0,11.0
36978,Nigeria,2020-10-23,1129,Deaths,2.0,10.0
36979,Nigeria,2020-10-24,1129,Deaths,0.0,6.0
36980,Nigeria,2020-10-25,1130,Deaths,1.0,5.0
36981,Nigeria,2020-10-26,1132,Deaths,2.0,7.0
36982,Nigeria,2020-10-27,1135,Deaths,3.0,10.0
36983,Nigeria,2020-10-28,1139,Deaths,4.0,14.0
36984,Nigeria,2020-10-29,1141,Deaths,2.0,14.0
36985,Nigeria,2020-10-30,1144,Deaths,3.0,15.0
36986,Nigeria,2020-10-31,1144,Deaths,0.0,15.0
36987,Nigeria,2020-11-01,1146,Deaths,2.0,16.0
36988,Nigeria,2020-11-02,1147,Deaths,1.0,15.0
36989,Nigeria,2020-11-03,1151,Deaths,4.0,16.0
36990,Nigeria,2020-11-04,1155,Deaths,4.0,16.0
36991,Nigeria,2020-11-05,1155,Deaths,0.0,14.0
36992,North Macedonia,2020-01-22,0,Deaths,,
36993,North Macedonia,2020-01-23,0,Deaths,0.0,
36994,North Macedonia,2020-01-24,0,Deaths,0.0,
36995,North Macedonia,2020-01-25,0,Deaths,0.0,
36996,North Macedonia,2020-01-26,0,Deaths,0.0,
36997,North Macedonia,2020-01-27,0,Deaths,0.0,
36998,North Macedonia,2020-01-28,0,Deaths,0.0,
36999,North Macedonia,2020-01-29,0,Deaths,0.0,0.0
37000,North Macedonia,2020-01-30,0,Deaths,0.0,0.0
37001,North Macedonia,2020-01-31,0,Deaths,0.0,0.0
37002,North Macedonia,2020-02-01,0,Deaths,0.0,0.0
37003,North Macedonia,2020-02-02,0,Deaths,0.0,0.0
37004,North Macedonia,2020-02-03,0,Deaths,0.0,0.0
37005,North Macedonia,2020-02-04,0,Deaths,0.0,0.0
37006,North Macedonia,2020-02-05,0,Deaths,0.0,0.0
37007,North Macedonia,2020-02-06,0,Deaths,0.0,0.0
37008,North Macedonia,2020-02-07,0,Deaths,0.0,0.0
37009,North Macedonia,2020-02-08,0,Deaths,0.0,0.0
37010,North Macedonia,2020-02-09,0,Deaths,0.0,0.0
37011,North Macedonia,2020-02-10,0,Deaths,0.0,0.0
37012,North Macedonia,2020-02-11,0,Deaths,0.0,0.0
37013,North Macedonia,2020-02-12,0,Deaths,0.0,0.0
37014,North Macedonia,2020-02-13,0,Deaths,0.0,0.0
37015,North Macedonia,2020-02-14,0,Deaths,0.0,0.0
37016,North Macedonia,2020-02-15,0,Deaths,0.0,0.0
37017,North Macedonia,2020-02-16,0,Deaths,0.0,0.0
37018,North Macedonia,2020-02-17,0,Deaths,0.0,0.0
37019,North Macedonia,2020-02-18,0,Deaths,0.0,0.0
37020,North Macedonia,2020-02-19,0,Deaths,0.0,0.0
37021,North Macedonia,2020-02-20,0,Deaths,0.0,0.0
37022,North Macedonia,2020-02-21,0,Deaths,0.0,0.0
37023,North Macedonia,2020-02-22,0,Deaths,0.0,0.0
37024,North Macedonia,2020-02-23,0,Deaths,0.0,0.0
37025,North Macedonia,2020-02-24,0,Deaths,0.0,0.0
37026,North Macedonia,2020-02-25,0,Deaths,0.0,0.0
37027,North Macedonia,2020-02-26,0,Deaths,0.0,0.0
37028,North Macedonia,2020-02-27,0,Deaths,0.0,0.0
37029,North Macedonia,2020-02-28,0,Deaths,0.0,0.0
37030,North Macedonia,2020-02-29,0,Deaths,0.0,0.0
37031,North Macedonia,2020-03-01,0,Deaths,0.0,0.0
37032,North Macedonia,2020-03-02,0,Deaths,0.0,0.0
37033,North Macedonia,2020-03-03,0,Deaths,0.0,0.0
37034,North Macedonia,2020-03-04,0,Deaths,0.0,0.0
37035,North Macedonia,2020-03-05,0,Deaths,0.0,0.0
37036,North Macedonia,2020-03-06,0,Deaths,0.0,0.0
37037,North Macedonia,2020-03-07,0,Deaths,0.0,0.0
37038,North Macedonia,2020-03-08,0,Deaths,0.0,0.0
37039,North Macedonia,2020-03-09,0,Deaths,0.0,0.0
37040,North Macedonia,2020-03-10,0,Deaths,0.0,0.0
37041,North Macedonia,2020-03-11,0,Deaths,0.0,0.0
37042,North Macedonia,2020-03-12,0,Deaths,0.0,0.0
37043,North Macedonia,2020-03-13,0,Deaths,0.0,0.0
37044,North Macedonia,2020-03-14,0,Deaths,0.0,0.0
37045,North Macedonia,2020-03-15,0,Deaths,0.0,0.0
37046,North Macedonia,2020-03-16,0,Deaths,0.0,0.0
37047,North Macedonia,2020-03-17,0,Deaths,0.0,0.0
37048,North Macedonia,2020-03-18,0,Deaths,0.0,0.0
37049,North Macedonia,2020-03-19,0,Deaths,0.0,0.0
37050,North Macedonia,2020-03-20,0,Deaths,0.0,0.0
37051,North Macedonia,2020-03-21,0,Deaths,0.0,0.0
37052,North Macedonia,2020-03-22,1,Deaths,1.0,1.0
37053,North Macedonia,2020-03-23,2,Deaths,1.0,2.0
37054,North Macedonia,2020-03-24,2,Deaths,0.0,2.0
37055,North Macedonia,2020-03-25,3,Deaths,1.0,3.0
37056,North Macedonia,2020-03-26,3,Deaths,0.0,3.0
37057,North Macedonia,2020-03-27,3,Deaths,0.0,3.0
37058,North Macedonia,2020-03-28,4,Deaths,1.0,4.0
37059,North Macedonia,2020-03-29,6,Deaths,2.0,5.0
37060,North Macedonia,2020-03-30,7,Deaths,1.0,5.0
37061,North Macedonia,2020-03-31,9,Deaths,2.0,7.0
37062,North Macedonia,2020-04-01,11,Deaths,2.0,8.0
37063,North Macedonia,2020-04-02,11,Deaths,0.0,8.0
37064,North Macedonia,2020-04-03,12,Deaths,1.0,9.0
37065,North Macedonia,2020-04-04,17,Deaths,5.0,13.0
37066,North Macedonia,2020-04-05,18,Deaths,1.0,12.0
37067,North Macedonia,2020-04-06,23,Deaths,5.0,16.0
37068,North Macedonia,2020-04-07,26,Deaths,3.0,17.0
37069,North Macedonia,2020-04-08,29,Deaths,3.0,18.0
37070,North Macedonia,2020-04-09,30,Deaths,1.0,19.0
37071,North Macedonia,2020-04-10,32,Deaths,2.0,20.0
37072,North Macedonia,2020-04-11,34,Deaths,2.0,17.0
37073,North Macedonia,2020-04-12,34,Deaths,0.0,16.0
37074,North Macedonia,2020-04-13,38,Deaths,4.0,15.0
37075,North Macedonia,2020-04-14,44,Deaths,6.0,18.0
37076,North Macedonia,2020-04-15,45,Deaths,1.0,16.0
37077,North Macedonia,2020-04-16,46,Deaths,1.0,16.0
37078,North Macedonia,2020-04-17,49,Deaths,3.0,17.0
37079,North Macedonia,2020-04-18,49,Deaths,0.0,15.0
37080,North Macedonia,2020-04-19,51,Deaths,2.0,17.0
37081,North Macedonia,2020-04-20,54,Deaths,3.0,16.0
37082,North Macedonia,2020-04-21,55,Deaths,1.0,11.0
37083,North Macedonia,2020-04-22,56,Deaths,1.0,11.0
37084,North Macedonia,2020-04-23,56,Deaths,0.0,10.0
37085,North Macedonia,2020-04-24,57,Deaths,1.0,8.0
37086,North Macedonia,2020-04-25,59,Deaths,2.0,10.0
37087,North Macedonia,2020-04-26,61,Deaths,2.0,10.0
37088,North Macedonia,2020-04-27,65,Deaths,4.0,11.0
37089,North Macedonia,2020-04-28,71,Deaths,6.0,16.0
37090,North Macedonia,2020-04-29,73,Deaths,2.0,17.0
37091,North Macedonia,2020-04-30,77,Deaths,4.0,21.0
37092,North Macedonia,2020-05-01,81,Deaths,4.0,24.0
37093,North Macedonia,2020-05-02,82,Deaths,1.0,23.0
37094,North Macedonia,2020-05-03,84,Deaths,2.0,23.0
37095,North Macedonia,2020-05-04,85,Deaths,1.0,20.0
37096,North Macedonia,2020-05-05,86,Deaths,1.0,15.0
37097,North Macedonia,2020-05-06,88,Deaths,2.0,15.0
37098,North Macedonia,2020-05-07,89,Deaths,1.0,12.0
37099,North Macedonia,2020-05-08,90,Deaths,1.0,9.0
37100,North Macedonia,2020-05-09,91,Deaths,1.0,9.0
37101,North Macedonia,2020-05-10,91,Deaths,0.0,7.0
37102,North Macedonia,2020-05-11,91,Deaths,0.0,6.0
37103,North Macedonia,2020-05-12,92,Deaths,1.0,6.0
37104,North Macedonia,2020-05-13,95,Deaths,3.0,7.0
37105,North Macedonia,2020-05-14,95,Deaths,0.0,6.0
37106,North Macedonia,2020-05-15,97,Deaths,2.0,7.0
37107,North Macedonia,2020-05-16,98,Deaths,1.0,7.0
37108,North Macedonia,2020-05-17,101,Deaths,3.0,10.0
37109,North Macedonia,2020-05-18,104,Deaths,3.0,13.0
37110,North Macedonia,2020-05-19,106,Deaths,2.0,14.0
37111,North Macedonia,2020-05-20,110,Deaths,4.0,15.0
37112,North Macedonia,2020-05-21,111,Deaths,1.0,16.0
37113,North Macedonia,2020-05-22,112,Deaths,1.0,15.0
37114,North Macedonia,2020-05-23,113,Deaths,1.0,15.0
37115,North Macedonia,2020-05-24,113,Deaths,0.0,12.0
37116,North Macedonia,2020-05-25,113,Deaths,0.0,9.0
37117,North Macedonia,2020-05-26,116,Deaths,3.0,10.0
37118,North Macedonia,2020-05-27,119,Deaths,3.0,9.0
37119,North Macedonia,2020-05-28,121,Deaths,2.0,10.0
37120,North Macedonia,2020-05-29,126,Deaths,5.0,14.0
37121,North Macedonia,2020-05-30,131,Deaths,5.0,18.0
37122,North Macedonia,2020-05-31,133,Deaths,2.0,20.0
37123,North Macedonia,2020-06-01,140,Deaths,7.0,27.0
37124,North Macedonia,2020-06-02,141,Deaths,1.0,25.0
37125,North Macedonia,2020-06-03,145,Deaths,4.0,26.0
37126,North Macedonia,2020-06-04,147,Deaths,2.0,26.0
37127,North Macedonia,2020-06-05,149,Deaths,2.0,23.0
37128,North Macedonia,2020-06-06,151,Deaths,2.0,20.0
37129,North Macedonia,2020-06-07,153,Deaths,2.0,20.0
37130,North Macedonia,2020-06-08,156,Deaths,3.0,16.0
37131,North Macedonia,2020-06-09,157,Deaths,1.0,16.0
37132,North Macedonia,2020-06-10,164,Deaths,7.0,19.0
37133,North Macedonia,2020-06-11,169,Deaths,5.0,22.0
37134,North Macedonia,2020-06-12,171,Deaths,2.0,22.0
37135,North Macedonia,2020-06-13,179,Deaths,8.0,28.0
37136,North Macedonia,2020-06-14,188,Deaths,9.0,35.0
37137,North Macedonia,2020-06-15,193,Deaths,5.0,37.0
37138,North Macedonia,2020-06-16,201,Deaths,8.0,44.0
37139,North Macedonia,2020-06-17,210,Deaths,9.0,46.0
37140,North Macedonia,2020-06-18,216,Deaths,6.0,47.0
37141,North Macedonia,2020-06-19,222,Deaths,6.0,51.0
37142,North Macedonia,2020-06-20,233,Deaths,11.0,54.0
37143,North Macedonia,2020-06-21,238,Deaths,5.0,50.0
37144,North Macedonia,2020-06-22,247,Deaths,9.0,54.0
37145,North Macedonia,2020-06-23,251,Deaths,4.0,50.0
37146,North Macedonia,2020-06-24,259,Deaths,8.0,49.0
37147,North Macedonia,2020-06-25,265,Deaths,6.0,49.0
37148,North Macedonia,2020-06-26,268,Deaths,3.0,46.0
37149,North Macedonia,2020-06-27,277,Deaths,9.0,44.0
37150,North Macedonia,2020-06-28,286,Deaths,9.0,48.0
37151,North Macedonia,2020-06-29,298,Deaths,12.0,51.0
37152,North Macedonia,2020-06-30,302,Deaths,4.0,51.0
37153,North Macedonia,2020-07-01,306,Deaths,4.0,47.0
37154,North Macedonia,2020-07-02,321,Deaths,15.0,56.0
37155,North Macedonia,2020-07-03,328,Deaths,7.0,60.0
37156,North Macedonia,2020-07-04,334,Deaths,6.0,57.0
37157,North Macedonia,2020-07-05,341,Deaths,7.0,55.0
37158,North Macedonia,2020-07-06,346,Deaths,5.0,48.0
37159,North Macedonia,2020-07-07,351,Deaths,5.0,49.0
37160,North Macedonia,2020-07-08,359,Deaths,8.0,53.0
37161,North Macedonia,2020-07-09,362,Deaths,3.0,41.0
37162,North Macedonia,2020-07-10,368,Deaths,6.0,40.0
37163,North Macedonia,2020-07-11,376,Deaths,8.0,42.0
37164,North Macedonia,2020-07-12,382,Deaths,6.0,41.0
37165,North Macedonia,2020-07-13,385,Deaths,3.0,39.0
37166,North Macedonia,2020-07-14,389,Deaths,4.0,38.0
37167,North Macedonia,2020-07-15,393,Deaths,4.0,34.0
37168,North Macedonia,2020-07-16,401,Deaths,8.0,39.0
37169,North Macedonia,2020-07-17,406,Deaths,5.0,38.0
37170,North Macedonia,2020-07-18,414,Deaths,8.0,38.0
37171,North Macedonia,2020-07-19,422,Deaths,8.0,40.0
37172,North Macedonia,2020-07-20,432,Deaths,10.0,47.0
37173,North Macedonia,2020-07-21,432,Deaths,0.0,43.0
37174,North Macedonia,2020-07-22,442,Deaths,10.0,49.0
37175,North Macedonia,2020-07-23,445,Deaths,3.0,44.0
37176,North Macedonia,2020-07-24,451,Deaths,6.0,45.0
37177,North Macedonia,2020-07-25,460,Deaths,9.0,46.0
37178,North Macedonia,2020-07-26,460,Deaths,0.0,38.0
37179,North Macedonia,2020-07-27,466,Deaths,6.0,34.0
37180,North Macedonia,2020-07-28,471,Deaths,5.0,39.0
37181,North Macedonia,2020-07-29,476,Deaths,5.0,34.0
37182,North Macedonia,2020-07-30,480,Deaths,4.0,35.0
37183,North Macedonia,2020-07-31,486,Deaths,6.0,35.0
37184,North Macedonia,2020-08-01,493,Deaths,7.0,33.0
37185,North Macedonia,2020-08-02,497,Deaths,4.0,37.0
37186,North Macedonia,2020-08-03,500,Deaths,3.0,34.0
37187,North Macedonia,2020-08-04,505,Deaths,5.0,34.0
37188,North Macedonia,2020-08-05,511,Deaths,6.0,35.0
37189,North Macedonia,2020-08-06,517,Deaths,6.0,37.0
37190,North Macedonia,2020-08-07,519,Deaths,2.0,33.0
37191,North Macedonia,2020-08-08,523,Deaths,4.0,30.0
37192,North Macedonia,2020-08-09,527,Deaths,4.0,30.0
37193,North Macedonia,2020-08-10,528,Deaths,1.0,28.0
37194,North Macedonia,2020-08-11,529,Deaths,1.0,24.0
37195,North Macedonia,2020-08-12,530,Deaths,1.0,19.0
37196,North Macedonia,2020-08-13,532,Deaths,2.0,15.0
37197,North Macedonia,2020-08-14,535,Deaths,3.0,16.0
37198,North Macedonia,2020-08-15,539,Deaths,4.0,16.0
37199,North Macedonia,2020-08-16,544,Deaths,5.0,17.0
37200,North Macedonia,2020-08-17,547,Deaths,3.0,19.0
37201,North Macedonia,2020-08-18,549,Deaths,2.0,20.0
37202,North Macedonia,2020-08-19,551,Deaths,2.0,21.0
37203,North Macedonia,2020-08-20,554,Deaths,3.0,22.0
37204,North Macedonia,2020-08-21,557,Deaths,3.0,22.0
37205,North Macedonia,2020-08-22,563,Deaths,6.0,24.0
37206,North Macedonia,2020-08-23,564,Deaths,1.0,20.0
37207,North Macedonia,2020-08-24,568,Deaths,4.0,21.0
37208,North Macedonia,2020-08-25,573,Deaths,5.0,24.0
37209,North Macedonia,2020-08-26,578,Deaths,5.0,27.0
37210,North Macedonia,2020-08-27,585,Deaths,7.0,31.0
37211,North Macedonia,2020-08-28,590,Deaths,5.0,33.0
37212,North Macedonia,2020-08-29,596,Deaths,6.0,33.0
37213,North Macedonia,2020-08-30,600,Deaths,4.0,36.0
37214,North Macedonia,2020-08-31,603,Deaths,3.0,35.0
37215,North Macedonia,2020-09-01,604,Deaths,1.0,31.0
37216,North Macedonia,2020-09-02,606,Deaths,2.0,28.0
37217,North Macedonia,2020-09-03,606,Deaths,0.0,21.0
37218,North Macedonia,2020-09-04,609,Deaths,3.0,19.0
37219,North Macedonia,2020-09-05,614,Deaths,5.0,18.0
37220,North Macedonia,2020-09-06,617,Deaths,3.0,17.0
37221,North Macedonia,2020-09-07,623,Deaths,6.0,20.0
37222,North Macedonia,2020-09-08,631,Deaths,8.0,27.0
37223,North Macedonia,2020-09-09,634,Deaths,3.0,28.0
37224,North Macedonia,2020-09-10,637,Deaths,3.0,31.0
37225,North Macedonia,2020-09-11,642,Deaths,5.0,33.0
37226,North Macedonia,2020-09-12,646,Deaths,4.0,32.0
37227,North Macedonia,2020-09-13,648,Deaths,2.0,31.0
37228,North Macedonia,2020-09-14,652,Deaths,4.0,29.0
37229,North Macedonia,2020-09-15,661,Deaths,9.0,30.0
37230,North Macedonia,2020-09-16,668,Deaths,7.0,34.0
37231,North Macedonia,2020-09-17,675,Deaths,7.0,38.0
37232,North Macedonia,2020-09-18,683,Deaths,8.0,41.0
37233,North Macedonia,2020-09-19,689,Deaths,6.0,43.0
37234,North Macedonia,2020-09-20,693,Deaths,4.0,45.0
37235,North Macedonia,2020-09-21,700,Deaths,7.0,48.0
37236,North Macedonia,2020-09-22,705,Deaths,5.0,44.0
37237,North Macedonia,2020-09-23,710,Deaths,5.0,42.0
37238,North Macedonia,2020-09-24,712,Deaths,2.0,37.0
37239,North Macedonia,2020-09-25,721,Deaths,9.0,38.0
37240,North Macedonia,2020-09-26,722,Deaths,1.0,33.0
37241,North Macedonia,2020-09-27,725,Deaths,3.0,32.0
37242,North Macedonia,2020-09-28,729,Deaths,4.0,29.0
37243,North Macedonia,2020-09-29,737,Deaths,8.0,32.0
37244,North Macedonia,2020-09-30,739,Deaths,2.0,29.0
37245,North Macedonia,2020-10-01,743,Deaths,4.0,31.0
37246,North Macedonia,2020-10-02,749,Deaths,6.0,28.0
37247,North Macedonia,2020-10-03,753,Deaths,4.0,31.0
37248,North Macedonia,2020-10-04,756,Deaths,3.0,31.0
37249,North Macedonia,2020-10-05,760,Deaths,4.0,31.0
37250,North Macedonia,2020-10-06,768,Deaths,8.0,31.0
37251,North Macedonia,2020-10-07,772,Deaths,4.0,33.0
37252,North Macedonia,2020-10-08,775,Deaths,3.0,32.0
37253,North Macedonia,2020-10-09,781,Deaths,6.0,32.0
37254,North Macedonia,2020-10-10,785,Deaths,4.0,32.0
37255,North Macedonia,2020-10-11,792,Deaths,7.0,36.0
37256,North Macedonia,2020-10-12,797,Deaths,5.0,37.0
37257,North Macedonia,2020-10-13,800,Deaths,3.0,32.0
37258,North Macedonia,2020-10-14,809,Deaths,9.0,37.0
37259,North Macedonia,2020-10-15,815,Deaths,6.0,40.0
37260,North Macedonia,2020-10-16,821,Deaths,6.0,40.0
37261,North Macedonia,2020-10-17,824,Deaths,3.0,39.0
37262,North Macedonia,2020-10-18,834,Deaths,10.0,42.0
37263,North Macedonia,2020-10-19,846,Deaths,12.0,49.0
37264,North Macedonia,2020-10-20,850,Deaths,4.0,50.0
37265,North Macedonia,2020-10-21,862,Deaths,12.0,53.0
37266,North Macedonia,2020-10-22,874,Deaths,12.0,59.0
37267,North Macedonia,2020-10-23,883,Deaths,9.0,62.0
37268,North Macedonia,2020-10-24,897,Deaths,14.0,73.0
37269,North Macedonia,2020-10-25,919,Deaths,22.0,85.0
37270,North Macedonia,2020-10-26,934,Deaths,15.0,88.0
37271,North Macedonia,2020-10-27,949,Deaths,15.0,99.0
37272,North Macedonia,2020-10-28,963,Deaths,14.0,101.0
37273,North Macedonia,2020-10-29,977,Deaths,14.0,103.0
37274,North Macedonia,2020-10-30,982,Deaths,5.0,99.0
37275,North Macedonia,2020-10-31,994,Deaths,12.0,97.0
37276,North Macedonia,2020-11-01,1004,Deaths,10.0,85.0
37277,North Macedonia,2020-11-02,1025,Deaths,21.0,91.0
37278,North Macedonia,2020-11-03,1049,Deaths,24.0,100.0
37279,North Macedonia,2020-11-04,1071,Deaths,22.0,108.0
37280,North Macedonia,2020-11-05,1084,Deaths,13.0,107.0
37281,Norway,2020-01-22,0,Deaths,,
37282,Norway,2020-01-23,0,Deaths,0.0,
37283,Norway,2020-01-24,0,Deaths,0.0,
37284,Norway,2020-01-25,0,Deaths,0.0,
37285,Norway,2020-01-26,0,Deaths,0.0,
37286,Norway,2020-01-27,0,Deaths,0.0,
37287,Norway,2020-01-28,0,Deaths,0.0,
37288,Norway,2020-01-29,0,Deaths,0.0,0.0
37289,Norway,2020-01-30,0,Deaths,0.0,0.0
37290,Norway,2020-01-31,0,Deaths,0.0,0.0
37291,Norway,2020-02-01,0,Deaths,0.0,0.0
37292,Norway,2020-02-02,0,Deaths,0.0,0.0
37293,Norway,2020-02-03,0,Deaths,0.0,0.0
37294,Norway,2020-02-04,0,Deaths,0.0,0.0
37295,Norway,2020-02-05,0,Deaths,0.0,0.0
37296,Norway,2020-02-06,0,Deaths,0.0,0.0
37297,Norway,2020-02-07,0,Deaths,0.0,0.0
37298,Norway,2020-02-08,0,Deaths,0.0,0.0
37299,Norway,2020-02-09,0,Deaths,0.0,0.0
37300,Norway,2020-02-10,0,Deaths,0.0,0.0
37301,Norway,2020-02-11,0,Deaths,0.0,0.0
37302,Norway,2020-02-12,0,Deaths,0.0,0.0
37303,Norway,2020-02-13,0,Deaths,0.0,0.0
37304,Norway,2020-02-14,0,Deaths,0.0,0.0
37305,Norway,2020-02-15,0,Deaths,0.0,0.0
37306,Norway,2020-02-16,0,Deaths,0.0,0.0
37307,Norway,2020-02-17,0,Deaths,0.0,0.0
37308,Norway,2020-02-18,0,Deaths,0.0,0.0
37309,Norway,2020-02-19,0,Deaths,0.0,0.0
37310,Norway,2020-02-20,0,Deaths,0.0,0.0
37311,Norway,2020-02-21,0,Deaths,0.0,0.0
37312,Norway,2020-02-22,0,Deaths,0.0,0.0
37313,Norway,2020-02-23,0,Deaths,0.0,0.0
37314,Norway,2020-02-24,0,Deaths,0.0,0.0
37315,Norway,2020-02-25,0,Deaths,0.0,0.0
37316,Norway,2020-02-26,0,Deaths,0.0,0.0
37317,Norway,2020-02-27,0,Deaths,0.0,0.0
37318,Norway,2020-02-28,0,Deaths,0.0,0.0
37319,Norway,2020-02-29,0,Deaths,0.0,0.0
37320,Norway,2020-03-01,0,Deaths,0.0,0.0
37321,Norway,2020-03-02,0,Deaths,0.0,0.0
37322,Norway,2020-03-03,0,Deaths,0.0,0.0
37323,Norway,2020-03-04,0,Deaths,0.0,0.0
37324,Norway,2020-03-05,0,Deaths,0.0,0.0
37325,Norway,2020-03-06,0,Deaths,0.0,0.0
37326,Norway,2020-03-07,0,Deaths,0.0,0.0
37327,Norway,2020-03-08,0,Deaths,0.0,0.0
37328,Norway,2020-03-09,0,Deaths,0.0,0.0
37329,Norway,2020-03-10,0,Deaths,0.0,0.0
37330,Norway,2020-03-11,0,Deaths,0.0,0.0
37331,Norway,2020-03-12,0,Deaths,0.0,0.0
37332,Norway,2020-03-13,0,Deaths,0.0,0.0
37333,Norway,2020-03-14,3,Deaths,3.0,3.0
37334,Norway,2020-03-15,3,Deaths,0.0,3.0
37335,Norway,2020-03-16,3,Deaths,0.0,3.0
37336,Norway,2020-03-17,3,Deaths,0.0,3.0
37337,Norway,2020-03-18,6,Deaths,3.0,6.0
37338,Norway,2020-03-19,7,Deaths,1.0,7.0
37339,Norway,2020-03-20,7,Deaths,0.0,7.0
37340,Norway,2020-03-21,7,Deaths,0.0,4.0
37341,Norway,2020-03-22,7,Deaths,0.0,4.0
37342,Norway,2020-03-23,10,Deaths,3.0,7.0
37343,Norway,2020-03-24,12,Deaths,2.0,9.0
37344,Norway,2020-03-25,14,Deaths,2.0,8.0
37345,Norway,2020-03-26,14,Deaths,0.0,7.0
37346,Norway,2020-03-27,19,Deaths,5.0,12.0
37347,Norway,2020-03-28,23,Deaths,4.0,16.0
37348,Norway,2020-03-29,25,Deaths,2.0,18.0
37349,Norway,2020-03-30,32,Deaths,7.0,22.0
37350,Norway,2020-03-31,39,Deaths,7.0,27.0
37351,Norway,2020-04-01,44,Deaths,5.0,30.0
37352,Norway,2020-04-02,50,Deaths,6.0,36.0
37353,Norway,2020-04-03,59,Deaths,9.0,40.0
37354,Norway,2020-04-04,62,Deaths,3.0,39.0
37355,Norway,2020-04-05,71,Deaths,9.0,46.0
37356,Norway,2020-04-06,76,Deaths,5.0,44.0
37357,Norway,2020-04-07,89,Deaths,13.0,50.0
37358,Norway,2020-04-08,101,Deaths,12.0,57.0
37359,Norway,2020-04-09,108,Deaths,7.0,58.0
37360,Norway,2020-04-10,113,Deaths,5.0,54.0
37361,Norway,2020-04-11,119,Deaths,6.0,57.0
37362,Norway,2020-04-12,128,Deaths,9.0,57.0
37363,Norway,2020-04-13,134,Deaths,6.0,58.0
37364,Norway,2020-04-14,139,Deaths,5.0,50.0
37365,Norway,2020-04-15,150,Deaths,11.0,49.0
37366,Norway,2020-04-16,152,Deaths,2.0,44.0
37367,Norway,2020-04-17,161,Deaths,9.0,48.0
37368,Norway,2020-04-18,164,Deaths,3.0,45.0
37369,Norway,2020-04-19,165,Deaths,1.0,37.0
37370,Norway,2020-04-20,181,Deaths,16.0,47.0
37371,Norway,2020-04-21,182,Deaths,1.0,43.0
37372,Norway,2020-04-22,187,Deaths,5.0,37.0
37373,Norway,2020-04-23,194,Deaths,7.0,42.0
37374,Norway,2020-04-24,199,Deaths,5.0,38.0
37375,Norway,2020-04-25,201,Deaths,2.0,37.0
37376,Norway,2020-04-26,201,Deaths,0.0,36.0
37377,Norway,2020-04-27,205,Deaths,4.0,24.0
37378,Norway,2020-04-28,206,Deaths,1.0,24.0
37379,Norway,2020-04-29,207,Deaths,1.0,20.0
37380,Norway,2020-04-30,210,Deaths,3.0,16.0
37381,Norway,2020-05-01,210,Deaths,0.0,11.0
37382,Norway,2020-05-02,211,Deaths,1.0,10.0
37383,Norway,2020-05-03,211,Deaths,0.0,10.0
37384,Norway,2020-05-04,214,Deaths,3.0,9.0
37385,Norway,2020-05-05,215,Deaths,1.0,9.0
37386,Norway,2020-05-06,216,Deaths,1.0,9.0
37387,Norway,2020-05-07,217,Deaths,1.0,7.0
37388,Norway,2020-05-08,218,Deaths,1.0,8.0
37389,Norway,2020-05-09,219,Deaths,1.0,8.0
37390,Norway,2020-05-10,219,Deaths,0.0,8.0
37391,Norway,2020-05-11,224,Deaths,5.0,10.0
37392,Norway,2020-05-12,228,Deaths,4.0,13.0
37393,Norway,2020-05-13,229,Deaths,1.0,13.0
37394,Norway,2020-05-14,232,Deaths,3.0,15.0
37395,Norway,2020-05-15,232,Deaths,0.0,14.0
37396,Norway,2020-05-16,232,Deaths,0.0,13.0
37397,Norway,2020-05-17,232,Deaths,0.0,13.0
37398,Norway,2020-05-18,233,Deaths,1.0,9.0
37399,Norway,2020-05-19,233,Deaths,0.0,5.0
37400,Norway,2020-05-20,234,Deaths,1.0,5.0
37401,Norway,2020-05-21,235,Deaths,1.0,3.0
37402,Norway,2020-05-22,235,Deaths,0.0,3.0
37403,Norway,2020-05-23,235,Deaths,0.0,3.0
37404,Norway,2020-05-24,235,Deaths,0.0,3.0
37405,Norway,2020-05-25,235,Deaths,0.0,2.0
37406,Norway,2020-05-26,235,Deaths,0.0,2.0
37407,Norway,2020-05-27,235,Deaths,0.0,1.0
37408,Norway,2020-05-28,236,Deaths,1.0,1.0
37409,Norway,2020-05-29,236,Deaths,0.0,1.0
37410,Norway,2020-05-30,236,Deaths,0.0,1.0
37411,Norway,2020-05-31,236,Deaths,0.0,1.0
37412,Norway,2020-06-01,236,Deaths,0.0,1.0
37413,Norway,2020-06-02,237,Deaths,1.0,2.0
37414,Norway,2020-06-03,237,Deaths,0.0,2.0
37415,Norway,2020-06-04,238,Deaths,1.0,2.0
37416,Norway,2020-06-05,238,Deaths,0.0,2.0
37417,Norway,2020-06-06,238,Deaths,0.0,2.0
37418,Norway,2020-06-07,238,Deaths,0.0,2.0
37419,Norway,2020-06-08,239,Deaths,1.0,3.0
37420,Norway,2020-06-09,239,Deaths,0.0,2.0
37421,Norway,2020-06-10,239,Deaths,0.0,2.0
37422,Norway,2020-06-11,242,Deaths,3.0,4.0
37423,Norway,2020-06-12,242,Deaths,0.0,4.0
37424,Norway,2020-06-13,242,Deaths,0.0,4.0
37425,Norway,2020-06-14,242,Deaths,0.0,4.0
37426,Norway,2020-06-15,242,Deaths,0.0,3.0
37427,Norway,2020-06-16,242,Deaths,0.0,3.0
37428,Norway,2020-06-17,243,Deaths,1.0,4.0
37429,Norway,2020-06-18,244,Deaths,1.0,2.0
37430,Norway,2020-06-19,244,Deaths,0.0,2.0
37431,Norway,2020-06-20,244,Deaths,0.0,2.0
37432,Norway,2020-06-21,244,Deaths,0.0,2.0
37433,Norway,2020-06-22,248,Deaths,4.0,6.0
37434,Norway,2020-06-23,248,Deaths,0.0,6.0
37435,Norway,2020-06-24,249,Deaths,1.0,6.0
37436,Norway,2020-06-25,249,Deaths,0.0,5.0
37437,Norway,2020-06-26,249,Deaths,0.0,5.0
37438,Norway,2020-06-27,249,Deaths,0.0,5.0
37439,Norway,2020-06-28,249,Deaths,0.0,5.0
37440,Norway,2020-06-29,249,Deaths,0.0,1.0
37441,Norway,2020-06-30,250,Deaths,1.0,2.0
37442,Norway,2020-07-01,251,Deaths,1.0,2.0
37443,Norway,2020-07-02,251,Deaths,0.0,2.0
37444,Norway,2020-07-03,251,Deaths,0.0,2.0
37445,Norway,2020-07-04,251,Deaths,0.0,2.0
37446,Norway,2020-07-05,251,Deaths,0.0,2.0
37447,Norway,2020-07-06,251,Deaths,0.0,2.0
37448,Norway,2020-07-07,251,Deaths,0.0,1.0
37449,Norway,2020-07-08,251,Deaths,0.0,0.0
37450,Norway,2020-07-09,252,Deaths,1.0,1.0
37451,Norway,2020-07-10,252,Deaths,0.0,1.0
37452,Norway,2020-07-11,252,Deaths,0.0,1.0
37453,Norway,2020-07-12,252,Deaths,0.0,1.0
37454,Norway,2020-07-13,253,Deaths,1.0,2.0
37455,Norway,2020-07-14,253,Deaths,0.0,2.0
37456,Norway,2020-07-15,253,Deaths,0.0,2.0
37457,Norway,2020-07-16,254,Deaths,1.0,2.0
37458,Norway,2020-07-17,255,Deaths,1.0,3.0
37459,Norway,2020-07-18,255,Deaths,0.0,3.0
37460,Norway,2020-07-19,255,Deaths,0.0,3.0
37461,Norway,2020-07-20,255,Deaths,0.0,2.0
37462,Norway,2020-07-21,255,Deaths,0.0,2.0
37463,Norway,2020-07-22,255,Deaths,0.0,2.0
37464,Norway,2020-07-23,255,Deaths,0.0,1.0
37465,Norway,2020-07-24,255,Deaths,0.0,0.0
37466,Norway,2020-07-25,255,Deaths,0.0,0.0
37467,Norway,2020-07-26,255,Deaths,0.0,0.0
37468,Norway,2020-07-27,255,Deaths,0.0,0.0
37469,Norway,2020-07-28,255,Deaths,0.0,0.0
37470,Norway,2020-07-29,255,Deaths,0.0,0.0
37471,Norway,2020-07-30,255,Deaths,0.0,0.0
37472,Norway,2020-07-31,255,Deaths,0.0,0.0
37473,Norway,2020-08-01,255,Deaths,0.0,0.0
37474,Norway,2020-08-02,255,Deaths,0.0,0.0
37475,Norway,2020-08-03,256,Deaths,1.0,1.0
37476,Norway,2020-08-04,256,Deaths,0.0,1.0
37477,Norway,2020-08-05,256,Deaths,0.0,1.0
37478,Norway,2020-08-06,256,Deaths,0.0,1.0
37479,Norway,2020-08-07,256,Deaths,0.0,1.0
37480,Norway,2020-08-08,256,Deaths,0.0,1.0
37481,Norway,2020-08-09,256,Deaths,0.0,1.0
37482,Norway,2020-08-10,256,Deaths,0.0,0.0
37483,Norway,2020-08-11,256,Deaths,0.0,0.0
37484,Norway,2020-08-12,256,Deaths,0.0,0.0
37485,Norway,2020-08-13,257,Deaths,1.0,1.0
37486,Norway,2020-08-14,261,Deaths,4.0,5.0
37487,Norway,2020-08-15,261,Deaths,0.0,5.0
37488,Norway,2020-08-16,261,Deaths,0.0,5.0
37489,Norway,2020-08-17,261,Deaths,0.0,5.0
37490,Norway,2020-08-18,262,Deaths,1.0,6.0
37491,Norway,2020-08-19,262,Deaths,0.0,6.0
37492,Norway,2020-08-20,264,Deaths,2.0,7.0
37493,Norway,2020-08-21,264,Deaths,0.0,3.0
37494,Norway,2020-08-22,264,Deaths,0.0,3.0
37495,Norway,2020-08-23,264,Deaths,0.0,3.0
37496,Norway,2020-08-24,264,Deaths,0.0,3.0
37497,Norway,2020-08-25,264,Deaths,0.0,2.0
37498,Norway,2020-08-26,264,Deaths,0.0,2.0
37499,Norway,2020-08-27,264,Deaths,0.0,0.0
37500,Norway,2020-08-28,264,Deaths,0.0,0.0
37501,Norway,2020-08-29,264,Deaths,0.0,0.0
37502,Norway,2020-08-30,264,Deaths,0.0,0.0
37503,Norway,2020-08-31,264,Deaths,0.0,0.0
37504,Norway,2020-09-01,264,Deaths,0.0,0.0
37505,Norway,2020-09-02,264,Deaths,0.0,0.0
37506,Norway,2020-09-03,264,Deaths,0.0,0.0
37507,Norway,2020-09-04,264,Deaths,0.0,0.0
37508,Norway,2020-09-05,264,Deaths,0.0,0.0
37509,Norway,2020-09-06,264,Deaths,0.0,0.0
37510,Norway,2020-09-07,264,Deaths,0.0,0.0
37511,Norway,2020-09-08,264,Deaths,0.0,0.0
37512,Norway,2020-09-09,264,Deaths,0.0,0.0
37513,Norway,2020-09-10,265,Deaths,1.0,1.0
37514,Norway,2020-09-11,265,Deaths,0.0,1.0
37515,Norway,2020-09-12,265,Deaths,0.0,1.0
37516,Norway,2020-09-13,265,Deaths,0.0,1.0
37517,Norway,2020-09-14,265,Deaths,0.0,1.0
37518,Norway,2020-09-15,265,Deaths,0.0,1.0
37519,Norway,2020-09-16,265,Deaths,0.0,1.0
37520,Norway,2020-09-17,266,Deaths,1.0,1.0
37521,Norway,2020-09-18,267,Deaths,1.0,2.0
37522,Norway,2020-09-19,267,Deaths,0.0,2.0
37523,Norway,2020-09-20,267,Deaths,0.0,2.0
37524,Norway,2020-09-21,267,Deaths,0.0,2.0
37525,Norway,2020-09-22,267,Deaths,0.0,2.0
37526,Norway,2020-09-23,267,Deaths,0.0,2.0
37527,Norway,2020-09-24,270,Deaths,3.0,4.0
37528,Norway,2020-09-25,270,Deaths,0.0,3.0
37529,Norway,2020-09-26,270,Deaths,0.0,3.0
37530,Norway,2020-09-27,270,Deaths,0.0,3.0
37531,Norway,2020-09-28,274,Deaths,4.0,7.0
37532,Norway,2020-09-29,274,Deaths,0.0,7.0
37533,Norway,2020-09-30,274,Deaths,0.0,7.0
37534,Norway,2020-10-01,274,Deaths,0.0,4.0
37535,Norway,2020-10-02,275,Deaths,1.0,5.0
37536,Norway,2020-10-03,275,Deaths,0.0,5.0
37537,Norway,2020-10-04,275,Deaths,0.0,5.0
37538,Norway,2020-10-05,275,Deaths,0.0,1.0
37539,Norway,2020-10-06,275,Deaths,0.0,1.0
37540,Norway,2020-10-07,275,Deaths,0.0,1.0
37541,Norway,2020-10-08,275,Deaths,0.0,1.0
37542,Norway,2020-10-09,275,Deaths,0.0,0.0
37543,Norway,2020-10-10,275,Deaths,0.0,0.0
37544,Norway,2020-10-11,275,Deaths,0.0,0.0
37545,Norway,2020-10-12,276,Deaths,1.0,1.0
37546,Norway,2020-10-13,277,Deaths,1.0,2.0
37547,Norway,2020-10-14,277,Deaths,0.0,2.0
37548,Norway,2020-10-15,278,Deaths,1.0,3.0
37549,Norway,2020-10-16,278,Deaths,0.0,3.0
37550,Norway,2020-10-17,278,Deaths,0.0,3.0
37551,Norway,2020-10-18,278,Deaths,0.0,3.0
37552,Norway,2020-10-19,278,Deaths,0.0,2.0
37553,Norway,2020-10-20,278,Deaths,0.0,1.0
37554,Norway,2020-10-21,279,Deaths,1.0,2.0
37555,Norway,2020-10-22,279,Deaths,0.0,1.0
37556,Norway,2020-10-23,279,Deaths,0.0,1.0
37557,Norway,2020-10-24,279,Deaths,0.0,1.0
37558,Norway,2020-10-25,279,Deaths,0.0,1.0
37559,Norway,2020-10-26,279,Deaths,0.0,1.0
37560,Norway,2020-10-27,280,Deaths,1.0,2.0
37561,Norway,2020-10-28,280,Deaths,0.0,1.0
37562,Norway,2020-10-29,281,Deaths,1.0,2.0
37563,Norway,2020-10-30,282,Deaths,1.0,3.0
37564,Norway,2020-10-31,282,Deaths,0.0,3.0
37565,Norway,2020-11-01,282,Deaths,0.0,3.0
37566,Norway,2020-11-02,282,Deaths,0.0,3.0
37567,Norway,2020-11-03,282,Deaths,0.0,2.0
37568,Norway,2020-11-04,282,Deaths,0.0,2.0
37569,Norway,2020-11-05,284,Deaths,2.0,3.0
37570,Oman,2020-01-22,0,Deaths,,
37571,Oman,2020-01-23,0,Deaths,0.0,
37572,Oman,2020-01-24,0,Deaths,0.0,
37573,Oman,2020-01-25,0,Deaths,0.0,
37574,Oman,2020-01-26,0,Deaths,0.0,
37575,Oman,2020-01-27,0,Deaths,0.0,
37576,Oman,2020-01-28,0,Deaths,0.0,
37577,Oman,2020-01-29,0,Deaths,0.0,0.0
37578,Oman,2020-01-30,0,Deaths,0.0,0.0
37579,Oman,2020-01-31,0,Deaths,0.0,0.0
37580,Oman,2020-02-01,0,Deaths,0.0,0.0
37581,Oman,2020-02-02,0,Deaths,0.0,0.0
37582,Oman,2020-02-03,0,Deaths,0.0,0.0
37583,Oman,2020-02-04,0,Deaths,0.0,0.0
37584,Oman,2020-02-05,0,Deaths,0.0,0.0
37585,Oman,2020-02-06,0,Deaths,0.0,0.0
37586,Oman,2020-02-07,0,Deaths,0.0,0.0
37587,Oman,2020-02-08,0,Deaths,0.0,0.0
37588,Oman,2020-02-09,0,Deaths,0.0,0.0
37589,Oman,2020-02-10,0,Deaths,0.0,0.0
37590,Oman,2020-02-11,0,Deaths,0.0,0.0
37591,Oman,2020-02-12,0,Deaths,0.0,0.0
37592,Oman,2020-02-13,0,Deaths,0.0,0.0
37593,Oman,2020-02-14,0,Deaths,0.0,0.0
37594,Oman,2020-02-15,0,Deaths,0.0,0.0
37595,Oman,2020-02-16,0,Deaths,0.0,0.0
37596,Oman,2020-02-17,0,Deaths,0.0,0.0
37597,Oman,2020-02-18,0,Deaths,0.0,0.0
37598,Oman,2020-02-19,0,Deaths,0.0,0.0
37599,Oman,2020-02-20,0,Deaths,0.0,0.0
37600,Oman,2020-02-21,0,Deaths,0.0,0.0
37601,Oman,2020-02-22,0,Deaths,0.0,0.0
37602,Oman,2020-02-23,0,Deaths,0.0,0.0
37603,Oman,2020-02-24,0,Deaths,0.0,0.0
37604,Oman,2020-02-25,0,Deaths,0.0,0.0
37605,Oman,2020-02-26,0,Deaths,0.0,0.0
37606,Oman,2020-02-27,0,Deaths,0.0,0.0
37607,Oman,2020-02-28,0,Deaths,0.0,0.0
37608,Oman,2020-02-29,0,Deaths,0.0,0.0
37609,Oman,2020-03-01,0,Deaths,0.0,0.0
37610,Oman,2020-03-02,0,Deaths,0.0,0.0
37611,Oman,2020-03-03,0,Deaths,0.0,0.0
37612,Oman,2020-03-04,0,Deaths,0.0,0.0
37613,Oman,2020-03-05,0,Deaths,0.0,0.0
37614,Oman,2020-03-06,0,Deaths,0.0,0.0
37615,Oman,2020-03-07,0,Deaths,0.0,0.0
37616,Oman,2020-03-08,0,Deaths,0.0,0.0
37617,Oman,2020-03-09,0,Deaths,0.0,0.0
37618,Oman,2020-03-10,0,Deaths,0.0,0.0
37619,Oman,2020-03-11,0,Deaths,0.0,0.0
37620,Oman,2020-03-12,0,Deaths,0.0,0.0
37621,Oman,2020-03-13,0,Deaths,0.0,0.0
37622,Oman,2020-03-14,0,Deaths,0.0,0.0
37623,Oman,2020-03-15,0,Deaths,0.0,0.0
37624,Oman,2020-03-16,0,Deaths,0.0,0.0
37625,Oman,2020-03-17,0,Deaths,0.0,0.0
37626,Oman,2020-03-18,0,Deaths,0.0,0.0
37627,Oman,2020-03-19,0,Deaths,0.0,0.0
37628,Oman,2020-03-20,0,Deaths,0.0,0.0
37629,Oman,2020-03-21,0,Deaths,0.0,0.0
37630,Oman,2020-03-22,0,Deaths,0.0,0.0
37631,Oman,2020-03-23,0,Deaths,0.0,0.0
37632,Oman,2020-03-24,0,Deaths,0.0,0.0
37633,Oman,2020-03-25,0,Deaths,0.0,0.0
37634,Oman,2020-03-26,0,Deaths,0.0,0.0
37635,Oman,2020-03-27,0,Deaths,0.0,0.0
37636,Oman,2020-03-28,0,Deaths,0.0,0.0
37637,Oman,2020-03-29,0,Deaths,0.0,0.0
37638,Oman,2020-03-30,0,Deaths,0.0,0.0
37639,Oman,2020-03-31,1,Deaths,1.0,1.0
37640,Oman,2020-04-01,1,Deaths,0.0,1.0
37641,Oman,2020-04-02,1,Deaths,0.0,1.0
37642,Oman,2020-04-03,1,Deaths,0.0,1.0
37643,Oman,2020-04-04,2,Deaths,1.0,2.0
37644,Oman,2020-04-05,2,Deaths,0.0,2.0
37645,Oman,2020-04-06,2,Deaths,0.0,2.0
37646,Oman,2020-04-07,2,Deaths,0.0,1.0
37647,Oman,2020-04-08,2,Deaths,0.0,1.0
37648,Oman,2020-04-09,3,Deaths,1.0,2.0
37649,Oman,2020-04-10,3,Deaths,0.0,2.0
37650,Oman,2020-04-11,3,Deaths,0.0,1.0
37651,Oman,2020-04-12,4,Deaths,1.0,2.0
37652,Oman,2020-04-13,4,Deaths,0.0,2.0
37653,Oman,2020-04-14,4,Deaths,0.0,2.0
37654,Oman,2020-04-15,4,Deaths,0.0,2.0
37655,Oman,2020-04-16,4,Deaths,0.0,1.0
37656,Oman,2020-04-17,6,Deaths,2.0,3.0
37657,Oman,2020-04-18,6,Deaths,0.0,3.0
37658,Oman,2020-04-19,7,Deaths,1.0,3.0
37659,Oman,2020-04-20,7,Deaths,0.0,3.0
37660,Oman,2020-04-21,8,Deaths,1.0,4.0
37661,Oman,2020-04-22,8,Deaths,0.0,4.0
37662,Oman,2020-04-23,9,Deaths,1.0,5.0
37663,Oman,2020-04-24,10,Deaths,1.0,4.0
37664,Oman,2020-04-25,10,Deaths,0.0,4.0
37665,Oman,2020-04-26,10,Deaths,0.0,3.0
37666,Oman,2020-04-27,10,Deaths,0.0,3.0
37667,Oman,2020-04-28,10,Deaths,0.0,2.0
37668,Oman,2020-04-29,10,Deaths,0.0,2.0
37669,Oman,2020-04-30,11,Deaths,1.0,2.0
37670,Oman,2020-05-01,11,Deaths,0.0,1.0
37671,Oman,2020-05-02,12,Deaths,1.0,2.0
37672,Oman,2020-05-03,12,Deaths,0.0,2.0
37673,Oman,2020-05-04,12,Deaths,0.0,2.0
37674,Oman,2020-05-05,13,Deaths,1.0,3.0
37675,Oman,2020-05-06,13,Deaths,0.0,3.0
37676,Oman,2020-05-07,15,Deaths,2.0,4.0
37677,Oman,2020-05-08,16,Deaths,1.0,5.0
37678,Oman,2020-05-09,17,Deaths,1.0,5.0
37679,Oman,2020-05-10,17,Deaths,0.0,5.0
37680,Oman,2020-05-11,17,Deaths,0.0,5.0
37681,Oman,2020-05-12,17,Deaths,0.0,4.0
37682,Oman,2020-05-13,17,Deaths,0.0,4.0
37683,Oman,2020-05-14,18,Deaths,1.0,3.0
37684,Oman,2020-05-15,20,Deaths,2.0,4.0
37685,Oman,2020-05-16,21,Deaths,1.0,4.0
37686,Oman,2020-05-17,22,Deaths,1.0,5.0
37687,Oman,2020-05-18,25,Deaths,3.0,8.0
37688,Oman,2020-05-19,27,Deaths,2.0,10.0
37689,Oman,2020-05-20,30,Deaths,3.0,13.0
37690,Oman,2020-05-21,31,Deaths,1.0,13.0
37691,Oman,2020-05-22,34,Deaths,3.0,14.0
37692,Oman,2020-05-23,36,Deaths,2.0,15.0
37693,Oman,2020-05-24,37,Deaths,1.0,15.0
37694,Oman,2020-05-25,37,Deaths,0.0,12.0
37695,Oman,2020-05-26,37,Deaths,0.0,10.0
37696,Oman,2020-05-27,39,Deaths,2.0,9.0
37697,Oman,2020-05-28,40,Deaths,1.0,9.0
37698,Oman,2020-05-29,40,Deaths,0.0,6.0
37699,Oman,2020-05-30,42,Deaths,2.0,6.0
37700,Oman,2020-05-31,49,Deaths,7.0,12.0
37701,Oman,2020-06-01,50,Deaths,1.0,13.0
37702,Oman,2020-06-02,59,Deaths,9.0,22.0
37703,Oman,2020-06-03,67,Deaths,8.0,28.0
37704,Oman,2020-06-04,67,Deaths,0.0,27.0
37705,Oman,2020-06-05,72,Deaths,5.0,32.0
37706,Oman,2020-06-06,72,Deaths,0.0,30.0
37707,Oman,2020-06-07,75,Deaths,3.0,26.0
37708,Oman,2020-06-08,81,Deaths,6.0,31.0
37709,Oman,2020-06-09,83,Deaths,2.0,24.0
37710,Oman,2020-06-10,84,Deaths,1.0,17.0
37711,Oman,2020-06-11,89,Deaths,5.0,22.0
37712,Oman,2020-06-12,96,Deaths,7.0,24.0
37713,Oman,2020-06-13,99,Deaths,3.0,27.0
37714,Oman,2020-06-14,104,Deaths,5.0,29.0
37715,Oman,2020-06-15,108,Deaths,4.0,27.0
37716,Oman,2020-06-16,114,Deaths,6.0,31.0
37717,Oman,2020-06-17,116,Deaths,2.0,32.0
37718,Oman,2020-06-18,119,Deaths,3.0,30.0
37719,Oman,2020-06-19,125,Deaths,6.0,29.0
37720,Oman,2020-06-20,128,Deaths,3.0,29.0
37721,Oman,2020-06-21,131,Deaths,3.0,27.0
37722,Oman,2020-06-22,137,Deaths,6.0,29.0
37723,Oman,2020-06-23,140,Deaths,3.0,26.0
37724,Oman,2020-06-24,142,Deaths,2.0,26.0
37725,Oman,2020-06-25,144,Deaths,2.0,25.0
37726,Oman,2020-06-26,153,Deaths,9.0,28.0
37727,Oman,2020-06-27,159,Deaths,6.0,31.0
37728,Oman,2020-06-28,163,Deaths,4.0,32.0
37729,Oman,2020-06-29,169,Deaths,6.0,32.0
37730,Oman,2020-06-30,176,Deaths,7.0,36.0
37731,Oman,2020-07-01,185,Deaths,9.0,43.0
37732,Oman,2020-07-02,188,Deaths,3.0,44.0
37733,Oman,2020-07-03,193,Deaths,5.0,40.0
37734,Oman,2020-07-04,203,Deaths,10.0,44.0
37735,Oman,2020-07-05,213,Deaths,10.0,50.0
37736,Oman,2020-07-06,218,Deaths,5.0,49.0
37737,Oman,2020-07-07,224,Deaths,6.0,48.0
37738,Oman,2020-07-08,233,Deaths,9.0,48.0
37739,Oman,2020-07-09,236,Deaths,3.0,48.0
37740,Oman,2020-07-10,244,Deaths,8.0,51.0
37741,Oman,2020-07-11,248,Deaths,4.0,45.0
37742,Oman,2020-07-12,257,Deaths,9.0,44.0
37743,Oman,2020-07-13,259,Deaths,2.0,41.0
37744,Oman,2020-07-14,273,Deaths,14.0,49.0
37745,Oman,2020-07-15,281,Deaths,8.0,48.0
37746,Oman,2020-07-16,290,Deaths,9.0,54.0
37747,Oman,2020-07-17,298,Deaths,8.0,54.0
37748,Oman,2020-07-18,308,Deaths,10.0,60.0
37749,Oman,2020-07-19,318,Deaths,10.0,61.0
37750,Oman,2020-07-20,326,Deaths,8.0,67.0
37751,Oman,2020-07-21,337,Deaths,11.0,64.0
37752,Oman,2020-07-22,349,Deaths,12.0,68.0
37753,Oman,2020-07-23,355,Deaths,6.0,65.0
37754,Oman,2020-07-24,359,Deaths,4.0,61.0
37755,Oman,2020-07-25,371,Deaths,12.0,63.0
37756,Oman,2020-07-26,384,Deaths,13.0,66.0
37757,Oman,2020-07-27,393,Deaths,9.0,67.0
37758,Oman,2020-07-28,402,Deaths,9.0,65.0
37759,Oman,2020-07-29,412,Deaths,10.0,63.0
37760,Oman,2020-07-30,421,Deaths,9.0,66.0
37761,Oman,2020-07-31,421,Deaths,0.0,62.0
37762,Oman,2020-08-01,421,Deaths,0.0,50.0
37763,Oman,2020-08-02,421,Deaths,0.0,37.0
37764,Oman,2020-08-03,421,Deaths,0.0,28.0
37765,Oman,2020-08-04,421,Deaths,0.0,19.0
37766,Oman,2020-08-05,488,Deaths,67.0,76.0
37767,Oman,2020-08-06,492,Deaths,4.0,71.0
37768,Oman,2020-08-07,502,Deaths,10.0,81.0
37769,Oman,2020-08-08,509,Deaths,7.0,88.0
37770,Oman,2020-08-09,513,Deaths,4.0,92.0
37771,Oman,2020-08-10,521,Deaths,8.0,100.0
37772,Oman,2020-08-11,533,Deaths,12.0,112.0
37773,Oman,2020-08-12,539,Deaths,6.0,51.0
37774,Oman,2020-08-13,551,Deaths,12.0,59.0
37775,Oman,2020-08-14,557,Deaths,6.0,55.0
37776,Oman,2020-08-15,562,Deaths,5.0,53.0
37777,Oman,2020-08-16,572,Deaths,10.0,59.0
37778,Oman,2020-08-17,588,Deaths,16.0,67.0
37779,Oman,2020-08-18,597,Deaths,9.0,64.0
37780,Oman,2020-08-19,603,Deaths,6.0,64.0
37781,Oman,2020-08-20,609,Deaths,6.0,58.0
37782,Oman,2020-08-21,609,Deaths,0.0,52.0
37783,Oman,2020-08-22,609,Deaths,0.0,47.0
37784,Oman,2020-08-23,609,Deaths,0.0,37.0
37785,Oman,2020-08-24,637,Deaths,28.0,49.0
37786,Oman,2020-08-25,642,Deaths,5.0,45.0
37787,Oman,2020-08-26,646,Deaths,4.0,43.0
37788,Oman,2020-08-27,650,Deaths,4.0,41.0
37789,Oman,2020-08-28,650,Deaths,0.0,41.0
37790,Oman,2020-08-29,650,Deaths,0.0,41.0
37791,Oman,2020-08-30,677,Deaths,27.0,68.0
37792,Oman,2020-08-31,685,Deaths,8.0,48.0
37793,Oman,2020-09-01,689,Deaths,4.0,47.0
37794,Oman,2020-09-02,689,Deaths,0.0,43.0
37795,Oman,2020-09-03,705,Deaths,16.0,55.0
37796,Oman,2020-09-04,705,Deaths,0.0,55.0
37797,Oman,2020-09-05,705,Deaths,0.0,55.0
37798,Oman,2020-09-06,728,Deaths,23.0,51.0
37799,Oman,2020-09-07,734,Deaths,6.0,49.0
37800,Oman,2020-09-08,742,Deaths,8.0,53.0
37801,Oman,2020-09-09,751,Deaths,9.0,62.0
37802,Oman,2020-09-10,762,Deaths,11.0,57.0
37803,Oman,2020-09-11,762,Deaths,0.0,57.0
37804,Oman,2020-09-12,762,Deaths,0.0,57.0
37805,Oman,2020-09-13,780,Deaths,18.0,52.0
37806,Oman,2020-09-14,790,Deaths,10.0,56.0
37807,Oman,2020-09-15,797,Deaths,7.0,55.0
37808,Oman,2020-09-16,805,Deaths,8.0,54.0
37809,Oman,2020-09-17,818,Deaths,13.0,56.0
37810,Oman,2020-09-18,818,Deaths,0.0,56.0
37811,Oman,2020-09-19,818,Deaths,0.0,56.0
37812,Oman,2020-09-20,846,Deaths,28.0,66.0
37813,Oman,2020-09-21,853,Deaths,7.0,63.0
37814,Oman,2020-09-22,865,Deaths,12.0,68.0
37815,Oman,2020-09-23,875,Deaths,10.0,70.0
37816,Oman,2020-09-24,885,Deaths,10.0,67.0
37817,Oman,2020-09-25,885,Deaths,0.0,67.0
37818,Oman,2020-09-26,885,Deaths,0.0,67.0
37819,Oman,2020-09-27,909,Deaths,24.0,63.0
37820,Oman,2020-09-28,924,Deaths,15.0,71.0
37821,Oman,2020-09-29,935,Deaths,11.0,70.0
37822,Oman,2020-09-30,935,Deaths,0.0,60.0
37823,Oman,2020-10-01,935,Deaths,0.0,50.0
37824,Oman,2020-10-02,935,Deaths,0.0,50.0
37825,Oman,2020-10-03,935,Deaths,0.0,50.0
37826,Oman,2020-10-04,977,Deaths,42.0,68.0
37827,Oman,2020-10-05,985,Deaths,8.0,61.0
37828,Oman,2020-10-06,990,Deaths,5.0,55.0
37829,Oman,2020-10-07,1000,Deaths,10.0,65.0
37830,Oman,2020-10-08,1009,Deaths,9.0,74.0
37831,Oman,2020-10-09,1009,Deaths,0.0,74.0
37832,Oman,2020-10-10,1009,Deaths,0.0,74.0
37833,Oman,2020-10-11,1038,Deaths,29.0,61.0
37834,Oman,2020-10-12,1046,Deaths,8.0,61.0
37835,Oman,2020-10-13,1053,Deaths,7.0,63.0
37836,Oman,2020-10-14,1061,Deaths,8.0,61.0
37837,Oman,2020-10-15,1071,Deaths,10.0,62.0
37838,Oman,2020-10-16,1071,Deaths,0.0,62.0
37839,Oman,2020-10-17,1071,Deaths,0.0,62.0
37840,Oman,2020-10-18,1101,Deaths,30.0,63.0
37841,Oman,2020-10-19,1114,Deaths,13.0,68.0
37842,Oman,2020-10-20,1122,Deaths,8.0,69.0
37843,Oman,2020-10-21,1137,Deaths,15.0,76.0
37844,Oman,2020-10-22,1147,Deaths,10.0,76.0
37845,Oman,2020-10-23,1147,Deaths,0.0,76.0
37846,Oman,2020-10-24,1147,Deaths,0.0,76.0
37847,Oman,2020-10-25,1174,Deaths,27.0,73.0
37848,Oman,2020-10-26,1190,Deaths,16.0,76.0
37849,Oman,2020-10-27,1203,Deaths,13.0,81.0
37850,Oman,2020-10-28,1208,Deaths,5.0,71.0
37851,Oman,2020-10-29,1208,Deaths,0.0,61.0
37852,Oman,2020-10-30,1208,Deaths,0.0,61.0
37853,Oman,2020-10-31,1208,Deaths,0.0,61.0
37854,Oman,2020-11-01,1246,Deaths,38.0,72.0
37855,Oman,2020-11-02,1256,Deaths,10.0,66.0
37856,Oman,2020-11-03,1264,Deaths,8.0,61.0
37857,Oman,2020-11-04,1275,Deaths,11.0,67.0
37858,Oman,2020-11-05,1286,Deaths,11.0,78.0
37859,Pakistan,2020-01-22,0,Deaths,,
37860,Pakistan,2020-01-23,0,Deaths,0.0,
37861,Pakistan,2020-01-24,0,Deaths,0.0,
37862,Pakistan,2020-01-25,0,Deaths,0.0,
37863,Pakistan,2020-01-26,0,Deaths,0.0,
37864,Pakistan,2020-01-27,0,Deaths,0.0,
37865,Pakistan,2020-01-28,0,Deaths,0.0,
37866,Pakistan,2020-01-29,0,Deaths,0.0,0.0
37867,Pakistan,2020-01-30,0,Deaths,0.0,0.0
37868,Pakistan,2020-01-31,0,Deaths,0.0,0.0
37869,Pakistan,2020-02-01,0,Deaths,0.0,0.0
37870,Pakistan,2020-02-02,0,Deaths,0.0,0.0
37871,Pakistan,2020-02-03,0,Deaths,0.0,0.0
37872,Pakistan,2020-02-04,0,Deaths,0.0,0.0
37873,Pakistan,2020-02-05,0,Deaths,0.0,0.0
37874,Pakistan,2020-02-06,0,Deaths,0.0,0.0
37875,Pakistan,2020-02-07,0,Deaths,0.0,0.0
37876,Pakistan,2020-02-08,0,Deaths,0.0,0.0
37877,Pakistan,2020-02-09,0,Deaths,0.0,0.0
37878,Pakistan,2020-02-10,0,Deaths,0.0,0.0
37879,Pakistan,2020-02-11,0,Deaths,0.0,0.0
37880,Pakistan,2020-02-12,0,Deaths,0.0,0.0
37881,Pakistan,2020-02-13,0,Deaths,0.0,0.0
37882,Pakistan,2020-02-14,0,Deaths,0.0,0.0
37883,Pakistan,2020-02-15,0,Deaths,0.0,0.0
37884,Pakistan,2020-02-16,0,Deaths,0.0,0.0
37885,Pakistan,2020-02-17,0,Deaths,0.0,0.0
37886,Pakistan,2020-02-18,0,Deaths,0.0,0.0
37887,Pakistan,2020-02-19,0,Deaths,0.0,0.0
37888,Pakistan,2020-02-20,0,Deaths,0.0,0.0
37889,Pakistan,2020-02-21,0,Deaths,0.0,0.0
37890,Pakistan,2020-02-22,0,Deaths,0.0,0.0
37891,Pakistan,2020-02-23,0,Deaths,0.0,0.0
37892,Pakistan,2020-02-24,0,Deaths,0.0,0.0
37893,Pakistan,2020-02-25,0,Deaths,0.0,0.0
37894,Pakistan,2020-02-26,0,Deaths,0.0,0.0
37895,Pakistan,2020-02-27,0,Deaths,0.0,0.0
37896,Pakistan,2020-02-28,0,Deaths,0.0,0.0
37897,Pakistan,2020-02-29,0,Deaths,0.0,0.0
37898,Pakistan,2020-03-01,0,Deaths,0.0,0.0
37899,Pakistan,2020-03-02,0,Deaths,0.0,0.0
37900,Pakistan,2020-03-03,0,Deaths,0.0,0.0
37901,Pakistan,2020-03-04,0,Deaths,0.0,0.0
37902,Pakistan,2020-03-05,0,Deaths,0.0,0.0
37903,Pakistan,2020-03-06,0,Deaths,0.0,0.0
37904,Pakistan,2020-03-07,0,Deaths,0.0,0.0
37905,Pakistan,2020-03-08,0,Deaths,0.0,0.0
37906,Pakistan,2020-03-09,0,Deaths,0.0,0.0
37907,Pakistan,2020-03-10,0,Deaths,0.0,0.0
37908,Pakistan,2020-03-11,0,Deaths,0.0,0.0
37909,Pakistan,2020-03-12,0,Deaths,0.0,0.0
37910,Pakistan,2020-03-13,0,Deaths,0.0,0.0
37911,Pakistan,2020-03-14,0,Deaths,0.0,0.0
37912,Pakistan,2020-03-15,0,Deaths,0.0,0.0
37913,Pakistan,2020-03-16,0,Deaths,0.0,0.0
37914,Pakistan,2020-03-17,0,Deaths,0.0,0.0
37915,Pakistan,2020-03-18,2,Deaths,2.0,2.0
37916,Pakistan,2020-03-19,3,Deaths,1.0,3.0
37917,Pakistan,2020-03-20,3,Deaths,0.0,3.0
37918,Pakistan,2020-03-21,5,Deaths,2.0,5.0
37919,Pakistan,2020-03-22,6,Deaths,1.0,6.0
37920,Pakistan,2020-03-23,7,Deaths,1.0,7.0
37921,Pakistan,2020-03-24,8,Deaths,1.0,8.0
37922,Pakistan,2020-03-25,9,Deaths,1.0,7.0
37923,Pakistan,2020-03-26,11,Deaths,2.0,8.0
37924,Pakistan,2020-03-27,12,Deaths,1.0,9.0
37925,Pakistan,2020-03-28,14,Deaths,2.0,9.0
37926,Pakistan,2020-03-29,21,Deaths,7.0,15.0
37927,Pakistan,2020-03-30,26,Deaths,5.0,19.0
37928,Pakistan,2020-03-31,27,Deaths,1.0,19.0
37929,Pakistan,2020-04-01,34,Deaths,7.0,25.0
37930,Pakistan,2020-04-02,40,Deaths,6.0,29.0
37931,Pakistan,2020-04-03,41,Deaths,1.0,29.0
37932,Pakistan,2020-04-04,47,Deaths,6.0,33.0
37933,Pakistan,2020-04-05,53,Deaths,6.0,32.0
37934,Pakistan,2020-04-06,57,Deaths,4.0,31.0
37935,Pakistan,2020-04-07,61,Deaths,4.0,34.0
37936,Pakistan,2020-04-08,65,Deaths,4.0,31.0
37937,Pakistan,2020-04-09,66,Deaths,1.0,26.0
37938,Pakistan,2020-04-10,86,Deaths,20.0,45.0
37939,Pakistan,2020-04-11,91,Deaths,5.0,44.0
37940,Pakistan,2020-04-12,93,Deaths,2.0,40.0
37941,Pakistan,2020-04-13,96,Deaths,3.0,39.0
37942,Pakistan,2020-04-14,111,Deaths,15.0,50.0
37943,Pakistan,2020-04-15,128,Deaths,17.0,63.0
37944,Pakistan,2020-04-16,135,Deaths,7.0,69.0
37945,Pakistan,2020-04-17,143,Deaths,8.0,57.0
37946,Pakistan,2020-04-18,168,Deaths,25.0,77.0
37947,Pakistan,2020-04-19,176,Deaths,8.0,83.0
37948,Pakistan,2020-04-20,201,Deaths,25.0,105.0
37949,Pakistan,2020-04-21,212,Deaths,11.0,101.0
37950,Pakistan,2020-04-22,237,Deaths,25.0,109.0
37951,Pakistan,2020-04-23,253,Deaths,16.0,118.0
37952,Pakistan,2020-04-24,269,Deaths,16.0,126.0
37953,Pakistan,2020-04-25,281,Deaths,12.0,113.0
37954,Pakistan,2020-04-26,292,Deaths,11.0,116.0
37955,Pakistan,2020-04-27,312,Deaths,20.0,111.0
37956,Pakistan,2020-04-28,343,Deaths,31.0,131.0
37957,Pakistan,2020-04-29,385,Deaths,42.0,148.0
37958,Pakistan,2020-04-30,417,Deaths,32.0,164.0
37959,Pakistan,2020-05-01,440,Deaths,23.0,171.0
37960,Pakistan,2020-05-02,457,Deaths,17.0,176.0
37961,Pakistan,2020-05-03,476,Deaths,19.0,184.0
37962,Pakistan,2020-05-04,514,Deaths,38.0,202.0
37963,Pakistan,2020-05-05,564,Deaths,50.0,221.0
37964,Pakistan,2020-05-06,585,Deaths,21.0,200.0
37965,Pakistan,2020-05-07,599,Deaths,14.0,182.0
37966,Pakistan,2020-05-08,636,Deaths,37.0,196.0
37967,Pakistan,2020-05-09,659,Deaths,23.0,202.0
37968,Pakistan,2020-05-10,706,Deaths,47.0,230.0
37969,Pakistan,2020-05-11,737,Deaths,31.0,223.0
37970,Pakistan,2020-05-12,761,Deaths,24.0,197.0
37971,Pakistan,2020-05-13,770,Deaths,9.0,185.0
37972,Pakistan,2020-05-14,834,Deaths,64.0,235.0
37973,Pakistan,2020-05-15,834,Deaths,0.0,198.0
37974,Pakistan,2020-05-16,873,Deaths,39.0,214.0
37975,Pakistan,2020-05-17,903,Deaths,30.0,197.0
37976,Pakistan,2020-05-18,939,Deaths,36.0,202.0
37977,Pakistan,2020-05-19,985,Deaths,46.0,224.0
37978,Pakistan,2020-05-20,1017,Deaths,32.0,247.0
37979,Pakistan,2020-05-21,1067,Deaths,50.0,233.0
37980,Pakistan,2020-05-22,1101,Deaths,34.0,267.0
37981,Pakistan,2020-05-23,1133,Deaths,32.0,260.0
37982,Pakistan,2020-05-24,1167,Deaths,34.0,264.0
37983,Pakistan,2020-05-25,1197,Deaths,30.0,258.0
37984,Pakistan,2020-05-26,1225,Deaths,28.0,240.0
37985,Pakistan,2020-05-27,1260,Deaths,35.0,243.0
37986,Pakistan,2020-05-28,1317,Deaths,57.0,250.0
37987,Pakistan,2020-05-29,1395,Deaths,78.0,294.0
37988,Pakistan,2020-05-30,1483,Deaths,88.0,350.0
37989,Pakistan,2020-05-31,1543,Deaths,60.0,376.0
37990,Pakistan,2020-06-01,1621,Deaths,78.0,424.0
37991,Pakistan,2020-06-02,1688,Deaths,67.0,463.0
37992,Pakistan,2020-06-03,1770,Deaths,82.0,510.0
37993,Pakistan,2020-06-04,1838,Deaths,68.0,521.0
37994,Pakistan,2020-06-05,1935,Deaths,97.0,540.0
37995,Pakistan,2020-06-06,2002,Deaths,67.0,519.0
37996,Pakistan,2020-06-07,2067,Deaths,65.0,524.0
37997,Pakistan,2020-06-08,2172,Deaths,105.0,551.0
37998,Pakistan,2020-06-09,2255,Deaths,83.0,567.0
37999,Pakistan,2020-06-10,2356,Deaths,101.0,586.0
38000,Pakistan,2020-06-11,2463,Deaths,107.0,625.0
38001,Pakistan,2020-06-12,2463,Deaths,0.0,528.0
38002,Pakistan,2020-06-13,2551,Deaths,88.0,549.0
38003,Pakistan,2020-06-14,2729,Deaths,178.0,662.0
38004,Pakistan,2020-06-15,2839,Deaths,110.0,667.0
38005,Pakistan,2020-06-16,2975,Deaths,136.0,720.0
38006,Pakistan,2020-06-17,3093,Deaths,118.0,737.0
38007,Pakistan,2020-06-18,3229,Deaths,136.0,766.0
38008,Pakistan,2020-06-19,3382,Deaths,153.0,919.0
38009,Pakistan,2020-06-20,3501,Deaths,119.0,950.0
38010,Pakistan,2020-06-21,3590,Deaths,89.0,861.0
38011,Pakistan,2020-06-22,3695,Deaths,105.0,856.0
38012,Pakistan,2020-06-23,3755,Deaths,60.0,780.0
38013,Pakistan,2020-06-24,3903,Deaths,148.0,810.0
38014,Pakistan,2020-06-25,3962,Deaths,59.0,733.0
38015,Pakistan,2020-06-26,4035,Deaths,73.0,653.0
38016,Pakistan,2020-06-27,4118,Deaths,83.0,617.0
38017,Pakistan,2020-06-28,4167,Deaths,49.0,577.0
38018,Pakistan,2020-06-29,4304,Deaths,137.0,609.0
38019,Pakistan,2020-06-30,4395,Deaths,91.0,640.0
38020,Pakistan,2020-07-01,4473,Deaths,78.0,570.0
38021,Pakistan,2020-07-02,4551,Deaths,78.0,589.0
38022,Pakistan,2020-07-03,4551,Deaths,0.0,516.0
38023,Pakistan,2020-07-04,4619,Deaths,68.0,501.0
38024,Pakistan,2020-07-05,4762,Deaths,143.0,595.0
38025,Pakistan,2020-07-06,4839,Deaths,77.0,535.0
38026,Pakistan,2020-07-07,4922,Deaths,83.0,527.0
38027,Pakistan,2020-07-08,4983,Deaths,61.0,510.0
38028,Pakistan,2020-07-09,5058,Deaths,75.0,507.0
38029,Pakistan,2020-07-10,5123,Deaths,65.0,572.0
38030,Pakistan,2020-07-11,5197,Deaths,74.0,578.0
38031,Pakistan,2020-07-12,5266,Deaths,69.0,504.0
38032,Pakistan,2020-07-13,5320,Deaths,54.0,481.0
38033,Pakistan,2020-07-14,5386,Deaths,66.0,464.0
38034,Pakistan,2020-07-15,5426,Deaths,40.0,443.0
38035,Pakistan,2020-07-16,5426,Deaths,0.0,368.0
38036,Pakistan,2020-07-17,5522,Deaths,96.0,399.0
38037,Pakistan,2020-07-18,5568,Deaths,46.0,371.0
38038,Pakistan,2020-07-19,5599,Deaths,31.0,333.0
38039,Pakistan,2020-07-20,5639,Deaths,40.0,319.0
38040,Pakistan,2020-07-21,5677,Deaths,38.0,291.0
38041,Pakistan,2020-07-22,5709,Deaths,32.0,283.0
38042,Pakistan,2020-07-23,5763,Deaths,54.0,337.0
38043,Pakistan,2020-07-24,5787,Deaths,24.0,265.0
38044,Pakistan,2020-07-25,5822,Deaths,35.0,254.0
38045,Pakistan,2020-07-26,5822,Deaths,0.0,223.0
38046,Pakistan,2020-07-27,5842,Deaths,20.0,203.0
38047,Pakistan,2020-07-28,5865,Deaths,23.0,188.0
38048,Pakistan,2020-07-29,5892,Deaths,27.0,183.0
38049,Pakistan,2020-07-30,5924,Deaths,32.0,161.0
38050,Pakistan,2020-07-31,5951,Deaths,27.0,164.0
38051,Pakistan,2020-08-01,5951,Deaths,0.0,129.0
38052,Pakistan,2020-08-02,5976,Deaths,25.0,154.0
38053,Pakistan,2020-08-03,5999,Deaths,23.0,157.0
38054,Pakistan,2020-08-04,5999,Deaths,0.0,134.0
38055,Pakistan,2020-08-05,6014,Deaths,15.0,122.0
38056,Pakistan,2020-08-06,6035,Deaths,21.0,111.0
38057,Pakistan,2020-08-07,6052,Deaths,17.0,101.0
38058,Pakistan,2020-08-08,6068,Deaths,16.0,117.0
38059,Pakistan,2020-08-09,6082,Deaths,14.0,106.0
38060,Pakistan,2020-08-10,6097,Deaths,15.0,98.0
38061,Pakistan,2020-08-11,6112,Deaths,15.0,113.0
38062,Pakistan,2020-08-12,6129,Deaths,17.0,115.0
38063,Pakistan,2020-08-13,6139,Deaths,10.0,104.0
38064,Pakistan,2020-08-14,6153,Deaths,14.0,101.0
38065,Pakistan,2020-08-15,6162,Deaths,9.0,94.0
38066,Pakistan,2020-08-16,6175,Deaths,13.0,93.0
38067,Pakistan,2020-08-17,6175,Deaths,0.0,78.0
38068,Pakistan,2020-08-18,6190,Deaths,15.0,78.0
38069,Pakistan,2020-08-19,6201,Deaths,11.0,72.0
38070,Pakistan,2020-08-20,6209,Deaths,8.0,70.0
38071,Pakistan,2020-08-21,6219,Deaths,10.0,66.0
38072,Pakistan,2020-08-22,6231,Deaths,12.0,69.0
38073,Pakistan,2020-08-23,6244,Deaths,13.0,69.0
38074,Pakistan,2020-08-24,6244,Deaths,0.0,69.0
38075,Pakistan,2020-08-25,6255,Deaths,11.0,65.0
38076,Pakistan,2020-08-26,6267,Deaths,12.0,66.0
38077,Pakistan,2020-08-27,6274,Deaths,7.0,65.0
38078,Pakistan,2020-08-28,6283,Deaths,9.0,64.0
38079,Pakistan,2020-08-29,6284,Deaths,1.0,53.0
38080,Pakistan,2020-08-30,6288,Deaths,4.0,44.0
38081,Pakistan,2020-08-31,6294,Deaths,6.0,50.0
38082,Pakistan,2020-09-01,6298,Deaths,4.0,43.0
38083,Pakistan,2020-09-02,6328,Deaths,30.0,61.0
38084,Pakistan,2020-09-03,6335,Deaths,7.0,61.0
38085,Pakistan,2020-09-04,6340,Deaths,5.0,57.0
38086,Pakistan,2020-09-05,6340,Deaths,0.0,56.0
38087,Pakistan,2020-09-06,6345,Deaths,5.0,57.0
38088,Pakistan,2020-09-07,6350,Deaths,5.0,56.0
38089,Pakistan,2020-09-08,6359,Deaths,9.0,61.0
38090,Pakistan,2020-09-09,6365,Deaths,6.0,37.0
38091,Pakistan,2020-09-10,6370,Deaths,5.0,35.0
38092,Pakistan,2020-09-11,6373,Deaths,3.0,33.0
38093,Pakistan,2020-09-12,6379,Deaths,6.0,39.0
38094,Pakistan,2020-09-13,6383,Deaths,4.0,38.0
38095,Pakistan,2020-09-14,6389,Deaths,6.0,39.0
38096,Pakistan,2020-09-15,6393,Deaths,4.0,34.0
38097,Pakistan,2020-09-16,6399,Deaths,6.0,34.0
38098,Pakistan,2020-09-17,6408,Deaths,9.0,38.0
38099,Pakistan,2020-09-18,6415,Deaths,7.0,42.0
38100,Pakistan,2020-09-19,6416,Deaths,1.0,37.0
38101,Pakistan,2020-09-20,6420,Deaths,4.0,37.0
38102,Pakistan,2020-09-21,6424,Deaths,4.0,35.0
38103,Pakistan,2020-09-22,6432,Deaths,8.0,39.0
38104,Pakistan,2020-09-23,6437,Deaths,5.0,38.0
38105,Pakistan,2020-09-24,6444,Deaths,7.0,36.0
38106,Pakistan,2020-09-25,6451,Deaths,7.0,36.0
38107,Pakistan,2020-09-26,6457,Deaths,6.0,41.0
38108,Pakistan,2020-09-27,6466,Deaths,9.0,46.0
38109,Pakistan,2020-09-28,6474,Deaths,8.0,50.0
38110,Pakistan,2020-09-29,6479,Deaths,5.0,47.0
38111,Pakistan,2020-09-30,6484,Deaths,5.0,47.0
38112,Pakistan,2020-10-01,6499,Deaths,15.0,55.0
38113,Pakistan,2020-10-02,6507,Deaths,8.0,56.0
38114,Pakistan,2020-10-03,6513,Deaths,6.0,56.0
38115,Pakistan,2020-10-04,6513,Deaths,0.0,47.0
38116,Pakistan,2020-10-05,6523,Deaths,10.0,49.0
38117,Pakistan,2020-10-06,6535,Deaths,12.0,56.0
38118,Pakistan,2020-10-07,6544,Deaths,9.0,60.0
38119,Pakistan,2020-10-08,6552,Deaths,8.0,53.0
38120,Pakistan,2020-10-09,6558,Deaths,6.0,51.0
38121,Pakistan,2020-10-10,6570,Deaths,12.0,57.0
38122,Pakistan,2020-10-11,6580,Deaths,10.0,67.0
38123,Pakistan,2020-10-12,6588,Deaths,8.0,65.0
38124,Pakistan,2020-10-13,6601,Deaths,13.0,66.0
38125,Pakistan,2020-10-14,6614,Deaths,13.0,70.0
38126,Pakistan,2020-10-15,6621,Deaths,7.0,69.0
38127,Pakistan,2020-10-16,6638,Deaths,17.0,80.0
38128,Pakistan,2020-10-17,6654,Deaths,16.0,84.0
38129,Pakistan,2020-10-18,6659,Deaths,5.0,79.0
38130,Pakistan,2020-10-19,6673,Deaths,14.0,85.0
38131,Pakistan,2020-10-20,6692,Deaths,19.0,91.0
38132,Pakistan,2020-10-21,6702,Deaths,10.0,88.0
38133,Pakistan,2020-10-22,6715,Deaths,13.0,94.0
38134,Pakistan,2020-10-23,6727,Deaths,12.0,89.0
38135,Pakistan,2020-10-24,6736,Deaths,9.0,82.0
38136,Pakistan,2020-10-25,6739,Deaths,3.0,80.0
38137,Pakistan,2020-10-26,6745,Deaths,6.0,72.0
38138,Pakistan,2020-10-27,6759,Deaths,14.0,67.0
38139,Pakistan,2020-10-28,6775,Deaths,16.0,73.0
38140,Pakistan,2020-10-29,6795,Deaths,20.0,80.0
38141,Pakistan,2020-10-30,6806,Deaths,11.0,79.0
38142,Pakistan,2020-10-31,6823,Deaths,17.0,87.0
38143,Pakistan,2020-11-01,6835,Deaths,12.0,96.0
38144,Pakistan,2020-11-02,6849,Deaths,14.0,104.0
38145,Pakistan,2020-11-03,6867,Deaths,18.0,108.0
38146,Pakistan,2020-11-04,6893,Deaths,26.0,118.0
38147,Pakistan,2020-11-05,6923,Deaths,30.0,128.0
38148,Panama,2020-01-22,0,Deaths,,
38149,Panama,2020-01-23,0,Deaths,0.0,
38150,Panama,2020-01-24,0,Deaths,0.0,
38151,Panama,2020-01-25,0,Deaths,0.0,
38152,Panama,2020-01-26,0,Deaths,0.0,
38153,Panama,2020-01-27,0,Deaths,0.0,
38154,Panama,2020-01-28,0,Deaths,0.0,
38155,Panama,2020-01-29,0,Deaths,0.0,0.0
38156,Panama,2020-01-30,0,Deaths,0.0,0.0
38157,Panama,2020-01-31,0,Deaths,0.0,0.0
38158,Panama,2020-02-01,0,Deaths,0.0,0.0
38159,Panama,2020-02-02,0,Deaths,0.0,0.0
38160,Panama,2020-02-03,0,Deaths,0.0,0.0
38161,Panama,2020-02-04,0,Deaths,0.0,0.0
38162,Panama,2020-02-05,0,Deaths,0.0,0.0
38163,Panama,2020-02-06,0,Deaths,0.0,0.0
38164,Panama,2020-02-07,0,Deaths,0.0,0.0
38165,Panama,2020-02-08,0,Deaths,0.0,0.0
38166,Panama,2020-02-09,0,Deaths,0.0,0.0
38167,Panama,2020-02-10,0,Deaths,0.0,0.0
38168,Panama,2020-02-11,0,Deaths,0.0,0.0
38169,Panama,2020-02-12,0,Deaths,0.0,0.0
38170,Panama,2020-02-13,0,Deaths,0.0,0.0
38171,Panama,2020-02-14,0,Deaths,0.0,0.0
38172,Panama,2020-02-15,0,Deaths,0.0,0.0
38173,Panama,2020-02-16,0,Deaths,0.0,0.0
38174,Panama,2020-02-17,0,Deaths,0.0,0.0
38175,Panama,2020-02-18,0,Deaths,0.0,0.0
38176,Panama,2020-02-19,0,Deaths,0.0,0.0
38177,Panama,2020-02-20,0,Deaths,0.0,0.0
38178,Panama,2020-02-21,0,Deaths,0.0,0.0
38179,Panama,2020-02-22,0,Deaths,0.0,0.0
38180,Panama,2020-02-23,0,Deaths,0.0,0.0
38181,Panama,2020-02-24,0,Deaths,0.0,0.0
38182,Panama,2020-02-25,0,Deaths,0.0,0.0
38183,Panama,2020-02-26,0,Deaths,0.0,0.0
38184,Panama,2020-02-27,0,Deaths,0.0,0.0
38185,Panama,2020-02-28,0,Deaths,0.0,0.0
38186,Panama,2020-02-29,0,Deaths,0.0,0.0
38187,Panama,2020-03-01,0,Deaths,0.0,0.0
38188,Panama,2020-03-02,0,Deaths,0.0,0.0
38189,Panama,2020-03-03,0,Deaths,0.0,0.0
38190,Panama,2020-03-04,0,Deaths,0.0,0.0
38191,Panama,2020-03-05,0,Deaths,0.0,0.0
38192,Panama,2020-03-06,0,Deaths,0.0,0.0
38193,Panama,2020-03-07,0,Deaths,0.0,0.0
38194,Panama,2020-03-08,0,Deaths,0.0,0.0
38195,Panama,2020-03-09,0,Deaths,0.0,0.0
38196,Panama,2020-03-10,0,Deaths,0.0,0.0
38197,Panama,2020-03-11,1,Deaths,1.0,1.0
38198,Panama,2020-03-12,1,Deaths,0.0,1.0
38199,Panama,2020-03-13,1,Deaths,0.0,1.0
38200,Panama,2020-03-14,1,Deaths,0.0,1.0
38201,Panama,2020-03-15,1,Deaths,0.0,1.0
38202,Panama,2020-03-16,1,Deaths,0.0,1.0
38203,Panama,2020-03-17,1,Deaths,0.0,1.0
38204,Panama,2020-03-18,1,Deaths,0.0,0.0
38205,Panama,2020-03-19,1,Deaths,0.0,0.0
38206,Panama,2020-03-20,1,Deaths,0.0,0.0
38207,Panama,2020-03-21,1,Deaths,0.0,0.0
38208,Panama,2020-03-22,3,Deaths,2.0,2.0
38209,Panama,2020-03-23,6,Deaths,3.0,5.0
38210,Panama,2020-03-24,6,Deaths,0.0,5.0
38211,Panama,2020-03-25,8,Deaths,2.0,7.0
38212,Panama,2020-03-26,8,Deaths,0.0,7.0
38213,Panama,2020-03-27,9,Deaths,1.0,8.0
38214,Panama,2020-03-28,14,Deaths,5.0,13.0
38215,Panama,2020-03-29,17,Deaths,3.0,14.0
38216,Panama,2020-03-30,24,Deaths,7.0,18.0
38217,Panama,2020-03-31,30,Deaths,6.0,24.0
38218,Panama,2020-04-01,30,Deaths,0.0,22.0
38219,Panama,2020-04-02,32,Deaths,2.0,24.0
38220,Panama,2020-04-03,37,Deaths,5.0,28.0
38221,Panama,2020-04-04,41,Deaths,4.0,27.0
38222,Panama,2020-04-05,46,Deaths,5.0,29.0
38223,Panama,2020-04-06,54,Deaths,8.0,30.0
38224,Panama,2020-04-07,55,Deaths,1.0,25.0
38225,Panama,2020-04-08,59,Deaths,4.0,29.0
38226,Panama,2020-04-09,63,Deaths,4.0,31.0
38227,Panama,2020-04-10,66,Deaths,3.0,29.0
38228,Panama,2020-04-11,74,Deaths,8.0,33.0
38229,Panama,2020-04-12,79,Deaths,5.0,33.0
38230,Panama,2020-04-13,87,Deaths,8.0,33.0
38231,Panama,2020-04-14,94,Deaths,7.0,39.0
38232,Panama,2020-04-15,95,Deaths,1.0,36.0
38233,Panama,2020-04-16,103,Deaths,8.0,40.0
38234,Panama,2020-04-17,109,Deaths,6.0,43.0
38235,Panama,2020-04-18,116,Deaths,7.0,42.0
38236,Panama,2020-04-19,120,Deaths,4.0,41.0
38237,Panama,2020-04-20,126,Deaths,6.0,39.0
38238,Panama,2020-04-21,136,Deaths,10.0,42.0
38239,Panama,2020-04-22,141,Deaths,5.0,46.0
38240,Panama,2020-04-23,146,Deaths,5.0,43.0
38241,Panama,2020-04-24,154,Deaths,8.0,45.0
38242,Panama,2020-04-25,159,Deaths,5.0,43.0
38243,Panama,2020-04-26,165,Deaths,6.0,45.0
38244,Panama,2020-04-27,167,Deaths,2.0,41.0
38245,Panama,2020-04-28,167,Deaths,0.0,31.0
38246,Panama,2020-04-29,178,Deaths,11.0,37.0
38247,Panama,2020-04-30,188,Deaths,10.0,42.0
38248,Panama,2020-05-01,192,Deaths,4.0,38.0
38249,Panama,2020-05-02,197,Deaths,5.0,38.0
38250,Panama,2020-05-03,197,Deaths,0.0,32.0
38251,Panama,2020-05-04,200,Deaths,3.0,33.0
38252,Panama,2020-05-05,210,Deaths,10.0,43.0
38253,Panama,2020-05-06,218,Deaths,8.0,40.0
38254,Panama,2020-05-07,225,Deaths,7.0,37.0
38255,Panama,2020-05-08,231,Deaths,6.0,39.0
38256,Panama,2020-05-09,237,Deaths,6.0,40.0
38257,Panama,2020-05-10,244,Deaths,7.0,47.0
38258,Panama,2020-05-11,249,Deaths,5.0,49.0
38259,Panama,2020-05-12,252,Deaths,3.0,42.0
38260,Panama,2020-05-13,256,Deaths,4.0,38.0
38261,Panama,2020-05-14,260,Deaths,4.0,35.0
38262,Panama,2020-05-15,266,Deaths,6.0,35.0
38263,Panama,2020-05-16,269,Deaths,3.0,32.0
38264,Panama,2020-05-17,275,Deaths,6.0,31.0
38265,Panama,2020-05-18,279,Deaths,4.0,30.0
38266,Panama,2020-05-19,281,Deaths,2.0,29.0
38267,Panama,2020-05-20,287,Deaths,6.0,31.0
38268,Panama,2020-05-21,291,Deaths,4.0,31.0
38269,Panama,2020-05-22,295,Deaths,4.0,29.0
38270,Panama,2020-05-23,299,Deaths,4.0,30.0
38271,Panama,2020-05-24,306,Deaths,7.0,31.0
38272,Panama,2020-05-25,310,Deaths,4.0,31.0
38273,Panama,2020-05-26,313,Deaths,3.0,32.0
38274,Panama,2020-05-27,315,Deaths,2.0,28.0
38275,Panama,2020-05-28,320,Deaths,5.0,29.0
38276,Panama,2020-05-29,326,Deaths,6.0,31.0
38277,Panama,2020-05-30,330,Deaths,4.0,31.0
38278,Panama,2020-05-31,336,Deaths,6.0,30.0
38279,Panama,2020-06-01,344,Deaths,8.0,34.0
38280,Panama,2020-06-02,352,Deaths,8.0,39.0
38281,Panama,2020-06-03,357,Deaths,5.0,42.0
38282,Panama,2020-06-04,363,Deaths,6.0,43.0
38283,Panama,2020-06-05,370,Deaths,7.0,44.0
38284,Panama,2020-06-06,386,Deaths,16.0,56.0
38285,Panama,2020-06-07,393,Deaths,7.0,57.0
38286,Panama,2020-06-08,398,Deaths,5.0,54.0
38287,Panama,2020-06-09,403,Deaths,5.0,51.0
38288,Panama,2020-06-10,413,Deaths,10.0,56.0
38289,Panama,2020-06-11,418,Deaths,5.0,55.0
38290,Panama,2020-06-12,421,Deaths,3.0,51.0
38291,Panama,2020-06-13,429,Deaths,8.0,43.0
38292,Panama,2020-06-14,437,Deaths,8.0,44.0
38293,Panama,2020-06-15,448,Deaths,11.0,50.0
38294,Panama,2020-06-16,457,Deaths,9.0,54.0
38295,Panama,2020-06-17,470,Deaths,13.0,57.0
38296,Panama,2020-06-18,475,Deaths,5.0,57.0
38297,Panama,2020-06-19,485,Deaths,10.0,64.0
38298,Panama,2020-06-20,493,Deaths,8.0,64.0
38299,Panama,2020-06-21,501,Deaths,8.0,64.0
38300,Panama,2020-06-22,521,Deaths,20.0,73.0
38301,Panama,2020-06-23,536,Deaths,15.0,79.0
38302,Panama,2020-06-24,547,Deaths,11.0,77.0
38303,Panama,2020-06-25,564,Deaths,17.0,89.0
38304,Panama,2020-06-26,575,Deaths,11.0,90.0
38305,Panama,2020-06-27,592,Deaths,17.0,99.0
38306,Panama,2020-06-28,604,Deaths,12.0,103.0
38307,Panama,2020-06-29,620,Deaths,16.0,99.0
38308,Panama,2020-06-30,631,Deaths,11.0,95.0
38309,Panama,2020-07-01,645,Deaths,14.0,98.0
38310,Panama,2020-07-02,667,Deaths,22.0,103.0
38311,Panama,2020-07-03,698,Deaths,31.0,123.0
38312,Panama,2020-07-04,720,Deaths,22.0,128.0
38313,Panama,2020-07-05,747,Deaths,27.0,143.0
38314,Panama,2020-07-06,770,Deaths,23.0,150.0
38315,Panama,2020-07-07,799,Deaths,29.0,168.0
38316,Panama,2020-07-08,819,Deaths,20.0,174.0
38317,Panama,2020-07-09,839,Deaths,20.0,172.0
38318,Panama,2020-07-10,863,Deaths,24.0,165.0
38319,Panama,2020-07-11,893,Deaths,30.0,173.0
38320,Panama,2020-07-12,909,Deaths,16.0,162.0
38321,Panama,2020-07-13,932,Deaths,23.0,162.0
38322,Panama,2020-07-14,960,Deaths,28.0,161.0
38323,Panama,2020-07-15,982,Deaths,22.0,163.0
38324,Panama,2020-07-16,1000,Deaths,18.0,161.0
38325,Panama,2020-07-17,1038,Deaths,38.0,175.0
38326,Panama,2020-07-18,1071,Deaths,33.0,178.0
38327,Panama,2020-07-19,1096,Deaths,25.0,187.0
38328,Panama,2020-07-20,1127,Deaths,31.0,195.0
38329,Panama,2020-07-21,1159,Deaths,32.0,199.0
38330,Panama,2020-07-22,1180,Deaths,21.0,198.0
38331,Panama,2020-07-23,1209,Deaths,29.0,209.0
38332,Panama,2020-07-24,1250,Deaths,41.0,212.0
38333,Panama,2020-07-25,1275,Deaths,25.0,204.0
38334,Panama,2020-07-26,1294,Deaths,19.0,198.0
38335,Panama,2020-07-27,1322,Deaths,28.0,195.0
38336,Panama,2020-07-28,1349,Deaths,27.0,190.0
38337,Panama,2020-07-29,1374,Deaths,25.0,194.0
38338,Panama,2020-07-30,1397,Deaths,23.0,188.0
38339,Panama,2020-07-31,1421,Deaths,24.0,171.0
38340,Panama,2020-08-01,1449,Deaths,28.0,174.0
38341,Panama,2020-08-02,1471,Deaths,22.0,177.0
38342,Panama,2020-08-03,1497,Deaths,26.0,175.0
38343,Panama,2020-08-04,1522,Deaths,25.0,173.0
38344,Panama,2020-08-05,1553,Deaths,31.0,179.0
38345,Panama,2020-08-06,1574,Deaths,21.0,177.0
38346,Panama,2020-08-07,1591,Deaths,17.0,170.0
38347,Panama,2020-08-08,1609,Deaths,18.0,160.0
38348,Panama,2020-08-09,1639,Deaths,30.0,168.0
38349,Panama,2020-08-10,1664,Deaths,25.0,167.0
38350,Panama,2020-08-11,1680,Deaths,16.0,158.0
38351,Panama,2020-08-12,1703,Deaths,23.0,150.0
38352,Panama,2020-08-13,1722,Deaths,19.0,148.0
38353,Panama,2020-08-14,1734,Deaths,12.0,143.0
38354,Panama,2020-08-15,1746,Deaths,12.0,137.0
38355,Panama,2020-08-16,1767,Deaths,21.0,128.0
38356,Panama,2020-08-17,1788,Deaths,21.0,124.0
38357,Panama,2020-08-18,1809,Deaths,21.0,129.0
38358,Panama,2020-08-19,1827,Deaths,18.0,124.0
38359,Panama,2020-08-20,1844,Deaths,17.0,122.0
38360,Panama,2020-08-21,1859,Deaths,15.0,125.0
38361,Panama,2020-08-22,1878,Deaths,19.0,132.0
38362,Panama,2020-08-23,1892,Deaths,14.0,125.0
38363,Panama,2020-08-24,1906,Deaths,14.0,118.0
38364,Panama,2020-08-25,1919,Deaths,13.0,110.0
38365,Panama,2020-08-26,1932,Deaths,13.0,105.0
38366,Panama,2020-08-27,1948,Deaths,16.0,104.0
38367,Panama,2020-08-28,1966,Deaths,18.0,107.0
38368,Panama,2020-08-29,1983,Deaths,17.0,105.0
38369,Panama,2020-08-30,1995,Deaths,12.0,103.0
38370,Panama,2020-08-31,2002,Deaths,7.0,96.0
38371,Panama,2020-09-01,2018,Deaths,16.0,99.0
38372,Panama,2020-09-02,2030,Deaths,12.0,98.0
38373,Panama,2020-09-03,2046,Deaths,16.0,98.0
38374,Panama,2020-09-04,2063,Deaths,17.0,97.0
38375,Panama,2020-09-05,2075,Deaths,12.0,92.0
38376,Panama,2020-09-06,2086,Deaths,11.0,91.0
38377,Panama,2020-09-07,2099,Deaths,13.0,97.0
38378,Panama,2020-09-08,2107,Deaths,8.0,89.0
38379,Panama,2020-09-09,2116,Deaths,9.0,86.0
38380,Panama,2020-09-10,2127,Deaths,11.0,81.0
38381,Panama,2020-09-11,2140,Deaths,13.0,77.0
38382,Panama,2020-09-12,2155,Deaths,15.0,80.0
38383,Panama,2020-09-13,2166,Deaths,11.0,80.0
38384,Panama,2020-09-14,2173,Deaths,7.0,74.0
38385,Panama,2020-09-15,2187,Deaths,14.0,80.0
38386,Panama,2020-09-16,2198,Deaths,11.0,82.0
38387,Panama,2020-09-17,2213,Deaths,15.0,86.0
38388,Panama,2020-09-18,2229,Deaths,16.0,89.0
38389,Panama,2020-09-19,2247,Deaths,18.0,92.0
38390,Panama,2020-09-20,2257,Deaths,10.0,91.0
38391,Panama,2020-09-21,2272,Deaths,15.0,99.0
38392,Panama,2020-09-22,2285,Deaths,13.0,98.0
38393,Panama,2020-09-23,2291,Deaths,6.0,93.0
38394,Panama,2020-09-24,2297,Deaths,6.0,84.0
38395,Panama,2020-09-25,2311,Deaths,14.0,82.0
38396,Panama,2020-09-26,2323,Deaths,12.0,76.0
38397,Panama,2020-09-27,2340,Deaths,17.0,83.0
38398,Panama,2020-09-28,2348,Deaths,8.0,76.0
38399,Panama,2020-09-29,2364,Deaths,16.0,79.0
38400,Panama,2020-09-30,2372,Deaths,8.0,81.0
38401,Panama,2020-10-01,2387,Deaths,15.0,90.0
38402,Panama,2020-10-02,2406,Deaths,19.0,95.0
38403,Panama,2020-10-03,2414,Deaths,8.0,91.0
38404,Panama,2020-10-04,2423,Deaths,9.0,83.0
38405,Panama,2020-10-05,2430,Deaths,7.0,82.0
38406,Panama,2020-10-06,2440,Deaths,10.0,76.0
38407,Panama,2020-10-07,2448,Deaths,8.0,76.0
38408,Panama,2020-10-08,2463,Deaths,15.0,76.0
38409,Panama,2020-10-09,2474,Deaths,11.0,68.0
38410,Panama,2020-10-10,2482,Deaths,8.0,68.0
38411,Panama,2020-10-11,2491,Deaths,9.0,68.0
38412,Panama,2020-10-12,2502,Deaths,11.0,72.0
38413,Panama,2020-10-13,2511,Deaths,9.0,71.0
38414,Panama,2020-10-14,2519,Deaths,8.0,71.0
38415,Panama,2020-10-15,2529,Deaths,10.0,66.0
38416,Panama,2020-10-16,2546,Deaths,17.0,72.0
38417,Panama,2020-10-17,2557,Deaths,11.0,75.0
38418,Panama,2020-10-18,2564,Deaths,7.0,73.0
38419,Panama,2020-10-19,2574,Deaths,10.0,72.0
38420,Panama,2020-10-20,2585,Deaths,11.0,74.0
38421,Panama,2020-10-21,2597,Deaths,12.0,78.0
38422,Panama,2020-10-22,2612,Deaths,15.0,83.0
38423,Panama,2020-10-23,2622,Deaths,10.0,76.0
38424,Panama,2020-10-24,2628,Deaths,6.0,71.0
38425,Panama,2020-10-25,2633,Deaths,5.0,69.0
38426,Panama,2020-10-26,2638,Deaths,5.0,64.0
38427,Panama,2020-10-27,2650,Deaths,12.0,65.0
38428,Panama,2020-10-28,2663,Deaths,13.0,66.0
38429,Panama,2020-10-29,2678,Deaths,15.0,66.0
38430,Panama,2020-10-30,2688,Deaths,10.0,66.0
38431,Panama,2020-10-31,2700,Deaths,12.0,72.0
38432,Panama,2020-11-01,2706,Deaths,6.0,73.0
38433,Panama,2020-11-02,2720,Deaths,14.0,82.0
38434,Panama,2020-11-03,2731,Deaths,11.0,81.0
38435,Panama,2020-11-04,2744,Deaths,13.0,81.0
38436,Panama,2020-11-05,2756,Deaths,12.0,78.0
38437,Papua New Guinea,2020-01-22,0,Deaths,,
38438,Papua New Guinea,2020-01-23,0,Deaths,0.0,
38439,Papua New Guinea,2020-01-24,0,Deaths,0.0,
38440,Papua New Guinea,2020-01-25,0,Deaths,0.0,
38441,Papua New Guinea,2020-01-26,0,Deaths,0.0,
38442,Papua New Guinea,2020-01-27,0,Deaths,0.0,
38443,Papua New Guinea,2020-01-28,0,Deaths,0.0,
38444,Papua New Guinea,2020-01-29,0,Deaths,0.0,0.0
38445,Papua New Guinea,2020-01-30,0,Deaths,0.0,0.0
38446,Papua New Guinea,2020-01-31,0,Deaths,0.0,0.0
38447,Papua New Guinea,2020-02-01,0,Deaths,0.0,0.0
38448,Papua New Guinea,2020-02-02,0,Deaths,0.0,0.0
38449,Papua New Guinea,2020-02-03,0,Deaths,0.0,0.0
38450,Papua New Guinea,2020-02-04,0,Deaths,0.0,0.0
38451,Papua New Guinea,2020-02-05,0,Deaths,0.0,0.0
38452,Papua New Guinea,2020-02-06,0,Deaths,0.0,0.0
38453,Papua New Guinea,2020-02-07,0,Deaths,0.0,0.0
38454,Papua New Guinea,2020-02-08,0,Deaths,0.0,0.0
38455,Papua New Guinea,2020-02-09,0,Deaths,0.0,0.0
38456,Papua New Guinea,2020-02-10,0,Deaths,0.0,0.0
38457,Papua New Guinea,2020-02-11,0,Deaths,0.0,0.0
38458,Papua New Guinea,2020-02-12,0,Deaths,0.0,0.0
38459,Papua New Guinea,2020-02-13,0,Deaths,0.0,0.0
38460,Papua New Guinea,2020-02-14,0,Deaths,0.0,0.0
38461,Papua New Guinea,2020-02-15,0,Deaths,0.0,0.0
38462,Papua New Guinea,2020-02-16,0,Deaths,0.0,0.0
38463,Papua New Guinea,2020-02-17,0,Deaths,0.0,0.0
38464,Papua New Guinea,2020-02-18,0,Deaths,0.0,0.0
38465,Papua New Guinea,2020-02-19,0,Deaths,0.0,0.0
38466,Papua New Guinea,2020-02-20,0,Deaths,0.0,0.0
38467,Papua New Guinea,2020-02-21,0,Deaths,0.0,0.0
38468,Papua New Guinea,2020-02-22,0,Deaths,0.0,0.0
38469,Papua New Guinea,2020-02-23,0,Deaths,0.0,0.0
38470,Papua New Guinea,2020-02-24,0,Deaths,0.0,0.0
38471,Papua New Guinea,2020-02-25,0,Deaths,0.0,0.0
38472,Papua New Guinea,2020-02-26,0,Deaths,0.0,0.0
38473,Papua New Guinea,2020-02-27,0,Deaths,0.0,0.0
38474,Papua New Guinea,2020-02-28,0,Deaths,0.0,0.0
38475,Papua New Guinea,2020-02-29,0,Deaths,0.0,0.0
38476,Papua New Guinea,2020-03-01,0,Deaths,0.0,0.0
38477,Papua New Guinea,2020-03-02,0,Deaths,0.0,0.0
38478,Papua New Guinea,2020-03-03,0,Deaths,0.0,0.0
38479,Papua New Guinea,2020-03-04,0,Deaths,0.0,0.0
38480,Papua New Guinea,2020-03-05,0,Deaths,0.0,0.0
38481,Papua New Guinea,2020-03-06,0,Deaths,0.0,0.0
38482,Papua New Guinea,2020-03-07,0,Deaths,0.0,0.0
38483,Papua New Guinea,2020-03-08,0,Deaths,0.0,0.0
38484,Papua New Guinea,2020-03-09,0,Deaths,0.0,0.0
38485,Papua New Guinea,2020-03-10,0,Deaths,0.0,0.0
38486,Papua New Guinea,2020-03-11,0,Deaths,0.0,0.0
38487,Papua New Guinea,2020-03-12,0,Deaths,0.0,0.0
38488,Papua New Guinea,2020-03-13,0,Deaths,0.0,0.0
38489,Papua New Guinea,2020-03-14,0,Deaths,0.0,0.0
38490,Papua New Guinea,2020-03-15,0,Deaths,0.0,0.0
38491,Papua New Guinea,2020-03-16,0,Deaths,0.0,0.0
38492,Papua New Guinea,2020-03-17,0,Deaths,0.0,0.0
38493,Papua New Guinea,2020-03-18,0,Deaths,0.0,0.0
38494,Papua New Guinea,2020-03-19,0,Deaths,0.0,0.0
38495,Papua New Guinea,2020-03-20,0,Deaths,0.0,0.0
38496,Papua New Guinea,2020-03-21,0,Deaths,0.0,0.0
38497,Papua New Guinea,2020-03-22,0,Deaths,0.0,0.0
38498,Papua New Guinea,2020-03-23,0,Deaths,0.0,0.0
38499,Papua New Guinea,2020-03-24,0,Deaths,0.0,0.0
38500,Papua New Guinea,2020-03-25,0,Deaths,0.0,0.0
38501,Papua New Guinea,2020-03-26,0,Deaths,0.0,0.0
38502,Papua New Guinea,2020-03-27,0,Deaths,0.0,0.0
38503,Papua New Guinea,2020-03-28,0,Deaths,0.0,0.0
38504,Papua New Guinea,2020-03-29,0,Deaths,0.0,0.0
38505,Papua New Guinea,2020-03-30,0,Deaths,0.0,0.0
38506,Papua New Guinea,2020-03-31,0,Deaths,0.0,0.0
38507,Papua New Guinea,2020-04-01,0,Deaths,0.0,0.0
38508,Papua New Guinea,2020-04-02,0,Deaths,0.0,0.0
38509,Papua New Guinea,2020-04-03,0,Deaths,0.0,0.0
38510,Papua New Guinea,2020-04-04,0,Deaths,0.0,0.0
38511,Papua New Guinea,2020-04-05,0,Deaths,0.0,0.0
38512,Papua New Guinea,2020-04-06,0,Deaths,0.0,0.0
38513,Papua New Guinea,2020-04-07,0,Deaths,0.0,0.0
38514,Papua New Guinea,2020-04-08,0,Deaths,0.0,0.0
38515,Papua New Guinea,2020-04-09,0,Deaths,0.0,0.0
38516,Papua New Guinea,2020-04-10,0,Deaths,0.0,0.0
38517,Papua New Guinea,2020-04-11,0,Deaths,0.0,0.0
38518,Papua New Guinea,2020-04-12,0,Deaths,0.0,0.0
38519,Papua New Guinea,2020-04-13,0,Deaths,0.0,0.0
38520,Papua New Guinea,2020-04-14,0,Deaths,0.0,0.0
38521,Papua New Guinea,2020-04-15,0,Deaths,0.0,0.0
38522,Papua New Guinea,2020-04-16,0,Deaths,0.0,0.0
38523,Papua New Guinea,2020-04-17,0,Deaths,0.0,0.0
38524,Papua New Guinea,2020-04-18,0,Deaths,0.0,0.0
38525,Papua New Guinea,2020-04-19,0,Deaths,0.0,0.0
38526,Papua New Guinea,2020-04-20,0,Deaths,0.0,0.0
38527,Papua New Guinea,2020-04-21,0,Deaths,0.0,0.0
38528,Papua New Guinea,2020-04-22,0,Deaths,0.0,0.0
38529,Papua New Guinea,2020-04-23,0,Deaths,0.0,0.0
38530,Papua New Guinea,2020-04-24,0,Deaths,0.0,0.0
38531,Papua New Guinea,2020-04-25,0,Deaths,0.0,0.0
38532,Papua New Guinea,2020-04-26,0,Deaths,0.0,0.0
38533,Papua New Guinea,2020-04-27,0,Deaths,0.0,0.0
38534,Papua New Guinea,2020-04-28,0,Deaths,0.0,0.0
38535,Papua New Guinea,2020-04-29,0,Deaths,0.0,0.0
38536,Papua New Guinea,2020-04-30,0,Deaths,0.0,0.0
38537,Papua New Guinea,2020-05-01,0,Deaths,0.0,0.0
38538,Papua New Guinea,2020-05-02,0,Deaths,0.0,0.0
38539,Papua New Guinea,2020-05-03,0,Deaths,0.0,0.0
38540,Papua New Guinea,2020-05-04,0,Deaths,0.0,0.0
38541,Papua New Guinea,2020-05-05,0,Deaths,0.0,0.0
38542,Papua New Guinea,2020-05-06,0,Deaths,0.0,0.0
38543,Papua New Guinea,2020-05-07,0,Deaths,0.0,0.0
38544,Papua New Guinea,2020-05-08,0,Deaths,0.0,0.0
38545,Papua New Guinea,2020-05-09,0,Deaths,0.0,0.0
38546,Papua New Guinea,2020-05-10,0,Deaths,0.0,0.0
38547,Papua New Guinea,2020-05-11,0,Deaths,0.0,0.0
38548,Papua New Guinea,2020-05-12,0,Deaths,0.0,0.0
38549,Papua New Guinea,2020-05-13,0,Deaths,0.0,0.0
38550,Papua New Guinea,2020-05-14,0,Deaths,0.0,0.0
38551,Papua New Guinea,2020-05-15,0,Deaths,0.0,0.0
38552,Papua New Guinea,2020-05-16,0,Deaths,0.0,0.0
38553,Papua New Guinea,2020-05-17,0,Deaths,0.0,0.0
38554,Papua New Guinea,2020-05-18,0,Deaths,0.0,0.0
38555,Papua New Guinea,2020-05-19,0,Deaths,0.0,0.0
38556,Papua New Guinea,2020-05-20,0,Deaths,0.0,0.0
38557,Papua New Guinea,2020-05-21,0,Deaths,0.0,0.0
38558,Papua New Guinea,2020-05-22,0,Deaths,0.0,0.0
38559,Papua New Guinea,2020-05-23,0,Deaths,0.0,0.0
38560,Papua New Guinea,2020-05-24,0,Deaths,0.0,0.0
38561,Papua New Guinea,2020-05-25,0,Deaths,0.0,0.0
38562,Papua New Guinea,2020-05-26,0,Deaths,0.0,0.0
38563,Papua New Guinea,2020-05-27,0,Deaths,0.0,0.0
38564,Papua New Guinea,2020-05-28,0,Deaths,0.0,0.0
38565,Papua New Guinea,2020-05-29,0,Deaths,0.0,0.0
38566,Papua New Guinea,2020-05-30,0,Deaths,0.0,0.0
38567,Papua New Guinea,2020-05-31,0,Deaths,0.0,0.0
38568,Papua New Guinea,2020-06-01,0,Deaths,0.0,0.0
38569,Papua New Guinea,2020-06-02,0,Deaths,0.0,0.0
38570,Papua New Guinea,2020-06-03,0,Deaths,0.0,0.0
38571,Papua New Guinea,2020-06-04,0,Deaths,0.0,0.0
38572,Papua New Guinea,2020-06-05,0,Deaths,0.0,0.0
38573,Papua New Guinea,2020-06-06,0,Deaths,0.0,0.0
38574,Papua New Guinea,2020-06-07,0,Deaths,0.0,0.0
38575,Papua New Guinea,2020-06-08,0,Deaths,0.0,0.0
38576,Papua New Guinea,2020-06-09,0,Deaths,0.0,0.0
38577,Papua New Guinea,2020-06-10,0,Deaths,0.0,0.0
38578,Papua New Guinea,2020-06-11,0,Deaths,0.0,0.0
38579,Papua New Guinea,2020-06-12,0,Deaths,0.0,0.0
38580,Papua New Guinea,2020-06-13,0,Deaths,0.0,0.0
38581,Papua New Guinea,2020-06-14,0,Deaths,0.0,0.0
38582,Papua New Guinea,2020-06-15,0,Deaths,0.0,0.0
38583,Papua New Guinea,2020-06-16,0,Deaths,0.0,0.0
38584,Papua New Guinea,2020-06-17,0,Deaths,0.0,0.0
38585,Papua New Guinea,2020-06-18,0,Deaths,0.0,0.0
38586,Papua New Guinea,2020-06-19,0,Deaths,0.0,0.0
38587,Papua New Guinea,2020-06-20,0,Deaths,0.0,0.0
38588,Papua New Guinea,2020-06-21,0,Deaths,0.0,0.0
38589,Papua New Guinea,2020-06-22,0,Deaths,0.0,0.0
38590,Papua New Guinea,2020-06-23,0,Deaths,0.0,0.0
38591,Papua New Guinea,2020-06-24,0,Deaths,0.0,0.0
38592,Papua New Guinea,2020-06-25,0,Deaths,0.0,0.0
38593,Papua New Guinea,2020-06-26,0,Deaths,0.0,0.0
38594,Papua New Guinea,2020-06-27,0,Deaths,0.0,0.0
38595,Papua New Guinea,2020-06-28,0,Deaths,0.0,0.0
38596,Papua New Guinea,2020-06-29,0,Deaths,0.0,0.0
38597,Papua New Guinea,2020-06-30,0,Deaths,0.0,0.0
38598,Papua New Guinea,2020-07-01,0,Deaths,0.0,0.0
38599,Papua New Guinea,2020-07-02,0,Deaths,0.0,0.0
38600,Papua New Guinea,2020-07-03,0,Deaths,0.0,0.0
38601,Papua New Guinea,2020-07-04,0,Deaths,0.0,0.0
38602,Papua New Guinea,2020-07-05,0,Deaths,0.0,0.0
38603,Papua New Guinea,2020-07-06,0,Deaths,0.0,0.0
38604,Papua New Guinea,2020-07-07,0,Deaths,0.0,0.0
38605,Papua New Guinea,2020-07-08,0,Deaths,0.0,0.0
38606,Papua New Guinea,2020-07-09,0,Deaths,0.0,0.0
38607,Papua New Guinea,2020-07-10,0,Deaths,0.0,0.0
38608,Papua New Guinea,2020-07-11,0,Deaths,0.0,0.0
38609,Papua New Guinea,2020-07-12,0,Deaths,0.0,0.0
38610,Papua New Guinea,2020-07-13,0,Deaths,0.0,0.0
38611,Papua New Guinea,2020-07-14,0,Deaths,0.0,0.0
38612,Papua New Guinea,2020-07-15,0,Deaths,0.0,0.0
38613,Papua New Guinea,2020-07-16,0,Deaths,0.0,0.0
38614,Papua New Guinea,2020-07-17,0,Deaths,0.0,0.0
38615,Papua New Guinea,2020-07-18,0,Deaths,0.0,0.0
38616,Papua New Guinea,2020-07-19,0,Deaths,0.0,0.0
38617,Papua New Guinea,2020-07-20,1,Deaths,1.0,1.0
38618,Papua New Guinea,2020-07-21,1,Deaths,0.0,1.0
38619,Papua New Guinea,2020-07-22,0,Deaths,-1.0,0.0
38620,Papua New Guinea,2020-07-23,0,Deaths,0.0,0.0
38621,Papua New Guinea,2020-07-24,0,Deaths,0.0,0.0
38622,Papua New Guinea,2020-07-25,0,Deaths,0.0,0.0
38623,Papua New Guinea,2020-07-26,0,Deaths,0.0,0.0
38624,Papua New Guinea,2020-07-27,0,Deaths,0.0,-1.0
38625,Papua New Guinea,2020-07-28,0,Deaths,0.0,-1.0
38626,Papua New Guinea,2020-07-29,1,Deaths,1.0,1.0
38627,Papua New Guinea,2020-07-30,2,Deaths,1.0,2.0
38628,Papua New Guinea,2020-07-31,2,Deaths,0.0,2.0
38629,Papua New Guinea,2020-08-01,2,Deaths,0.0,2.0
38630,Papua New Guinea,2020-08-02,2,Deaths,0.0,2.0
38631,Papua New Guinea,2020-08-03,2,Deaths,0.0,2.0
38632,Papua New Guinea,2020-08-04,2,Deaths,0.0,2.0
38633,Papua New Guinea,2020-08-05,2,Deaths,0.0,1.0
38634,Papua New Guinea,2020-08-06,3,Deaths,1.0,1.0
38635,Papua New Guinea,2020-08-07,3,Deaths,0.0,1.0
38636,Papua New Guinea,2020-08-08,3,Deaths,0.0,1.0
38637,Papua New Guinea,2020-08-09,3,Deaths,0.0,1.0
38638,Papua New Guinea,2020-08-10,3,Deaths,0.0,1.0
38639,Papua New Guinea,2020-08-11,3,Deaths,0.0,1.0
38640,Papua New Guinea,2020-08-12,3,Deaths,0.0,1.0
38641,Papua New Guinea,2020-08-13,3,Deaths,0.0,0.0
38642,Papua New Guinea,2020-08-14,3,Deaths,0.0,0.0
38643,Papua New Guinea,2020-08-15,3,Deaths,0.0,0.0
38644,Papua New Guinea,2020-08-16,3,Deaths,0.0,0.0
38645,Papua New Guinea,2020-08-17,3,Deaths,0.0,0.0
38646,Papua New Guinea,2020-08-18,3,Deaths,0.0,0.0
38647,Papua New Guinea,2020-08-19,3,Deaths,0.0,0.0
38648,Papua New Guinea,2020-08-20,4,Deaths,1.0,1.0
38649,Papua New Guinea,2020-08-21,4,Deaths,0.0,1.0
38650,Papua New Guinea,2020-08-22,4,Deaths,0.0,1.0
38651,Papua New Guinea,2020-08-23,4,Deaths,0.0,1.0
38652,Papua New Guinea,2020-08-24,4,Deaths,0.0,1.0
38653,Papua New Guinea,2020-08-25,4,Deaths,0.0,1.0
38654,Papua New Guinea,2020-08-26,4,Deaths,0.0,1.0
38655,Papua New Guinea,2020-08-27,4,Deaths,0.0,0.0
38656,Papua New Guinea,2020-08-28,5,Deaths,1.0,1.0
38657,Papua New Guinea,2020-08-29,5,Deaths,0.0,1.0
38658,Papua New Guinea,2020-08-30,5,Deaths,0.0,1.0
38659,Papua New Guinea,2020-08-31,5,Deaths,0.0,1.0
38660,Papua New Guinea,2020-09-01,5,Deaths,0.0,1.0
38661,Papua New Guinea,2020-09-02,5,Deaths,0.0,1.0
38662,Papua New Guinea,2020-09-03,5,Deaths,0.0,1.0
38663,Papua New Guinea,2020-09-04,5,Deaths,0.0,0.0
38664,Papua New Guinea,2020-09-05,5,Deaths,0.0,0.0
38665,Papua New Guinea,2020-09-06,5,Deaths,0.0,0.0
38666,Papua New Guinea,2020-09-07,5,Deaths,0.0,0.0
38667,Papua New Guinea,2020-09-08,5,Deaths,0.0,0.0
38668,Papua New Guinea,2020-09-09,5,Deaths,0.0,0.0
38669,Papua New Guinea,2020-09-10,5,Deaths,0.0,0.0
38670,Papua New Guinea,2020-09-11,5,Deaths,0.0,0.0
38671,Papua New Guinea,2020-09-12,5,Deaths,0.0,0.0
38672,Papua New Guinea,2020-09-13,6,Deaths,1.0,1.0
38673,Papua New Guinea,2020-09-14,6,Deaths,0.0,1.0
38674,Papua New Guinea,2020-09-15,6,Deaths,0.0,1.0
38675,Papua New Guinea,2020-09-16,6,Deaths,0.0,1.0
38676,Papua New Guinea,2020-09-17,6,Deaths,0.0,1.0
38677,Papua New Guinea,2020-09-18,6,Deaths,0.0,1.0
38678,Papua New Guinea,2020-09-19,6,Deaths,0.0,1.0
38679,Papua New Guinea,2020-09-20,7,Deaths,1.0,1.0
38680,Papua New Guinea,2020-09-21,7,Deaths,0.0,1.0
38681,Papua New Guinea,2020-09-22,7,Deaths,0.0,1.0
38682,Papua New Guinea,2020-09-23,7,Deaths,0.0,1.0
38683,Papua New Guinea,2020-09-24,7,Deaths,0.0,1.0
38684,Papua New Guinea,2020-09-25,7,Deaths,0.0,1.0
38685,Papua New Guinea,2020-09-26,7,Deaths,0.0,1.0
38686,Papua New Guinea,2020-09-27,7,Deaths,0.0,0.0
38687,Papua New Guinea,2020-09-28,7,Deaths,0.0,0.0
38688,Papua New Guinea,2020-09-29,7,Deaths,0.0,0.0
38689,Papua New Guinea,2020-09-30,7,Deaths,0.0,0.0
38690,Papua New Guinea,2020-10-01,7,Deaths,0.0,0.0
38691,Papua New Guinea,2020-10-02,7,Deaths,0.0,0.0
38692,Papua New Guinea,2020-10-03,7,Deaths,0.0,0.0
38693,Papua New Guinea,2020-10-04,7,Deaths,0.0,0.0
38694,Papua New Guinea,2020-10-05,7,Deaths,0.0,0.0
38695,Papua New Guinea,2020-10-06,7,Deaths,0.0,0.0
38696,Papua New Guinea,2020-10-07,7,Deaths,0.0,0.0
38697,Papua New Guinea,2020-10-08,7,Deaths,0.0,0.0
38698,Papua New Guinea,2020-10-09,7,Deaths,0.0,0.0
38699,Papua New Guinea,2020-10-10,7,Deaths,0.0,0.0
38700,Papua New Guinea,2020-10-11,7,Deaths,0.0,0.0
38701,Papua New Guinea,2020-10-12,7,Deaths,0.0,0.0
38702,Papua New Guinea,2020-10-13,7,Deaths,0.0,0.0
38703,Papua New Guinea,2020-10-14,7,Deaths,0.0,0.0
38704,Papua New Guinea,2020-10-15,7,Deaths,0.0,0.0
38705,Papua New Guinea,2020-10-16,7,Deaths,0.0,0.0
38706,Papua New Guinea,2020-10-17,7,Deaths,0.0,0.0
38707,Papua New Guinea,2020-10-18,7,Deaths,0.0,0.0
38708,Papua New Guinea,2020-10-19,7,Deaths,0.0,0.0
38709,Papua New Guinea,2020-10-20,7,Deaths,0.0,0.0
38710,Papua New Guinea,2020-10-21,7,Deaths,0.0,0.0
38711,Papua New Guinea,2020-10-22,7,Deaths,0.0,0.0
38712,Papua New Guinea,2020-10-23,7,Deaths,0.0,0.0
38713,Papua New Guinea,2020-10-24,7,Deaths,0.0,0.0
38714,Papua New Guinea,2020-10-25,7,Deaths,0.0,0.0
38715,Papua New Guinea,2020-10-26,7,Deaths,0.0,0.0
38716,Papua New Guinea,2020-10-27,7,Deaths,0.0,0.0
38717,Papua New Guinea,2020-10-28,7,Deaths,0.0,0.0
38718,Papua New Guinea,2020-10-29,7,Deaths,0.0,0.0
38719,Papua New Guinea,2020-10-30,7,Deaths,0.0,0.0
38720,Papua New Guinea,2020-10-31,7,Deaths,0.0,0.0
38721,Papua New Guinea,2020-11-01,7,Deaths,0.0,0.0
38722,Papua New Guinea,2020-11-02,7,Deaths,0.0,0.0
38723,Papua New Guinea,2020-11-03,7,Deaths,0.0,0.0
38724,Papua New Guinea,2020-11-04,7,Deaths,0.0,0.0
38725,Papua New Guinea,2020-11-05,7,Deaths,0.0,0.0
38726,Paraguay,2020-01-22,0,Deaths,,
38727,Paraguay,2020-01-23,0,Deaths,0.0,
38728,Paraguay,2020-01-24,0,Deaths,0.0,
38729,Paraguay,2020-01-25,0,Deaths,0.0,
38730,Paraguay,2020-01-26,0,Deaths,0.0,
38731,Paraguay,2020-01-27,0,Deaths,0.0,
38732,Paraguay,2020-01-28,0,Deaths,0.0,
38733,Paraguay,2020-01-29,0,Deaths,0.0,0.0
38734,Paraguay,2020-01-30,0,Deaths,0.0,0.0
38735,Paraguay,2020-01-31,0,Deaths,0.0,0.0
38736,Paraguay,2020-02-01,0,Deaths,0.0,0.0
38737,Paraguay,2020-02-02,0,Deaths,0.0,0.0
38738,Paraguay,2020-02-03,0,Deaths,0.0,0.0
38739,Paraguay,2020-02-04,0,Deaths,0.0,0.0
38740,Paraguay,2020-02-05,0,Deaths,0.0,0.0
38741,Paraguay,2020-02-06,0,Deaths,0.0,0.0
38742,Paraguay,2020-02-07,0,Deaths,0.0,0.0
38743,Paraguay,2020-02-08,0,Deaths,0.0,0.0
38744,Paraguay,2020-02-09,0,Deaths,0.0,0.0
38745,Paraguay,2020-02-10,0,Deaths,0.0,0.0
38746,Paraguay,2020-02-11,0,Deaths,0.0,0.0
38747,Paraguay,2020-02-12,0,Deaths,0.0,0.0
38748,Paraguay,2020-02-13,0,Deaths,0.0,0.0
38749,Paraguay,2020-02-14,0,Deaths,0.0,0.0
38750,Paraguay,2020-02-15,0,Deaths,0.0,0.0
38751,Paraguay,2020-02-16,0,Deaths,0.0,0.0
38752,Paraguay,2020-02-17,0,Deaths,0.0,0.0
38753,Paraguay,2020-02-18,0,Deaths,0.0,0.0
38754,Paraguay,2020-02-19,0,Deaths,0.0,0.0
38755,Paraguay,2020-02-20,0,Deaths,0.0,0.0
38756,Paraguay,2020-02-21,0,Deaths,0.0,0.0
38757,Paraguay,2020-02-22,0,Deaths,0.0,0.0
38758,Paraguay,2020-02-23,0,Deaths,0.0,0.0
38759,Paraguay,2020-02-24,0,Deaths,0.0,0.0
38760,Paraguay,2020-02-25,0,Deaths,0.0,0.0
38761,Paraguay,2020-02-26,0,Deaths,0.0,0.0
38762,Paraguay,2020-02-27,0,Deaths,0.0,0.0
38763,Paraguay,2020-02-28,0,Deaths,0.0,0.0
38764,Paraguay,2020-02-29,0,Deaths,0.0,0.0
38765,Paraguay,2020-03-01,0,Deaths,0.0,0.0
38766,Paraguay,2020-03-02,0,Deaths,0.0,0.0
38767,Paraguay,2020-03-03,0,Deaths,0.0,0.0
38768,Paraguay,2020-03-04,0,Deaths,0.0,0.0
38769,Paraguay,2020-03-05,0,Deaths,0.0,0.0
38770,Paraguay,2020-03-06,0,Deaths,0.0,0.0
38771,Paraguay,2020-03-07,0,Deaths,0.0,0.0
38772,Paraguay,2020-03-08,0,Deaths,0.0,0.0
38773,Paraguay,2020-03-09,0,Deaths,0.0,0.0
38774,Paraguay,2020-03-10,0,Deaths,0.0,0.0
38775,Paraguay,2020-03-11,0,Deaths,0.0,0.0
38776,Paraguay,2020-03-12,0,Deaths,0.0,0.0
38777,Paraguay,2020-03-13,0,Deaths,0.0,0.0
38778,Paraguay,2020-03-14,0,Deaths,0.0,0.0
38779,Paraguay,2020-03-15,0,Deaths,0.0,0.0
38780,Paraguay,2020-03-16,0,Deaths,0.0,0.0
38781,Paraguay,2020-03-17,0,Deaths,0.0,0.0
38782,Paraguay,2020-03-18,0,Deaths,0.0,0.0
38783,Paraguay,2020-03-19,0,Deaths,0.0,0.0
38784,Paraguay,2020-03-20,0,Deaths,0.0,0.0
38785,Paraguay,2020-03-21,1,Deaths,1.0,1.0
38786,Paraguay,2020-03-22,1,Deaths,0.0,1.0
38787,Paraguay,2020-03-23,1,Deaths,0.0,1.0
38788,Paraguay,2020-03-24,2,Deaths,1.0,2.0
38789,Paraguay,2020-03-25,3,Deaths,1.0,3.0
38790,Paraguay,2020-03-26,3,Deaths,0.0,3.0
38791,Paraguay,2020-03-27,3,Deaths,0.0,3.0
38792,Paraguay,2020-03-28,3,Deaths,0.0,2.0
38793,Paraguay,2020-03-29,3,Deaths,0.0,2.0
38794,Paraguay,2020-03-30,3,Deaths,0.0,2.0
38795,Paraguay,2020-03-31,3,Deaths,0.0,1.0
38796,Paraguay,2020-04-01,3,Deaths,0.0,0.0
38797,Paraguay,2020-04-02,3,Deaths,0.0,0.0
38798,Paraguay,2020-04-03,3,Deaths,0.0,0.0
38799,Paraguay,2020-04-04,3,Deaths,0.0,0.0
38800,Paraguay,2020-04-05,3,Deaths,0.0,0.0
38801,Paraguay,2020-04-06,5,Deaths,2.0,2.0
38802,Paraguay,2020-04-07,5,Deaths,0.0,2.0
38803,Paraguay,2020-04-08,5,Deaths,0.0,2.0
38804,Paraguay,2020-04-09,5,Deaths,0.0,2.0
38805,Paraguay,2020-04-10,6,Deaths,1.0,3.0
38806,Paraguay,2020-04-11,6,Deaths,0.0,3.0
38807,Paraguay,2020-04-12,6,Deaths,0.0,3.0
38808,Paraguay,2020-04-13,6,Deaths,0.0,1.0
38809,Paraguay,2020-04-14,7,Deaths,1.0,2.0
38810,Paraguay,2020-04-15,8,Deaths,1.0,3.0
38811,Paraguay,2020-04-16,8,Deaths,0.0,3.0
38812,Paraguay,2020-04-17,8,Deaths,0.0,2.0
38813,Paraguay,2020-04-18,8,Deaths,0.0,2.0
38814,Paraguay,2020-04-19,8,Deaths,0.0,2.0
38815,Paraguay,2020-04-20,8,Deaths,0.0,2.0
38816,Paraguay,2020-04-21,8,Deaths,0.0,1.0
38817,Paraguay,2020-04-22,9,Deaths,1.0,1.0
38818,Paraguay,2020-04-23,9,Deaths,0.0,1.0
38819,Paraguay,2020-04-24,9,Deaths,0.0,1.0
38820,Paraguay,2020-04-25,9,Deaths,0.0,1.0
38821,Paraguay,2020-04-26,9,Deaths,0.0,1.0
38822,Paraguay,2020-04-27,9,Deaths,0.0,1.0
38823,Paraguay,2020-04-28,9,Deaths,0.0,1.0
38824,Paraguay,2020-04-29,9,Deaths,0.0,0.0
38825,Paraguay,2020-04-30,10,Deaths,1.0,1.0
38826,Paraguay,2020-05-01,10,Deaths,0.0,1.0
38827,Paraguay,2020-05-02,10,Deaths,0.0,1.0
38828,Paraguay,2020-05-03,10,Deaths,0.0,1.0
38829,Paraguay,2020-05-04,10,Deaths,0.0,1.0
38830,Paraguay,2020-05-05,10,Deaths,0.0,1.0
38831,Paraguay,2020-05-06,10,Deaths,0.0,1.0
38832,Paraguay,2020-05-07,10,Deaths,0.0,0.0
38833,Paraguay,2020-05-08,10,Deaths,0.0,0.0
38834,Paraguay,2020-05-09,10,Deaths,0.0,0.0
38835,Paraguay,2020-05-10,10,Deaths,0.0,0.0
38836,Paraguay,2020-05-11,10,Deaths,0.0,0.0
38837,Paraguay,2020-05-12,10,Deaths,0.0,0.0
38838,Paraguay,2020-05-13,11,Deaths,1.0,1.0
38839,Paraguay,2020-05-14,11,Deaths,0.0,1.0
38840,Paraguay,2020-05-15,11,Deaths,0.0,1.0
38841,Paraguay,2020-05-16,11,Deaths,0.0,1.0
38842,Paraguay,2020-05-17,11,Deaths,0.0,1.0
38843,Paraguay,2020-05-18,11,Deaths,0.0,1.0
38844,Paraguay,2020-05-19,11,Deaths,0.0,1.0
38845,Paraguay,2020-05-20,11,Deaths,0.0,0.0
38846,Paraguay,2020-05-21,11,Deaths,0.0,0.0
38847,Paraguay,2020-05-22,11,Deaths,0.0,0.0
38848,Paraguay,2020-05-23,11,Deaths,0.0,0.0
38849,Paraguay,2020-05-24,11,Deaths,0.0,0.0
38850,Paraguay,2020-05-25,11,Deaths,0.0,0.0
38851,Paraguay,2020-05-26,11,Deaths,0.0,0.0
38852,Paraguay,2020-05-27,11,Deaths,0.0,0.0
38853,Paraguay,2020-05-28,11,Deaths,0.0,0.0
38854,Paraguay,2020-05-29,11,Deaths,0.0,0.0
38855,Paraguay,2020-05-30,11,Deaths,0.0,0.0
38856,Paraguay,2020-05-31,11,Deaths,0.0,0.0
38857,Paraguay,2020-06-01,11,Deaths,0.0,0.0
38858,Paraguay,2020-06-02,11,Deaths,0.0,0.0
38859,Paraguay,2020-06-03,11,Deaths,0.0,0.0
38860,Paraguay,2020-06-04,11,Deaths,0.0,0.0
38861,Paraguay,2020-06-05,11,Deaths,0.0,0.0
38862,Paraguay,2020-06-06,11,Deaths,0.0,0.0
38863,Paraguay,2020-06-07,11,Deaths,0.0,0.0
38864,Paraguay,2020-06-08,11,Deaths,0.0,0.0
38865,Paraguay,2020-06-09,11,Deaths,0.0,0.0
38866,Paraguay,2020-06-10,11,Deaths,0.0,0.0
38867,Paraguay,2020-06-11,11,Deaths,0.0,0.0
38868,Paraguay,2020-06-12,11,Deaths,0.0,0.0
38869,Paraguay,2020-06-13,11,Deaths,0.0,0.0
38870,Paraguay,2020-06-14,11,Deaths,0.0,0.0
38871,Paraguay,2020-06-15,12,Deaths,1.0,1.0
38872,Paraguay,2020-06-16,13,Deaths,1.0,2.0
38873,Paraguay,2020-06-17,13,Deaths,0.0,2.0
38874,Paraguay,2020-06-18,13,Deaths,0.0,2.0
38875,Paraguay,2020-06-19,13,Deaths,0.0,2.0
38876,Paraguay,2020-06-20,13,Deaths,0.0,2.0
38877,Paraguay,2020-06-21,13,Deaths,0.0,2.0
38878,Paraguay,2020-06-22,13,Deaths,0.0,1.0
38879,Paraguay,2020-06-23,13,Deaths,0.0,0.0
38880,Paraguay,2020-06-24,13,Deaths,0.0,0.0
38881,Paraguay,2020-06-25,13,Deaths,0.0,0.0
38882,Paraguay,2020-06-26,13,Deaths,0.0,0.0
38883,Paraguay,2020-06-27,15,Deaths,2.0,2.0
38884,Paraguay,2020-06-28,15,Deaths,0.0,2.0
38885,Paraguay,2020-06-29,16,Deaths,1.0,3.0
38886,Paraguay,2020-06-30,17,Deaths,1.0,4.0
38887,Paraguay,2020-07-01,19,Deaths,2.0,6.0
38888,Paraguay,2020-07-02,19,Deaths,0.0,6.0
38889,Paraguay,2020-07-03,19,Deaths,0.0,6.0
38890,Paraguay,2020-07-04,20,Deaths,1.0,5.0
38891,Paraguay,2020-07-05,20,Deaths,0.0,5.0
38892,Paraguay,2020-07-06,20,Deaths,0.0,4.0
38893,Paraguay,2020-07-07,20,Deaths,0.0,3.0
38894,Paraguay,2020-07-08,20,Deaths,0.0,1.0
38895,Paraguay,2020-07-09,20,Deaths,0.0,1.0
38896,Paraguay,2020-07-10,20,Deaths,0.0,1.0
38897,Paraguay,2020-07-11,21,Deaths,1.0,1.0
38898,Paraguay,2020-07-12,22,Deaths,1.0,2.0
38899,Paraguay,2020-07-13,25,Deaths,3.0,5.0
38900,Paraguay,2020-07-14,25,Deaths,0.0,5.0
38901,Paraguay,2020-07-15,25,Deaths,0.0,5.0
38902,Paraguay,2020-07-16,27,Deaths,2.0,7.0
38903,Paraguay,2020-07-17,28,Deaths,1.0,8.0
38904,Paraguay,2020-07-18,29,Deaths,1.0,8.0
38905,Paraguay,2020-07-19,31,Deaths,2.0,9.0
38906,Paraguay,2020-07-20,33,Deaths,2.0,8.0
38907,Paraguay,2020-07-21,35,Deaths,2.0,10.0
38908,Paraguay,2020-07-22,36,Deaths,1.0,11.0
38909,Paraguay,2020-07-23,36,Deaths,0.0,9.0
38910,Paraguay,2020-07-24,38,Deaths,2.0,10.0
38911,Paraguay,2020-07-25,40,Deaths,2.0,11.0
38912,Paraguay,2020-07-26,41,Deaths,1.0,10.0
38913,Paraguay,2020-07-27,43,Deaths,2.0,10.0
38914,Paraguay,2020-07-28,45,Deaths,2.0,10.0
38915,Paraguay,2020-07-29,46,Deaths,1.0,10.0
38916,Paraguay,2020-07-30,47,Deaths,1.0,11.0
38917,Paraguay,2020-07-31,49,Deaths,2.0,11.0
38918,Paraguay,2020-08-01,52,Deaths,3.0,12.0
38919,Paraguay,2020-08-02,52,Deaths,0.0,11.0
38920,Paraguay,2020-08-03,55,Deaths,3.0,12.0
38921,Paraguay,2020-08-04,59,Deaths,4.0,14.0
38922,Paraguay,2020-08-05,61,Deaths,2.0,15.0
38923,Paraguay,2020-08-06,66,Deaths,5.0,19.0
38924,Paraguay,2020-08-07,69,Deaths,3.0,20.0
38925,Paraguay,2020-08-08,72,Deaths,3.0,20.0
38926,Paraguay,2020-08-09,75,Deaths,3.0,23.0
38927,Paraguay,2020-08-10,82,Deaths,7.0,27.0
38928,Paraguay,2020-08-11,86,Deaths,4.0,27.0
38929,Paraguay,2020-08-12,93,Deaths,7.0,32.0
38930,Paraguay,2020-08-13,97,Deaths,4.0,31.0
38931,Paraguay,2020-08-14,108,Deaths,11.0,39.0
38932,Paraguay,2020-08-15,127,Deaths,19.0,55.0
38933,Paraguay,2020-08-16,138,Deaths,11.0,63.0
38934,Paraguay,2020-08-17,145,Deaths,7.0,63.0
38935,Paraguay,2020-08-18,161,Deaths,16.0,75.0
38936,Paraguay,2020-08-19,165,Deaths,4.0,72.0
38937,Paraguay,2020-08-20,170,Deaths,5.0,73.0
38938,Paraguay,2020-08-21,182,Deaths,12.0,74.0
38939,Paraguay,2020-08-22,192,Deaths,10.0,65.0
38940,Paraguay,2020-08-23,205,Deaths,13.0,67.0
38941,Paraguay,2020-08-24,219,Deaths,14.0,74.0
38942,Paraguay,2020-08-25,231,Deaths,12.0,70.0
38943,Paraguay,2020-08-26,247,Deaths,16.0,82.0
38944,Paraguay,2020-08-27,265,Deaths,18.0,95.0
38945,Paraguay,2020-08-28,280,Deaths,15.0,98.0
38946,Paraguay,2020-08-29,294,Deaths,14.0,102.0
38947,Paraguay,2020-08-30,308,Deaths,14.0,103.0
38948,Paraguay,2020-08-31,326,Deaths,18.0,107.0
38949,Paraguay,2020-09-01,348,Deaths,22.0,117.0
38950,Paraguay,2020-09-02,358,Deaths,10.0,111.0
38951,Paraguay,2020-09-03,373,Deaths,15.0,108.0
38952,Paraguay,2020-09-04,398,Deaths,25.0,118.0
38953,Paraguay,2020-09-05,412,Deaths,14.0,118.0
38954,Paraguay,2020-09-06,435,Deaths,23.0,127.0
38955,Paraguay,2020-09-07,449,Deaths,14.0,123.0
38956,Paraguay,2020-09-08,463,Deaths,14.0,115.0
38957,Paraguay,2020-09-09,474,Deaths,11.0,116.0
38958,Paraguay,2020-09-10,485,Deaths,11.0,112.0
38959,Paraguay,2020-09-11,496,Deaths,11.0,98.0
38960,Paraguay,2020-09-12,514,Deaths,18.0,102.0
38961,Paraguay,2020-09-13,525,Deaths,11.0,90.0
38962,Paraguay,2020-09-14,539,Deaths,14.0,90.0
38963,Paraguay,2020-09-15,552,Deaths,13.0,89.0
38964,Paraguay,2020-09-16,566,Deaths,14.0,92.0
38965,Paraguay,2020-09-17,584,Deaths,18.0,99.0
38966,Paraguay,2020-09-18,611,Deaths,27.0,115.0
38967,Paraguay,2020-09-19,636,Deaths,25.0,122.0
38968,Paraguay,2020-09-20,659,Deaths,23.0,134.0
38969,Paraguay,2020-09-21,676,Deaths,17.0,137.0
38970,Paraguay,2020-09-22,705,Deaths,29.0,153.0
38971,Paraguay,2020-09-23,727,Deaths,22.0,161.0
38972,Paraguay,2020-09-24,743,Deaths,16.0,159.0
38973,Paraguay,2020-09-25,761,Deaths,18.0,150.0
38974,Paraguay,2020-09-26,782,Deaths,21.0,146.0
38975,Paraguay,2020-09-27,803,Deaths,21.0,144.0
38976,Paraguay,2020-09-28,818,Deaths,15.0,142.0
38977,Paraguay,2020-09-29,841,Deaths,23.0,136.0
38978,Paraguay,2020-09-30,857,Deaths,16.0,130.0
38979,Paraguay,2020-10-01,869,Deaths,12.0,126.0
38980,Paraguay,2020-10-02,890,Deaths,21.0,129.0
38981,Paraguay,2020-10-03,913,Deaths,23.0,131.0
38982,Paraguay,2020-10-04,929,Deaths,16.0,126.0
38983,Paraguay,2020-10-05,947,Deaths,18.0,129.0
38984,Paraguay,2020-10-06,966,Deaths,19.0,125.0
38985,Paraguay,2020-10-07,989,Deaths,23.0,132.0
38986,Paraguay,2020-10-08,1012,Deaths,23.0,143.0
38987,Paraguay,2020-10-09,1045,Deaths,33.0,155.0
38988,Paraguay,2020-10-10,1065,Deaths,20.0,152.0
38989,Paraguay,2020-10-11,1077,Deaths,12.0,148.0
38990,Paraguay,2020-10-12,1096,Deaths,19.0,149.0
38991,Paraguay,2020-10-13,1108,Deaths,12.0,142.0
38992,Paraguay,2020-10-14,1131,Deaths,23.0,142.0
38993,Paraguay,2020-10-15,1150,Deaths,19.0,138.0
38994,Paraguay,2020-10-16,1165,Deaths,15.0,120.0
38995,Paraguay,2020-10-17,1179,Deaths,14.0,114.0
38996,Paraguay,2020-10-18,1188,Deaths,9.0,111.0
38997,Paraguay,2020-10-19,1207,Deaths,19.0,111.0
38998,Paraguay,2020-10-20,1231,Deaths,24.0,123.0
38999,Paraguay,2020-10-21,1250,Deaths,19.0,119.0
39000,Paraguay,2020-10-22,1262,Deaths,12.0,112.0
39001,Paraguay,2020-10-23,1278,Deaths,16.0,113.0
39002,Paraguay,2020-10-24,1293,Deaths,15.0,114.0
39003,Paraguay,2020-10-25,1309,Deaths,16.0,121.0
39004,Paraguay,2020-10-26,1333,Deaths,24.0,126.0
39005,Paraguay,2020-10-27,1347,Deaths,14.0,116.0
39006,Paraguay,2020-10-28,1359,Deaths,12.0,109.0
39007,Paraguay,2020-10-29,1373,Deaths,14.0,111.0
39008,Paraguay,2020-10-30,1387,Deaths,14.0,109.0
39009,Paraguay,2020-10-31,1404,Deaths,17.0,111.0
39010,Paraguay,2020-11-01,1418,Deaths,14.0,109.0
39011,Paraguay,2020-11-02,1429,Deaths,11.0,96.0
39012,Paraguay,2020-11-03,1441,Deaths,12.0,94.0
39013,Paraguay,2020-11-04,1454,Deaths,13.0,95.0
39014,Paraguay,2020-11-05,1462,Deaths,8.0,89.0
39015,Peru,2020-01-22,0,Deaths,,
39016,Peru,2020-01-23,0,Deaths,0.0,
39017,Peru,2020-01-24,0,Deaths,0.0,
39018,Peru,2020-01-25,0,Deaths,0.0,
39019,Peru,2020-01-26,0,Deaths,0.0,
39020,Peru,2020-01-27,0,Deaths,0.0,
39021,Peru,2020-01-28,0,Deaths,0.0,
39022,Peru,2020-01-29,0,Deaths,0.0,0.0
39023,Peru,2020-01-30,0,Deaths,0.0,0.0
39024,Peru,2020-01-31,0,Deaths,0.0,0.0
39025,Peru,2020-02-01,0,Deaths,0.0,0.0
39026,Peru,2020-02-02,0,Deaths,0.0,0.0
39027,Peru,2020-02-03,0,Deaths,0.0,0.0
39028,Peru,2020-02-04,0,Deaths,0.0,0.0
39029,Peru,2020-02-05,0,Deaths,0.0,0.0
39030,Peru,2020-02-06,0,Deaths,0.0,0.0
39031,Peru,2020-02-07,0,Deaths,0.0,0.0
39032,Peru,2020-02-08,0,Deaths,0.0,0.0
39033,Peru,2020-02-09,0,Deaths,0.0,0.0
39034,Peru,2020-02-10,0,Deaths,0.0,0.0
39035,Peru,2020-02-11,0,Deaths,0.0,0.0
39036,Peru,2020-02-12,0,Deaths,0.0,0.0
39037,Peru,2020-02-13,0,Deaths,0.0,0.0
39038,Peru,2020-02-14,0,Deaths,0.0,0.0
39039,Peru,2020-02-15,0,Deaths,0.0,0.0
39040,Peru,2020-02-16,0,Deaths,0.0,0.0
39041,Peru,2020-02-17,0,Deaths,0.0,0.0
39042,Peru,2020-02-18,0,Deaths,0.0,0.0
39043,Peru,2020-02-19,0,Deaths,0.0,0.0
39044,Peru,2020-02-20,0,Deaths,0.0,0.0
39045,Peru,2020-02-21,0,Deaths,0.0,0.0
39046,Peru,2020-02-22,0,Deaths,0.0,0.0
39047,Peru,2020-02-23,0,Deaths,0.0,0.0
39048,Peru,2020-02-24,0,Deaths,0.0,0.0
39049,Peru,2020-02-25,0,Deaths,0.0,0.0
39050,Peru,2020-02-26,0,Deaths,0.0,0.0
39051,Peru,2020-02-27,0,Deaths,0.0,0.0
39052,Peru,2020-02-28,0,Deaths,0.0,0.0
39053,Peru,2020-02-29,0,Deaths,0.0,0.0
39054,Peru,2020-03-01,0,Deaths,0.0,0.0
39055,Peru,2020-03-02,0,Deaths,0.0,0.0
39056,Peru,2020-03-03,0,Deaths,0.0,0.0
39057,Peru,2020-03-04,0,Deaths,0.0,0.0
39058,Peru,2020-03-05,0,Deaths,0.0,0.0
39059,Peru,2020-03-06,0,Deaths,0.0,0.0
39060,Peru,2020-03-07,0,Deaths,0.0,0.0
39061,Peru,2020-03-08,0,Deaths,0.0,0.0
39062,Peru,2020-03-09,0,Deaths,0.0,0.0
39063,Peru,2020-03-10,0,Deaths,0.0,0.0
39064,Peru,2020-03-11,0,Deaths,0.0,0.0
39065,Peru,2020-03-12,0,Deaths,0.0,0.0
39066,Peru,2020-03-13,0,Deaths,0.0,0.0
39067,Peru,2020-03-14,0,Deaths,0.0,0.0
39068,Peru,2020-03-15,0,Deaths,0.0,0.0
39069,Peru,2020-03-16,0,Deaths,0.0,0.0
39070,Peru,2020-03-17,0,Deaths,0.0,0.0
39071,Peru,2020-03-18,0,Deaths,0.0,0.0
39072,Peru,2020-03-19,0,Deaths,0.0,0.0
39073,Peru,2020-03-20,3,Deaths,3.0,3.0
39074,Peru,2020-03-21,5,Deaths,2.0,5.0
39075,Peru,2020-03-22,5,Deaths,0.0,5.0
39076,Peru,2020-03-23,5,Deaths,0.0,5.0
39077,Peru,2020-03-24,7,Deaths,2.0,7.0
39078,Peru,2020-03-25,9,Deaths,2.0,9.0
39079,Peru,2020-03-26,9,Deaths,0.0,9.0
39080,Peru,2020-03-27,11,Deaths,2.0,8.0
39081,Peru,2020-03-28,16,Deaths,5.0,11.0
39082,Peru,2020-03-29,18,Deaths,2.0,13.0
39083,Peru,2020-03-30,24,Deaths,6.0,19.0
39084,Peru,2020-03-31,30,Deaths,6.0,23.0
39085,Peru,2020-04-01,38,Deaths,8.0,29.0
39086,Peru,2020-04-02,55,Deaths,17.0,46.0
39087,Peru,2020-04-03,61,Deaths,6.0,50.0
39088,Peru,2020-04-04,73,Deaths,12.0,57.0
39089,Peru,2020-04-05,83,Deaths,10.0,65.0
39090,Peru,2020-04-06,92,Deaths,9.0,68.0
39091,Peru,2020-04-07,107,Deaths,15.0,77.0
39092,Peru,2020-04-08,121,Deaths,14.0,83.0
39093,Peru,2020-04-09,138,Deaths,17.0,83.0
39094,Peru,2020-04-10,169,Deaths,31.0,108.0
39095,Peru,2020-04-11,181,Deaths,12.0,108.0
39096,Peru,2020-04-12,193,Deaths,12.0,110.0
39097,Peru,2020-04-13,216,Deaths,23.0,124.0
39098,Peru,2020-04-14,230,Deaths,14.0,123.0
39099,Peru,2020-04-15,254,Deaths,24.0,133.0
39100,Peru,2020-04-16,274,Deaths,20.0,136.0
39101,Peru,2020-04-17,300,Deaths,26.0,131.0
39102,Peru,2020-04-18,348,Deaths,48.0,167.0
39103,Peru,2020-04-19,400,Deaths,52.0,207.0
39104,Peru,2020-04-20,445,Deaths,45.0,229.0
39105,Peru,2020-04-21,484,Deaths,39.0,254.0
39106,Peru,2020-04-22,530,Deaths,46.0,276.0
39107,Peru,2020-04-23,572,Deaths,42.0,298.0
39108,Peru,2020-04-24,634,Deaths,62.0,334.0
39109,Peru,2020-04-25,700,Deaths,66.0,352.0
39110,Peru,2020-04-26,728,Deaths,28.0,328.0
39111,Peru,2020-04-27,782,Deaths,54.0,337.0
39112,Peru,2020-04-28,854,Deaths,72.0,370.0
39113,Peru,2020-04-29,943,Deaths,89.0,413.0
39114,Peru,2020-04-30,1051,Deaths,108.0,479.0
39115,Peru,2020-05-01,1124,Deaths,73.0,490.0
39116,Peru,2020-05-02,1200,Deaths,76.0,500.0
39117,Peru,2020-05-03,1286,Deaths,86.0,558.0
39118,Peru,2020-05-04,1344,Deaths,58.0,562.0
39119,Peru,2020-05-05,1444,Deaths,100.0,590.0
39120,Peru,2020-05-06,1533,Deaths,89.0,590.0
39121,Peru,2020-05-07,1627,Deaths,94.0,576.0
39122,Peru,2020-05-08,1714,Deaths,87.0,590.0
39123,Peru,2020-05-09,1814,Deaths,100.0,614.0
39124,Peru,2020-05-10,1889,Deaths,75.0,603.0
39125,Peru,2020-05-11,1961,Deaths,72.0,617.0
39126,Peru,2020-05-12,2057,Deaths,96.0,613.0
39127,Peru,2020-05-13,2169,Deaths,112.0,636.0
39128,Peru,2020-05-14,2267,Deaths,98.0,640.0
39129,Peru,2020-05-15,2392,Deaths,125.0,678.0
39130,Peru,2020-05-16,2523,Deaths,131.0,709.0
39131,Peru,2020-05-17,2648,Deaths,125.0,759.0
39132,Peru,2020-05-18,2789,Deaths,141.0,828.0
39133,Peru,2020-05-19,2914,Deaths,125.0,857.0
39134,Peru,2020-05-20,3024,Deaths,110.0,855.0
39135,Peru,2020-05-21,3148,Deaths,124.0,881.0
39136,Peru,2020-05-22,3244,Deaths,96.0,852.0
39137,Peru,2020-05-23,3373,Deaths,129.0,850.0
39138,Peru,2020-05-24,3456,Deaths,83.0,808.0
39139,Peru,2020-05-25,3629,Deaths,173.0,840.0
39140,Peru,2020-05-26,3788,Deaths,159.0,874.0
39141,Peru,2020-05-27,3983,Deaths,195.0,959.0
39142,Peru,2020-05-28,4099,Deaths,116.0,951.0
39143,Peru,2020-05-29,4230,Deaths,131.0,986.0
39144,Peru,2020-05-30,4371,Deaths,141.0,998.0
39145,Peru,2020-05-31,4506,Deaths,135.0,1050.0
39146,Peru,2020-06-01,4634,Deaths,128.0,1005.0
39147,Peru,2020-06-02,4767,Deaths,133.0,979.0
39148,Peru,2020-06-03,4894,Deaths,127.0,911.0
39149,Peru,2020-06-04,5031,Deaths,137.0,932.0
39150,Peru,2020-06-05,5162,Deaths,131.0,932.0
39151,Peru,2020-06-06,5301,Deaths,139.0,930.0
39152,Peru,2020-06-07,5465,Deaths,164.0,959.0
39153,Peru,2020-06-08,5571,Deaths,106.0,937.0
39154,Peru,2020-06-09,5738,Deaths,167.0,971.0
39155,Peru,2020-06-10,5903,Deaths,165.0,1009.0
39156,Peru,2020-06-11,6088,Deaths,185.0,1057.0
39157,Peru,2020-06-12,6088,Deaths,0.0,926.0
39158,Peru,2020-06-13,6308,Deaths,220.0,1007.0
39159,Peru,2020-06-14,6688,Deaths,380.0,1223.0
39160,Peru,2020-06-15,6860,Deaths,172.0,1289.0
39161,Peru,2020-06-16,7056,Deaths,196.0,1318.0
39162,Peru,2020-06-17,7257,Deaths,201.0,1354.0
39163,Peru,2020-06-18,7461,Deaths,204.0,1373.0
39164,Peru,2020-06-19,7660,Deaths,199.0,1572.0
39165,Peru,2020-06-20,7861,Deaths,201.0,1553.0
39166,Peru,2020-06-21,8045,Deaths,184.0,1357.0
39167,Peru,2020-06-22,8223,Deaths,178.0,1363.0
39168,Peru,2020-06-23,8404,Deaths,181.0,1348.0
39169,Peru,2020-06-24,8586,Deaths,182.0,1329.0
39170,Peru,2020-06-25,8761,Deaths,175.0,1300.0
39171,Peru,2020-06-26,8939,Deaths,178.0,1279.0
39172,Peru,2020-06-27,9135,Deaths,196.0,1274.0
39173,Peru,2020-06-28,9317,Deaths,182.0,1272.0
39174,Peru,2020-06-29,9504,Deaths,187.0,1281.0
39175,Peru,2020-06-30,9677,Deaths,173.0,1273.0
39176,Peru,2020-07-01,9860,Deaths,183.0,1274.0
39177,Peru,2020-07-02,10045,Deaths,185.0,1284.0
39178,Peru,2020-07-03,10226,Deaths,181.0,1287.0
39179,Peru,2020-07-04,10412,Deaths,186.0,1277.0
39180,Peru,2020-07-05,10589,Deaths,177.0,1272.0
39181,Peru,2020-07-06,10772,Deaths,183.0,1268.0
39182,Peru,2020-07-07,10952,Deaths,180.0,1275.0
39183,Peru,2020-07-08,11133,Deaths,181.0,1273.0
39184,Peru,2020-07-09,11314,Deaths,181.0,1269.0
39185,Peru,2020-07-10,11500,Deaths,186.0,1274.0
39186,Peru,2020-07-11,11682,Deaths,182.0,1270.0
39187,Peru,2020-07-12,11870,Deaths,188.0,1281.0
39188,Peru,2020-07-13,12054,Deaths,184.0,1282.0
39189,Peru,2020-07-14,12229,Deaths,175.0,1277.0
39190,Peru,2020-07-15,12417,Deaths,188.0,1284.0
39191,Peru,2020-07-16,12615,Deaths,198.0,1301.0
39192,Peru,2020-07-17,12799,Deaths,184.0,1299.0
39193,Peru,2020-07-18,12998,Deaths,199.0,1316.0
39194,Peru,2020-07-19,13187,Deaths,189.0,1317.0
39195,Peru,2020-07-20,13384,Deaths,197.0,1330.0
39196,Peru,2020-07-21,13579,Deaths,195.0,1350.0
39197,Peru,2020-07-22,13767,Deaths,188.0,1350.0
39198,Peru,2020-07-23,17654,Deaths,3887.0,5039.0
39199,Peru,2020-07-24,17843,Deaths,189.0,5044.0
39200,Peru,2020-07-25,17843,Deaths,0.0,4845.0
39201,Peru,2020-07-26,17843,Deaths,0.0,4656.0
39202,Peru,2020-07-27,18418,Deaths,575.0,5034.0
39203,Peru,2020-07-28,18612,Deaths,194.0,5033.0
39204,Peru,2020-07-29,18816,Deaths,204.0,5049.0
39205,Peru,2020-07-30,18816,Deaths,0.0,1162.0
39206,Peru,2020-07-31,19021,Deaths,205.0,1178.0
39207,Peru,2020-08-01,19021,Deaths,0.0,1178.0
39208,Peru,2020-08-02,19614,Deaths,593.0,1771.0
39209,Peru,2020-08-03,19811,Deaths,197.0,1393.0
39210,Peru,2020-08-04,20007,Deaths,196.0,1395.0
39211,Peru,2020-08-05,20228,Deaths,221.0,1412.0
39212,Peru,2020-08-06,20424,Deaths,196.0,1608.0
39213,Peru,2020-08-07,20649,Deaths,225.0,1628.0
39214,Peru,2020-08-08,20649,Deaths,0.0,1628.0
39215,Peru,2020-08-09,21072,Deaths,423.0,1458.0
39216,Peru,2020-08-10,21276,Deaths,204.0,1465.0
39217,Peru,2020-08-11,21501,Deaths,225.0,1494.0
39218,Peru,2020-08-12,21501,Deaths,0.0,1273.0
39219,Peru,2020-08-13,21713,Deaths,212.0,1289.0
39220,Peru,2020-08-14,25856,Deaths,4143.0,5207.0
39221,Peru,2020-08-15,25856,Deaths,0.0,5207.0
39222,Peru,2020-08-16,26075,Deaths,219.0,5003.0
39223,Peru,2020-08-17,26281,Deaths,206.0,5005.0
39224,Peru,2020-08-18,26481,Deaths,200.0,4980.0
39225,Peru,2020-08-19,26658,Deaths,177.0,5157.0
39226,Peru,2020-08-20,26834,Deaths,176.0,5121.0
39227,Peru,2020-08-21,27034,Deaths,200.0,1178.0
39228,Peru,2020-08-22,27245,Deaths,211.0,1389.0
39229,Peru,2020-08-23,27453,Deaths,208.0,1378.0
39230,Peru,2020-08-24,27663,Deaths,210.0,1382.0
39231,Peru,2020-08-25,27813,Deaths,150.0,1332.0
39232,Peru,2020-08-26,28001,Deaths,188.0,1343.0
39233,Peru,2020-08-27,28124,Deaths,123.0,1290.0
39234,Peru,2020-08-28,28277,Deaths,153.0,1243.0
39235,Peru,2020-08-29,28471,Deaths,194.0,1226.0
39236,Peru,2020-08-30,28607,Deaths,136.0,1154.0
39237,Peru,2020-08-31,28788,Deaths,181.0,1125.0
39238,Peru,2020-09-01,28944,Deaths,156.0,1131.0
39239,Peru,2020-09-02,29068,Deaths,124.0,1067.0
39240,Peru,2020-09-03,29068,Deaths,0.0,944.0
39241,Peru,2020-09-04,29405,Deaths,337.0,1128.0
39242,Peru,2020-09-05,29554,Deaths,149.0,1083.0
39243,Peru,2020-09-06,29687,Deaths,133.0,1080.0
39244,Peru,2020-09-07,29838,Deaths,151.0,1050.0
39245,Peru,2020-09-08,29976,Deaths,138.0,1032.0
39246,Peru,2020-09-09,30123,Deaths,147.0,1055.0
39247,Peru,2020-09-10,30236,Deaths,113.0,1168.0
39248,Peru,2020-09-11,30344,Deaths,108.0,939.0
39249,Peru,2020-09-12,30470,Deaths,126.0,916.0
39250,Peru,2020-09-13,30526,Deaths,56.0,839.0
39251,Peru,2020-09-14,30710,Deaths,184.0,872.0
39252,Peru,2020-09-15,30812,Deaths,102.0,836.0
39253,Peru,2020-09-16,30927,Deaths,115.0,804.0
39254,Peru,2020-09-17,31051,Deaths,124.0,815.0
39255,Peru,2020-09-18,31146,Deaths,95.0,802.0
39256,Peru,2020-09-19,31283,Deaths,137.0,813.0
39257,Peru,2020-09-20,31369,Deaths,86.0,843.0
39258,Peru,2020-09-21,31369,Deaths,0.0,659.0
39259,Peru,2020-09-22,31369,Deaths,0.0,557.0
39260,Peru,2020-09-23,31568,Deaths,199.0,641.0
39261,Peru,2020-09-24,31870,Deaths,302.0,819.0
39262,Peru,2020-09-25,32037,Deaths,167.0,891.0
39263,Peru,2020-09-26,32037,Deaths,0.0,754.0
39264,Peru,2020-09-27,32142,Deaths,105.0,773.0
39265,Peru,2020-09-28,32262,Deaths,120.0,893.0
39266,Peru,2020-09-29,32324,Deaths,62.0,955.0
39267,Peru,2020-09-30,32396,Deaths,72.0,828.0
39268,Peru,2020-10-01,32463,Deaths,67.0,593.0
39269,Peru,2020-10-02,32535,Deaths,72.0,498.0
39270,Peru,2020-10-03,32609,Deaths,74.0,572.0
39271,Peru,2020-10-04,32609,Deaths,0.0,467.0
39272,Peru,2020-10-05,32742,Deaths,133.0,480.0
39273,Peru,2020-10-06,32834,Deaths,92.0,510.0
39274,Peru,2020-10-07,32914,Deaths,80.0,518.0
39275,Peru,2020-10-08,33009,Deaths,95.0,546.0
39276,Peru,2020-10-09,33098,Deaths,89.0,563.0
39277,Peru,2020-10-10,33223,Deaths,125.0,614.0
39278,Peru,2020-10-11,33305,Deaths,82.0,696.0
39279,Peru,2020-10-12,33357,Deaths,52.0,615.0
39280,Peru,2020-10-13,33419,Deaths,62.0,585.0
39281,Peru,2020-10-14,33419,Deaths,0.0,505.0
39282,Peru,2020-10-15,33577,Deaths,158.0,568.0
39283,Peru,2020-10-16,33577,Deaths,0.0,479.0
39284,Peru,2020-10-17,33648,Deaths,71.0,425.0
39285,Peru,2020-10-18,33702,Deaths,54.0,397.0
39286,Peru,2020-10-19,33759,Deaths,57.0,402.0
39287,Peru,2020-10-20,33820,Deaths,61.0,401.0
39288,Peru,2020-10-21,33875,Deaths,55.0,456.0
39289,Peru,2020-10-22,33984,Deaths,109.0,407.0
39290,Peru,2020-10-23,33984,Deaths,0.0,407.0
39291,Peru,2020-10-24,34033,Deaths,49.0,385.0
39292,Peru,2020-10-25,34149,Deaths,116.0,447.0
39293,Peru,2020-10-26,34149,Deaths,0.0,390.0
39294,Peru,2020-10-27,34197,Deaths,48.0,377.0
39295,Peru,2020-10-28,34257,Deaths,60.0,382.0
39296,Peru,2020-10-29,34315,Deaths,58.0,331.0
39297,Peru,2020-10-30,34362,Deaths,47.0,378.0
39298,Peru,2020-10-31,34411,Deaths,49.0,378.0
39299,Peru,2020-11-01,34476,Deaths,65.0,327.0
39300,Peru,2020-11-02,34476,Deaths,0.0,327.0
39301,Peru,2020-11-03,34476,Deaths,0.0,279.0
39302,Peru,2020-11-04,34671,Deaths,195.0,414.0
39303,Peru,2020-11-05,34730,Deaths,59.0,415.0
39304,Philippines,2020-01-22,0,Deaths,,
39305,Philippines,2020-01-23,0,Deaths,0.0,
39306,Philippines,2020-01-24,0,Deaths,0.0,
39307,Philippines,2020-01-25,0,Deaths,0.0,
39308,Philippines,2020-01-26,0,Deaths,0.0,
39309,Philippines,2020-01-27,0,Deaths,0.0,
39310,Philippines,2020-01-28,0,Deaths,0.0,
39311,Philippines,2020-01-29,0,Deaths,0.0,0.0
39312,Philippines,2020-01-30,0,Deaths,0.0,0.0
39313,Philippines,2020-01-31,0,Deaths,0.0,0.0
39314,Philippines,2020-02-01,0,Deaths,0.0,0.0
39315,Philippines,2020-02-02,1,Deaths,1.0,1.0
39316,Philippines,2020-02-03,1,Deaths,0.0,1.0
39317,Philippines,2020-02-04,1,Deaths,0.0,1.0
39318,Philippines,2020-02-05,1,Deaths,0.0,1.0
39319,Philippines,2020-02-06,1,Deaths,0.0,1.0
39320,Philippines,2020-02-07,1,Deaths,0.0,1.0
39321,Philippines,2020-02-08,1,Deaths,0.0,1.0
39322,Philippines,2020-02-09,1,Deaths,0.0,0.0
39323,Philippines,2020-02-10,1,Deaths,0.0,0.0
39324,Philippines,2020-02-11,1,Deaths,0.0,0.0
39325,Philippines,2020-02-12,1,Deaths,0.0,0.0
39326,Philippines,2020-02-13,1,Deaths,0.0,0.0
39327,Philippines,2020-02-14,1,Deaths,0.0,0.0
39328,Philippines,2020-02-15,1,Deaths,0.0,0.0
39329,Philippines,2020-02-16,1,Deaths,0.0,0.0
39330,Philippines,2020-02-17,1,Deaths,0.0,0.0
39331,Philippines,2020-02-18,1,Deaths,0.0,0.0
39332,Philippines,2020-02-19,1,Deaths,0.0,0.0
39333,Philippines,2020-02-20,1,Deaths,0.0,0.0
39334,Philippines,2020-02-21,1,Deaths,0.0,0.0
39335,Philippines,2020-02-22,1,Deaths,0.0,0.0
39336,Philippines,2020-02-23,1,Deaths,0.0,0.0
39337,Philippines,2020-02-24,1,Deaths,0.0,0.0
39338,Philippines,2020-02-25,1,Deaths,0.0,0.0
39339,Philippines,2020-02-26,1,Deaths,0.0,0.0
39340,Philippines,2020-02-27,1,Deaths,0.0,0.0
39341,Philippines,2020-02-28,1,Deaths,0.0,0.0
39342,Philippines,2020-02-29,1,Deaths,0.0,0.0
39343,Philippines,2020-03-01,1,Deaths,0.0,0.0
39344,Philippines,2020-03-02,1,Deaths,0.0,0.0
39345,Philippines,2020-03-03,1,Deaths,0.0,0.0
39346,Philippines,2020-03-04,1,Deaths,0.0,0.0
39347,Philippines,2020-03-05,1,Deaths,0.0,0.0
39348,Philippines,2020-03-06,1,Deaths,0.0,0.0
39349,Philippines,2020-03-07,1,Deaths,0.0,0.0
39350,Philippines,2020-03-08,1,Deaths,0.0,0.0
39351,Philippines,2020-03-09,1,Deaths,0.0,0.0
39352,Philippines,2020-03-10,1,Deaths,0.0,0.0
39353,Philippines,2020-03-11,1,Deaths,0.0,0.0
39354,Philippines,2020-03-12,2,Deaths,1.0,1.0
39355,Philippines,2020-03-13,5,Deaths,3.0,4.0
39356,Philippines,2020-03-14,8,Deaths,3.0,7.0
39357,Philippines,2020-03-15,11,Deaths,3.0,10.0
39358,Philippines,2020-03-16,12,Deaths,1.0,11.0
39359,Philippines,2020-03-17,12,Deaths,0.0,11.0
39360,Philippines,2020-03-18,19,Deaths,7.0,18.0
39361,Philippines,2020-03-19,17,Deaths,-2.0,15.0
39362,Philippines,2020-03-20,18,Deaths,1.0,13.0
39363,Philippines,2020-03-21,19,Deaths,1.0,11.0
39364,Philippines,2020-03-22,25,Deaths,6.0,14.0
39365,Philippines,2020-03-23,33,Deaths,8.0,21.0
39366,Philippines,2020-03-24,35,Deaths,2.0,23.0
39367,Philippines,2020-03-25,38,Deaths,3.0,19.0
39368,Philippines,2020-03-26,45,Deaths,7.0,28.0
39369,Philippines,2020-03-27,54,Deaths,9.0,36.0
39370,Philippines,2020-03-28,68,Deaths,14.0,49.0
39371,Philippines,2020-03-29,71,Deaths,3.0,46.0
39372,Philippines,2020-03-30,78,Deaths,7.0,45.0
39373,Philippines,2020-03-31,88,Deaths,10.0,53.0
39374,Philippines,2020-04-01,96,Deaths,8.0,58.0
39375,Philippines,2020-04-02,107,Deaths,11.0,62.0
39376,Philippines,2020-04-03,136,Deaths,29.0,82.0
39377,Philippines,2020-04-04,144,Deaths,8.0,76.0
39378,Philippines,2020-04-05,152,Deaths,8.0,81.0
39379,Philippines,2020-04-06,163,Deaths,11.0,85.0
39380,Philippines,2020-04-07,177,Deaths,14.0,89.0
39381,Philippines,2020-04-08,182,Deaths,5.0,86.0
39382,Philippines,2020-04-09,203,Deaths,21.0,96.0
39383,Philippines,2020-04-10,221,Deaths,18.0,85.0
39384,Philippines,2020-04-11,247,Deaths,26.0,103.0
39385,Philippines,2020-04-12,297,Deaths,50.0,145.0
39386,Philippines,2020-04-13,315,Deaths,18.0,152.0
39387,Philippines,2020-04-14,335,Deaths,20.0,158.0
39388,Philippines,2020-04-15,349,Deaths,14.0,167.0
39389,Philippines,2020-04-16,362,Deaths,13.0,159.0
39390,Philippines,2020-04-17,387,Deaths,25.0,166.0
39391,Philippines,2020-04-18,397,Deaths,10.0,150.0
39392,Philippines,2020-04-19,409,Deaths,12.0,112.0
39393,Philippines,2020-04-20,428,Deaths,19.0,113.0
39394,Philippines,2020-04-21,437,Deaths,9.0,102.0
39395,Philippines,2020-04-22,446,Deaths,9.0,97.0
39396,Philippines,2020-04-23,462,Deaths,16.0,100.0
39397,Philippines,2020-04-24,477,Deaths,15.0,90.0
39398,Philippines,2020-04-25,494,Deaths,17.0,97.0
39399,Philippines,2020-04-26,501,Deaths,7.0,92.0
39400,Philippines,2020-04-27,511,Deaths,10.0,83.0
39401,Philippines,2020-04-28,530,Deaths,19.0,93.0
39402,Philippines,2020-04-29,558,Deaths,28.0,112.0
39403,Philippines,2020-04-30,568,Deaths,10.0,106.0
39404,Philippines,2020-05-01,579,Deaths,11.0,102.0
39405,Philippines,2020-05-02,603,Deaths,24.0,109.0
39406,Philippines,2020-05-03,607,Deaths,4.0,106.0
39407,Philippines,2020-05-04,623,Deaths,16.0,112.0
39408,Philippines,2020-05-05,637,Deaths,14.0,107.0
39409,Philippines,2020-05-06,658,Deaths,21.0,100.0
39410,Philippines,2020-05-07,685,Deaths,27.0,117.0
39411,Philippines,2020-05-08,696,Deaths,11.0,117.0
39412,Philippines,2020-05-09,704,Deaths,8.0,101.0
39413,Philippines,2020-05-10,719,Deaths,15.0,112.0
39414,Philippines,2020-05-11,726,Deaths,7.0,103.0
39415,Philippines,2020-05-12,751,Deaths,25.0,114.0
39416,Philippines,2020-05-13,772,Deaths,21.0,114.0
39417,Philippines,2020-05-14,790,Deaths,18.0,105.0
39418,Philippines,2020-05-15,806,Deaths,16.0,110.0
39419,Philippines,2020-05-16,817,Deaths,11.0,113.0
39420,Philippines,2020-05-17,824,Deaths,7.0,105.0
39421,Philippines,2020-05-18,831,Deaths,7.0,105.0
39422,Philippines,2020-05-19,837,Deaths,6.0,86.0
39423,Philippines,2020-05-20,842,Deaths,5.0,70.0
39424,Philippines,2020-05-21,846,Deaths,4.0,56.0
39425,Philippines,2020-05-22,857,Deaths,11.0,51.0
39426,Philippines,2020-05-23,863,Deaths,6.0,46.0
39427,Philippines,2020-05-24,868,Deaths,5.0,44.0
39428,Philippines,2020-05-25,873,Deaths,5.0,42.0
39429,Philippines,2020-05-26,886,Deaths,13.0,49.0
39430,Philippines,2020-05-27,904,Deaths,18.0,62.0
39431,Philippines,2020-05-28,921,Deaths,17.0,75.0
39432,Philippines,2020-05-29,942,Deaths,21.0,85.0
39433,Philippines,2020-05-30,950,Deaths,8.0,87.0
39434,Philippines,2020-05-31,957,Deaths,7.0,89.0
39435,Philippines,2020-06-01,960,Deaths,3.0,87.0
39436,Philippines,2020-06-02,966,Deaths,6.0,80.0
39437,Philippines,2020-06-03,974,Deaths,8.0,70.0
39438,Philippines,2020-06-04,984,Deaths,10.0,63.0
39439,Philippines,2020-06-05,987,Deaths,3.0,45.0
39440,Philippines,2020-06-06,994,Deaths,7.0,44.0
39441,Philippines,2020-06-07,1003,Deaths,9.0,46.0
39442,Philippines,2020-06-08,1011,Deaths,8.0,51.0
39443,Philippines,2020-06-09,1017,Deaths,6.0,51.0
39444,Philippines,2020-06-10,1027,Deaths,10.0,53.0
39445,Philippines,2020-06-11,1036,Deaths,9.0,52.0
39446,Philippines,2020-06-12,1052,Deaths,16.0,65.0
39447,Philippines,2020-06-13,1074,Deaths,22.0,80.0
39448,Philippines,2020-06-14,1088,Deaths,14.0,85.0
39449,Philippines,2020-06-15,1098,Deaths,10.0,87.0
39450,Philippines,2020-06-16,1103,Deaths,5.0,86.0
39451,Philippines,2020-06-17,1108,Deaths,5.0,81.0
39452,Philippines,2020-06-18,1116,Deaths,8.0,80.0
39453,Philippines,2020-06-19,1130,Deaths,14.0,78.0
39454,Philippines,2020-06-20,1150,Deaths,20.0,76.0
39455,Philippines,2020-06-21,1169,Deaths,19.0,81.0
39456,Philippines,2020-06-22,1177,Deaths,8.0,79.0
39457,Philippines,2020-06-23,1186,Deaths,9.0,83.0
39458,Philippines,2020-06-24,1204,Deaths,18.0,96.0
39459,Philippines,2020-06-25,1212,Deaths,8.0,96.0
39460,Philippines,2020-06-26,1224,Deaths,12.0,94.0
39461,Philippines,2020-06-27,1236,Deaths,12.0,86.0
39462,Philippines,2020-06-28,1244,Deaths,8.0,75.0
39463,Philippines,2020-06-29,1255,Deaths,11.0,78.0
39464,Philippines,2020-06-30,1266,Deaths,11.0,80.0
39465,Philippines,2020-07-01,1270,Deaths,4.0,66.0
39466,Philippines,2020-07-02,1274,Deaths,4.0,62.0
39467,Philippines,2020-07-03,1280,Deaths,6.0,56.0
39468,Philippines,2020-07-04,1290,Deaths,10.0,54.0
39469,Philippines,2020-07-05,1297,Deaths,7.0,53.0
39470,Philippines,2020-07-06,1303,Deaths,6.0,48.0
39471,Philippines,2020-07-07,1309,Deaths,6.0,43.0
39472,Philippines,2020-07-08,1314,Deaths,5.0,44.0
39473,Philippines,2020-07-09,1314,Deaths,0.0,40.0
39474,Philippines,2020-07-10,1360,Deaths,46.0,80.0
39475,Philippines,2020-07-11,1372,Deaths,12.0,82.0
39476,Philippines,2020-07-12,1534,Deaths,162.0,237.0
39477,Philippines,2020-07-13,1599,Deaths,65.0,296.0
39478,Philippines,2020-07-14,1603,Deaths,4.0,294.0
39479,Philippines,2020-07-15,1614,Deaths,11.0,300.0
39480,Philippines,2020-07-16,1643,Deaths,29.0,329.0
39481,Philippines,2020-07-17,1660,Deaths,17.0,300.0
39482,Philippines,2020-07-18,1773,Deaths,113.0,401.0
39483,Philippines,2020-07-19,1831,Deaths,58.0,297.0
39484,Philippines,2020-07-20,1835,Deaths,4.0,236.0
39485,Philippines,2020-07-21,1837,Deaths,2.0,234.0
39486,Philippines,2020-07-22,1843,Deaths,6.0,229.0
39487,Philippines,2020-07-23,1871,Deaths,28.0,228.0
39488,Philippines,2020-07-24,1879,Deaths,8.0,219.0
39489,Philippines,2020-07-25,1897,Deaths,18.0,124.0
39490,Philippines,2020-07-26,1932,Deaths,35.0,101.0
39491,Philippines,2020-07-27,1945,Deaths,13.0,110.0
39492,Philippines,2020-07-28,1947,Deaths,2.0,110.0
39493,Philippines,2020-07-29,1962,Deaths,15.0,119.0
39494,Philippines,2020-07-30,1983,Deaths,21.0,112.0
39495,Philippines,2020-07-31,2023,Deaths,40.0,144.0
39496,Philippines,2020-08-01,2039,Deaths,16.0,142.0
39497,Philippines,2020-08-02,2059,Deaths,20.0,127.0
39498,Philippines,2020-08-03,2104,Deaths,45.0,159.0
39499,Philippines,2020-08-04,2115,Deaths,11.0,168.0
39500,Philippines,2020-08-05,2123,Deaths,8.0,161.0
39501,Philippines,2020-08-06,2150,Deaths,27.0,167.0
39502,Philippines,2020-08-07,2168,Deaths,18.0,145.0
39503,Philippines,2020-08-08,2209,Deaths,41.0,170.0
39504,Philippines,2020-08-09,2270,Deaths,61.0,211.0
39505,Philippines,2020-08-10,2294,Deaths,24.0,190.0
39506,Philippines,2020-08-11,2312,Deaths,18.0,197.0
39507,Philippines,2020-08-12,2404,Deaths,92.0,281.0
39508,Philippines,2020-08-13,2426,Deaths,22.0,276.0
39509,Philippines,2020-08-14,2442,Deaths,16.0,274.0
39510,Philippines,2020-08-15,2600,Deaths,158.0,391.0
39511,Philippines,2020-08-16,2665,Deaths,65.0,395.0
39512,Philippines,2020-08-17,2681,Deaths,16.0,387.0
39513,Philippines,2020-08-18,2687,Deaths,6.0,375.0
39514,Philippines,2020-08-19,2795,Deaths,108.0,391.0
39515,Philippines,2020-08-20,2883,Deaths,88.0,457.0
39516,Philippines,2020-08-21,2940,Deaths,57.0,498.0
39517,Philippines,2020-08-22,2966,Deaths,26.0,366.0
39518,Philippines,2020-08-23,2998,Deaths,32.0,333.0
39519,Philippines,2020-08-24,3010,Deaths,12.0,329.0
39520,Philippines,2020-08-25,3038,Deaths,28.0,351.0
39521,Philippines,2020-08-26,3137,Deaths,99.0,342.0
39522,Philippines,2020-08-27,3234,Deaths,97.0,351.0
39523,Philippines,2020-08-28,3325,Deaths,91.0,385.0
39524,Philippines,2020-08-29,3419,Deaths,94.0,453.0
39525,Philippines,2020-08-30,3520,Deaths,101.0,522.0
39526,Philippines,2020-08-31,3558,Deaths,38.0,548.0
39527,Philippines,2020-09-01,3597,Deaths,39.0,559.0
39528,Philippines,2020-09-02,3623,Deaths,26.0,486.0
39529,Philippines,2020-09-03,3688,Deaths,65.0,454.0
39530,Philippines,2020-09-04,3737,Deaths,49.0,412.0
39531,Philippines,2020-09-05,3790,Deaths,53.0,371.0
39532,Philippines,2020-09-06,3875,Deaths,85.0,355.0
39533,Philippines,2020-09-07,3890,Deaths,15.0,332.0
39534,Philippines,2020-09-08,3916,Deaths,26.0,319.0
39535,Philippines,2020-09-09,3986,Deaths,70.0,363.0
39536,Philippines,2020-09-10,4066,Deaths,80.0,378.0
39537,Philippines,2020-09-11,4108,Deaths,42.0,371.0
39538,Philippines,2020-09-12,4292,Deaths,184.0,502.0
39539,Philippines,2020-09-13,4371,Deaths,79.0,496.0
39540,Philippines,2020-09-14,4630,Deaths,259.0,740.0
39541,Philippines,2020-09-15,4663,Deaths,33.0,747.0
39542,Philippines,2020-09-16,4732,Deaths,69.0,746.0
39543,Philippines,2020-09-17,4785,Deaths,53.0,719.0
39544,Philippines,2020-09-18,4830,Deaths,45.0,722.0
39545,Philippines,2020-09-19,4930,Deaths,100.0,638.0
39546,Philippines,2020-09-20,4984,Deaths,54.0,613.0
39547,Philippines,2020-09-21,4999,Deaths,15.0,369.0
39548,Philippines,2020-09-22,5049,Deaths,50.0,386.0
39549,Philippines,2020-09-23,5091,Deaths,42.0,359.0
39550,Philippines,2020-09-24,5127,Deaths,36.0,342.0
39551,Philippines,2020-09-25,5196,Deaths,69.0,366.0
39552,Philippines,2020-09-26,5284,Deaths,88.0,354.0
39553,Philippines,2020-09-27,5344,Deaths,60.0,360.0
39554,Philippines,2020-09-28,5381,Deaths,37.0,382.0
39555,Philippines,2020-09-29,5448,Deaths,67.0,399.0
39556,Philippines,2020-09-30,5504,Deaths,56.0,413.0
39557,Philippines,2020-10-01,5562,Deaths,58.0,435.0
39558,Philippines,2020-10-02,5616,Deaths,54.0,420.0
39559,Philippines,2020-10-03,5678,Deaths,62.0,394.0
39560,Philippines,2020-10-04,5776,Deaths,98.0,432.0
39561,Philippines,2020-10-05,5840,Deaths,64.0,459.0
39562,Philippines,2020-10-06,5865,Deaths,25.0,417.0
39563,Philippines,2020-10-07,5925,Deaths,60.0,421.0
39564,Philippines,2020-10-08,6069,Deaths,144.0,507.0
39565,Philippines,2020-10-09,6152,Deaths,83.0,536.0
39566,Philippines,2020-10-10,6238,Deaths,86.0,560.0
39567,Philippines,2020-10-11,6321,Deaths,83.0,545.0
39568,Philippines,2020-10-12,6332,Deaths,11.0,492.0
39569,Philippines,2020-10-13,6372,Deaths,40.0,507.0
39570,Philippines,2020-10-14,6449,Deaths,77.0,524.0
39571,Philippines,2020-10-15,6497,Deaths,48.0,428.0
39572,Philippines,2020-10-16,6531,Deaths,34.0,379.0
39573,Philippines,2020-10-17,6603,Deaths,72.0,365.0
39574,Philippines,2020-10-18,6652,Deaths,49.0,331.0
39575,Philippines,2020-10-19,6675,Deaths,23.0,343.0
39576,Philippines,2020-10-20,6690,Deaths,15.0,318.0
39577,Philippines,2020-10-21,6747,Deaths,57.0,298.0
39578,Philippines,2020-10-22,6783,Deaths,36.0,286.0
39579,Philippines,2020-10-23,6915,Deaths,132.0,384.0
39580,Philippines,2020-10-24,6934,Deaths,19.0,331.0
39581,Philippines,2020-10-25,6977,Deaths,43.0,325.0
39582,Philippines,2020-10-26,7039,Deaths,62.0,364.0
39583,Philippines,2020-10-27,7053,Deaths,14.0,363.0
39584,Philippines,2020-10-28,7114,Deaths,61.0,367.0
39585,Philippines,2020-10-29,7147,Deaths,33.0,364.0
39586,Philippines,2020-10-30,7185,Deaths,38.0,270.0
39587,Philippines,2020-10-31,7221,Deaths,36.0,287.0
39588,Philippines,2020-11-01,7238,Deaths,17.0,261.0
39589,Philippines,2020-11-02,7269,Deaths,31.0,230.0
39590,Philippines,2020-11-03,7318,Deaths,49.0,265.0
39591,Philippines,2020-11-04,7367,Deaths,49.0,253.0
39592,Philippines,2020-11-05,7409,Deaths,42.0,262.0
39593,Poland,2020-01-22,0,Deaths,,
39594,Poland,2020-01-23,0,Deaths,0.0,
39595,Poland,2020-01-24,0,Deaths,0.0,
39596,Poland,2020-01-25,0,Deaths,0.0,
39597,Poland,2020-01-26,0,Deaths,0.0,
39598,Poland,2020-01-27,0,Deaths,0.0,
39599,Poland,2020-01-28,0,Deaths,0.0,
39600,Poland,2020-01-29,0,Deaths,0.0,0.0
39601,Poland,2020-01-30,0,Deaths,0.0,0.0
39602,Poland,2020-01-31,0,Deaths,0.0,0.0
39603,Poland,2020-02-01,0,Deaths,0.0,0.0
39604,Poland,2020-02-02,0,Deaths,0.0,0.0
39605,Poland,2020-02-03,0,Deaths,0.0,0.0
39606,Poland,2020-02-04,0,Deaths,0.0,0.0
39607,Poland,2020-02-05,0,Deaths,0.0,0.0
39608,Poland,2020-02-06,0,Deaths,0.0,0.0
39609,Poland,2020-02-07,0,Deaths,0.0,0.0
39610,Poland,2020-02-08,0,Deaths,0.0,0.0
39611,Poland,2020-02-09,0,Deaths,0.0,0.0
39612,Poland,2020-02-10,0,Deaths,0.0,0.0
39613,Poland,2020-02-11,0,Deaths,0.0,0.0
39614,Poland,2020-02-12,0,Deaths,0.0,0.0
39615,Poland,2020-02-13,0,Deaths,0.0,0.0
39616,Poland,2020-02-14,0,Deaths,0.0,0.0
39617,Poland,2020-02-15,0,Deaths,0.0,0.0
39618,Poland,2020-02-16,0,Deaths,0.0,0.0
39619,Poland,2020-02-17,0,Deaths,0.0,0.0
39620,Poland,2020-02-18,0,Deaths,0.0,0.0
39621,Poland,2020-02-19,0,Deaths,0.0,0.0
39622,Poland,2020-02-20,0,Deaths,0.0,0.0
39623,Poland,2020-02-21,0,Deaths,0.0,0.0
39624,Poland,2020-02-22,0,Deaths,0.0,0.0
39625,Poland,2020-02-23,0,Deaths,0.0,0.0
39626,Poland,2020-02-24,0,Deaths,0.0,0.0
39627,Poland,2020-02-25,0,Deaths,0.0,0.0
39628,Poland,2020-02-26,0,Deaths,0.0,0.0
39629,Poland,2020-02-27,0,Deaths,0.0,0.0
39630,Poland,2020-02-28,0,Deaths,0.0,0.0
39631,Poland,2020-02-29,0,Deaths,0.0,0.0
39632,Poland,2020-03-01,0,Deaths,0.0,0.0
39633,Poland,2020-03-02,0,Deaths,0.0,0.0
39634,Poland,2020-03-03,0,Deaths,0.0,0.0
39635,Poland,2020-03-04,0,Deaths,0.0,0.0
39636,Poland,2020-03-05,0,Deaths,0.0,0.0
39637,Poland,2020-03-06,0,Deaths,0.0,0.0
39638,Poland,2020-03-07,0,Deaths,0.0,0.0
39639,Poland,2020-03-08,0,Deaths,0.0,0.0
39640,Poland,2020-03-09,0,Deaths,0.0,0.0
39641,Poland,2020-03-10,0,Deaths,0.0,0.0
39642,Poland,2020-03-11,0,Deaths,0.0,0.0
39643,Poland,2020-03-12,1,Deaths,1.0,1.0
39644,Poland,2020-03-13,2,Deaths,1.0,2.0
39645,Poland,2020-03-14,3,Deaths,1.0,3.0
39646,Poland,2020-03-15,3,Deaths,0.0,3.0
39647,Poland,2020-03-16,4,Deaths,1.0,4.0
39648,Poland,2020-03-17,5,Deaths,1.0,5.0
39649,Poland,2020-03-18,5,Deaths,0.0,5.0
39650,Poland,2020-03-19,5,Deaths,0.0,4.0
39651,Poland,2020-03-20,5,Deaths,0.0,3.0
39652,Poland,2020-03-21,5,Deaths,0.0,2.0
39653,Poland,2020-03-22,7,Deaths,2.0,4.0
39654,Poland,2020-03-23,8,Deaths,1.0,4.0
39655,Poland,2020-03-24,10,Deaths,2.0,5.0
39656,Poland,2020-03-25,14,Deaths,4.0,9.0
39657,Poland,2020-03-26,16,Deaths,2.0,11.0
39658,Poland,2020-03-27,16,Deaths,0.0,11.0
39659,Poland,2020-03-28,18,Deaths,2.0,13.0
39660,Poland,2020-03-29,22,Deaths,4.0,15.0
39661,Poland,2020-03-30,31,Deaths,9.0,23.0
39662,Poland,2020-03-31,33,Deaths,2.0,23.0
39663,Poland,2020-04-01,43,Deaths,10.0,29.0
39664,Poland,2020-04-02,57,Deaths,14.0,41.0
39665,Poland,2020-04-03,71,Deaths,14.0,55.0
39666,Poland,2020-04-04,79,Deaths,8.0,61.0
39667,Poland,2020-04-05,94,Deaths,15.0,72.0
39668,Poland,2020-04-06,107,Deaths,13.0,76.0
39669,Poland,2020-04-07,129,Deaths,22.0,96.0
39670,Poland,2020-04-08,159,Deaths,30.0,116.0
39671,Poland,2020-04-09,174,Deaths,15.0,117.0
39672,Poland,2020-04-10,181,Deaths,7.0,110.0
39673,Poland,2020-04-11,208,Deaths,27.0,129.0
39674,Poland,2020-04-12,232,Deaths,24.0,138.0
39675,Poland,2020-04-13,245,Deaths,13.0,138.0
39676,Poland,2020-04-14,263,Deaths,18.0,134.0
39677,Poland,2020-04-15,286,Deaths,23.0,127.0
39678,Poland,2020-04-16,314,Deaths,28.0,140.0
39679,Poland,2020-04-17,332,Deaths,18.0,151.0
39680,Poland,2020-04-18,347,Deaths,15.0,139.0
39681,Poland,2020-04-19,360,Deaths,13.0,128.0
39682,Poland,2020-04-20,380,Deaths,20.0,135.0
39683,Poland,2020-04-21,401,Deaths,21.0,138.0
39684,Poland,2020-04-22,426,Deaths,25.0,140.0
39685,Poland,2020-04-23,454,Deaths,28.0,140.0
39686,Poland,2020-04-24,494,Deaths,40.0,162.0
39687,Poland,2020-04-25,524,Deaths,30.0,177.0
39688,Poland,2020-04-26,535,Deaths,11.0,175.0
39689,Poland,2020-04-27,562,Deaths,27.0,182.0
39690,Poland,2020-04-28,596,Deaths,34.0,195.0
39691,Poland,2020-04-29,624,Deaths,28.0,198.0
39692,Poland,2020-04-30,644,Deaths,20.0,190.0
39693,Poland,2020-05-01,651,Deaths,7.0,157.0
39694,Poland,2020-05-02,664,Deaths,13.0,140.0
39695,Poland,2020-05-03,678,Deaths,14.0,143.0
39696,Poland,2020-05-04,698,Deaths,20.0,136.0
39697,Poland,2020-05-05,716,Deaths,18.0,120.0
39698,Poland,2020-05-06,733,Deaths,17.0,109.0
39699,Poland,2020-05-07,755,Deaths,22.0,111.0
39700,Poland,2020-05-08,776,Deaths,21.0,125.0
39701,Poland,2020-05-09,785,Deaths,9.0,121.0
39702,Poland,2020-05-10,800,Deaths,15.0,122.0
39703,Poland,2020-05-11,811,Deaths,11.0,113.0
39704,Poland,2020-05-12,839,Deaths,28.0,123.0
39705,Poland,2020-05-13,861,Deaths,22.0,128.0
39706,Poland,2020-05-14,883,Deaths,22.0,128.0
39707,Poland,2020-05-15,907,Deaths,24.0,131.0
39708,Poland,2020-05-16,915,Deaths,8.0,130.0
39709,Poland,2020-05-17,925,Deaths,10.0,125.0
39710,Poland,2020-05-18,936,Deaths,11.0,125.0
39711,Poland,2020-05-19,948,Deaths,12.0,109.0
39712,Poland,2020-05-20,962,Deaths,14.0,101.0
39713,Poland,2020-05-21,972,Deaths,10.0,89.0
39714,Poland,2020-05-22,982,Deaths,10.0,75.0
39715,Poland,2020-05-23,993,Deaths,11.0,78.0
39716,Poland,2020-05-24,996,Deaths,3.0,71.0
39717,Poland,2020-05-25,1007,Deaths,11.0,71.0
39718,Poland,2020-05-26,1024,Deaths,17.0,76.0
39719,Poland,2020-05-27,1028,Deaths,4.0,66.0
39720,Poland,2020-05-28,1038,Deaths,10.0,66.0
39721,Poland,2020-05-29,1051,Deaths,13.0,69.0
39722,Poland,2020-05-30,1061,Deaths,10.0,68.0
39723,Poland,2020-05-31,1064,Deaths,3.0,68.0
39724,Poland,2020-06-01,1074,Deaths,10.0,67.0
39725,Poland,2020-06-02,1092,Deaths,18.0,68.0
39726,Poland,2020-06-03,1115,Deaths,23.0,87.0
39727,Poland,2020-06-04,1117,Deaths,2.0,79.0
39728,Poland,2020-06-05,1137,Deaths,20.0,86.0
39729,Poland,2020-06-06,1153,Deaths,16.0,92.0
39730,Poland,2020-06-07,1157,Deaths,4.0,93.0
39731,Poland,2020-06-08,1166,Deaths,9.0,92.0
39732,Poland,2020-06-09,1183,Deaths,17.0,91.0
39733,Poland,2020-06-10,1206,Deaths,23.0,91.0
39734,Poland,2020-06-11,1215,Deaths,9.0,98.0
39735,Poland,2020-06-12,1222,Deaths,7.0,85.0
39736,Poland,2020-06-13,1237,Deaths,15.0,84.0
39737,Poland,2020-06-14,1247,Deaths,10.0,90.0
39738,Poland,2020-06-15,1256,Deaths,9.0,90.0
39739,Poland,2020-06-16,1272,Deaths,16.0,89.0
39740,Poland,2020-06-17,1286,Deaths,14.0,80.0
39741,Poland,2020-06-18,1316,Deaths,30.0,101.0
39742,Poland,2020-06-19,1334,Deaths,18.0,112.0
39743,Poland,2020-06-20,1346,Deaths,12.0,109.0
39744,Poland,2020-06-21,1356,Deaths,10.0,109.0
39745,Poland,2020-06-22,1359,Deaths,3.0,103.0
39746,Poland,2020-06-23,1375,Deaths,16.0,103.0
39747,Poland,2020-06-24,1396,Deaths,21.0,110.0
39748,Poland,2020-06-25,1412,Deaths,16.0,96.0
39749,Poland,2020-06-26,1429,Deaths,17.0,95.0
39750,Poland,2020-06-27,1435,Deaths,6.0,89.0
39751,Poland,2020-06-28,1438,Deaths,3.0,82.0
39752,Poland,2020-06-29,1444,Deaths,6.0,85.0
39753,Poland,2020-06-30,1463,Deaths,19.0,88.0
39754,Poland,2020-07-01,1477,Deaths,14.0,81.0
39755,Poland,2020-07-02,1492,Deaths,15.0,80.0
39756,Poland,2020-07-03,1507,Deaths,15.0,78.0
39757,Poland,2020-07-04,1512,Deaths,5.0,77.0
39758,Poland,2020-07-05,1517,Deaths,5.0,79.0
39759,Poland,2020-07-06,1521,Deaths,4.0,77.0
39760,Poland,2020-07-07,1528,Deaths,7.0,65.0
39761,Poland,2020-07-08,1542,Deaths,14.0,65.0
39762,Poland,2020-07-09,1551,Deaths,9.0,59.0
39763,Poland,2020-07-10,1562,Deaths,11.0,55.0
39764,Poland,2020-07-11,1568,Deaths,6.0,56.0
39765,Poland,2020-07-12,1571,Deaths,3.0,54.0
39766,Poland,2020-07-13,1576,Deaths,5.0,55.0
39767,Poland,2020-07-14,1588,Deaths,12.0,60.0
39768,Poland,2020-07-15,1594,Deaths,6.0,52.0
39769,Poland,2020-07-16,1605,Deaths,11.0,54.0
39770,Poland,2020-07-17,1612,Deaths,7.0,50.0
39771,Poland,2020-07-18,1618,Deaths,6.0,50.0
39772,Poland,2020-07-19,1624,Deaths,6.0,53.0
39773,Poland,2020-07-20,1627,Deaths,3.0,51.0
39774,Poland,2020-07-21,1636,Deaths,9.0,48.0
39775,Poland,2020-07-22,1642,Deaths,6.0,48.0
39776,Poland,2020-07-23,1651,Deaths,9.0,46.0
39777,Poland,2020-07-24,1655,Deaths,4.0,43.0
39778,Poland,2020-07-25,1664,Deaths,9.0,46.0
39779,Poland,2020-07-26,1671,Deaths,7.0,47.0
39780,Poland,2020-07-27,1676,Deaths,5.0,49.0
39781,Poland,2020-07-28,1682,Deaths,6.0,46.0
39782,Poland,2020-07-29,1694,Deaths,12.0,52.0
39783,Poland,2020-07-30,1709,Deaths,15.0,58.0
39784,Poland,2020-07-31,1716,Deaths,7.0,61.0
39785,Poland,2020-08-01,1721,Deaths,5.0,57.0
39786,Poland,2020-08-02,1731,Deaths,10.0,60.0
39787,Poland,2020-08-03,1732,Deaths,1.0,56.0
39788,Poland,2020-08-04,1738,Deaths,6.0,56.0
39789,Poland,2020-08-05,1756,Deaths,18.0,62.0
39790,Poland,2020-08-06,1774,Deaths,18.0,65.0
39791,Poland,2020-08-07,1787,Deaths,13.0,71.0
39792,Poland,2020-08-08,1800,Deaths,13.0,79.0
39793,Poland,2020-08-09,1807,Deaths,7.0,76.0
39794,Poland,2020-08-10,1809,Deaths,2.0,77.0
39795,Poland,2020-08-11,1821,Deaths,12.0,83.0
39796,Poland,2020-08-12,1830,Deaths,9.0,74.0
39797,Poland,2020-08-13,1844,Deaths,14.0,70.0
39798,Poland,2020-08-14,1858,Deaths,14.0,71.0
39799,Poland,2020-08-15,1869,Deaths,11.0,69.0
39800,Poland,2020-08-16,1877,Deaths,8.0,70.0
39801,Poland,2020-08-17,1885,Deaths,8.0,76.0
39802,Poland,2020-08-18,1896,Deaths,11.0,75.0
39803,Poland,2020-08-19,1913,Deaths,17.0,83.0
39804,Poland,2020-08-20,1925,Deaths,12.0,81.0
39805,Poland,2020-08-21,1938,Deaths,13.0,80.0
39806,Poland,2020-08-22,1951,Deaths,13.0,82.0
39807,Poland,2020-08-23,1955,Deaths,4.0,78.0
39808,Poland,2020-08-24,1960,Deaths,5.0,75.0
39809,Poland,2020-08-25,1977,Deaths,17.0,81.0
39810,Poland,2020-08-26,1994,Deaths,17.0,81.0
39811,Poland,2020-08-27,2010,Deaths,16.0,85.0
39812,Poland,2020-08-28,2018,Deaths,8.0,80.0
39813,Poland,2020-08-29,2032,Deaths,14.0,81.0
39814,Poland,2020-08-30,2033,Deaths,1.0,78.0
39815,Poland,2020-08-31,2039,Deaths,6.0,79.0
39816,Poland,2020-09-01,2058,Deaths,19.0,81.0
39817,Poland,2020-09-02,2078,Deaths,20.0,84.0
39818,Poland,2020-09-03,2092,Deaths,14.0,82.0
39819,Poland,2020-09-04,2100,Deaths,8.0,82.0
39820,Poland,2020-09-05,2113,Deaths,13.0,81.0
39821,Poland,2020-09-06,2120,Deaths,7.0,87.0
39822,Poland,2020-09-07,2124,Deaths,4.0,85.0
39823,Poland,2020-09-08,2136,Deaths,12.0,78.0
39824,Poland,2020-09-09,2147,Deaths,11.0,69.0
39825,Poland,2020-09-10,2159,Deaths,12.0,67.0
39826,Poland,2020-09-11,2169,Deaths,10.0,69.0
39827,Poland,2020-09-12,2182,Deaths,13.0,69.0
39828,Poland,2020-09-13,2188,Deaths,6.0,68.0
39829,Poland,2020-09-14,2203,Deaths,15.0,79.0
39830,Poland,2020-09-15,2227,Deaths,24.0,91.0
39831,Poland,2020-09-16,2237,Deaths,10.0,90.0
39832,Poland,2020-09-17,2253,Deaths,16.0,94.0
39833,Poland,2020-09-18,2270,Deaths,17.0,101.0
39834,Poland,2020-09-19,2282,Deaths,12.0,100.0
39835,Poland,2020-09-20,2293,Deaths,11.0,105.0
39836,Poland,2020-09-21,2298,Deaths,5.0,95.0
39837,Poland,2020-09-22,2316,Deaths,18.0,89.0
39838,Poland,2020-09-23,2344,Deaths,28.0,107.0
39839,Poland,2020-09-24,2369,Deaths,25.0,116.0
39840,Poland,2020-09-25,2392,Deaths,23.0,122.0
39841,Poland,2020-09-26,2424,Deaths,32.0,142.0
39842,Poland,2020-09-27,2432,Deaths,8.0,139.0
39843,Poland,2020-09-28,2447,Deaths,15.0,149.0
39844,Poland,2020-09-29,2483,Deaths,36.0,167.0
39845,Poland,2020-09-30,2513,Deaths,30.0,169.0
39846,Poland,2020-10-01,2543,Deaths,30.0,174.0
39847,Poland,2020-10-02,2570,Deaths,27.0,178.0
39848,Poland,2020-10-03,2604,Deaths,34.0,180.0
39849,Poland,2020-10-04,2630,Deaths,26.0,198.0
39850,Poland,2020-10-05,2659,Deaths,29.0,212.0
39851,Poland,2020-10-06,2717,Deaths,58.0,234.0
39852,Poland,2020-10-07,2792,Deaths,75.0,279.0
39853,Poland,2020-10-08,2867,Deaths,75.0,324.0
39854,Poland,2020-10-09,2919,Deaths,52.0,349.0
39855,Poland,2020-10-10,2972,Deaths,53.0,368.0
39856,Poland,2020-10-11,3004,Deaths,32.0,374.0
39857,Poland,2020-10-12,3039,Deaths,35.0,380.0
39858,Poland,2020-10-13,3101,Deaths,62.0,384.0
39859,Poland,2020-10-14,3217,Deaths,116.0,425.0
39860,Poland,2020-10-15,3308,Deaths,91.0,441.0
39861,Poland,2020-10-16,3440,Deaths,132.0,521.0
39862,Poland,2020-10-17,3524,Deaths,84.0,552.0
39863,Poland,2020-10-18,3573,Deaths,49.0,569.0
39864,Poland,2020-10-19,3614,Deaths,41.0,575.0
39865,Poland,2020-10-20,3721,Deaths,107.0,620.0
39866,Poland,2020-10-21,3851,Deaths,130.0,634.0
39867,Poland,2020-10-22,4019,Deaths,168.0,711.0
39868,Poland,2020-10-23,4172,Deaths,153.0,732.0
39869,Poland,2020-10-24,4351,Deaths,179.0,827.0
39870,Poland,2020-10-25,4438,Deaths,87.0,865.0
39871,Poland,2020-10-26,4483,Deaths,45.0,869.0
39872,Poland,2020-10-27,4615,Deaths,132.0,894.0
39873,Poland,2020-10-28,4849,Deaths,234.0,998.0
39874,Poland,2020-10-29,5149,Deaths,300.0,1130.0
39875,Poland,2020-10-30,5351,Deaths,202.0,1179.0
39876,Poland,2020-10-31,5631,Deaths,280.0,1280.0
39877,Poland,2020-11-01,5783,Deaths,152.0,1345.0
39878,Poland,2020-11-02,5875,Deaths,92.0,1392.0
39879,Poland,2020-11-03,6102,Deaths,227.0,1487.0
39880,Poland,2020-11-04,6475,Deaths,373.0,1626.0
39881,Poland,2020-11-05,6842,Deaths,367.0,1693.0
39882,Portugal,2020-01-22,0,Deaths,,
39883,Portugal,2020-01-23,0,Deaths,0.0,
39884,Portugal,2020-01-24,0,Deaths,0.0,
39885,Portugal,2020-01-25,0,Deaths,0.0,
39886,Portugal,2020-01-26,0,Deaths,0.0,
39887,Portugal,2020-01-27,0,Deaths,0.0,
39888,Portugal,2020-01-28,0,Deaths,0.0,
39889,Portugal,2020-01-29,0,Deaths,0.0,0.0
39890,Portugal,2020-01-30,0,Deaths,0.0,0.0
39891,Portugal,2020-01-31,0,Deaths,0.0,0.0
39892,Portugal,2020-02-01,0,Deaths,0.0,0.0
39893,Portugal,2020-02-02,0,Deaths,0.0,0.0
39894,Portugal,2020-02-03,0,Deaths,0.0,0.0
39895,Portugal,2020-02-04,0,Deaths,0.0,0.0
39896,Portugal,2020-02-05,0,Deaths,0.0,0.0
39897,Portugal,2020-02-06,0,Deaths,0.0,0.0
39898,Portugal,2020-02-07,0,Deaths,0.0,0.0
39899,Portugal,2020-02-08,0,Deaths,0.0,0.0
39900,Portugal,2020-02-09,0,Deaths,0.0,0.0
39901,Portugal,2020-02-10,0,Deaths,0.0,0.0
39902,Portugal,2020-02-11,0,Deaths,0.0,0.0
39903,Portugal,2020-02-12,0,Deaths,0.0,0.0
39904,Portugal,2020-02-13,0,Deaths,0.0,0.0
39905,Portugal,2020-02-14,0,Deaths,0.0,0.0
39906,Portugal,2020-02-15,0,Deaths,0.0,0.0
39907,Portugal,2020-02-16,0,Deaths,0.0,0.0
39908,Portugal,2020-02-17,0,Deaths,0.0,0.0
39909,Portugal,2020-02-18,0,Deaths,0.0,0.0
39910,Portugal,2020-02-19,0,Deaths,0.0,0.0
39911,Portugal,2020-02-20,0,Deaths,0.0,0.0
39912,Portugal,2020-02-21,0,Deaths,0.0,0.0
39913,Portugal,2020-02-22,0,Deaths,0.0,0.0
39914,Portugal,2020-02-23,0,Deaths,0.0,0.0
39915,Portugal,2020-02-24,0,Deaths,0.0,0.0
39916,Portugal,2020-02-25,0,Deaths,0.0,0.0
39917,Portugal,2020-02-26,0,Deaths,0.0,0.0
39918,Portugal,2020-02-27,0,Deaths,0.0,0.0
39919,Portugal,2020-02-28,0,Deaths,0.0,0.0
39920,Portugal,2020-02-29,0,Deaths,0.0,0.0
39921,Portugal,2020-03-01,0,Deaths,0.0,0.0
39922,Portugal,2020-03-02,0,Deaths,0.0,0.0
39923,Portugal,2020-03-03,0,Deaths,0.0,0.0
39924,Portugal,2020-03-04,0,Deaths,0.0,0.0
39925,Portugal,2020-03-05,0,Deaths,0.0,0.0
39926,Portugal,2020-03-06,0,Deaths,0.0,0.0
39927,Portugal,2020-03-07,0,Deaths,0.0,0.0
39928,Portugal,2020-03-08,0,Deaths,0.0,0.0
39929,Portugal,2020-03-09,0,Deaths,0.0,0.0
39930,Portugal,2020-03-10,0,Deaths,0.0,0.0
39931,Portugal,2020-03-11,0,Deaths,0.0,0.0
39932,Portugal,2020-03-12,0,Deaths,0.0,0.0
39933,Portugal,2020-03-13,0,Deaths,0.0,0.0
39934,Portugal,2020-03-14,0,Deaths,0.0,0.0
39935,Portugal,2020-03-15,0,Deaths,0.0,0.0
39936,Portugal,2020-03-16,0,Deaths,0.0,0.0
39937,Portugal,2020-03-17,1,Deaths,1.0,1.0
39938,Portugal,2020-03-18,2,Deaths,1.0,2.0
39939,Portugal,2020-03-19,3,Deaths,1.0,3.0
39940,Portugal,2020-03-20,6,Deaths,3.0,6.0
39941,Portugal,2020-03-21,12,Deaths,6.0,12.0
39942,Portugal,2020-03-22,14,Deaths,2.0,14.0
39943,Portugal,2020-03-23,23,Deaths,9.0,23.0
39944,Portugal,2020-03-24,33,Deaths,10.0,32.0
39945,Portugal,2020-03-25,43,Deaths,10.0,41.0
39946,Portugal,2020-03-26,60,Deaths,17.0,57.0
39947,Portugal,2020-03-27,76,Deaths,16.0,70.0
39948,Portugal,2020-03-28,100,Deaths,24.0,88.0
39949,Portugal,2020-03-29,119,Deaths,19.0,105.0
39950,Portugal,2020-03-30,140,Deaths,21.0,117.0
39951,Portugal,2020-03-31,160,Deaths,20.0,127.0
39952,Portugal,2020-04-01,187,Deaths,27.0,144.0
39953,Portugal,2020-04-02,209,Deaths,22.0,149.0
39954,Portugal,2020-04-03,246,Deaths,37.0,170.0
39955,Portugal,2020-04-04,266,Deaths,20.0,166.0
39956,Portugal,2020-04-05,295,Deaths,29.0,176.0
39957,Portugal,2020-04-06,311,Deaths,16.0,171.0
39958,Portugal,2020-04-07,345,Deaths,34.0,185.0
39959,Portugal,2020-04-08,380,Deaths,35.0,193.0
39960,Portugal,2020-04-09,409,Deaths,29.0,200.0
39961,Portugal,2020-04-10,435,Deaths,26.0,189.0
39962,Portugal,2020-04-11,470,Deaths,35.0,204.0
39963,Portugal,2020-04-12,504,Deaths,34.0,209.0
39964,Portugal,2020-04-13,535,Deaths,31.0,224.0
39965,Portugal,2020-04-14,567,Deaths,32.0,222.0
39966,Portugal,2020-04-15,599,Deaths,32.0,219.0
39967,Portugal,2020-04-16,629,Deaths,30.0,220.0
39968,Portugal,2020-04-17,657,Deaths,28.0,222.0
39969,Portugal,2020-04-18,687,Deaths,30.0,217.0
39970,Portugal,2020-04-19,714,Deaths,27.0,210.0
39971,Portugal,2020-04-20,735,Deaths,21.0,200.0
39972,Portugal,2020-04-21,762,Deaths,27.0,195.0
39973,Portugal,2020-04-22,785,Deaths,23.0,186.0
39974,Portugal,2020-04-23,820,Deaths,35.0,191.0
39975,Portugal,2020-04-24,854,Deaths,34.0,197.0
39976,Portugal,2020-04-25,880,Deaths,26.0,193.0
39977,Portugal,2020-04-26,903,Deaths,23.0,189.0
39978,Portugal,2020-04-27,928,Deaths,25.0,193.0
39979,Portugal,2020-04-28,948,Deaths,20.0,186.0
39980,Portugal,2020-04-29,973,Deaths,25.0,188.0
39981,Portugal,2020-04-30,989,Deaths,16.0,169.0
39982,Portugal,2020-05-01,1007,Deaths,18.0,153.0
39983,Portugal,2020-05-02,1023,Deaths,16.0,143.0
39984,Portugal,2020-05-03,1043,Deaths,20.0,140.0
39985,Portugal,2020-05-04,1063,Deaths,20.0,135.0
39986,Portugal,2020-05-05,1074,Deaths,11.0,126.0
39987,Portugal,2020-05-06,1089,Deaths,15.0,116.0
39988,Portugal,2020-05-07,1105,Deaths,16.0,116.0
39989,Portugal,2020-05-08,1114,Deaths,9.0,107.0
39990,Portugal,2020-05-09,1126,Deaths,12.0,103.0
39991,Portugal,2020-05-10,1135,Deaths,9.0,92.0
39992,Portugal,2020-05-11,1144,Deaths,9.0,81.0
39993,Portugal,2020-05-12,1163,Deaths,19.0,89.0
39994,Portugal,2020-05-13,1175,Deaths,12.0,86.0
39995,Portugal,2020-05-14,1184,Deaths,9.0,79.0
39996,Portugal,2020-05-15,1190,Deaths,6.0,76.0
39997,Portugal,2020-05-16,1203,Deaths,13.0,77.0
39998,Portugal,2020-05-17,1218,Deaths,15.0,83.0
39999,Portugal,2020-05-18,1231,Deaths,13.0,87.0
40000,Portugal,2020-05-19,1247,Deaths,16.0,84.0
40001,Portugal,2020-05-20,1263,Deaths,16.0,88.0
40002,Portugal,2020-05-21,1277,Deaths,14.0,93.0
40003,Portugal,2020-05-22,1289,Deaths,12.0,99.0
40004,Portugal,2020-05-23,1302,Deaths,13.0,99.0
40005,Portugal,2020-05-24,1316,Deaths,14.0,98.0
40006,Portugal,2020-05-25,1330,Deaths,14.0,99.0
40007,Portugal,2020-05-26,1342,Deaths,12.0,95.0
40008,Portugal,2020-05-27,1356,Deaths,14.0,93.0
40009,Portugal,2020-05-28,1369,Deaths,13.0,92.0
40010,Portugal,2020-05-29,1383,Deaths,14.0,94.0
40011,Portugal,2020-05-30,1396,Deaths,13.0,94.0
40012,Portugal,2020-05-31,1410,Deaths,14.0,94.0
40013,Portugal,2020-06-01,1424,Deaths,14.0,94.0
40014,Portugal,2020-06-02,1436,Deaths,12.0,94.0
40015,Portugal,2020-06-03,1447,Deaths,11.0,91.0
40016,Portugal,2020-06-04,1455,Deaths,8.0,86.0
40017,Portugal,2020-06-05,1465,Deaths,10.0,82.0
40018,Portugal,2020-06-06,1474,Deaths,9.0,78.0
40019,Portugal,2020-06-07,1479,Deaths,5.0,69.0
40020,Portugal,2020-06-08,1485,Deaths,6.0,61.0
40021,Portugal,2020-06-09,1492,Deaths,7.0,56.0
40022,Portugal,2020-06-10,1497,Deaths,5.0,50.0
40023,Portugal,2020-06-11,1504,Deaths,7.0,49.0
40024,Portugal,2020-06-12,1505,Deaths,1.0,40.0
40025,Portugal,2020-06-13,1512,Deaths,7.0,38.0
40026,Portugal,2020-06-14,1517,Deaths,5.0,38.0
40027,Portugal,2020-06-15,1520,Deaths,3.0,35.0
40028,Portugal,2020-06-16,1522,Deaths,2.0,30.0
40029,Portugal,2020-06-17,1523,Deaths,1.0,26.0
40030,Portugal,2020-06-18,1524,Deaths,1.0,20.0
40031,Portugal,2020-06-19,1527,Deaths,3.0,22.0
40032,Portugal,2020-06-20,1528,Deaths,1.0,16.0
40033,Portugal,2020-06-21,1530,Deaths,2.0,13.0
40034,Portugal,2020-06-22,1534,Deaths,4.0,14.0
40035,Portugal,2020-06-23,1540,Deaths,6.0,18.0
40036,Portugal,2020-06-24,1543,Deaths,3.0,20.0
40037,Portugal,2020-06-25,1549,Deaths,6.0,25.0
40038,Portugal,2020-06-26,1555,Deaths,6.0,28.0
40039,Portugal,2020-06-27,1561,Deaths,6.0,33.0
40040,Portugal,2020-06-28,1564,Deaths,3.0,34.0
40041,Portugal,2020-06-29,1568,Deaths,4.0,34.0
40042,Portugal,2020-06-30,1576,Deaths,8.0,36.0
40043,Portugal,2020-07-01,1579,Deaths,3.0,36.0
40044,Portugal,2020-07-02,1587,Deaths,8.0,38.0
40045,Portugal,2020-07-03,1598,Deaths,11.0,43.0
40046,Portugal,2020-07-04,1605,Deaths,7.0,44.0
40047,Portugal,2020-07-05,1614,Deaths,9.0,50.0
40048,Portugal,2020-07-06,1620,Deaths,6.0,52.0
40049,Portugal,2020-07-07,1629,Deaths,9.0,53.0
40050,Portugal,2020-07-08,1631,Deaths,2.0,52.0
40051,Portugal,2020-07-09,1644,Deaths,13.0,57.0
40052,Portugal,2020-07-10,1646,Deaths,2.0,48.0
40053,Portugal,2020-07-11,1654,Deaths,8.0,49.0
40054,Portugal,2020-07-12,1660,Deaths,6.0,46.0
40055,Portugal,2020-07-13,1662,Deaths,2.0,42.0
40056,Portugal,2020-07-14,1668,Deaths,6.0,39.0
40057,Portugal,2020-07-15,1676,Deaths,8.0,45.0
40058,Portugal,2020-07-16,1679,Deaths,3.0,35.0
40059,Portugal,2020-07-17,1682,Deaths,3.0,36.0
40060,Portugal,2020-07-18,1684,Deaths,2.0,30.0
40061,Portugal,2020-07-19,1689,Deaths,5.0,29.0
40062,Portugal,2020-07-20,1691,Deaths,2.0,29.0
40063,Portugal,2020-07-21,1697,Deaths,6.0,29.0
40064,Portugal,2020-07-22,1702,Deaths,5.0,26.0
40065,Portugal,2020-07-23,1705,Deaths,3.0,26.0
40066,Portugal,2020-07-24,1712,Deaths,7.0,30.0
40067,Portugal,2020-07-25,1716,Deaths,4.0,32.0
40068,Portugal,2020-07-26,1717,Deaths,1.0,28.0
40069,Portugal,2020-07-27,1719,Deaths,2.0,28.0
40070,Portugal,2020-07-28,1722,Deaths,3.0,25.0
40071,Portugal,2020-07-29,1725,Deaths,3.0,23.0
40072,Portugal,2020-07-30,1727,Deaths,2.0,22.0
40073,Portugal,2020-07-31,1735,Deaths,8.0,23.0
40074,Portugal,2020-08-01,1737,Deaths,2.0,21.0
40075,Portugal,2020-08-02,1738,Deaths,1.0,21.0
40076,Portugal,2020-08-03,1738,Deaths,0.0,19.0
40077,Portugal,2020-08-04,1739,Deaths,1.0,17.0
40078,Portugal,2020-08-05,1740,Deaths,1.0,15.0
40079,Portugal,2020-08-06,1743,Deaths,3.0,16.0
40080,Portugal,2020-08-07,1746,Deaths,3.0,11.0
40081,Portugal,2020-08-08,1750,Deaths,4.0,13.0
40082,Portugal,2020-08-09,1756,Deaths,6.0,18.0
40083,Portugal,2020-08-10,1759,Deaths,3.0,21.0
40084,Portugal,2020-08-11,1761,Deaths,2.0,22.0
40085,Portugal,2020-08-12,1764,Deaths,3.0,24.0
40086,Portugal,2020-08-13,1770,Deaths,6.0,27.0
40087,Portugal,2020-08-14,1772,Deaths,2.0,26.0
40088,Portugal,2020-08-15,1775,Deaths,3.0,25.0
40089,Portugal,2020-08-16,1778,Deaths,3.0,22.0
40090,Portugal,2020-08-17,1779,Deaths,1.0,20.0
40091,Portugal,2020-08-18,1784,Deaths,5.0,23.0
40092,Portugal,2020-08-19,1786,Deaths,2.0,22.0
40093,Portugal,2020-08-20,1788,Deaths,2.0,18.0
40094,Portugal,2020-08-21,1792,Deaths,4.0,20.0
40095,Portugal,2020-08-22,1794,Deaths,2.0,19.0
40096,Portugal,2020-08-23,1796,Deaths,2.0,18.0
40097,Portugal,2020-08-24,1801,Deaths,5.0,22.0
40098,Portugal,2020-08-25,1805,Deaths,4.0,21.0
40099,Portugal,2020-08-26,1807,Deaths,2.0,21.0
40100,Portugal,2020-08-27,1809,Deaths,2.0,21.0
40101,Portugal,2020-08-28,1815,Deaths,6.0,23.0
40102,Portugal,2020-08-29,1818,Deaths,3.0,24.0
40103,Portugal,2020-08-30,1819,Deaths,1.0,23.0
40104,Portugal,2020-08-31,1822,Deaths,3.0,21.0
40105,Portugal,2020-09-01,1824,Deaths,2.0,19.0
40106,Portugal,2020-09-02,1827,Deaths,3.0,20.0
40107,Portugal,2020-09-03,1829,Deaths,2.0,20.0
40108,Portugal,2020-09-04,1833,Deaths,4.0,18.0
40109,Portugal,2020-09-05,1838,Deaths,5.0,20.0
40110,Portugal,2020-09-06,1840,Deaths,2.0,21.0
40111,Portugal,2020-09-07,1843,Deaths,3.0,21.0
40112,Portugal,2020-09-08,1846,Deaths,3.0,22.0
40113,Portugal,2020-09-09,1849,Deaths,3.0,22.0
40114,Portugal,2020-09-10,1852,Deaths,3.0,23.0
40115,Portugal,2020-09-11,1855,Deaths,3.0,22.0
40116,Portugal,2020-09-12,1860,Deaths,5.0,22.0
40117,Portugal,2020-09-13,1867,Deaths,7.0,27.0
40118,Portugal,2020-09-14,1871,Deaths,4.0,28.0
40119,Portugal,2020-09-15,1875,Deaths,4.0,29.0
40120,Portugal,2020-09-16,1878,Deaths,3.0,29.0
40121,Portugal,2020-09-17,1888,Deaths,10.0,36.0
40122,Portugal,2020-09-18,1894,Deaths,6.0,39.0
40123,Portugal,2020-09-19,1899,Deaths,5.0,39.0
40124,Portugal,2020-09-20,1912,Deaths,13.0,45.0
40125,Portugal,2020-09-21,1920,Deaths,8.0,49.0
40126,Portugal,2020-09-22,1925,Deaths,5.0,50.0
40127,Portugal,2020-09-23,1928,Deaths,3.0,50.0
40128,Portugal,2020-09-24,1931,Deaths,3.0,43.0
40129,Portugal,2020-09-25,1936,Deaths,5.0,42.0
40130,Portugal,2020-09-26,1944,Deaths,8.0,45.0
40131,Portugal,2020-09-27,1953,Deaths,9.0,41.0
40132,Portugal,2020-09-28,1957,Deaths,4.0,37.0
40133,Portugal,2020-09-29,1963,Deaths,6.0,38.0
40134,Portugal,2020-09-30,1971,Deaths,8.0,43.0
40135,Portugal,2020-10-01,1977,Deaths,6.0,46.0
40136,Portugal,2020-10-02,1983,Deaths,6.0,47.0
40137,Portugal,2020-10-03,1995,Deaths,12.0,51.0
40138,Portugal,2020-10-04,2005,Deaths,10.0,52.0
40139,Portugal,2020-10-05,2018,Deaths,13.0,61.0
40140,Portugal,2020-10-06,2032,Deaths,14.0,69.0
40141,Portugal,2020-10-07,2040,Deaths,8.0,69.0
40142,Portugal,2020-10-08,2050,Deaths,10.0,73.0
40143,Portugal,2020-10-09,2062,Deaths,12.0,79.0
40144,Portugal,2020-10-10,2067,Deaths,5.0,72.0
40145,Portugal,2020-10-11,2080,Deaths,13.0,75.0
40146,Portugal,2020-10-12,2094,Deaths,14.0,76.0
40147,Portugal,2020-10-13,2110,Deaths,16.0,78.0
40148,Portugal,2020-10-14,2117,Deaths,7.0,77.0
40149,Portugal,2020-10-15,2128,Deaths,11.0,78.0
40150,Portugal,2020-10-16,2149,Deaths,21.0,87.0
40151,Portugal,2020-10-17,2162,Deaths,13.0,95.0
40152,Portugal,2020-10-18,2181,Deaths,19.0,101.0
40153,Portugal,2020-10-19,2198,Deaths,17.0,104.0
40154,Portugal,2020-10-20,2213,Deaths,15.0,103.0
40155,Portugal,2020-10-21,2229,Deaths,16.0,112.0
40156,Portugal,2020-10-22,2245,Deaths,16.0,117.0
40157,Portugal,2020-10-23,2276,Deaths,31.0,127.0
40158,Portugal,2020-10-24,2297,Deaths,21.0,135.0
40159,Portugal,2020-10-25,2316,Deaths,19.0,135.0
40160,Portugal,2020-10-26,2343,Deaths,27.0,145.0
40161,Portugal,2020-10-27,2371,Deaths,28.0,158.0
40162,Portugal,2020-10-28,2395,Deaths,24.0,166.0
40163,Portugal,2020-10-29,2428,Deaths,33.0,183.0
40164,Portugal,2020-10-30,2468,Deaths,40.0,192.0
40165,Portugal,2020-10-31,2507,Deaths,39.0,210.0
40166,Portugal,2020-11-01,2544,Deaths,37.0,228.0
40167,Portugal,2020-11-02,2590,Deaths,46.0,247.0
40168,Portugal,2020-11-03,2635,Deaths,45.0,264.0
40169,Portugal,2020-11-04,2694,Deaths,59.0,299.0
40170,Portugal,2020-11-05,2740,Deaths,46.0,312.0
40171,Qatar,2020-01-22,0,Deaths,,
40172,Qatar,2020-01-23,0,Deaths,0.0,
40173,Qatar,2020-01-24,0,Deaths,0.0,
40174,Qatar,2020-01-25,0,Deaths,0.0,
40175,Qatar,2020-01-26,0,Deaths,0.0,
40176,Qatar,2020-01-27,0,Deaths,0.0,
40177,Qatar,2020-01-28,0,Deaths,0.0,
40178,Qatar,2020-01-29,0,Deaths,0.0,0.0
40179,Qatar,2020-01-30,0,Deaths,0.0,0.0
40180,Qatar,2020-01-31,0,Deaths,0.0,0.0
40181,Qatar,2020-02-01,0,Deaths,0.0,0.0
40182,Qatar,2020-02-02,0,Deaths,0.0,0.0
40183,Qatar,2020-02-03,0,Deaths,0.0,0.0
40184,Qatar,2020-02-04,0,Deaths,0.0,0.0
40185,Qatar,2020-02-05,0,Deaths,0.0,0.0
40186,Qatar,2020-02-06,0,Deaths,0.0,0.0
40187,Qatar,2020-02-07,0,Deaths,0.0,0.0
40188,Qatar,2020-02-08,0,Deaths,0.0,0.0
40189,Qatar,2020-02-09,0,Deaths,0.0,0.0
40190,Qatar,2020-02-10,0,Deaths,0.0,0.0
40191,Qatar,2020-02-11,0,Deaths,0.0,0.0
40192,Qatar,2020-02-12,0,Deaths,0.0,0.0
40193,Qatar,2020-02-13,0,Deaths,0.0,0.0
40194,Qatar,2020-02-14,0,Deaths,0.0,0.0
40195,Qatar,2020-02-15,0,Deaths,0.0,0.0
40196,Qatar,2020-02-16,0,Deaths,0.0,0.0
40197,Qatar,2020-02-17,0,Deaths,0.0,0.0
40198,Qatar,2020-02-18,0,Deaths,0.0,0.0
40199,Qatar,2020-02-19,0,Deaths,0.0,0.0
40200,Qatar,2020-02-20,0,Deaths,0.0,0.0
40201,Qatar,2020-02-21,0,Deaths,0.0,0.0
40202,Qatar,2020-02-22,0,Deaths,0.0,0.0
40203,Qatar,2020-02-23,0,Deaths,0.0,0.0
40204,Qatar,2020-02-24,0,Deaths,0.0,0.0
40205,Qatar,2020-02-25,0,Deaths,0.0,0.0
40206,Qatar,2020-02-26,0,Deaths,0.0,0.0
40207,Qatar,2020-02-27,0,Deaths,0.0,0.0
40208,Qatar,2020-02-28,0,Deaths,0.0,0.0
40209,Qatar,2020-02-29,0,Deaths,0.0,0.0
40210,Qatar,2020-03-01,0,Deaths,0.0,0.0
40211,Qatar,2020-03-02,0,Deaths,0.0,0.0
40212,Qatar,2020-03-03,0,Deaths,0.0,0.0
40213,Qatar,2020-03-04,0,Deaths,0.0,0.0
40214,Qatar,2020-03-05,0,Deaths,0.0,0.0
40215,Qatar,2020-03-06,0,Deaths,0.0,0.0
40216,Qatar,2020-03-07,0,Deaths,0.0,0.0
40217,Qatar,2020-03-08,0,Deaths,0.0,0.0
40218,Qatar,2020-03-09,0,Deaths,0.0,0.0
40219,Qatar,2020-03-10,0,Deaths,0.0,0.0
40220,Qatar,2020-03-11,0,Deaths,0.0,0.0
40221,Qatar,2020-03-12,0,Deaths,0.0,0.0
40222,Qatar,2020-03-13,0,Deaths,0.0,0.0
40223,Qatar,2020-03-14,0,Deaths,0.0,0.0
40224,Qatar,2020-03-15,0,Deaths,0.0,0.0
40225,Qatar,2020-03-16,0,Deaths,0.0,0.0
40226,Qatar,2020-03-17,0,Deaths,0.0,0.0
40227,Qatar,2020-03-18,0,Deaths,0.0,0.0
40228,Qatar,2020-03-19,0,Deaths,0.0,0.0
40229,Qatar,2020-03-20,0,Deaths,0.0,0.0
40230,Qatar,2020-03-21,0,Deaths,0.0,0.0
40231,Qatar,2020-03-22,0,Deaths,0.0,0.0
40232,Qatar,2020-03-23,0,Deaths,0.0,0.0
40233,Qatar,2020-03-24,0,Deaths,0.0,0.0
40234,Qatar,2020-03-25,0,Deaths,0.0,0.0
40235,Qatar,2020-03-26,0,Deaths,0.0,0.0
40236,Qatar,2020-03-27,0,Deaths,0.0,0.0
40237,Qatar,2020-03-28,1,Deaths,1.0,1.0
40238,Qatar,2020-03-29,1,Deaths,0.0,1.0
40239,Qatar,2020-03-30,1,Deaths,0.0,1.0
40240,Qatar,2020-03-31,2,Deaths,1.0,2.0
40241,Qatar,2020-04-01,2,Deaths,0.0,2.0
40242,Qatar,2020-04-02,3,Deaths,1.0,3.0
40243,Qatar,2020-04-03,3,Deaths,0.0,3.0
40244,Qatar,2020-04-04,3,Deaths,0.0,2.0
40245,Qatar,2020-04-05,4,Deaths,1.0,3.0
40246,Qatar,2020-04-06,4,Deaths,0.0,3.0
40247,Qatar,2020-04-07,6,Deaths,2.0,4.0
40248,Qatar,2020-04-08,6,Deaths,0.0,4.0
40249,Qatar,2020-04-09,6,Deaths,0.0,3.0
40250,Qatar,2020-04-10,6,Deaths,0.0,3.0
40251,Qatar,2020-04-11,6,Deaths,0.0,3.0
40252,Qatar,2020-04-12,7,Deaths,1.0,3.0
40253,Qatar,2020-04-13,7,Deaths,0.0,3.0
40254,Qatar,2020-04-14,7,Deaths,0.0,1.0
40255,Qatar,2020-04-15,7,Deaths,0.0,1.0
40256,Qatar,2020-04-16,7,Deaths,0.0,1.0
40257,Qatar,2020-04-17,7,Deaths,0.0,1.0
40258,Qatar,2020-04-18,8,Deaths,1.0,2.0
40259,Qatar,2020-04-19,8,Deaths,0.0,1.0
40260,Qatar,2020-04-20,9,Deaths,1.0,2.0
40261,Qatar,2020-04-21,9,Deaths,0.0,2.0
40262,Qatar,2020-04-22,10,Deaths,1.0,3.0
40263,Qatar,2020-04-23,10,Deaths,0.0,3.0
40264,Qatar,2020-04-24,10,Deaths,0.0,3.0
40265,Qatar,2020-04-25,10,Deaths,0.0,2.0
40266,Qatar,2020-04-26,10,Deaths,0.0,2.0
40267,Qatar,2020-04-27,10,Deaths,0.0,1.0
40268,Qatar,2020-04-28,10,Deaths,0.0,1.0
40269,Qatar,2020-04-29,10,Deaths,0.0,0.0
40270,Qatar,2020-04-30,10,Deaths,0.0,0.0
40271,Qatar,2020-05-01,12,Deaths,2.0,2.0
40272,Qatar,2020-05-02,12,Deaths,0.0,2.0
40273,Qatar,2020-05-03,12,Deaths,0.0,2.0
40274,Qatar,2020-05-04,12,Deaths,0.0,2.0
40275,Qatar,2020-05-05,12,Deaths,0.0,2.0
40276,Qatar,2020-05-06,12,Deaths,0.0,2.0
40277,Qatar,2020-05-07,12,Deaths,0.0,2.0
40278,Qatar,2020-05-08,12,Deaths,0.0,0.0
40279,Qatar,2020-05-09,13,Deaths,1.0,1.0
40280,Qatar,2020-05-10,14,Deaths,1.0,2.0
40281,Qatar,2020-05-11,14,Deaths,0.0,2.0
40282,Qatar,2020-05-12,14,Deaths,0.0,2.0
40283,Qatar,2020-05-13,14,Deaths,0.0,2.0
40284,Qatar,2020-05-14,14,Deaths,0.0,2.0
40285,Qatar,2020-05-15,14,Deaths,0.0,2.0
40286,Qatar,2020-05-16,15,Deaths,1.0,2.0
40287,Qatar,2020-05-17,15,Deaths,0.0,1.0
40288,Qatar,2020-05-18,15,Deaths,0.0,1.0
40289,Qatar,2020-05-19,15,Deaths,0.0,1.0
40290,Qatar,2020-05-20,16,Deaths,1.0,2.0
40291,Qatar,2020-05-21,17,Deaths,1.0,3.0
40292,Qatar,2020-05-22,19,Deaths,2.0,5.0
40293,Qatar,2020-05-23,21,Deaths,2.0,6.0
40294,Qatar,2020-05-24,23,Deaths,2.0,8.0
40295,Qatar,2020-05-25,26,Deaths,3.0,11.0
40296,Qatar,2020-05-26,28,Deaths,2.0,13.0
40297,Qatar,2020-05-27,30,Deaths,2.0,14.0
40298,Qatar,2020-05-28,33,Deaths,3.0,16.0
40299,Qatar,2020-05-29,36,Deaths,3.0,17.0
40300,Qatar,2020-05-30,36,Deaths,0.0,15.0
40301,Qatar,2020-05-31,38,Deaths,2.0,15.0
40302,Qatar,2020-06-01,40,Deaths,2.0,14.0
40303,Qatar,2020-06-02,43,Deaths,3.0,15.0
40304,Qatar,2020-06-03,45,Deaths,2.0,15.0
40305,Qatar,2020-06-04,45,Deaths,0.0,12.0
40306,Qatar,2020-06-05,49,Deaths,4.0,13.0
40307,Qatar,2020-06-06,51,Deaths,2.0,15.0
40308,Qatar,2020-06-07,54,Deaths,3.0,16.0
40309,Qatar,2020-06-08,57,Deaths,3.0,17.0
40310,Qatar,2020-06-09,62,Deaths,5.0,19.0
40311,Qatar,2020-06-10,66,Deaths,4.0,21.0
40312,Qatar,2020-06-11,69,Deaths,3.0,24.0
40313,Qatar,2020-06-12,70,Deaths,1.0,21.0
40314,Qatar,2020-06-13,70,Deaths,0.0,19.0
40315,Qatar,2020-06-14,73,Deaths,3.0,19.0
40316,Qatar,2020-06-15,76,Deaths,3.0,19.0
40317,Qatar,2020-06-16,80,Deaths,4.0,18.0
40318,Qatar,2020-06-17,82,Deaths,2.0,16.0
40319,Qatar,2020-06-18,86,Deaths,4.0,17.0
40320,Qatar,2020-06-19,93,Deaths,7.0,23.0
40321,Qatar,2020-06-20,94,Deaths,1.0,24.0
40322,Qatar,2020-06-21,98,Deaths,4.0,25.0
40323,Qatar,2020-06-22,99,Deaths,1.0,23.0
40324,Qatar,2020-06-23,99,Deaths,0.0,19.0
40325,Qatar,2020-06-24,104,Deaths,5.0,22.0
40326,Qatar,2020-06-25,106,Deaths,2.0,20.0
40327,Qatar,2020-06-26,109,Deaths,3.0,16.0
40328,Qatar,2020-06-27,110,Deaths,1.0,16.0
40329,Qatar,2020-06-28,110,Deaths,0.0,12.0
40330,Qatar,2020-06-29,113,Deaths,3.0,14.0
40331,Qatar,2020-06-30,113,Deaths,0.0,14.0
40332,Qatar,2020-07-01,115,Deaths,2.0,11.0
40333,Qatar,2020-07-02,118,Deaths,3.0,12.0
40334,Qatar,2020-07-03,121,Deaths,3.0,12.0
40335,Qatar,2020-07-04,123,Deaths,2.0,13.0
40336,Qatar,2020-07-05,128,Deaths,5.0,18.0
40337,Qatar,2020-07-06,133,Deaths,5.0,20.0
40338,Qatar,2020-07-07,134,Deaths,1.0,21.0
40339,Qatar,2020-07-08,138,Deaths,4.0,23.0
40340,Qatar,2020-07-09,142,Deaths,4.0,24.0
40341,Qatar,2020-07-10,146,Deaths,4.0,25.0
40342,Qatar,2020-07-11,146,Deaths,0.0,23.0
40343,Qatar,2020-07-12,147,Deaths,1.0,19.0
40344,Qatar,2020-07-13,149,Deaths,2.0,16.0
40345,Qatar,2020-07-14,150,Deaths,1.0,16.0
40346,Qatar,2020-07-15,151,Deaths,1.0,13.0
40347,Qatar,2020-07-16,152,Deaths,1.0,10.0
40348,Qatar,2020-07-17,153,Deaths,1.0,7.0
40349,Qatar,2020-07-18,154,Deaths,1.0,8.0
40350,Qatar,2020-07-19,157,Deaths,3.0,10.0
40351,Qatar,2020-07-20,159,Deaths,2.0,10.0
40352,Qatar,2020-07-21,160,Deaths,1.0,10.0
40353,Qatar,2020-07-22,163,Deaths,3.0,12.0
40354,Qatar,2020-07-23,164,Deaths,1.0,12.0
40355,Qatar,2020-07-24,164,Deaths,0.0,11.0
40356,Qatar,2020-07-25,164,Deaths,0.0,10.0
40357,Qatar,2020-07-26,165,Deaths,1.0,8.0
40358,Qatar,2020-07-27,165,Deaths,0.0,6.0
40359,Qatar,2020-07-28,167,Deaths,2.0,7.0
40360,Qatar,2020-07-29,169,Deaths,2.0,6.0
40361,Qatar,2020-07-30,171,Deaths,2.0,7.0
40362,Qatar,2020-07-31,174,Deaths,3.0,10.0
40363,Qatar,2020-08-01,174,Deaths,0.0,10.0
40364,Qatar,2020-08-02,177,Deaths,3.0,12.0
40365,Qatar,2020-08-03,177,Deaths,0.0,12.0
40366,Qatar,2020-08-04,177,Deaths,0.0,10.0
40367,Qatar,2020-08-05,178,Deaths,1.0,9.0
40368,Qatar,2020-08-06,178,Deaths,0.0,7.0
40369,Qatar,2020-08-07,180,Deaths,2.0,6.0
40370,Qatar,2020-08-08,182,Deaths,2.0,8.0
40371,Qatar,2020-08-09,184,Deaths,2.0,7.0
40372,Qatar,2020-08-10,188,Deaths,4.0,11.0
40373,Qatar,2020-08-11,188,Deaths,0.0,11.0
40374,Qatar,2020-08-12,190,Deaths,2.0,12.0
40375,Qatar,2020-08-13,190,Deaths,0.0,12.0
40376,Qatar,2020-08-14,190,Deaths,0.0,10.0
40377,Qatar,2020-08-15,192,Deaths,2.0,10.0
40378,Qatar,2020-08-16,193,Deaths,1.0,9.0
40379,Qatar,2020-08-17,193,Deaths,0.0,5.0
40380,Qatar,2020-08-18,193,Deaths,0.0,5.0
40381,Qatar,2020-08-19,193,Deaths,0.0,3.0
40382,Qatar,2020-08-20,193,Deaths,0.0,3.0
40383,Qatar,2020-08-21,193,Deaths,0.0,3.0
40384,Qatar,2020-08-22,193,Deaths,0.0,1.0
40385,Qatar,2020-08-23,193,Deaths,0.0,0.0
40386,Qatar,2020-08-24,194,Deaths,1.0,1.0
40387,Qatar,2020-08-25,194,Deaths,0.0,1.0
40388,Qatar,2020-08-26,194,Deaths,0.0,1.0
40389,Qatar,2020-08-27,195,Deaths,1.0,2.0
40390,Qatar,2020-08-28,196,Deaths,1.0,3.0
40391,Qatar,2020-08-29,196,Deaths,0.0,3.0
40392,Qatar,2020-08-30,197,Deaths,1.0,4.0
40393,Qatar,2020-08-31,197,Deaths,0.0,3.0
40394,Qatar,2020-09-01,198,Deaths,1.0,4.0
40395,Qatar,2020-09-02,199,Deaths,1.0,5.0
40396,Qatar,2020-09-03,201,Deaths,2.0,6.0
40397,Qatar,2020-09-04,201,Deaths,0.0,5.0
40398,Qatar,2020-09-05,202,Deaths,1.0,6.0
40399,Qatar,2020-09-06,203,Deaths,1.0,6.0
40400,Qatar,2020-09-07,205,Deaths,2.0,8.0
40401,Qatar,2020-09-08,205,Deaths,0.0,7.0
40402,Qatar,2020-09-09,205,Deaths,0.0,6.0
40403,Qatar,2020-09-10,205,Deaths,0.0,4.0
40404,Qatar,2020-09-11,205,Deaths,0.0,4.0
40405,Qatar,2020-09-12,205,Deaths,0.0,3.0
40406,Qatar,2020-09-13,205,Deaths,0.0,2.0
40407,Qatar,2020-09-14,207,Deaths,2.0,2.0
40408,Qatar,2020-09-15,208,Deaths,1.0,3.0
40409,Qatar,2020-09-16,208,Deaths,0.0,3.0
40410,Qatar,2020-09-17,208,Deaths,0.0,3.0
40411,Qatar,2020-09-18,209,Deaths,1.0,4.0
40412,Qatar,2020-09-19,209,Deaths,0.0,4.0
40413,Qatar,2020-09-20,210,Deaths,1.0,5.0
40414,Qatar,2020-09-21,211,Deaths,1.0,4.0
40415,Qatar,2020-09-22,211,Deaths,0.0,3.0
40416,Qatar,2020-09-23,212,Deaths,1.0,4.0
40417,Qatar,2020-09-24,212,Deaths,0.0,4.0
40418,Qatar,2020-09-25,212,Deaths,0.0,3.0
40419,Qatar,2020-09-26,214,Deaths,2.0,5.0
40420,Qatar,2020-09-27,214,Deaths,0.0,4.0
40421,Qatar,2020-09-28,214,Deaths,0.0,3.0
40422,Qatar,2020-09-29,214,Deaths,0.0,3.0
40423,Qatar,2020-09-30,214,Deaths,0.0,2.0
40424,Qatar,2020-10-01,214,Deaths,0.0,2.0
40425,Qatar,2020-10-02,215,Deaths,1.0,3.0
40426,Qatar,2020-10-03,216,Deaths,1.0,2.0
40427,Qatar,2020-10-04,216,Deaths,0.0,2.0
40428,Qatar,2020-10-05,216,Deaths,0.0,2.0
40429,Qatar,2020-10-06,216,Deaths,0.0,2.0
40430,Qatar,2020-10-07,218,Deaths,2.0,4.0
40431,Qatar,2020-10-08,218,Deaths,0.0,4.0
40432,Qatar,2020-10-09,219,Deaths,1.0,4.0
40433,Qatar,2020-10-10,219,Deaths,0.0,3.0
40434,Qatar,2020-10-11,220,Deaths,1.0,4.0
40435,Qatar,2020-10-12,220,Deaths,0.0,4.0
40436,Qatar,2020-10-13,220,Deaths,0.0,4.0
40437,Qatar,2020-10-14,220,Deaths,0.0,2.0
40438,Qatar,2020-10-15,222,Deaths,2.0,4.0
40439,Qatar,2020-10-16,222,Deaths,0.0,3.0
40440,Qatar,2020-10-17,223,Deaths,1.0,4.0
40441,Qatar,2020-10-18,224,Deaths,1.0,4.0
40442,Qatar,2020-10-19,224,Deaths,0.0,4.0
40443,Qatar,2020-10-20,224,Deaths,0.0,4.0
40444,Qatar,2020-10-21,225,Deaths,1.0,5.0
40445,Qatar,2020-10-22,228,Deaths,3.0,6.0
40446,Qatar,2020-10-23,229,Deaths,1.0,7.0
40447,Qatar,2020-10-24,229,Deaths,0.0,6.0
40448,Qatar,2020-10-25,230,Deaths,1.0,6.0
40449,Qatar,2020-10-26,230,Deaths,0.0,6.0
40450,Qatar,2020-10-27,230,Deaths,0.0,6.0
40451,Qatar,2020-10-28,230,Deaths,0.0,5.0
40452,Qatar,2020-10-29,231,Deaths,1.0,3.0
40453,Qatar,2020-10-30,232,Deaths,1.0,3.0
40454,Qatar,2020-10-31,232,Deaths,0.0,3.0
40455,Qatar,2020-11-01,232,Deaths,0.0,2.0
40456,Qatar,2020-11-02,232,Deaths,0.0,2.0
40457,Qatar,2020-11-03,232,Deaths,0.0,2.0
40458,Qatar,2020-11-04,232,Deaths,0.0,2.0
40459,Qatar,2020-11-05,232,Deaths,0.0,1.0
40460,Romania,2020-01-22,0,Deaths,,
40461,Romania,2020-01-23,0,Deaths,0.0,
40462,Romania,2020-01-24,0,Deaths,0.0,
40463,Romania,2020-01-25,0,Deaths,0.0,
40464,Romania,2020-01-26,0,Deaths,0.0,
40465,Romania,2020-01-27,0,Deaths,0.0,
40466,Romania,2020-01-28,0,Deaths,0.0,
40467,Romania,2020-01-29,0,Deaths,0.0,0.0
40468,Romania,2020-01-30,0,Deaths,0.0,0.0
40469,Romania,2020-01-31,0,Deaths,0.0,0.0
40470,Romania,2020-02-01,0,Deaths,0.0,0.0
40471,Romania,2020-02-02,0,Deaths,0.0,0.0
40472,Romania,2020-02-03,0,Deaths,0.0,0.0
40473,Romania,2020-02-04,0,Deaths,0.0,0.0
40474,Romania,2020-02-05,0,Deaths,0.0,0.0
40475,Romania,2020-02-06,0,Deaths,0.0,0.0
40476,Romania,2020-02-07,0,Deaths,0.0,0.0
40477,Romania,2020-02-08,0,Deaths,0.0,0.0
40478,Romania,2020-02-09,0,Deaths,0.0,0.0
40479,Romania,2020-02-10,0,Deaths,0.0,0.0
40480,Romania,2020-02-11,0,Deaths,0.0,0.0
40481,Romania,2020-02-12,0,Deaths,0.0,0.0
40482,Romania,2020-02-13,0,Deaths,0.0,0.0
40483,Romania,2020-02-14,0,Deaths,0.0,0.0
40484,Romania,2020-02-15,0,Deaths,0.0,0.0
40485,Romania,2020-02-16,0,Deaths,0.0,0.0
40486,Romania,2020-02-17,0,Deaths,0.0,0.0
40487,Romania,2020-02-18,0,Deaths,0.0,0.0
40488,Romania,2020-02-19,0,Deaths,0.0,0.0
40489,Romania,2020-02-20,0,Deaths,0.0,0.0
40490,Romania,2020-02-21,0,Deaths,0.0,0.0
40491,Romania,2020-02-22,0,Deaths,0.0,0.0
40492,Romania,2020-02-23,0,Deaths,0.0,0.0
40493,Romania,2020-02-24,0,Deaths,0.0,0.0
40494,Romania,2020-02-25,0,Deaths,0.0,0.0
40495,Romania,2020-02-26,0,Deaths,0.0,0.0
40496,Romania,2020-02-27,0,Deaths,0.0,0.0
40497,Romania,2020-02-28,0,Deaths,0.0,0.0
40498,Romania,2020-02-29,0,Deaths,0.0,0.0
40499,Romania,2020-03-01,0,Deaths,0.0,0.0
40500,Romania,2020-03-02,0,Deaths,0.0,0.0
40501,Romania,2020-03-03,0,Deaths,0.0,0.0
40502,Romania,2020-03-04,0,Deaths,0.0,0.0
40503,Romania,2020-03-05,0,Deaths,0.0,0.0
40504,Romania,2020-03-06,0,Deaths,0.0,0.0
40505,Romania,2020-03-07,0,Deaths,0.0,0.0
40506,Romania,2020-03-08,0,Deaths,0.0,0.0
40507,Romania,2020-03-09,0,Deaths,0.0,0.0
40508,Romania,2020-03-10,0,Deaths,0.0,0.0
40509,Romania,2020-03-11,0,Deaths,0.0,0.0
40510,Romania,2020-03-12,0,Deaths,0.0,0.0
40511,Romania,2020-03-13,0,Deaths,0.0,0.0
40512,Romania,2020-03-14,0,Deaths,0.0,0.0
40513,Romania,2020-03-15,0,Deaths,0.0,0.0
40514,Romania,2020-03-16,0,Deaths,0.0,0.0
40515,Romania,2020-03-17,0,Deaths,0.0,0.0
40516,Romania,2020-03-18,0,Deaths,0.0,0.0
40517,Romania,2020-03-19,0,Deaths,0.0,0.0
40518,Romania,2020-03-20,0,Deaths,0.0,0.0
40519,Romania,2020-03-21,0,Deaths,0.0,0.0
40520,Romania,2020-03-22,3,Deaths,3.0,3.0
40521,Romania,2020-03-23,7,Deaths,4.0,7.0
40522,Romania,2020-03-24,11,Deaths,4.0,11.0
40523,Romania,2020-03-25,17,Deaths,6.0,17.0
40524,Romania,2020-03-26,23,Deaths,6.0,23.0
40525,Romania,2020-03-27,26,Deaths,3.0,26.0
40526,Romania,2020-03-28,37,Deaths,11.0,37.0
40527,Romania,2020-03-29,43,Deaths,6.0,40.0
40528,Romania,2020-03-30,65,Deaths,22.0,58.0
40529,Romania,2020-03-31,82,Deaths,17.0,71.0
40530,Romania,2020-04-01,92,Deaths,10.0,75.0
40531,Romania,2020-04-02,115,Deaths,23.0,92.0
40532,Romania,2020-04-03,133,Deaths,18.0,107.0
40533,Romania,2020-04-04,146,Deaths,13.0,109.0
40534,Romania,2020-04-05,151,Deaths,5.0,108.0
40535,Romania,2020-04-06,176,Deaths,25.0,111.0
40536,Romania,2020-04-07,197,Deaths,21.0,115.0
40537,Romania,2020-04-08,220,Deaths,23.0,128.0
40538,Romania,2020-04-09,248,Deaths,28.0,133.0
40539,Romania,2020-04-10,270,Deaths,22.0,137.0
40540,Romania,2020-04-11,291,Deaths,21.0,145.0
40541,Romania,2020-04-12,316,Deaths,25.0,165.0
40542,Romania,2020-04-13,331,Deaths,15.0,155.0
40543,Romania,2020-04-14,351,Deaths,20.0,154.0
40544,Romania,2020-04-15,372,Deaths,21.0,152.0
40545,Romania,2020-04-16,392,Deaths,20.0,144.0
40546,Romania,2020-04-17,411,Deaths,19.0,141.0
40547,Romania,2020-04-18,421,Deaths,10.0,130.0
40548,Romania,2020-04-19,451,Deaths,30.0,135.0
40549,Romania,2020-04-20,478,Deaths,27.0,147.0
40550,Romania,2020-04-21,498,Deaths,20.0,147.0
40551,Romania,2020-04-22,524,Deaths,26.0,152.0
40552,Romania,2020-04-23,545,Deaths,21.0,153.0
40553,Romania,2020-04-24,567,Deaths,22.0,156.0
40554,Romania,2020-04-25,601,Deaths,34.0,180.0
40555,Romania,2020-04-26,619,Deaths,18.0,168.0
40556,Romania,2020-04-27,641,Deaths,22.0,163.0
40557,Romania,2020-04-28,663,Deaths,22.0,165.0
40558,Romania,2020-04-29,693,Deaths,30.0,169.0
40559,Romania,2020-04-30,717,Deaths,24.0,172.0
40560,Romania,2020-05-01,744,Deaths,27.0,177.0
40561,Romania,2020-05-02,771,Deaths,27.0,170.0
40562,Romania,2020-05-03,790,Deaths,19.0,171.0
40563,Romania,2020-05-04,818,Deaths,28.0,177.0
40564,Romania,2020-05-05,841,Deaths,23.0,178.0
40565,Romania,2020-05-06,864,Deaths,23.0,171.0
40566,Romania,2020-05-07,888,Deaths,24.0,171.0
40567,Romania,2020-05-08,923,Deaths,35.0,179.0
40568,Romania,2020-05-09,939,Deaths,16.0,168.0
40569,Romania,2020-05-10,961,Deaths,22.0,171.0
40570,Romania,2020-05-11,982,Deaths,21.0,164.0
40571,Romania,2020-05-12,1002,Deaths,20.0,161.0
40572,Romania,2020-05-13,1036,Deaths,34.0,172.0
40573,Romania,2020-05-14,1053,Deaths,17.0,165.0
40574,Romania,2020-05-15,1070,Deaths,17.0,147.0
40575,Romania,2020-05-16,1094,Deaths,24.0,155.0
40576,Romania,2020-05-17,1107,Deaths,13.0,146.0
40577,Romania,2020-05-18,1120,Deaths,13.0,138.0
40578,Romania,2020-05-19,1137,Deaths,17.0,135.0
40579,Romania,2020-05-20,1147,Deaths,10.0,111.0
40580,Romania,2020-05-21,1156,Deaths,9.0,103.0
40581,Romania,2020-05-22,1166,Deaths,10.0,96.0
40582,Romania,2020-05-23,1176,Deaths,10.0,82.0
40583,Romania,2020-05-24,1185,Deaths,9.0,78.0
40584,Romania,2020-05-25,1205,Deaths,20.0,85.0
40585,Romania,2020-05-26,1216,Deaths,11.0,79.0
40586,Romania,2020-05-27,1227,Deaths,11.0,80.0
40587,Romania,2020-05-28,1235,Deaths,8.0,79.0
40588,Romania,2020-05-29,1248,Deaths,13.0,82.0
40589,Romania,2020-05-30,1259,Deaths,11.0,83.0
40590,Romania,2020-05-31,1266,Deaths,7.0,81.0
40591,Romania,2020-06-01,1276,Deaths,10.0,71.0
40592,Romania,2020-06-02,1288,Deaths,12.0,72.0
40593,Romania,2020-06-03,1296,Deaths,8.0,69.0
40594,Romania,2020-06-04,1305,Deaths,9.0,70.0
40595,Romania,2020-06-05,1316,Deaths,11.0,68.0
40596,Romania,2020-06-06,1322,Deaths,6.0,63.0
40597,Romania,2020-06-07,1333,Deaths,11.0,67.0
40598,Romania,2020-06-08,1339,Deaths,6.0,63.0
40599,Romania,2020-06-09,1354,Deaths,15.0,66.0
40600,Romania,2020-06-10,1360,Deaths,6.0,64.0
40601,Romania,2020-06-11,1369,Deaths,9.0,64.0
40602,Romania,2020-06-12,1380,Deaths,11.0,64.0
40603,Romania,2020-06-13,1394,Deaths,14.0,72.0
40604,Romania,2020-06-14,1410,Deaths,16.0,77.0
40605,Romania,2020-06-15,1427,Deaths,17.0,88.0
40606,Romania,2020-06-16,1437,Deaths,10.0,83.0
40607,Romania,2020-06-17,1451,Deaths,14.0,91.0
40608,Romania,2020-06-18,1473,Deaths,22.0,104.0
40609,Romania,2020-06-19,1484,Deaths,11.0,104.0
40610,Romania,2020-06-20,1500,Deaths,16.0,106.0
40611,Romania,2020-06-21,1512,Deaths,12.0,102.0
40612,Romania,2020-06-22,1523,Deaths,11.0,96.0
40613,Romania,2020-06-23,1539,Deaths,16.0,102.0
40614,Romania,2020-06-24,1555,Deaths,16.0,104.0
40615,Romania,2020-06-25,1565,Deaths,10.0,92.0
40616,Romania,2020-06-26,1579,Deaths,14.0,95.0
40617,Romania,2020-06-27,1589,Deaths,10.0,89.0
40618,Romania,2020-06-28,1612,Deaths,23.0,100.0
40619,Romania,2020-06-29,1634,Deaths,22.0,111.0
40620,Romania,2020-06-30,1651,Deaths,17.0,112.0
40621,Romania,2020-07-01,1667,Deaths,16.0,112.0
40622,Romania,2020-07-02,1687,Deaths,20.0,122.0
40623,Romania,2020-07-03,1708,Deaths,21.0,129.0
40624,Romania,2020-07-04,1731,Deaths,23.0,142.0
40625,Romania,2020-07-05,1750,Deaths,19.0,138.0
40626,Romania,2020-07-06,1768,Deaths,18.0,134.0
40627,Romania,2020-07-07,1799,Deaths,31.0,148.0
40628,Romania,2020-07-08,1817,Deaths,18.0,150.0
40629,Romania,2020-07-09,1834,Deaths,17.0,147.0
40630,Romania,2020-07-10,1847,Deaths,13.0,139.0
40631,Romania,2020-07-11,1871,Deaths,24.0,140.0
40632,Romania,2020-07-12,1884,Deaths,13.0,134.0
40633,Romania,2020-07-13,1901,Deaths,17.0,133.0
40634,Romania,2020-07-14,1931,Deaths,30.0,132.0
40635,Romania,2020-07-15,1952,Deaths,21.0,135.0
40636,Romania,2020-07-16,1971,Deaths,19.0,137.0
40637,Romania,2020-07-17,1988,Deaths,17.0,141.0
40638,Romania,2020-07-18,2009,Deaths,21.0,138.0
40639,Romania,2020-07-19,2026,Deaths,17.0,142.0
40640,Romania,2020-07-20,2038,Deaths,12.0,137.0
40641,Romania,2020-07-21,2074,Deaths,36.0,143.0
40642,Romania,2020-07-22,2101,Deaths,27.0,149.0
40643,Romania,2020-07-23,2126,Deaths,25.0,155.0
40644,Romania,2020-07-24,2150,Deaths,24.0,162.0
40645,Romania,2020-07-25,2165,Deaths,15.0,156.0
40646,Romania,2020-07-26,2187,Deaths,22.0,161.0
40647,Romania,2020-07-27,2206,Deaths,19.0,168.0
40648,Romania,2020-07-28,2239,Deaths,33.0,165.0
40649,Romania,2020-07-29,2269,Deaths,30.0,168.0
40650,Romania,2020-07-30,2304,Deaths,35.0,178.0
40651,Romania,2020-07-31,2343,Deaths,39.0,193.0
40652,Romania,2020-08-01,2379,Deaths,36.0,214.0
40653,Romania,2020-08-02,2413,Deaths,34.0,226.0
40654,Romania,2020-08-03,2432,Deaths,19.0,226.0
40655,Romania,2020-08-04,2480,Deaths,48.0,241.0
40656,Romania,2020-08-05,2521,Deaths,41.0,252.0
40657,Romania,2020-08-06,2566,Deaths,45.0,262.0
40658,Romania,2020-08-07,2616,Deaths,50.0,273.0
40659,Romania,2020-08-08,2659,Deaths,43.0,280.0
40660,Romania,2020-08-09,2700,Deaths,41.0,287.0
40661,Romania,2020-08-10,2729,Deaths,29.0,297.0
40662,Romania,2020-08-11,2764,Deaths,35.0,284.0
40663,Romania,2020-08-12,2807,Deaths,43.0,286.0
40664,Romania,2020-08-13,2860,Deaths,53.0,294.0
40665,Romania,2020-08-14,2904,Deaths,44.0,288.0
40666,Romania,2020-08-15,2954,Deaths,50.0,295.0
40667,Romania,2020-08-16,2991,Deaths,37.0,291.0
40668,Romania,2020-08-17,3029,Deaths,38.0,300.0
40669,Romania,2020-08-18,3074,Deaths,45.0,310.0
40670,Romania,2020-08-19,3106,Deaths,32.0,299.0
40671,Romania,2020-08-20,3154,Deaths,48.0,294.0
40672,Romania,2020-08-21,3196,Deaths,42.0,292.0
40673,Romania,2020-08-22,3233,Deaths,37.0,279.0
40674,Romania,2020-08-23,3272,Deaths,39.0,281.0
40675,Romania,2020-08-24,3309,Deaths,37.0,280.0
40676,Romania,2020-08-25,3367,Deaths,58.0,293.0
40677,Romania,2020-08-26,3421,Deaths,54.0,315.0
40678,Romania,2020-08-27,3459,Deaths,38.0,305.0
40679,Romania,2020-08-28,3507,Deaths,48.0,311.0
40680,Romania,2020-08-29,3539,Deaths,32.0,306.0
40681,Romania,2020-08-30,3578,Deaths,39.0,306.0
40682,Romania,2020-08-31,3621,Deaths,43.0,312.0
40683,Romania,2020-09-01,3681,Deaths,60.0,314.0
40684,Romania,2020-09-02,3721,Deaths,40.0,300.0
40685,Romania,2020-09-03,3765,Deaths,44.0,306.0
40686,Romania,2020-09-04,3812,Deaths,47.0,305.0
40687,Romania,2020-09-05,3850,Deaths,38.0,311.0
40688,Romania,2020-09-06,3893,Deaths,43.0,315.0
40689,Romania,2020-09-07,3926,Deaths,33.0,305.0
40690,Romania,2020-09-08,3967,Deaths,41.0,286.0
40691,Romania,2020-09-09,4018,Deaths,51.0,297.0
40692,Romania,2020-09-10,4065,Deaths,47.0,300.0
40693,Romania,2020-09-11,4100,Deaths,35.0,288.0
40694,Romania,2020-09-12,4127,Deaths,27.0,277.0
40695,Romania,2020-09-13,4163,Deaths,36.0,270.0
40696,Romania,2020-09-14,4185,Deaths,22.0,259.0
40697,Romania,2020-09-15,4236,Deaths,51.0,269.0
40698,Romania,2020-09-16,4285,Deaths,49.0,267.0
40699,Romania,2020-09-17,4312,Deaths,27.0,247.0
40700,Romania,2020-09-18,4360,Deaths,48.0,260.0
40701,Romania,2020-09-19,4402,Deaths,42.0,275.0
40702,Romania,2020-09-20,4435,Deaths,33.0,272.0
40703,Romania,2020-09-21,4458,Deaths,23.0,273.0
40704,Romania,2020-09-22,4503,Deaths,45.0,267.0
40705,Romania,2020-09-23,4550,Deaths,47.0,265.0
40706,Romania,2020-09-24,4591,Deaths,41.0,279.0
40707,Romania,2020-09-25,4633,Deaths,42.0,273.0
40708,Romania,2020-09-26,4687,Deaths,54.0,285.0
40709,Romania,2020-09-27,4718,Deaths,31.0,283.0
40710,Romania,2020-09-28,4748,Deaths,30.0,290.0
40711,Romania,2020-09-29,4792,Deaths,44.0,289.0
40712,Romania,2020-09-30,4825,Deaths,33.0,275.0
40713,Romania,2020-10-01,4862,Deaths,37.0,271.0
40714,Romania,2020-10-02,4915,Deaths,53.0,282.0
40715,Romania,2020-10-03,4947,Deaths,32.0,260.0
40716,Romania,2020-10-04,5003,Deaths,56.0,285.0
40717,Romania,2020-10-05,5048,Deaths,45.0,300.0
40718,Romania,2020-10-06,5121,Deaths,73.0,329.0
40719,Romania,2020-10-07,5203,Deaths,82.0,378.0
40720,Romania,2020-10-08,5247,Deaths,44.0,385.0
40721,Romania,2020-10-09,5299,Deaths,52.0,384.0
40722,Romania,2020-10-10,5358,Deaths,59.0,411.0
40723,Romania,2020-10-11,5411,Deaths,53.0,408.0
40724,Romania,2020-10-12,5467,Deaths,56.0,419.0
40725,Romania,2020-10-13,5535,Deaths,68.0,414.0
40726,Romania,2020-10-14,5601,Deaths,66.0,398.0
40727,Romania,2020-10-15,5674,Deaths,73.0,427.0
40728,Romania,2020-10-16,5749,Deaths,75.0,450.0
40729,Romania,2020-10-17,5812,Deaths,63.0,454.0
40730,Romania,2020-10-18,5872,Deaths,60.0,461.0
40731,Romania,2020-10-19,5931,Deaths,59.0,464.0
40732,Romania,2020-10-20,5996,Deaths,65.0,461.0
40733,Romania,2020-10-21,6065,Deaths,69.0,464.0
40734,Romania,2020-10-22,6163,Deaths,98.0,489.0
40735,Romania,2020-10-23,6245,Deaths,82.0,496.0
40736,Romania,2020-10-24,6318,Deaths,73.0,506.0
40737,Romania,2020-10-25,6391,Deaths,73.0,519.0
40738,Romania,2020-10-26,6470,Deaths,79.0,539.0
40739,Romania,2020-10-27,6574,Deaths,104.0,578.0
40740,Romania,2020-10-28,6681,Deaths,107.0,616.0
40741,Romania,2020-10-29,6764,Deaths,83.0,601.0
40742,Romania,2020-10-30,6867,Deaths,103.0,622.0
40743,Romania,2020-10-31,6968,Deaths,101.0,650.0
40744,Romania,2020-11-01,7067,Deaths,99.0,676.0
40745,Romania,2020-11-02,7153,Deaths,86.0,683.0
40746,Romania,2020-11-03,7273,Deaths,120.0,699.0
40747,Romania,2020-11-04,7419,Deaths,146.0,738.0
40748,Romania,2020-11-05,7540,Deaths,121.0,776.0
40749,Russia,2020-01-22,0,Deaths,,
40750,Russia,2020-01-23,0,Deaths,0.0,
40751,Russia,2020-01-24,0,Deaths,0.0,
40752,Russia,2020-01-25,0,Deaths,0.0,
40753,Russia,2020-01-26,0,Deaths,0.0,
40754,Russia,2020-01-27,0,Deaths,0.0,
40755,Russia,2020-01-28,0,Deaths,0.0,
40756,Russia,2020-01-29,0,Deaths,0.0,0.0
40757,Russia,2020-01-30,0,Deaths,0.0,0.0
40758,Russia,2020-01-31,0,Deaths,0.0,0.0
40759,Russia,2020-02-01,0,Deaths,0.0,0.0
40760,Russia,2020-02-02,0,Deaths,0.0,0.0
40761,Russia,2020-02-03,0,Deaths,0.0,0.0
40762,Russia,2020-02-04,0,Deaths,0.0,0.0
40763,Russia,2020-02-05,0,Deaths,0.0,0.0
40764,Russia,2020-02-06,0,Deaths,0.0,0.0
40765,Russia,2020-02-07,0,Deaths,0.0,0.0
40766,Russia,2020-02-08,0,Deaths,0.0,0.0
40767,Russia,2020-02-09,0,Deaths,0.0,0.0
40768,Russia,2020-02-10,0,Deaths,0.0,0.0
40769,Russia,2020-02-11,0,Deaths,0.0,0.0
40770,Russia,2020-02-12,0,Deaths,0.0,0.0
40771,Russia,2020-02-13,0,Deaths,0.0,0.0
40772,Russia,2020-02-14,0,Deaths,0.0,0.0
40773,Russia,2020-02-15,0,Deaths,0.0,0.0
40774,Russia,2020-02-16,0,Deaths,0.0,0.0
40775,Russia,2020-02-17,0,Deaths,0.0,0.0
40776,Russia,2020-02-18,0,Deaths,0.0,0.0
40777,Russia,2020-02-19,0,Deaths,0.0,0.0
40778,Russia,2020-02-20,0,Deaths,0.0,0.0
40779,Russia,2020-02-21,0,Deaths,0.0,0.0
40780,Russia,2020-02-22,0,Deaths,0.0,0.0
40781,Russia,2020-02-23,0,Deaths,0.0,0.0
40782,Russia,2020-02-24,0,Deaths,0.0,0.0
40783,Russia,2020-02-25,0,Deaths,0.0,0.0
40784,Russia,2020-02-26,0,Deaths,0.0,0.0
40785,Russia,2020-02-27,0,Deaths,0.0,0.0
40786,Russia,2020-02-28,0,Deaths,0.0,0.0
40787,Russia,2020-02-29,0,Deaths,0.0,0.0
40788,Russia,2020-03-01,0,Deaths,0.0,0.0
40789,Russia,2020-03-02,0,Deaths,0.0,0.0
40790,Russia,2020-03-03,0,Deaths,0.0,0.0
40791,Russia,2020-03-04,0,Deaths,0.0,0.0
40792,Russia,2020-03-05,0,Deaths,0.0,0.0
40793,Russia,2020-03-06,0,Deaths,0.0,0.0
40794,Russia,2020-03-07,0,Deaths,0.0,0.0
40795,Russia,2020-03-08,0,Deaths,0.0,0.0
40796,Russia,2020-03-09,0,Deaths,0.0,0.0
40797,Russia,2020-03-10,0,Deaths,0.0,0.0
40798,Russia,2020-03-11,0,Deaths,0.0,0.0
40799,Russia,2020-03-12,0,Deaths,0.0,0.0
40800,Russia,2020-03-13,0,Deaths,0.0,0.0
40801,Russia,2020-03-14,0,Deaths,0.0,0.0
40802,Russia,2020-03-15,0,Deaths,0.0,0.0
40803,Russia,2020-03-16,0,Deaths,0.0,0.0
40804,Russia,2020-03-17,0,Deaths,0.0,0.0
40805,Russia,2020-03-18,0,Deaths,0.0,0.0
40806,Russia,2020-03-19,1,Deaths,1.0,1.0
40807,Russia,2020-03-20,1,Deaths,0.0,1.0
40808,Russia,2020-03-21,1,Deaths,0.0,1.0
40809,Russia,2020-03-22,1,Deaths,0.0,1.0
40810,Russia,2020-03-23,1,Deaths,0.0,1.0
40811,Russia,2020-03-24,1,Deaths,0.0,1.0
40812,Russia,2020-03-25,3,Deaths,2.0,3.0
40813,Russia,2020-03-26,3,Deaths,0.0,2.0
40814,Russia,2020-03-27,4,Deaths,1.0,3.0
40815,Russia,2020-03-28,4,Deaths,0.0,3.0
40816,Russia,2020-03-29,8,Deaths,4.0,7.0
40817,Russia,2020-03-30,9,Deaths,1.0,8.0
40818,Russia,2020-03-31,17,Deaths,8.0,16.0
40819,Russia,2020-04-01,24,Deaths,7.0,21.0
40820,Russia,2020-04-02,30,Deaths,6.0,27.0
40821,Russia,2020-04-03,34,Deaths,4.0,30.0
40822,Russia,2020-04-04,43,Deaths,9.0,39.0
40823,Russia,2020-04-05,45,Deaths,2.0,37.0
40824,Russia,2020-04-06,47,Deaths,2.0,38.0
40825,Russia,2020-04-07,58,Deaths,11.0,41.0
40826,Russia,2020-04-08,63,Deaths,5.0,39.0
40827,Russia,2020-04-09,76,Deaths,13.0,46.0
40828,Russia,2020-04-10,94,Deaths,18.0,60.0
40829,Russia,2020-04-11,106,Deaths,12.0,63.0
40830,Russia,2020-04-12,130,Deaths,24.0,85.0
40831,Russia,2020-04-13,148,Deaths,18.0,101.0
40832,Russia,2020-04-14,170,Deaths,22.0,112.0
40833,Russia,2020-04-15,198,Deaths,28.0,135.0
40834,Russia,2020-04-16,232,Deaths,34.0,156.0
40835,Russia,2020-04-17,273,Deaths,41.0,179.0
40836,Russia,2020-04-18,313,Deaths,40.0,207.0
40837,Russia,2020-04-19,361,Deaths,48.0,231.0
40838,Russia,2020-04-20,405,Deaths,44.0,257.0
40839,Russia,2020-04-21,456,Deaths,51.0,286.0
40840,Russia,2020-04-22,513,Deaths,57.0,315.0
40841,Russia,2020-04-23,555,Deaths,42.0,323.0
40842,Russia,2020-04-24,615,Deaths,60.0,342.0
40843,Russia,2020-04-25,681,Deaths,66.0,368.0
40844,Russia,2020-04-26,747,Deaths,66.0,386.0
40845,Russia,2020-04-27,794,Deaths,47.0,389.0
40846,Russia,2020-04-28,867,Deaths,73.0,411.0
40847,Russia,2020-04-29,972,Deaths,105.0,459.0
40848,Russia,2020-04-30,1073,Deaths,101.0,518.0
40849,Russia,2020-05-01,1169,Deaths,96.0,554.0
40850,Russia,2020-05-02,1222,Deaths,53.0,541.0
40851,Russia,2020-05-03,1280,Deaths,58.0,533.0
40852,Russia,2020-05-04,1356,Deaths,76.0,562.0
40853,Russia,2020-05-05,1451,Deaths,95.0,584.0
40854,Russia,2020-05-06,1537,Deaths,86.0,565.0
40855,Russia,2020-05-07,1625,Deaths,88.0,552.0
40856,Russia,2020-05-08,1723,Deaths,98.0,554.0
40857,Russia,2020-05-09,1827,Deaths,104.0,605.0
40858,Russia,2020-05-10,1915,Deaths,88.0,635.0
40859,Russia,2020-05-11,2009,Deaths,94.0,653.0
40860,Russia,2020-05-12,2116,Deaths,107.0,665.0
40861,Russia,2020-05-13,2212,Deaths,96.0,675.0
40862,Russia,2020-05-14,2305,Deaths,93.0,680.0
40863,Russia,2020-05-15,2418,Deaths,113.0,695.0
40864,Russia,2020-05-16,2537,Deaths,119.0,710.0
40865,Russia,2020-05-17,2631,Deaths,94.0,716.0
40866,Russia,2020-05-18,2722,Deaths,91.0,713.0
40867,Russia,2020-05-19,2837,Deaths,115.0,721.0
40868,Russia,2020-05-20,2972,Deaths,135.0,760.0
40869,Russia,2020-05-21,3099,Deaths,127.0,794.0
40870,Russia,2020-05-22,3249,Deaths,150.0,831.0
40871,Russia,2020-05-23,3388,Deaths,139.0,851.0
40872,Russia,2020-05-24,3541,Deaths,153.0,910.0
40873,Russia,2020-05-25,3633,Deaths,92.0,911.0
40874,Russia,2020-05-26,3807,Deaths,174.0,970.0
40875,Russia,2020-05-27,3968,Deaths,161.0,996.0
40876,Russia,2020-05-28,4142,Deaths,174.0,1043.0
40877,Russia,2020-05-29,4374,Deaths,232.0,1125.0
40878,Russia,2020-05-30,4555,Deaths,181.0,1167.0
40879,Russia,2020-05-31,4693,Deaths,138.0,1152.0
40880,Russia,2020-06-01,4849,Deaths,156.0,1216.0
40881,Russia,2020-06-02,5031,Deaths,182.0,1224.0
40882,Russia,2020-06-03,5208,Deaths,177.0,1240.0
40883,Russia,2020-06-04,5376,Deaths,168.0,1234.0
40884,Russia,2020-06-05,5520,Deaths,144.0,1146.0
40885,Russia,2020-06-06,5717,Deaths,197.0,1162.0
40886,Russia,2020-06-07,5851,Deaths,134.0,1158.0
40887,Russia,2020-06-08,5963,Deaths,112.0,1114.0
40888,Russia,2020-06-09,6134,Deaths,171.0,1103.0
40889,Russia,2020-06-10,6350,Deaths,216.0,1142.0
40890,Russia,2020-06-11,6522,Deaths,172.0,1146.0
40891,Russia,2020-06-12,6705,Deaths,183.0,1185.0
40892,Russia,2020-06-13,6819,Deaths,114.0,1102.0
40893,Russia,2020-06-14,6938,Deaths,119.0,1087.0
40894,Russia,2020-06-15,7081,Deaths,143.0,1118.0
40895,Russia,2020-06-16,7274,Deaths,193.0,1140.0
40896,Russia,2020-06-17,7468,Deaths,194.0,1118.0
40897,Russia,2020-06-18,7650,Deaths,182.0,1128.0
40898,Russia,2020-06-19,7831,Deaths,181.0,1126.0
40899,Russia,2020-06-20,7992,Deaths,161.0,1173.0
40900,Russia,2020-06-21,8101,Deaths,109.0,1163.0
40901,Russia,2020-06-22,8196,Deaths,95.0,1115.0
40902,Russia,2020-06-23,8349,Deaths,153.0,1075.0
40903,Russia,2020-06-24,8503,Deaths,154.0,1035.0
40904,Russia,2020-06-25,8594,Deaths,91.0,944.0
40905,Russia,2020-06-26,8770,Deaths,176.0,939.0
40906,Russia,2020-06-27,8958,Deaths,188.0,966.0
40907,Russia,2020-06-28,9060,Deaths,102.0,959.0
40908,Russia,2020-06-29,9152,Deaths,92.0,956.0
40909,Russia,2020-06-30,9306,Deaths,154.0,957.0
40910,Russia,2020-07-01,9521,Deaths,215.0,1018.0
40911,Russia,2020-07-02,9668,Deaths,147.0,1074.0
40912,Russia,2020-07-03,9844,Deaths,176.0,1074.0
40913,Russia,2020-07-04,10011,Deaths,167.0,1053.0
40914,Russia,2020-07-05,10145,Deaths,134.0,1085.0
40915,Russia,2020-07-06,10280,Deaths,135.0,1128.0
40916,Russia,2020-07-07,10478,Deaths,198.0,1172.0
40917,Russia,2020-07-08,10650,Deaths,172.0,1129.0
40918,Russia,2020-07-09,10826,Deaths,176.0,1158.0
40919,Russia,2020-07-10,11000,Deaths,174.0,1156.0
40920,Russia,2020-07-11,11188,Deaths,188.0,1177.0
40921,Russia,2020-07-12,11318,Deaths,130.0,1173.0
40922,Russia,2020-07-13,11422,Deaths,104.0,1142.0
40923,Russia,2020-07-14,11597,Deaths,175.0,1119.0
40924,Russia,2020-07-15,11753,Deaths,156.0,1103.0
40925,Russia,2020-07-16,11920,Deaths,167.0,1094.0
40926,Russia,2020-07-17,12106,Deaths,186.0,1106.0
40927,Russia,2020-07-18,12228,Deaths,122.0,1040.0
40928,Russia,2020-07-19,12323,Deaths,95.0,1005.0
40929,Russia,2020-07-20,12408,Deaths,85.0,986.0
40930,Russia,2020-07-21,12561,Deaths,153.0,964.0
40931,Russia,2020-07-22,12726,Deaths,165.0,973.0
40932,Russia,2020-07-23,12873,Deaths,147.0,953.0
40933,Russia,2020-07-24,13026,Deaths,153.0,920.0
40934,Russia,2020-07-25,13172,Deaths,146.0,944.0
40935,Russia,2020-07-26,13249,Deaths,77.0,926.0
40936,Russia,2020-07-27,13334,Deaths,85.0,926.0
40937,Russia,2020-07-28,13483,Deaths,149.0,922.0
40938,Russia,2020-07-29,13650,Deaths,167.0,924.0
40939,Russia,2020-07-30,13778,Deaths,128.0,905.0
40940,Russia,2020-07-31,13939,Deaths,161.0,913.0
40941,Russia,2020-08-01,14034,Deaths,95.0,862.0
40942,Russia,2020-08-02,14104,Deaths,70.0,855.0
40943,Russia,2020-08-03,14183,Deaths,79.0,849.0
40944,Russia,2020-08-04,14327,Deaths,144.0,844.0
40945,Russia,2020-08-05,14465,Deaths,138.0,815.0
40946,Russia,2020-08-06,14579,Deaths,114.0,801.0
40947,Russia,2020-08-07,14698,Deaths,119.0,759.0
40948,Russia,2020-08-08,14827,Deaths,129.0,793.0
40949,Russia,2020-08-09,14903,Deaths,76.0,799.0
40950,Russia,2020-08-10,14973,Deaths,70.0,790.0
40951,Russia,2020-08-11,15103,Deaths,130.0,776.0
40952,Russia,2020-08-12,15231,Deaths,128.0,766.0
40953,Russia,2020-08-13,15353,Deaths,122.0,774.0
40954,Russia,2020-08-14,15467,Deaths,114.0,769.0
40955,Russia,2020-08-15,15585,Deaths,118.0,758.0
40956,Russia,2020-08-16,15653,Deaths,68.0,750.0
40957,Russia,2020-08-17,15707,Deaths,54.0,734.0
40958,Russia,2020-08-18,15836,Deaths,129.0,733.0
40959,Russia,2020-08-19,15951,Deaths,115.0,720.0
40960,Russia,2020-08-20,16058,Deaths,107.0,705.0
40961,Russia,2020-08-21,16148,Deaths,90.0,681.0
40962,Russia,2020-08-22,16268,Deaths,120.0,683.0
40963,Russia,2020-08-23,16341,Deaths,73.0,688.0
40964,Russia,2020-08-24,16406,Deaths,65.0,699.0
40965,Russia,2020-08-25,16524,Deaths,118.0,688.0
40966,Russia,2020-08-26,16638,Deaths,114.0,687.0
40967,Russia,2020-08-27,16758,Deaths,120.0,700.0
40968,Russia,2020-08-28,16866,Deaths,108.0,718.0
40969,Russia,2020-08-29,16977,Deaths,111.0,709.0
40970,Russia,2020-08-30,17045,Deaths,68.0,704.0
40971,Russia,2020-08-31,17128,Deaths,83.0,722.0
40972,Russia,2020-09-01,17250,Deaths,122.0,726.0
40973,Russia,2020-09-02,17365,Deaths,115.0,727.0
40974,Russia,2020-09-03,17479,Deaths,114.0,721.0
40975,Russia,2020-09-04,17598,Deaths,119.0,732.0
40976,Russia,2020-09-05,17707,Deaths,109.0,730.0
40977,Russia,2020-09-06,17768,Deaths,61.0,723.0
40978,Russia,2020-09-07,17818,Deaths,50.0,690.0
40979,Russia,2020-09-08,17939,Deaths,121.0,689.0
40980,Russia,2020-09-09,18080,Deaths,141.0,715.0
40981,Russia,2020-09-10,18207,Deaths,127.0,728.0
40982,Russia,2020-09-11,18309,Deaths,102.0,711.0
40983,Russia,2020-09-12,18426,Deaths,117.0,719.0
40984,Russia,2020-09-13,18517,Deaths,91.0,749.0
40985,Russia,2020-09-14,18573,Deaths,56.0,755.0
40986,Russia,2020-09-15,18723,Deaths,150.0,784.0
40987,Russia,2020-09-16,18853,Deaths,130.0,773.0
40988,Russia,2020-09-17,18996,Deaths,143.0,789.0
40989,Russia,2020-09-18,19128,Deaths,132.0,819.0
40990,Russia,2020-09-19,19270,Deaths,142.0,844.0
40991,Russia,2020-09-20,19349,Deaths,79.0,832.0
40992,Russia,2020-09-21,19420,Deaths,71.0,847.0
40993,Russia,2020-09-22,19575,Deaths,155.0,852.0
40994,Russia,2020-09-23,19720,Deaths,145.0,867.0
40995,Russia,2020-09-24,19867,Deaths,147.0,871.0
40996,Russia,2020-09-25,19973,Deaths,106.0,845.0
40997,Russia,2020-09-26,20140,Deaths,167.0,870.0
40998,Russia,2020-09-27,20239,Deaths,99.0,890.0
40999,Russia,2020-09-28,20299,Deaths,60.0,879.0
41000,Russia,2020-09-29,20456,Deaths,157.0,881.0
41001,Russia,2020-09-30,20630,Deaths,174.0,910.0
41002,Russia,2020-10-01,20796,Deaths,166.0,929.0
41003,Russia,2020-10-02,20981,Deaths,185.0,1008.0
41004,Russia,2020-10-03,21153,Deaths,172.0,1013.0
41005,Russia,2020-10-04,21260,Deaths,107.0,1021.0
41006,Russia,2020-10-05,21375,Deaths,115.0,1076.0
41007,Russia,2020-10-06,21559,Deaths,184.0,1103.0
41008,Russia,2020-10-07,21755,Deaths,196.0,1125.0
41009,Russia,2020-10-08,21939,Deaths,184.0,1143.0
41010,Russia,2020-10-09,22137,Deaths,198.0,1156.0
41011,Russia,2020-10-10,22331,Deaths,194.0,1178.0
41012,Russia,2020-10-11,22471,Deaths,140.0,1211.0
41013,Russia,2020-10-12,22594,Deaths,123.0,1219.0
41014,Russia,2020-10-13,22834,Deaths,240.0,1275.0
41015,Russia,2020-10-14,23069,Deaths,235.0,1314.0
41016,Russia,2020-10-15,23350,Deaths,281.0,1411.0
41017,Russia,2020-10-16,23580,Deaths,230.0,1443.0
41018,Russia,2020-10-17,23857,Deaths,277.0,1526.0
41019,Russia,2020-10-18,24039,Deaths,182.0,1568.0
41020,Russia,2020-10-19,24205,Deaths,166.0,1611.0
41021,Russia,2020-10-20,24473,Deaths,268.0,1639.0
41022,Russia,2020-10-21,24786,Deaths,313.0,1717.0
41023,Russia,2020-10-22,25072,Deaths,286.0,1722.0
41024,Russia,2020-10-23,25353,Deaths,281.0,1773.0
41025,Russia,2020-10-24,25647,Deaths,294.0,1790.0
41026,Russia,2020-10-25,25875,Deaths,228.0,1836.0
41027,Russia,2020-10-26,26092,Deaths,217.0,1887.0
41028,Russia,2020-10-27,26409,Deaths,317.0,1936.0
41029,Russia,2020-10-28,26752,Deaths,343.0,1966.0
41030,Russia,2020-10-29,27111,Deaths,359.0,2039.0
41031,Russia,2020-10-30,27462,Deaths,351.0,2109.0
41032,Russia,2020-10-31,27787,Deaths,325.0,2140.0
41033,Russia,2020-11-01,28026,Deaths,239.0,2151.0
41034,Russia,2020-11-02,28264,Deaths,238.0,2172.0
41035,Russia,2020-11-03,28611,Deaths,347.0,2202.0
41036,Russia,2020-11-04,28996,Deaths,385.0,2244.0
41037,Russia,2020-11-05,29285,Deaths,289.0,2174.0
41038,Rwanda,2020-01-22,0,Deaths,,
41039,Rwanda,2020-01-23,0,Deaths,0.0,
41040,Rwanda,2020-01-24,0,Deaths,0.0,
41041,Rwanda,2020-01-25,0,Deaths,0.0,
41042,Rwanda,2020-01-26,0,Deaths,0.0,
41043,Rwanda,2020-01-27,0,Deaths,0.0,
41044,Rwanda,2020-01-28,0,Deaths,0.0,
41045,Rwanda,2020-01-29,0,Deaths,0.0,0.0
41046,Rwanda,2020-01-30,0,Deaths,0.0,0.0
41047,Rwanda,2020-01-31,0,Deaths,0.0,0.0
41048,Rwanda,2020-02-01,0,Deaths,0.0,0.0
41049,Rwanda,2020-02-02,0,Deaths,0.0,0.0
41050,Rwanda,2020-02-03,0,Deaths,0.0,0.0
41051,Rwanda,2020-02-04,0,Deaths,0.0,0.0
41052,Rwanda,2020-02-05,0,Deaths,0.0,0.0
41053,Rwanda,2020-02-06,0,Deaths,0.0,0.0
41054,Rwanda,2020-02-07,0,Deaths,0.0,0.0
41055,Rwanda,2020-02-08,0,Deaths,0.0,0.0
41056,Rwanda,2020-02-09,0,Deaths,0.0,0.0
41057,Rwanda,2020-02-10,0,Deaths,0.0,0.0
41058,Rwanda,2020-02-11,0,Deaths,0.0,0.0
41059,Rwanda,2020-02-12,0,Deaths,0.0,0.0
41060,Rwanda,2020-02-13,0,Deaths,0.0,0.0
41061,Rwanda,2020-02-14,0,Deaths,0.0,0.0
41062,Rwanda,2020-02-15,0,Deaths,0.0,0.0
41063,Rwanda,2020-02-16,0,Deaths,0.0,0.0
41064,Rwanda,2020-02-17,0,Deaths,0.0,0.0
41065,Rwanda,2020-02-18,0,Deaths,0.0,0.0
41066,Rwanda,2020-02-19,0,Deaths,0.0,0.0
41067,Rwanda,2020-02-20,0,Deaths,0.0,0.0
41068,Rwanda,2020-02-21,0,Deaths,0.0,0.0
41069,Rwanda,2020-02-22,0,Deaths,0.0,0.0
41070,Rwanda,2020-02-23,0,Deaths,0.0,0.0
41071,Rwanda,2020-02-24,0,Deaths,0.0,0.0
41072,Rwanda,2020-02-25,0,Deaths,0.0,0.0
41073,Rwanda,2020-02-26,0,Deaths,0.0,0.0
41074,Rwanda,2020-02-27,0,Deaths,0.0,0.0
41075,Rwanda,2020-02-28,0,Deaths,0.0,0.0
41076,Rwanda,2020-02-29,0,Deaths,0.0,0.0
41077,Rwanda,2020-03-01,0,Deaths,0.0,0.0
41078,Rwanda,2020-03-02,0,Deaths,0.0,0.0
41079,Rwanda,2020-03-03,0,Deaths,0.0,0.0
41080,Rwanda,2020-03-04,0,Deaths,0.0,0.0
41081,Rwanda,2020-03-05,0,Deaths,0.0,0.0
41082,Rwanda,2020-03-06,0,Deaths,0.0,0.0
41083,Rwanda,2020-03-07,0,Deaths,0.0,0.0
41084,Rwanda,2020-03-08,0,Deaths,0.0,0.0
41085,Rwanda,2020-03-09,0,Deaths,0.0,0.0
41086,Rwanda,2020-03-10,0,Deaths,0.0,0.0
41087,Rwanda,2020-03-11,0,Deaths,0.0,0.0
41088,Rwanda,2020-03-12,0,Deaths,0.0,0.0
41089,Rwanda,2020-03-13,0,Deaths,0.0,0.0
41090,Rwanda,2020-03-14,0,Deaths,0.0,0.0
41091,Rwanda,2020-03-15,0,Deaths,0.0,0.0
41092,Rwanda,2020-03-16,0,Deaths,0.0,0.0
41093,Rwanda,2020-03-17,0,Deaths,0.0,0.0
41094,Rwanda,2020-03-18,0,Deaths,0.0,0.0
41095,Rwanda,2020-03-19,0,Deaths,0.0,0.0
41096,Rwanda,2020-03-20,0,Deaths,0.0,0.0
41097,Rwanda,2020-03-21,0,Deaths,0.0,0.0
41098,Rwanda,2020-03-22,0,Deaths,0.0,0.0
41099,Rwanda,2020-03-23,0,Deaths,0.0,0.0
41100,Rwanda,2020-03-24,0,Deaths,0.0,0.0
41101,Rwanda,2020-03-25,0,Deaths,0.0,0.0
41102,Rwanda,2020-03-26,0,Deaths,0.0,0.0
41103,Rwanda,2020-03-27,0,Deaths,0.0,0.0
41104,Rwanda,2020-03-28,0,Deaths,0.0,0.0
41105,Rwanda,2020-03-29,0,Deaths,0.0,0.0
41106,Rwanda,2020-03-30,0,Deaths,0.0,0.0
41107,Rwanda,2020-03-31,0,Deaths,0.0,0.0
41108,Rwanda,2020-04-01,0,Deaths,0.0,0.0
41109,Rwanda,2020-04-02,0,Deaths,0.0,0.0
41110,Rwanda,2020-04-03,0,Deaths,0.0,0.0
41111,Rwanda,2020-04-04,0,Deaths,0.0,0.0
41112,Rwanda,2020-04-05,0,Deaths,0.0,0.0
41113,Rwanda,2020-04-06,0,Deaths,0.0,0.0
41114,Rwanda,2020-04-07,0,Deaths,0.0,0.0
41115,Rwanda,2020-04-08,0,Deaths,0.0,0.0
41116,Rwanda,2020-04-09,0,Deaths,0.0,0.0
41117,Rwanda,2020-04-10,0,Deaths,0.0,0.0
41118,Rwanda,2020-04-11,0,Deaths,0.0,0.0
41119,Rwanda,2020-04-12,0,Deaths,0.0,0.0
41120,Rwanda,2020-04-13,0,Deaths,0.0,0.0
41121,Rwanda,2020-04-14,0,Deaths,0.0,0.0
41122,Rwanda,2020-04-15,0,Deaths,0.0,0.0
41123,Rwanda,2020-04-16,0,Deaths,0.0,0.0
41124,Rwanda,2020-04-17,0,Deaths,0.0,0.0
41125,Rwanda,2020-04-18,0,Deaths,0.0,0.0
41126,Rwanda,2020-04-19,0,Deaths,0.0,0.0
41127,Rwanda,2020-04-20,0,Deaths,0.0,0.0
41128,Rwanda,2020-04-21,0,Deaths,0.0,0.0
41129,Rwanda,2020-04-22,0,Deaths,0.0,0.0
41130,Rwanda,2020-04-23,0,Deaths,0.0,0.0
41131,Rwanda,2020-04-24,0,Deaths,0.0,0.0
41132,Rwanda,2020-04-25,0,Deaths,0.0,0.0
41133,Rwanda,2020-04-26,0,Deaths,0.0,0.0
41134,Rwanda,2020-04-27,0,Deaths,0.0,0.0
41135,Rwanda,2020-04-28,0,Deaths,0.0,0.0
41136,Rwanda,2020-04-29,0,Deaths,0.0,0.0
41137,Rwanda,2020-04-30,0,Deaths,0.0,0.0
41138,Rwanda,2020-05-01,0,Deaths,0.0,0.0
41139,Rwanda,2020-05-02,0,Deaths,0.0,0.0
41140,Rwanda,2020-05-03,0,Deaths,0.0,0.0
41141,Rwanda,2020-05-04,0,Deaths,0.0,0.0
41142,Rwanda,2020-05-05,0,Deaths,0.0,0.0
41143,Rwanda,2020-05-06,0,Deaths,0.0,0.0
41144,Rwanda,2020-05-07,0,Deaths,0.0,0.0
41145,Rwanda,2020-05-08,0,Deaths,0.0,0.0
41146,Rwanda,2020-05-09,0,Deaths,0.0,0.0
41147,Rwanda,2020-05-10,0,Deaths,0.0,0.0
41148,Rwanda,2020-05-11,0,Deaths,0.0,0.0
41149,Rwanda,2020-05-12,0,Deaths,0.0,0.0
41150,Rwanda,2020-05-13,0,Deaths,0.0,0.0
41151,Rwanda,2020-05-14,0,Deaths,0.0,0.0
41152,Rwanda,2020-05-15,0,Deaths,0.0,0.0
41153,Rwanda,2020-05-16,0,Deaths,0.0,0.0
41154,Rwanda,2020-05-17,0,Deaths,0.0,0.0
41155,Rwanda,2020-05-18,0,Deaths,0.0,0.0
41156,Rwanda,2020-05-19,0,Deaths,0.0,0.0
41157,Rwanda,2020-05-20,0,Deaths,0.0,0.0
41158,Rwanda,2020-05-21,0,Deaths,0.0,0.0
41159,Rwanda,2020-05-22,0,Deaths,0.0,0.0
41160,Rwanda,2020-05-23,0,Deaths,0.0,0.0
41161,Rwanda,2020-05-24,0,Deaths,0.0,0.0
41162,Rwanda,2020-05-25,0,Deaths,0.0,0.0
41163,Rwanda,2020-05-26,0,Deaths,0.0,0.0
41164,Rwanda,2020-05-27,0,Deaths,0.0,0.0
41165,Rwanda,2020-05-28,0,Deaths,0.0,0.0
41166,Rwanda,2020-05-29,0,Deaths,0.0,0.0
41167,Rwanda,2020-05-30,1,Deaths,1.0,1.0
41168,Rwanda,2020-05-31,1,Deaths,0.0,1.0
41169,Rwanda,2020-06-01,1,Deaths,0.0,1.0
41170,Rwanda,2020-06-02,2,Deaths,1.0,2.0
41171,Rwanda,2020-06-03,2,Deaths,0.0,2.0
41172,Rwanda,2020-06-04,2,Deaths,0.0,2.0
41173,Rwanda,2020-06-05,2,Deaths,0.0,2.0
41174,Rwanda,2020-06-06,2,Deaths,0.0,1.0
41175,Rwanda,2020-06-07,2,Deaths,0.0,1.0
41176,Rwanda,2020-06-08,2,Deaths,0.0,1.0
41177,Rwanda,2020-06-09,2,Deaths,0.0,0.0
41178,Rwanda,2020-06-10,2,Deaths,0.0,0.0
41179,Rwanda,2020-06-11,2,Deaths,0.0,0.0
41180,Rwanda,2020-06-12,2,Deaths,0.0,0.0
41181,Rwanda,2020-06-13,2,Deaths,0.0,0.0
41182,Rwanda,2020-06-14,2,Deaths,0.0,0.0
41183,Rwanda,2020-06-15,2,Deaths,0.0,0.0
41184,Rwanda,2020-06-16,2,Deaths,0.0,0.0
41185,Rwanda,2020-06-17,2,Deaths,0.0,0.0
41186,Rwanda,2020-06-18,2,Deaths,0.0,0.0
41187,Rwanda,2020-06-19,2,Deaths,0.0,0.0
41188,Rwanda,2020-06-20,2,Deaths,0.0,0.0
41189,Rwanda,2020-06-21,2,Deaths,0.0,0.0
41190,Rwanda,2020-06-22,2,Deaths,0.0,0.0
41191,Rwanda,2020-06-23,2,Deaths,0.0,0.0
41192,Rwanda,2020-06-24,2,Deaths,0.0,0.0
41193,Rwanda,2020-06-25,2,Deaths,0.0,0.0
41194,Rwanda,2020-06-26,2,Deaths,0.0,0.0
41195,Rwanda,2020-06-27,2,Deaths,0.0,0.0
41196,Rwanda,2020-06-28,2,Deaths,0.0,0.0
41197,Rwanda,2020-06-29,2,Deaths,0.0,0.0
41198,Rwanda,2020-06-30,2,Deaths,0.0,0.0
41199,Rwanda,2020-07-01,3,Deaths,1.0,1.0
41200,Rwanda,2020-07-02,3,Deaths,0.0,1.0
41201,Rwanda,2020-07-03,3,Deaths,0.0,1.0
41202,Rwanda,2020-07-04,3,Deaths,0.0,1.0
41203,Rwanda,2020-07-05,3,Deaths,0.0,1.0
41204,Rwanda,2020-07-06,3,Deaths,0.0,1.0
41205,Rwanda,2020-07-07,3,Deaths,0.0,1.0
41206,Rwanda,2020-07-08,3,Deaths,0.0,0.0
41207,Rwanda,2020-07-09,3,Deaths,0.0,0.0
41208,Rwanda,2020-07-10,3,Deaths,0.0,0.0
41209,Rwanda,2020-07-11,4,Deaths,1.0,1.0
41210,Rwanda,2020-07-12,4,Deaths,0.0,1.0
41211,Rwanda,2020-07-13,4,Deaths,0.0,1.0
41212,Rwanda,2020-07-14,4,Deaths,0.0,1.0
41213,Rwanda,2020-07-15,4,Deaths,0.0,1.0
41214,Rwanda,2020-07-16,4,Deaths,0.0,1.0
41215,Rwanda,2020-07-17,4,Deaths,0.0,1.0
41216,Rwanda,2020-07-18,5,Deaths,1.0,1.0
41217,Rwanda,2020-07-19,5,Deaths,0.0,1.0
41218,Rwanda,2020-07-20,5,Deaths,0.0,1.0
41219,Rwanda,2020-07-21,5,Deaths,0.0,1.0
41220,Rwanda,2020-07-22,5,Deaths,0.0,1.0
41221,Rwanda,2020-07-23,5,Deaths,0.0,1.0
41222,Rwanda,2020-07-24,5,Deaths,0.0,1.0
41223,Rwanda,2020-07-25,5,Deaths,0.0,0.0
41224,Rwanda,2020-07-26,5,Deaths,0.0,0.0
41225,Rwanda,2020-07-27,5,Deaths,0.0,0.0
41226,Rwanda,2020-07-28,5,Deaths,0.0,0.0
41227,Rwanda,2020-07-29,5,Deaths,0.0,0.0
41228,Rwanda,2020-07-30,5,Deaths,0.0,0.0
41229,Rwanda,2020-07-31,5,Deaths,0.0,0.0
41230,Rwanda,2020-08-01,5,Deaths,0.0,0.0
41231,Rwanda,2020-08-02,5,Deaths,0.0,0.0
41232,Rwanda,2020-08-03,5,Deaths,0.0,0.0
41233,Rwanda,2020-08-04,5,Deaths,0.0,0.0
41234,Rwanda,2020-08-05,5,Deaths,0.0,0.0
41235,Rwanda,2020-08-06,5,Deaths,0.0,0.0
41236,Rwanda,2020-08-07,5,Deaths,0.0,0.0
41237,Rwanda,2020-08-08,6,Deaths,1.0,1.0
41238,Rwanda,2020-08-09,7,Deaths,1.0,2.0
41239,Rwanda,2020-08-10,7,Deaths,0.0,2.0
41240,Rwanda,2020-08-11,7,Deaths,0.0,2.0
41241,Rwanda,2020-08-12,8,Deaths,1.0,3.0
41242,Rwanda,2020-08-13,8,Deaths,0.0,3.0
41243,Rwanda,2020-08-14,8,Deaths,0.0,3.0
41244,Rwanda,2020-08-15,8,Deaths,0.0,2.0
41245,Rwanda,2020-08-16,8,Deaths,0.0,1.0
41246,Rwanda,2020-08-17,8,Deaths,0.0,1.0
41247,Rwanda,2020-08-18,10,Deaths,2.0,3.0
41248,Rwanda,2020-08-19,10,Deaths,0.0,2.0
41249,Rwanda,2020-08-20,11,Deaths,1.0,3.0
41250,Rwanda,2020-08-21,11,Deaths,0.0,3.0
41251,Rwanda,2020-08-22,11,Deaths,0.0,3.0
41252,Rwanda,2020-08-23,12,Deaths,1.0,4.0
41253,Rwanda,2020-08-24,14,Deaths,2.0,6.0
41254,Rwanda,2020-08-25,15,Deaths,1.0,5.0
41255,Rwanda,2020-08-26,15,Deaths,0.0,5.0
41256,Rwanda,2020-08-27,15,Deaths,0.0,4.0
41257,Rwanda,2020-08-28,16,Deaths,1.0,5.0
41258,Rwanda,2020-08-29,16,Deaths,0.0,5.0
41259,Rwanda,2020-08-30,16,Deaths,0.0,4.0
41260,Rwanda,2020-08-31,16,Deaths,0.0,2.0
41261,Rwanda,2020-09-01,16,Deaths,0.0,1.0
41262,Rwanda,2020-09-02,17,Deaths,1.0,2.0
41263,Rwanda,2020-09-03,18,Deaths,1.0,3.0
41264,Rwanda,2020-09-04,18,Deaths,0.0,2.0
41265,Rwanda,2020-09-05,18,Deaths,0.0,2.0
41266,Rwanda,2020-09-06,19,Deaths,1.0,3.0
41267,Rwanda,2020-09-07,19,Deaths,0.0,3.0
41268,Rwanda,2020-09-08,20,Deaths,1.0,4.0
41269,Rwanda,2020-09-09,21,Deaths,1.0,4.0
41270,Rwanda,2020-09-10,22,Deaths,1.0,4.0
41271,Rwanda,2020-09-11,22,Deaths,0.0,4.0
41272,Rwanda,2020-09-12,22,Deaths,0.0,4.0
41273,Rwanda,2020-09-13,22,Deaths,0.0,3.0
41274,Rwanda,2020-09-14,22,Deaths,0.0,3.0
41275,Rwanda,2020-09-15,22,Deaths,0.0,2.0
41276,Rwanda,2020-09-16,22,Deaths,0.0,1.0
41277,Rwanda,2020-09-17,23,Deaths,1.0,1.0
41278,Rwanda,2020-09-18,25,Deaths,2.0,3.0
41279,Rwanda,2020-09-19,26,Deaths,1.0,4.0
41280,Rwanda,2020-09-20,26,Deaths,0.0,4.0
41281,Rwanda,2020-09-21,27,Deaths,1.0,5.0
41282,Rwanda,2020-09-22,27,Deaths,0.0,5.0
41283,Rwanda,2020-09-23,27,Deaths,0.0,5.0
41284,Rwanda,2020-09-24,27,Deaths,0.0,4.0
41285,Rwanda,2020-09-25,29,Deaths,2.0,4.0
41286,Rwanda,2020-09-26,29,Deaths,0.0,3.0
41287,Rwanda,2020-09-27,29,Deaths,0.0,3.0
41288,Rwanda,2020-09-28,29,Deaths,0.0,2.0
41289,Rwanda,2020-09-29,29,Deaths,0.0,2.0
41290,Rwanda,2020-09-30,29,Deaths,0.0,2.0
41291,Rwanda,2020-10-01,29,Deaths,0.0,2.0
41292,Rwanda,2020-10-02,29,Deaths,0.0,0.0
41293,Rwanda,2020-10-03,29,Deaths,0.0,0.0
41294,Rwanda,2020-10-04,29,Deaths,0.0,0.0
41295,Rwanda,2020-10-05,29,Deaths,0.0,0.0
41296,Rwanda,2020-10-06,29,Deaths,0.0,0.0
41297,Rwanda,2020-10-07,29,Deaths,0.0,0.0
41298,Rwanda,2020-10-08,29,Deaths,0.0,0.0
41299,Rwanda,2020-10-09,30,Deaths,1.0,1.0
41300,Rwanda,2020-10-10,30,Deaths,0.0,1.0
41301,Rwanda,2020-10-11,31,Deaths,1.0,2.0
41302,Rwanda,2020-10-12,32,Deaths,1.0,3.0
41303,Rwanda,2020-10-13,32,Deaths,0.0,3.0
41304,Rwanda,2020-10-14,33,Deaths,1.0,4.0
41305,Rwanda,2020-10-15,33,Deaths,0.0,4.0
41306,Rwanda,2020-10-16,34,Deaths,1.0,4.0
41307,Rwanda,2020-10-17,34,Deaths,0.0,4.0
41308,Rwanda,2020-10-18,34,Deaths,0.0,3.0
41309,Rwanda,2020-10-19,34,Deaths,0.0,2.0
41310,Rwanda,2020-10-20,34,Deaths,0.0,2.0
41311,Rwanda,2020-10-21,34,Deaths,0.0,1.0
41312,Rwanda,2020-10-22,34,Deaths,0.0,1.0
41313,Rwanda,2020-10-23,34,Deaths,0.0,0.0
41314,Rwanda,2020-10-24,34,Deaths,0.0,0.0
41315,Rwanda,2020-10-25,34,Deaths,0.0,0.0
41316,Rwanda,2020-10-26,34,Deaths,0.0,0.0
41317,Rwanda,2020-10-27,35,Deaths,1.0,1.0
41318,Rwanda,2020-10-28,35,Deaths,0.0,1.0
41319,Rwanda,2020-10-29,35,Deaths,0.0,1.0
41320,Rwanda,2020-10-30,35,Deaths,0.0,1.0
41321,Rwanda,2020-10-31,35,Deaths,0.0,1.0
41322,Rwanda,2020-11-01,35,Deaths,0.0,1.0
41323,Rwanda,2020-11-02,35,Deaths,0.0,1.0
41324,Rwanda,2020-11-03,35,Deaths,0.0,0.0
41325,Rwanda,2020-11-04,35,Deaths,0.0,0.0
41326,Rwanda,2020-11-05,36,Deaths,1.0,1.0
41327,Saint Kitts and Nevis,2020-01-22,0,Deaths,,
41328,Saint Kitts and Nevis,2020-01-23,0,Deaths,0.0,
41329,Saint Kitts and Nevis,2020-01-24,0,Deaths,0.0,
41330,Saint Kitts and Nevis,2020-01-25,0,Deaths,0.0,
41331,Saint Kitts and Nevis,2020-01-26,0,Deaths,0.0,
41332,Saint Kitts and Nevis,2020-01-27,0,Deaths,0.0,
41333,Saint Kitts and Nevis,2020-01-28,0,Deaths,0.0,
41334,Saint Kitts and Nevis,2020-01-29,0,Deaths,0.0,0.0
41335,Saint Kitts and Nevis,2020-01-30,0,Deaths,0.0,0.0
41336,Saint Kitts and Nevis,2020-01-31,0,Deaths,0.0,0.0
41337,Saint Kitts and Nevis,2020-02-01,0,Deaths,0.0,0.0
41338,Saint Kitts and Nevis,2020-02-02,0,Deaths,0.0,0.0
41339,Saint Kitts and Nevis,2020-02-03,0,Deaths,0.0,0.0
41340,Saint Kitts and Nevis,2020-02-04,0,Deaths,0.0,0.0
41341,Saint Kitts and Nevis,2020-02-05,0,Deaths,0.0,0.0
41342,Saint Kitts and Nevis,2020-02-06,0,Deaths,0.0,0.0
41343,Saint Kitts and Nevis,2020-02-07,0,Deaths,0.0,0.0
41344,Saint Kitts and Nevis,2020-02-08,0,Deaths,0.0,0.0
41345,Saint Kitts and Nevis,2020-02-09,0,Deaths,0.0,0.0
41346,Saint Kitts and Nevis,2020-02-10,0,Deaths,0.0,0.0
41347,Saint Kitts and Nevis,2020-02-11,0,Deaths,0.0,0.0
41348,Saint Kitts and Nevis,2020-02-12,0,Deaths,0.0,0.0
41349,Saint Kitts and Nevis,2020-02-13,0,Deaths,0.0,0.0
41350,Saint Kitts and Nevis,2020-02-14,0,Deaths,0.0,0.0
41351,Saint Kitts and Nevis,2020-02-15,0,Deaths,0.0,0.0
41352,Saint Kitts and Nevis,2020-02-16,0,Deaths,0.0,0.0
41353,Saint Kitts and Nevis,2020-02-17,0,Deaths,0.0,0.0
41354,Saint Kitts and Nevis,2020-02-18,0,Deaths,0.0,0.0
41355,Saint Kitts and Nevis,2020-02-19,0,Deaths,0.0,0.0
41356,Saint Kitts and Nevis,2020-02-20,0,Deaths,0.0,0.0
41357,Saint Kitts and Nevis,2020-02-21,0,Deaths,0.0,0.0
41358,Saint Kitts and Nevis,2020-02-22,0,Deaths,0.0,0.0
41359,Saint Kitts and Nevis,2020-02-23,0,Deaths,0.0,0.0
41360,Saint Kitts and Nevis,2020-02-24,0,Deaths,0.0,0.0
41361,Saint Kitts and Nevis,2020-02-25,0,Deaths,0.0,0.0
41362,Saint Kitts and Nevis,2020-02-26,0,Deaths,0.0,0.0
41363,Saint Kitts and Nevis,2020-02-27,0,Deaths,0.0,0.0
41364,Saint Kitts and Nevis,2020-02-28,0,Deaths,0.0,0.0
41365,Saint Kitts and Nevis,2020-02-29,0,Deaths,0.0,0.0
41366,Saint Kitts and Nevis,2020-03-01,0,Deaths,0.0,0.0
41367,Saint Kitts and Nevis,2020-03-02,0,Deaths,0.0,0.0
41368,Saint Kitts and Nevis,2020-03-03,0,Deaths,0.0,0.0
41369,Saint Kitts and Nevis,2020-03-04,0,Deaths,0.0,0.0
41370,Saint Kitts and Nevis,2020-03-05,0,Deaths,0.0,0.0
41371,Saint Kitts and Nevis,2020-03-06,0,Deaths,0.0,0.0
41372,Saint Kitts and Nevis,2020-03-07,0,Deaths,0.0,0.0
41373,Saint Kitts and Nevis,2020-03-08,0,Deaths,0.0,0.0
41374,Saint Kitts and Nevis,2020-03-09,0,Deaths,0.0,0.0
41375,Saint Kitts and Nevis,2020-03-10,0,Deaths,0.0,0.0
41376,Saint Kitts and Nevis,2020-03-11,0,Deaths,0.0,0.0
41377,Saint Kitts and Nevis,2020-03-12,0,Deaths,0.0,0.0
41378,Saint Kitts and Nevis,2020-03-13,0,Deaths,0.0,0.0
41379,Saint Kitts and Nevis,2020-03-14,0,Deaths,0.0,0.0
41380,Saint Kitts and Nevis,2020-03-15,0,Deaths,0.0,0.0
41381,Saint Kitts and Nevis,2020-03-16,0,Deaths,0.0,0.0
41382,Saint Kitts and Nevis,2020-03-17,0,Deaths,0.0,0.0
41383,Saint Kitts and Nevis,2020-03-18,0,Deaths,0.0,0.0
41384,Saint Kitts and Nevis,2020-03-19,0,Deaths,0.0,0.0
41385,Saint Kitts and Nevis,2020-03-20,0,Deaths,0.0,0.0
41386,Saint Kitts and Nevis,2020-03-21,0,Deaths,0.0,0.0
41387,Saint Kitts and Nevis,2020-03-22,0,Deaths,0.0,0.0
41388,Saint Kitts and Nevis,2020-03-23,0,Deaths,0.0,0.0
41389,Saint Kitts and Nevis,2020-03-24,0,Deaths,0.0,0.0
41390,Saint Kitts and Nevis,2020-03-25,0,Deaths,0.0,0.0
41391,Saint Kitts and Nevis,2020-03-26,0,Deaths,0.0,0.0
41392,Saint Kitts and Nevis,2020-03-27,0,Deaths,0.0,0.0
41393,Saint Kitts and Nevis,2020-03-28,0,Deaths,0.0,0.0
41394,Saint Kitts and Nevis,2020-03-29,0,Deaths,0.0,0.0
41395,Saint Kitts and Nevis,2020-03-30,0,Deaths,0.0,0.0
41396,Saint Kitts and Nevis,2020-03-31,0,Deaths,0.0,0.0
41397,Saint Kitts and Nevis,2020-04-01,0,Deaths,0.0,0.0
41398,Saint Kitts and Nevis,2020-04-02,0,Deaths,0.0,0.0
41399,Saint Kitts and Nevis,2020-04-03,0,Deaths,0.0,0.0
41400,Saint Kitts and Nevis,2020-04-04,0,Deaths,0.0,0.0
41401,Saint Kitts and Nevis,2020-04-05,0,Deaths,0.0,0.0
41402,Saint Kitts and Nevis,2020-04-06,0,Deaths,0.0,0.0
41403,Saint Kitts and Nevis,2020-04-07,0,Deaths,0.0,0.0
41404,Saint Kitts and Nevis,2020-04-08,0,Deaths,0.0,0.0
41405,Saint Kitts and Nevis,2020-04-09,0,Deaths,0.0,0.0
41406,Saint Kitts and Nevis,2020-04-10,0,Deaths,0.0,0.0
41407,Saint Kitts and Nevis,2020-04-11,0,Deaths,0.0,0.0
41408,Saint Kitts and Nevis,2020-04-12,0,Deaths,0.0,0.0
41409,Saint Kitts and Nevis,2020-04-13,0,Deaths,0.0,0.0
41410,Saint Kitts and Nevis,2020-04-14,0,Deaths,0.0,0.0
41411,Saint Kitts and Nevis,2020-04-15,0,Deaths,0.0,0.0
41412,Saint Kitts and Nevis,2020-04-16,0,Deaths,0.0,0.0
41413,Saint Kitts and Nevis,2020-04-17,0,Deaths,0.0,0.0
41414,Saint Kitts and Nevis,2020-04-18,0,Deaths,0.0,0.0
41415,Saint Kitts and Nevis,2020-04-19,0,Deaths,0.0,0.0
41416,Saint Kitts and Nevis,2020-04-20,0,Deaths,0.0,0.0
41417,Saint Kitts and Nevis,2020-04-21,0,Deaths,0.0,0.0
41418,Saint Kitts and Nevis,2020-04-22,0,Deaths,0.0,0.0
41419,Saint Kitts and Nevis,2020-04-23,0,Deaths,0.0,0.0
41420,Saint Kitts and Nevis,2020-04-24,0,Deaths,0.0,0.0
41421,Saint Kitts and Nevis,2020-04-25,0,Deaths,0.0,0.0
41422,Saint Kitts and Nevis,2020-04-26,0,Deaths,0.0,0.0
41423,Saint Kitts and Nevis,2020-04-27,0,Deaths,0.0,0.0
41424,Saint Kitts and Nevis,2020-04-28,0,Deaths,0.0,0.0
41425,Saint Kitts and Nevis,2020-04-29,0,Deaths,0.0,0.0
41426,Saint Kitts and Nevis,2020-04-30,0,Deaths,0.0,0.0
41427,Saint Kitts and Nevis,2020-05-01,0,Deaths,0.0,0.0
41428,Saint Kitts and Nevis,2020-05-02,0,Deaths,0.0,0.0
41429,Saint Kitts and Nevis,2020-05-03,0,Deaths,0.0,0.0
41430,Saint Kitts and Nevis,2020-05-04,0,Deaths,0.0,0.0
41431,Saint Kitts and Nevis,2020-05-05,0,Deaths,0.0,0.0
41432,Saint Kitts and Nevis,2020-05-06,0,Deaths,0.0,0.0
41433,Saint Kitts and Nevis,2020-05-07,0,Deaths,0.0,0.0
41434,Saint Kitts and Nevis,2020-05-08,0,Deaths,0.0,0.0
41435,Saint Kitts and Nevis,2020-05-09,0,Deaths,0.0,0.0
41436,Saint Kitts and Nevis,2020-05-10,0,Deaths,0.0,0.0
41437,Saint Kitts and Nevis,2020-05-11,0,Deaths,0.0,0.0
41438,Saint Kitts and Nevis,2020-05-12,0,Deaths,0.0,0.0
41439,Saint Kitts and Nevis,2020-05-13,0,Deaths,0.0,0.0
41440,Saint Kitts and Nevis,2020-05-14,0,Deaths,0.0,0.0
41441,Saint Kitts and Nevis,2020-05-15,0,Deaths,0.0,0.0
41442,Saint Kitts and Nevis,2020-05-16,0,Deaths,0.0,0.0
41443,Saint Kitts and Nevis,2020-05-17,0,Deaths,0.0,0.0
41444,Saint Kitts and Nevis,2020-05-18,0,Deaths,0.0,0.0
41445,Saint Kitts and Nevis,2020-05-19,0,Deaths,0.0,0.0
41446,Saint Kitts and Nevis,2020-05-20,0,Deaths,0.0,0.0
41447,Saint Kitts and Nevis,2020-05-21,0,Deaths,0.0,0.0
41448,Saint Kitts and Nevis,2020-05-22,0,Deaths,0.0,0.0
41449,Saint Kitts and Nevis,2020-05-23,0,Deaths,0.0,0.0
41450,Saint Kitts and Nevis,2020-05-24,0,Deaths,0.0,0.0
41451,Saint Kitts and Nevis,2020-05-25,0,Deaths,0.0,0.0
41452,Saint Kitts and Nevis,2020-05-26,0,Deaths,0.0,0.0
41453,Saint Kitts and Nevis,2020-05-27,0,Deaths,0.0,0.0
41454,Saint Kitts and Nevis,2020-05-28,0,Deaths,0.0,0.0
41455,Saint Kitts and Nevis,2020-05-29,0,Deaths,0.0,0.0
41456,Saint Kitts and Nevis,2020-05-30,0,Deaths,0.0,0.0
41457,Saint Kitts and Nevis,2020-05-31,0,Deaths,0.0,0.0
41458,Saint Kitts and Nevis,2020-06-01,0,Deaths,0.0,0.0
41459,Saint Kitts and Nevis,2020-06-02,0,Deaths,0.0,0.0
41460,Saint Kitts and Nevis,2020-06-03,0,Deaths,0.0,0.0
41461,Saint Kitts and Nevis,2020-06-04,0,Deaths,0.0,0.0
41462,Saint Kitts and Nevis,2020-06-05,0,Deaths,0.0,0.0
41463,Saint Kitts and Nevis,2020-06-06,0,Deaths,0.0,0.0
41464,Saint Kitts and Nevis,2020-06-07,0,Deaths,0.0,0.0
41465,Saint Kitts and Nevis,2020-06-08,0,Deaths,0.0,0.0
41466,Saint Kitts and Nevis,2020-06-09,0,Deaths,0.0,0.0
41467,Saint Kitts and Nevis,2020-06-10,0,Deaths,0.0,0.0
41468,Saint Kitts and Nevis,2020-06-11,0,Deaths,0.0,0.0
41469,Saint Kitts and Nevis,2020-06-12,0,Deaths,0.0,0.0
41470,Saint Kitts and Nevis,2020-06-13,0,Deaths,0.0,0.0
41471,Saint Kitts and Nevis,2020-06-14,0,Deaths,0.0,0.0
41472,Saint Kitts and Nevis,2020-06-15,0,Deaths,0.0,0.0
41473,Saint Kitts and Nevis,2020-06-16,0,Deaths,0.0,0.0
41474,Saint Kitts and Nevis,2020-06-17,0,Deaths,0.0,0.0
41475,Saint Kitts and Nevis,2020-06-18,0,Deaths,0.0,0.0
41476,Saint Kitts and Nevis,2020-06-19,0,Deaths,0.0,0.0
41477,Saint Kitts and Nevis,2020-06-20,0,Deaths,0.0,0.0
41478,Saint Kitts and Nevis,2020-06-21,0,Deaths,0.0,0.0
41479,Saint Kitts and Nevis,2020-06-22,0,Deaths,0.0,0.0
41480,Saint Kitts and Nevis,2020-06-23,0,Deaths,0.0,0.0
41481,Saint Kitts and Nevis,2020-06-24,0,Deaths,0.0,0.0
41482,Saint Kitts and Nevis,2020-06-25,0,Deaths,0.0,0.0
41483,Saint Kitts and Nevis,2020-06-26,0,Deaths,0.0,0.0
41484,Saint Kitts and Nevis,2020-06-27,0,Deaths,0.0,0.0
41485,Saint Kitts and Nevis,2020-06-28,0,Deaths,0.0,0.0
41486,Saint Kitts and Nevis,2020-06-29,0,Deaths,0.0,0.0
41487,Saint Kitts and Nevis,2020-06-30,0,Deaths,0.0,0.0
41488,Saint Kitts and Nevis,2020-07-01,0,Deaths,0.0,0.0
41489,Saint Kitts and Nevis,2020-07-02,0,Deaths,0.0,0.0
41490,Saint Kitts and Nevis,2020-07-03,0,Deaths,0.0,0.0
41491,Saint Kitts and Nevis,2020-07-04,0,Deaths,0.0,0.0
41492,Saint Kitts and Nevis,2020-07-05,0,Deaths,0.0,0.0
41493,Saint Kitts and Nevis,2020-07-06,0,Deaths,0.0,0.0
41494,Saint Kitts and Nevis,2020-07-07,0,Deaths,0.0,0.0
41495,Saint Kitts and Nevis,2020-07-08,0,Deaths,0.0,0.0
41496,Saint Kitts and Nevis,2020-07-09,0,Deaths,0.0,0.0
41497,Saint Kitts and Nevis,2020-07-10,0,Deaths,0.0,0.0
41498,Saint Kitts and Nevis,2020-07-11,0,Deaths,0.0,0.0
41499,Saint Kitts and Nevis,2020-07-12,0,Deaths,0.0,0.0
41500,Saint Kitts and Nevis,2020-07-13,0,Deaths,0.0,0.0
41501,Saint Kitts and Nevis,2020-07-14,0,Deaths,0.0,0.0
41502,Saint Kitts and Nevis,2020-07-15,0,Deaths,0.0,0.0
41503,Saint Kitts and Nevis,2020-07-16,0,Deaths,0.0,0.0
41504,Saint Kitts and Nevis,2020-07-17,0,Deaths,0.0,0.0
41505,Saint Kitts and Nevis,2020-07-18,0,Deaths,0.0,0.0
41506,Saint Kitts and Nevis,2020-07-19,0,Deaths,0.0,0.0
41507,Saint Kitts and Nevis,2020-07-20,0,Deaths,0.0,0.0
41508,Saint Kitts and Nevis,2020-07-21,0,Deaths,0.0,0.0
41509,Saint Kitts and Nevis,2020-07-22,0,Deaths,0.0,0.0
41510,Saint Kitts and Nevis,2020-07-23,0,Deaths,0.0,0.0
41511,Saint Kitts and Nevis,2020-07-24,0,Deaths,0.0,0.0
41512,Saint Kitts and Nevis,2020-07-25,0,Deaths,0.0,0.0
41513,Saint Kitts and Nevis,2020-07-26,0,Deaths,0.0,0.0
41514,Saint Kitts and Nevis,2020-07-27,0,Deaths,0.0,0.0
41515,Saint Kitts and Nevis,2020-07-28,0,Deaths,0.0,0.0
41516,Saint Kitts and Nevis,2020-07-29,0,Deaths,0.0,0.0
41517,Saint Kitts and Nevis,2020-07-30,0,Deaths,0.0,0.0
41518,Saint Kitts and Nevis,2020-07-31,0,Deaths,0.0,0.0
41519,Saint Kitts and Nevis,2020-08-01,0,Deaths,0.0,0.0
41520,Saint Kitts and Nevis,2020-08-02,0,Deaths,0.0,0.0
41521,Saint Kitts and Nevis,2020-08-03,0,Deaths,0.0,0.0
41522,Saint Kitts and Nevis,2020-08-04,0,Deaths,0.0,0.0
41523,Saint Kitts and Nevis,2020-08-05,0,Deaths,0.0,0.0
41524,Saint Kitts and Nevis,2020-08-06,0,Deaths,0.0,0.0
41525,Saint Kitts and Nevis,2020-08-07,0,Deaths,0.0,0.0
41526,Saint Kitts and Nevis,2020-08-08,0,Deaths,0.0,0.0
41527,Saint Kitts and Nevis,2020-08-09,0,Deaths,0.0,0.0
41528,Saint Kitts and Nevis,2020-08-10,0,Deaths,0.0,0.0
41529,Saint Kitts and Nevis,2020-08-11,0,Deaths,0.0,0.0
41530,Saint Kitts and Nevis,2020-08-12,0,Deaths,0.0,0.0
41531,Saint Kitts and Nevis,2020-08-13,0,Deaths,0.0,0.0
41532,Saint Kitts and Nevis,2020-08-14,0,Deaths,0.0,0.0
41533,Saint Kitts and Nevis,2020-08-15,0,Deaths,0.0,0.0
41534,Saint Kitts and Nevis,2020-08-16,0,Deaths,0.0,0.0
41535,Saint Kitts and Nevis,2020-08-17,0,Deaths,0.0,0.0
41536,Saint Kitts and Nevis,2020-08-18,0,Deaths,0.0,0.0
41537,Saint Kitts and Nevis,2020-08-19,0,Deaths,0.0,0.0
41538,Saint Kitts and Nevis,2020-08-20,0,Deaths,0.0,0.0
41539,Saint Kitts and Nevis,2020-08-21,0,Deaths,0.0,0.0
41540,Saint Kitts and Nevis,2020-08-22,0,Deaths,0.0,0.0
41541,Saint Kitts and Nevis,2020-08-23,0,Deaths,0.0,0.0
41542,Saint Kitts and Nevis,2020-08-24,0,Deaths,0.0,0.0
41543,Saint Kitts and Nevis,2020-08-25,0,Deaths,0.0,0.0
41544,Saint Kitts and Nevis,2020-08-26,0,Deaths,0.0,0.0
41545,Saint Kitts and Nevis,2020-08-27,0,Deaths,0.0,0.0
41546,Saint Kitts and Nevis,2020-08-28,0,Deaths,0.0,0.0
41547,Saint Kitts and Nevis,2020-08-29,0,Deaths,0.0,0.0
41548,Saint Kitts and Nevis,2020-08-30,0,Deaths,0.0,0.0
41549,Saint Kitts and Nevis,2020-08-31,0,Deaths,0.0,0.0
41550,Saint Kitts and Nevis,2020-09-01,0,Deaths,0.0,0.0
41551,Saint Kitts and Nevis,2020-09-02,0,Deaths,0.0,0.0
41552,Saint Kitts and Nevis,2020-09-03,0,Deaths,0.0,0.0
41553,Saint Kitts and Nevis,2020-09-04,0,Deaths,0.0,0.0
41554,Saint Kitts and Nevis,2020-09-05,0,Deaths,0.0,0.0
41555,Saint Kitts and Nevis,2020-09-06,0,Deaths,0.0,0.0
41556,Saint Kitts and Nevis,2020-09-07,0,Deaths,0.0,0.0
41557,Saint Kitts and Nevis,2020-09-08,0,Deaths,0.0,0.0
41558,Saint Kitts and Nevis,2020-09-09,0,Deaths,0.0,0.0
41559,Saint Kitts and Nevis,2020-09-10,0,Deaths,0.0,0.0
41560,Saint Kitts and Nevis,2020-09-11,0,Deaths,0.0,0.0
41561,Saint Kitts and Nevis,2020-09-12,0,Deaths,0.0,0.0
41562,Saint Kitts and Nevis,2020-09-13,0,Deaths,0.0,0.0
41563,Saint Kitts and Nevis,2020-09-14,0,Deaths,0.0,0.0
41564,Saint Kitts and Nevis,2020-09-15,0,Deaths,0.0,0.0
41565,Saint Kitts and Nevis,2020-09-16,0,Deaths,0.0,0.0
41566,Saint Kitts and Nevis,2020-09-17,0,Deaths,0.0,0.0
41567,Saint Kitts and Nevis,2020-09-18,0,Deaths,0.0,0.0
41568,Saint Kitts and Nevis,2020-09-19,0,Deaths,0.0,0.0
41569,Saint Kitts and Nevis,2020-09-20,0,Deaths,0.0,0.0
41570,Saint Kitts and Nevis,2020-09-21,0,Deaths,0.0,0.0
41571,Saint Kitts and Nevis,2020-09-22,0,Deaths,0.0,0.0
41572,Saint Kitts and Nevis,2020-09-23,0,Deaths,0.0,0.0
41573,Saint Kitts and Nevis,2020-09-24,0,Deaths,0.0,0.0
41574,Saint Kitts and Nevis,2020-09-25,0,Deaths,0.0,0.0
41575,Saint Kitts and Nevis,2020-09-26,0,Deaths,0.0,0.0
41576,Saint Kitts and Nevis,2020-09-27,0,Deaths,0.0,0.0
41577,Saint Kitts and Nevis,2020-09-28,0,Deaths,0.0,0.0
41578,Saint Kitts and Nevis,2020-09-29,0,Deaths,0.0,0.0
41579,Saint Kitts and Nevis,2020-09-30,0,Deaths,0.0,0.0
41580,Saint Kitts and Nevis,2020-10-01,0,Deaths,0.0,0.0
41581,Saint Kitts and Nevis,2020-10-02,0,Deaths,0.0,0.0
41582,Saint Kitts and Nevis,2020-10-03,0,Deaths,0.0,0.0
41583,Saint Kitts and Nevis,2020-10-04,0,Deaths,0.0,0.0
41584,Saint Kitts and Nevis,2020-10-05,0,Deaths,0.0,0.0
41585,Saint Kitts and Nevis,2020-10-06,0,Deaths,0.0,0.0
41586,Saint Kitts and Nevis,2020-10-07,0,Deaths,0.0,0.0
41587,Saint Kitts and Nevis,2020-10-08,0,Deaths,0.0,0.0
41588,Saint Kitts and Nevis,2020-10-09,0,Deaths,0.0,0.0
41589,Saint Kitts and Nevis,2020-10-10,0,Deaths,0.0,0.0
41590,Saint Kitts and Nevis,2020-10-11,0,Deaths,0.0,0.0
41591,Saint Kitts and Nevis,2020-10-12,0,Deaths,0.0,0.0
41592,Saint Kitts and Nevis,2020-10-13,0,Deaths,0.0,0.0
41593,Saint Kitts and Nevis,2020-10-14,0,Deaths,0.0,0.0
41594,Saint Kitts and Nevis,2020-10-15,0,Deaths,0.0,0.0
41595,Saint Kitts and Nevis,2020-10-16,0,Deaths,0.0,0.0
41596,Saint Kitts and Nevis,2020-10-17,0,Deaths,0.0,0.0
41597,Saint Kitts and Nevis,2020-10-18,0,Deaths,0.0,0.0
41598,Saint Kitts and Nevis,2020-10-19,0,Deaths,0.0,0.0
41599,Saint Kitts and Nevis,2020-10-20,0,Deaths,0.0,0.0
41600,Saint Kitts and Nevis,2020-10-21,0,Deaths,0.0,0.0
41601,Saint Kitts and Nevis,2020-10-22,0,Deaths,0.0,0.0
41602,Saint Kitts and Nevis,2020-10-23,0,Deaths,0.0,0.0
41603,Saint Kitts and Nevis,2020-10-24,0,Deaths,0.0,0.0
41604,Saint Kitts and Nevis,2020-10-25,0,Deaths,0.0,0.0
41605,Saint Kitts and Nevis,2020-10-26,0,Deaths,0.0,0.0
41606,Saint Kitts and Nevis,2020-10-27,0,Deaths,0.0,0.0
41607,Saint Kitts and Nevis,2020-10-28,0,Deaths,0.0,0.0
41608,Saint Kitts and Nevis,2020-10-29,0,Deaths,0.0,0.0
41609,Saint Kitts and Nevis,2020-10-30,0,Deaths,0.0,0.0
41610,Saint Kitts and Nevis,2020-10-31,0,Deaths,0.0,0.0
41611,Saint Kitts and Nevis,2020-11-01,0,Deaths,0.0,0.0
41612,Saint Kitts and Nevis,2020-11-02,0,Deaths,0.0,0.0
41613,Saint Kitts and Nevis,2020-11-03,0,Deaths,0.0,0.0
41614,Saint Kitts and Nevis,2020-11-04,0,Deaths,0.0,0.0
41615,Saint Kitts and Nevis,2020-11-05,0,Deaths,0.0,0.0
41616,Saint Lucia,2020-01-22,0,Deaths,,
41617,Saint Lucia,2020-01-23,0,Deaths,0.0,
41618,Saint Lucia,2020-01-24,0,Deaths,0.0,
41619,Saint Lucia,2020-01-25,0,Deaths,0.0,
41620,Saint Lucia,2020-01-26,0,Deaths,0.0,
41621,Saint Lucia,2020-01-27,0,Deaths,0.0,
41622,Saint Lucia,2020-01-28,0,Deaths,0.0,
41623,Saint Lucia,2020-01-29,0,Deaths,0.0,0.0
41624,Saint Lucia,2020-01-30,0,Deaths,0.0,0.0
41625,Saint Lucia,2020-01-31,0,Deaths,0.0,0.0
41626,Saint Lucia,2020-02-01,0,Deaths,0.0,0.0
41627,Saint Lucia,2020-02-02,0,Deaths,0.0,0.0
41628,Saint Lucia,2020-02-03,0,Deaths,0.0,0.0
41629,Saint Lucia,2020-02-04,0,Deaths,0.0,0.0
41630,Saint Lucia,2020-02-05,0,Deaths,0.0,0.0
41631,Saint Lucia,2020-02-06,0,Deaths,0.0,0.0
41632,Saint Lucia,2020-02-07,0,Deaths,0.0,0.0
41633,Saint Lucia,2020-02-08,0,Deaths,0.0,0.0
41634,Saint Lucia,2020-02-09,0,Deaths,0.0,0.0
41635,Saint Lucia,2020-02-10,0,Deaths,0.0,0.0
41636,Saint Lucia,2020-02-11,0,Deaths,0.0,0.0
41637,Saint Lucia,2020-02-12,0,Deaths,0.0,0.0
41638,Saint Lucia,2020-02-13,0,Deaths,0.0,0.0
41639,Saint Lucia,2020-02-14,0,Deaths,0.0,0.0
41640,Saint Lucia,2020-02-15,0,Deaths,0.0,0.0
41641,Saint Lucia,2020-02-16,0,Deaths,0.0,0.0
41642,Saint Lucia,2020-02-17,0,Deaths,0.0,0.0
41643,Saint Lucia,2020-02-18,0,Deaths,0.0,0.0
41644,Saint Lucia,2020-02-19,0,Deaths,0.0,0.0
41645,Saint Lucia,2020-02-20,0,Deaths,0.0,0.0
41646,Saint Lucia,2020-02-21,0,Deaths,0.0,0.0
41647,Saint Lucia,2020-02-22,0,Deaths,0.0,0.0
41648,Saint Lucia,2020-02-23,0,Deaths,0.0,0.0
41649,Saint Lucia,2020-02-24,0,Deaths,0.0,0.0
41650,Saint Lucia,2020-02-25,0,Deaths,0.0,0.0
41651,Saint Lucia,2020-02-26,0,Deaths,0.0,0.0
41652,Saint Lucia,2020-02-27,0,Deaths,0.0,0.0
41653,Saint Lucia,2020-02-28,0,Deaths,0.0,0.0
41654,Saint Lucia,2020-02-29,0,Deaths,0.0,0.0
41655,Saint Lucia,2020-03-01,0,Deaths,0.0,0.0
41656,Saint Lucia,2020-03-02,0,Deaths,0.0,0.0
41657,Saint Lucia,2020-03-03,0,Deaths,0.0,0.0
41658,Saint Lucia,2020-03-04,0,Deaths,0.0,0.0
41659,Saint Lucia,2020-03-05,0,Deaths,0.0,0.0
41660,Saint Lucia,2020-03-06,0,Deaths,0.0,0.0
41661,Saint Lucia,2020-03-07,0,Deaths,0.0,0.0
41662,Saint Lucia,2020-03-08,0,Deaths,0.0,0.0
41663,Saint Lucia,2020-03-09,0,Deaths,0.0,0.0
41664,Saint Lucia,2020-03-10,0,Deaths,0.0,0.0
41665,Saint Lucia,2020-03-11,0,Deaths,0.0,0.0
41666,Saint Lucia,2020-03-12,0,Deaths,0.0,0.0
41667,Saint Lucia,2020-03-13,0,Deaths,0.0,0.0
41668,Saint Lucia,2020-03-14,0,Deaths,0.0,0.0
41669,Saint Lucia,2020-03-15,0,Deaths,0.0,0.0
41670,Saint Lucia,2020-03-16,0,Deaths,0.0,0.0
41671,Saint Lucia,2020-03-17,0,Deaths,0.0,0.0
41672,Saint Lucia,2020-03-18,0,Deaths,0.0,0.0
41673,Saint Lucia,2020-03-19,0,Deaths,0.0,0.0
41674,Saint Lucia,2020-03-20,0,Deaths,0.0,0.0
41675,Saint Lucia,2020-03-21,0,Deaths,0.0,0.0
41676,Saint Lucia,2020-03-22,0,Deaths,0.0,0.0
41677,Saint Lucia,2020-03-23,0,Deaths,0.0,0.0
41678,Saint Lucia,2020-03-24,0,Deaths,0.0,0.0
41679,Saint Lucia,2020-03-25,0,Deaths,0.0,0.0
41680,Saint Lucia,2020-03-26,0,Deaths,0.0,0.0
41681,Saint Lucia,2020-03-27,0,Deaths,0.0,0.0
41682,Saint Lucia,2020-03-28,0,Deaths,0.0,0.0
41683,Saint Lucia,2020-03-29,0,Deaths,0.0,0.0
41684,Saint Lucia,2020-03-30,0,Deaths,0.0,0.0
41685,Saint Lucia,2020-03-31,0,Deaths,0.0,0.0
41686,Saint Lucia,2020-04-01,0,Deaths,0.0,0.0
41687,Saint Lucia,2020-04-02,0,Deaths,0.0,0.0
41688,Saint Lucia,2020-04-03,0,Deaths,0.0,0.0
41689,Saint Lucia,2020-04-04,0,Deaths,0.0,0.0
41690,Saint Lucia,2020-04-05,0,Deaths,0.0,0.0
41691,Saint Lucia,2020-04-06,0,Deaths,0.0,0.0
41692,Saint Lucia,2020-04-07,0,Deaths,0.0,0.0
41693,Saint Lucia,2020-04-08,0,Deaths,0.0,0.0
41694,Saint Lucia,2020-04-09,0,Deaths,0.0,0.0
41695,Saint Lucia,2020-04-10,0,Deaths,0.0,0.0
41696,Saint Lucia,2020-04-11,0,Deaths,0.0,0.0
41697,Saint Lucia,2020-04-12,0,Deaths,0.0,0.0
41698,Saint Lucia,2020-04-13,0,Deaths,0.0,0.0
41699,Saint Lucia,2020-04-14,0,Deaths,0.0,0.0
41700,Saint Lucia,2020-04-15,0,Deaths,0.0,0.0
41701,Saint Lucia,2020-04-16,0,Deaths,0.0,0.0
41702,Saint Lucia,2020-04-17,0,Deaths,0.0,0.0
41703,Saint Lucia,2020-04-18,0,Deaths,0.0,0.0
41704,Saint Lucia,2020-04-19,0,Deaths,0.0,0.0
41705,Saint Lucia,2020-04-20,0,Deaths,0.0,0.0
41706,Saint Lucia,2020-04-21,0,Deaths,0.0,0.0
41707,Saint Lucia,2020-04-22,0,Deaths,0.0,0.0
41708,Saint Lucia,2020-04-23,0,Deaths,0.0,0.0
41709,Saint Lucia,2020-04-24,0,Deaths,0.0,0.0
41710,Saint Lucia,2020-04-25,0,Deaths,0.0,0.0
41711,Saint Lucia,2020-04-26,0,Deaths,0.0,0.0
41712,Saint Lucia,2020-04-27,0,Deaths,0.0,0.0
41713,Saint Lucia,2020-04-28,0,Deaths,0.0,0.0
41714,Saint Lucia,2020-04-29,0,Deaths,0.0,0.0
41715,Saint Lucia,2020-04-30,0,Deaths,0.0,0.0
41716,Saint Lucia,2020-05-01,0,Deaths,0.0,0.0
41717,Saint Lucia,2020-05-02,0,Deaths,0.0,0.0
41718,Saint Lucia,2020-05-03,0,Deaths,0.0,0.0
41719,Saint Lucia,2020-05-04,0,Deaths,0.0,0.0
41720,Saint Lucia,2020-05-05,0,Deaths,0.0,0.0
41721,Saint Lucia,2020-05-06,0,Deaths,0.0,0.0
41722,Saint Lucia,2020-05-07,0,Deaths,0.0,0.0
41723,Saint Lucia,2020-05-08,0,Deaths,0.0,0.0
41724,Saint Lucia,2020-05-09,0,Deaths,0.0,0.0
41725,Saint Lucia,2020-05-10,0,Deaths,0.0,0.0
41726,Saint Lucia,2020-05-11,0,Deaths,0.0,0.0
41727,Saint Lucia,2020-05-12,0,Deaths,0.0,0.0
41728,Saint Lucia,2020-05-13,0,Deaths,0.0,0.0
41729,Saint Lucia,2020-05-14,0,Deaths,0.0,0.0
41730,Saint Lucia,2020-05-15,0,Deaths,0.0,0.0
41731,Saint Lucia,2020-05-16,0,Deaths,0.0,0.0
41732,Saint Lucia,2020-05-17,0,Deaths,0.0,0.0
41733,Saint Lucia,2020-05-18,0,Deaths,0.0,0.0
41734,Saint Lucia,2020-05-19,0,Deaths,0.0,0.0
41735,Saint Lucia,2020-05-20,0,Deaths,0.0,0.0
41736,Saint Lucia,2020-05-21,0,Deaths,0.0,0.0
41737,Saint Lucia,2020-05-22,0,Deaths,0.0,0.0
41738,Saint Lucia,2020-05-23,0,Deaths,0.0,0.0
41739,Saint Lucia,2020-05-24,0,Deaths,0.0,0.0
41740,Saint Lucia,2020-05-25,0,Deaths,0.0,0.0
41741,Saint Lucia,2020-05-26,0,Deaths,0.0,0.0
41742,Saint Lucia,2020-05-27,0,Deaths,0.0,0.0
41743,Saint Lucia,2020-05-28,0,Deaths,0.0,0.0
41744,Saint Lucia,2020-05-29,0,Deaths,0.0,0.0
41745,Saint Lucia,2020-05-30,0,Deaths,0.0,0.0
41746,Saint Lucia,2020-05-31,0,Deaths,0.0,0.0
41747,Saint Lucia,2020-06-01,0,Deaths,0.0,0.0
41748,Saint Lucia,2020-06-02,0,Deaths,0.0,0.0
41749,Saint Lucia,2020-06-03,0,Deaths,0.0,0.0
41750,Saint Lucia,2020-06-04,0,Deaths,0.0,0.0
41751,Saint Lucia,2020-06-05,0,Deaths,0.0,0.0
41752,Saint Lucia,2020-06-06,0,Deaths,0.0,0.0
41753,Saint Lucia,2020-06-07,0,Deaths,0.0,0.0
41754,Saint Lucia,2020-06-08,0,Deaths,0.0,0.0
41755,Saint Lucia,2020-06-09,0,Deaths,0.0,0.0
41756,Saint Lucia,2020-06-10,0,Deaths,0.0,0.0
41757,Saint Lucia,2020-06-11,0,Deaths,0.0,0.0
41758,Saint Lucia,2020-06-12,0,Deaths,0.0,0.0
41759,Saint Lucia,2020-06-13,0,Deaths,0.0,0.0
41760,Saint Lucia,2020-06-14,0,Deaths,0.0,0.0
41761,Saint Lucia,2020-06-15,0,Deaths,0.0,0.0
41762,Saint Lucia,2020-06-16,0,Deaths,0.0,0.0
41763,Saint Lucia,2020-06-17,0,Deaths,0.0,0.0
41764,Saint Lucia,2020-06-18,0,Deaths,0.0,0.0
41765,Saint Lucia,2020-06-19,0,Deaths,0.0,0.0
41766,Saint Lucia,2020-06-20,0,Deaths,0.0,0.0
41767,Saint Lucia,2020-06-21,0,Deaths,0.0,0.0
41768,Saint Lucia,2020-06-22,0,Deaths,0.0,0.0
41769,Saint Lucia,2020-06-23,0,Deaths,0.0,0.0
41770,Saint Lucia,2020-06-24,0,Deaths,0.0,0.0
41771,Saint Lucia,2020-06-25,0,Deaths,0.0,0.0
41772,Saint Lucia,2020-06-26,0,Deaths,0.0,0.0
41773,Saint Lucia,2020-06-27,0,Deaths,0.0,0.0
41774,Saint Lucia,2020-06-28,0,Deaths,0.0,0.0
41775,Saint Lucia,2020-06-29,0,Deaths,0.0,0.0
41776,Saint Lucia,2020-06-30,0,Deaths,0.0,0.0
41777,Saint Lucia,2020-07-01,0,Deaths,0.0,0.0
41778,Saint Lucia,2020-07-02,0,Deaths,0.0,0.0
41779,Saint Lucia,2020-07-03,0,Deaths,0.0,0.0
41780,Saint Lucia,2020-07-04,0,Deaths,0.0,0.0
41781,Saint Lucia,2020-07-05,0,Deaths,0.0,0.0
41782,Saint Lucia,2020-07-06,0,Deaths,0.0,0.0
41783,Saint Lucia,2020-07-07,0,Deaths,0.0,0.0
41784,Saint Lucia,2020-07-08,0,Deaths,0.0,0.0
41785,Saint Lucia,2020-07-09,0,Deaths,0.0,0.0
41786,Saint Lucia,2020-07-10,0,Deaths,0.0,0.0
41787,Saint Lucia,2020-07-11,0,Deaths,0.0,0.0
41788,Saint Lucia,2020-07-12,0,Deaths,0.0,0.0
41789,Saint Lucia,2020-07-13,0,Deaths,0.0,0.0
41790,Saint Lucia,2020-07-14,0,Deaths,0.0,0.0
41791,Saint Lucia,2020-07-15,0,Deaths,0.0,0.0
41792,Saint Lucia,2020-07-16,0,Deaths,0.0,0.0
41793,Saint Lucia,2020-07-17,0,Deaths,0.0,0.0
41794,Saint Lucia,2020-07-18,0,Deaths,0.0,0.0
41795,Saint Lucia,2020-07-19,0,Deaths,0.0,0.0
41796,Saint Lucia,2020-07-20,0,Deaths,0.0,0.0
41797,Saint Lucia,2020-07-21,0,Deaths,0.0,0.0
41798,Saint Lucia,2020-07-22,0,Deaths,0.0,0.0
41799,Saint Lucia,2020-07-23,0,Deaths,0.0,0.0
41800,Saint Lucia,2020-07-24,0,Deaths,0.0,0.0
41801,Saint Lucia,2020-07-25,0,Deaths,0.0,0.0
41802,Saint Lucia,2020-07-26,0,Deaths,0.0,0.0
41803,Saint Lucia,2020-07-27,0,Deaths,0.0,0.0
41804,Saint Lucia,2020-07-28,0,Deaths,0.0,0.0
41805,Saint Lucia,2020-07-29,0,Deaths,0.0,0.0
41806,Saint Lucia,2020-07-30,0,Deaths,0.0,0.0
41807,Saint Lucia,2020-07-31,0,Deaths,0.0,0.0
41808,Saint Lucia,2020-08-01,0,Deaths,0.0,0.0
41809,Saint Lucia,2020-08-02,0,Deaths,0.0,0.0
41810,Saint Lucia,2020-08-03,0,Deaths,0.0,0.0
41811,Saint Lucia,2020-08-04,0,Deaths,0.0,0.0
41812,Saint Lucia,2020-08-05,0,Deaths,0.0,0.0
41813,Saint Lucia,2020-08-06,0,Deaths,0.0,0.0
41814,Saint Lucia,2020-08-07,0,Deaths,0.0,0.0
41815,Saint Lucia,2020-08-08,0,Deaths,0.0,0.0
41816,Saint Lucia,2020-08-09,0,Deaths,0.0,0.0
41817,Saint Lucia,2020-08-10,0,Deaths,0.0,0.0
41818,Saint Lucia,2020-08-11,0,Deaths,0.0,0.0
41819,Saint Lucia,2020-08-12,0,Deaths,0.0,0.0
41820,Saint Lucia,2020-08-13,0,Deaths,0.0,0.0
41821,Saint Lucia,2020-08-14,0,Deaths,0.0,0.0
41822,Saint Lucia,2020-08-15,0,Deaths,0.0,0.0
41823,Saint Lucia,2020-08-16,0,Deaths,0.0,0.0
41824,Saint Lucia,2020-08-17,0,Deaths,0.0,0.0
41825,Saint Lucia,2020-08-18,0,Deaths,0.0,0.0
41826,Saint Lucia,2020-08-19,0,Deaths,0.0,0.0
41827,Saint Lucia,2020-08-20,0,Deaths,0.0,0.0
41828,Saint Lucia,2020-08-21,0,Deaths,0.0,0.0
41829,Saint Lucia,2020-08-22,0,Deaths,0.0,0.0
41830,Saint Lucia,2020-08-23,0,Deaths,0.0,0.0
41831,Saint Lucia,2020-08-24,0,Deaths,0.0,0.0
41832,Saint Lucia,2020-08-25,0,Deaths,0.0,0.0
41833,Saint Lucia,2020-08-26,0,Deaths,0.0,0.0
41834,Saint Lucia,2020-08-27,0,Deaths,0.0,0.0
41835,Saint Lucia,2020-08-28,0,Deaths,0.0,0.0
41836,Saint Lucia,2020-08-29,0,Deaths,0.0,0.0
41837,Saint Lucia,2020-08-30,0,Deaths,0.0,0.0
41838,Saint Lucia,2020-08-31,0,Deaths,0.0,0.0
41839,Saint Lucia,2020-09-01,0,Deaths,0.0,0.0
41840,Saint Lucia,2020-09-02,0,Deaths,0.0,0.0
41841,Saint Lucia,2020-09-03,0,Deaths,0.0,0.0
41842,Saint Lucia,2020-09-04,0,Deaths,0.0,0.0
41843,Saint Lucia,2020-09-05,0,Deaths,0.0,0.0
41844,Saint Lucia,2020-09-06,0,Deaths,0.0,0.0
41845,Saint Lucia,2020-09-07,0,Deaths,0.0,0.0
41846,Saint Lucia,2020-09-08,0,Deaths,0.0,0.0
41847,Saint Lucia,2020-09-09,0,Deaths,0.0,0.0
41848,Saint Lucia,2020-09-10,0,Deaths,0.0,0.0
41849,Saint Lucia,2020-09-11,0,Deaths,0.0,0.0
41850,Saint Lucia,2020-09-12,0,Deaths,0.0,0.0
41851,Saint Lucia,2020-09-13,0,Deaths,0.0,0.0
41852,Saint Lucia,2020-09-14,0,Deaths,0.0,0.0
41853,Saint Lucia,2020-09-15,0,Deaths,0.0,0.0
41854,Saint Lucia,2020-09-16,0,Deaths,0.0,0.0
41855,Saint Lucia,2020-09-17,0,Deaths,0.0,0.0
41856,Saint Lucia,2020-09-18,0,Deaths,0.0,0.0
41857,Saint Lucia,2020-09-19,0,Deaths,0.0,0.0
41858,Saint Lucia,2020-09-20,0,Deaths,0.0,0.0
41859,Saint Lucia,2020-09-21,0,Deaths,0.0,0.0
41860,Saint Lucia,2020-09-22,0,Deaths,0.0,0.0
41861,Saint Lucia,2020-09-23,0,Deaths,0.0,0.0
41862,Saint Lucia,2020-09-24,0,Deaths,0.0,0.0
41863,Saint Lucia,2020-09-25,0,Deaths,0.0,0.0
41864,Saint Lucia,2020-09-26,0,Deaths,0.0,0.0
41865,Saint Lucia,2020-09-27,0,Deaths,0.0,0.0
41866,Saint Lucia,2020-09-28,0,Deaths,0.0,0.0
41867,Saint Lucia,2020-09-29,0,Deaths,0.0,0.0
41868,Saint Lucia,2020-09-30,0,Deaths,0.0,0.0
41869,Saint Lucia,2020-10-01,0,Deaths,0.0,0.0
41870,Saint Lucia,2020-10-02,0,Deaths,0.0,0.0
41871,Saint Lucia,2020-10-03,0,Deaths,0.0,0.0
41872,Saint Lucia,2020-10-04,0,Deaths,0.0,0.0
41873,Saint Lucia,2020-10-05,0,Deaths,0.0,0.0
41874,Saint Lucia,2020-10-06,0,Deaths,0.0,0.0
41875,Saint Lucia,2020-10-07,0,Deaths,0.0,0.0
41876,Saint Lucia,2020-10-08,0,Deaths,0.0,0.0
41877,Saint Lucia,2020-10-09,0,Deaths,0.0,0.0
41878,Saint Lucia,2020-10-10,0,Deaths,0.0,0.0
41879,Saint Lucia,2020-10-11,0,Deaths,0.0,0.0
41880,Saint Lucia,2020-10-12,0,Deaths,0.0,0.0
41881,Saint Lucia,2020-10-13,0,Deaths,0.0,0.0
41882,Saint Lucia,2020-10-14,0,Deaths,0.0,0.0
41883,Saint Lucia,2020-10-15,0,Deaths,0.0,0.0
41884,Saint Lucia,2020-10-16,0,Deaths,0.0,0.0
41885,Saint Lucia,2020-10-17,0,Deaths,0.0,0.0
41886,Saint Lucia,2020-10-18,0,Deaths,0.0,0.0
41887,Saint Lucia,2020-10-19,0,Deaths,0.0,0.0
41888,Saint Lucia,2020-10-20,0,Deaths,0.0,0.0
41889,Saint Lucia,2020-10-21,0,Deaths,0.0,0.0
41890,Saint Lucia,2020-10-22,0,Deaths,0.0,0.0
41891,Saint Lucia,2020-10-23,0,Deaths,0.0,0.0
41892,Saint Lucia,2020-10-24,0,Deaths,0.0,0.0
41893,Saint Lucia,2020-10-25,0,Deaths,0.0,0.0
41894,Saint Lucia,2020-10-26,0,Deaths,0.0,0.0
41895,Saint Lucia,2020-10-27,0,Deaths,0.0,0.0
41896,Saint Lucia,2020-10-28,0,Deaths,0.0,0.0
41897,Saint Lucia,2020-10-29,0,Deaths,0.0,0.0
41898,Saint Lucia,2020-10-30,0,Deaths,0.0,0.0
41899,Saint Lucia,2020-10-31,0,Deaths,0.0,0.0
41900,Saint Lucia,2020-11-01,0,Deaths,0.0,0.0
41901,Saint Lucia,2020-11-02,0,Deaths,0.0,0.0
41902,Saint Lucia,2020-11-03,0,Deaths,0.0,0.0
41903,Saint Lucia,2020-11-04,0,Deaths,0.0,0.0
41904,Saint Lucia,2020-11-05,0,Deaths,0.0,0.0
41905,Saint Vincent and the Grenadines,2020-01-22,0,Deaths,,
41906,Saint Vincent and the Grenadines,2020-01-23,0,Deaths,0.0,
41907,Saint Vincent and the Grenadines,2020-01-24,0,Deaths,0.0,
41908,Saint Vincent and the Grenadines,2020-01-25,0,Deaths,0.0,
41909,Saint Vincent and the Grenadines,2020-01-26,0,Deaths,0.0,
41910,Saint Vincent and the Grenadines,2020-01-27,0,Deaths,0.0,
41911,Saint Vincent and the Grenadines,2020-01-28,0,Deaths,0.0,
41912,Saint Vincent and the Grenadines,2020-01-29,0,Deaths,0.0,0.0
41913,Saint Vincent and the Grenadines,2020-01-30,0,Deaths,0.0,0.0
41914,Saint Vincent and the Grenadines,2020-01-31,0,Deaths,0.0,0.0
41915,Saint Vincent and the Grenadines,2020-02-01,0,Deaths,0.0,0.0
41916,Saint Vincent and the Grenadines,2020-02-02,0,Deaths,0.0,0.0
41917,Saint Vincent and the Grenadines,2020-02-03,0,Deaths,0.0,0.0
41918,Saint Vincent and the Grenadines,2020-02-04,0,Deaths,0.0,0.0
41919,Saint Vincent and the Grenadines,2020-02-05,0,Deaths,0.0,0.0
41920,Saint Vincent and the Grenadines,2020-02-06,0,Deaths,0.0,0.0
41921,Saint Vincent and the Grenadines,2020-02-07,0,Deaths,0.0,0.0
41922,Saint Vincent and the Grenadines,2020-02-08,0,Deaths,0.0,0.0
41923,Saint Vincent and the Grenadines,2020-02-09,0,Deaths,0.0,0.0
41924,Saint Vincent and the Grenadines,2020-02-10,0,Deaths,0.0,0.0
41925,Saint Vincent and the Grenadines,2020-02-11,0,Deaths,0.0,0.0
41926,Saint Vincent and the Grenadines,2020-02-12,0,Deaths,0.0,0.0
41927,Saint Vincent and the Grenadines,2020-02-13,0,Deaths,0.0,0.0
41928,Saint Vincent and the Grenadines,2020-02-14,0,Deaths,0.0,0.0
41929,Saint Vincent and the Grenadines,2020-02-15,0,Deaths,0.0,0.0
41930,Saint Vincent and the Grenadines,2020-02-16,0,Deaths,0.0,0.0
41931,Saint Vincent and the Grenadines,2020-02-17,0,Deaths,0.0,0.0
41932,Saint Vincent and the Grenadines,2020-02-18,0,Deaths,0.0,0.0
41933,Saint Vincent and the Grenadines,2020-02-19,0,Deaths,0.0,0.0
41934,Saint Vincent and the Grenadines,2020-02-20,0,Deaths,0.0,0.0
41935,Saint Vincent and the Grenadines,2020-02-21,0,Deaths,0.0,0.0
41936,Saint Vincent and the Grenadines,2020-02-22,0,Deaths,0.0,0.0
41937,Saint Vincent and the Grenadines,2020-02-23,0,Deaths,0.0,0.0
41938,Saint Vincent and the Grenadines,2020-02-24,0,Deaths,0.0,0.0
41939,Saint Vincent and the Grenadines,2020-02-25,0,Deaths,0.0,0.0
41940,Saint Vincent and the Grenadines,2020-02-26,0,Deaths,0.0,0.0
41941,Saint Vincent and the Grenadines,2020-02-27,0,Deaths,0.0,0.0
41942,Saint Vincent and the Grenadines,2020-02-28,0,Deaths,0.0,0.0
41943,Saint Vincent and the Grenadines,2020-02-29,0,Deaths,0.0,0.0
41944,Saint Vincent and the Grenadines,2020-03-01,0,Deaths,0.0,0.0
41945,Saint Vincent and the Grenadines,2020-03-02,0,Deaths,0.0,0.0
41946,Saint Vincent and the Grenadines,2020-03-03,0,Deaths,0.0,0.0
41947,Saint Vincent and the Grenadines,2020-03-04,0,Deaths,0.0,0.0
41948,Saint Vincent and the Grenadines,2020-03-05,0,Deaths,0.0,0.0
41949,Saint Vincent and the Grenadines,2020-03-06,0,Deaths,0.0,0.0
41950,Saint Vincent and the Grenadines,2020-03-07,0,Deaths,0.0,0.0
41951,Saint Vincent and the Grenadines,2020-03-08,0,Deaths,0.0,0.0
41952,Saint Vincent and the Grenadines,2020-03-09,0,Deaths,0.0,0.0
41953,Saint Vincent and the Grenadines,2020-03-10,0,Deaths,0.0,0.0
41954,Saint Vincent and the Grenadines,2020-03-11,0,Deaths,0.0,0.0
41955,Saint Vincent and the Grenadines,2020-03-12,0,Deaths,0.0,0.0
41956,Saint Vincent and the Grenadines,2020-03-13,0,Deaths,0.0,0.0
41957,Saint Vincent and the Grenadines,2020-03-14,0,Deaths,0.0,0.0
41958,Saint Vincent and the Grenadines,2020-03-15,0,Deaths,0.0,0.0
41959,Saint Vincent and the Grenadines,2020-03-16,0,Deaths,0.0,0.0
41960,Saint Vincent and the Grenadines,2020-03-17,0,Deaths,0.0,0.0
41961,Saint Vincent and the Grenadines,2020-03-18,0,Deaths,0.0,0.0
41962,Saint Vincent and the Grenadines,2020-03-19,0,Deaths,0.0,0.0
41963,Saint Vincent and the Grenadines,2020-03-20,0,Deaths,0.0,0.0
41964,Saint Vincent and the Grenadines,2020-03-21,0,Deaths,0.0,0.0
41965,Saint Vincent and the Grenadines,2020-03-22,0,Deaths,0.0,0.0
41966,Saint Vincent and the Grenadines,2020-03-23,0,Deaths,0.0,0.0
41967,Saint Vincent and the Grenadines,2020-03-24,0,Deaths,0.0,0.0
41968,Saint Vincent and the Grenadines,2020-03-25,0,Deaths,0.0,0.0
41969,Saint Vincent and the Grenadines,2020-03-26,0,Deaths,0.0,0.0
41970,Saint Vincent and the Grenadines,2020-03-27,0,Deaths,0.0,0.0
41971,Saint Vincent and the Grenadines,2020-03-28,0,Deaths,0.0,0.0
41972,Saint Vincent and the Grenadines,2020-03-29,0,Deaths,0.0,0.0
41973,Saint Vincent and the Grenadines,2020-03-30,0,Deaths,0.0,0.0
41974,Saint Vincent and the Grenadines,2020-03-31,0,Deaths,0.0,0.0
41975,Saint Vincent and the Grenadines,2020-04-01,0,Deaths,0.0,0.0
41976,Saint Vincent and the Grenadines,2020-04-02,0,Deaths,0.0,0.0
41977,Saint Vincent and the Grenadines,2020-04-03,0,Deaths,0.0,0.0
41978,Saint Vincent and the Grenadines,2020-04-04,0,Deaths,0.0,0.0
41979,Saint Vincent and the Grenadines,2020-04-05,0,Deaths,0.0,0.0
41980,Saint Vincent and the Grenadines,2020-04-06,0,Deaths,0.0,0.0
41981,Saint Vincent and the Grenadines,2020-04-07,0,Deaths,0.0,0.0
41982,Saint Vincent and the Grenadines,2020-04-08,0,Deaths,0.0,0.0
41983,Saint Vincent and the Grenadines,2020-04-09,0,Deaths,0.0,0.0
41984,Saint Vincent and the Grenadines,2020-04-10,0,Deaths,0.0,0.0
41985,Saint Vincent and the Grenadines,2020-04-11,0,Deaths,0.0,0.0
41986,Saint Vincent and the Grenadines,2020-04-12,0,Deaths,0.0,0.0
41987,Saint Vincent and the Grenadines,2020-04-13,0,Deaths,0.0,0.0
41988,Saint Vincent and the Grenadines,2020-04-14,0,Deaths,0.0,0.0
41989,Saint Vincent and the Grenadines,2020-04-15,0,Deaths,0.0,0.0
41990,Saint Vincent and the Grenadines,2020-04-16,0,Deaths,0.0,0.0
41991,Saint Vincent and the Grenadines,2020-04-17,0,Deaths,0.0,0.0
41992,Saint Vincent and the Grenadines,2020-04-18,0,Deaths,0.0,0.0
41993,Saint Vincent and the Grenadines,2020-04-19,0,Deaths,0.0,0.0
41994,Saint Vincent and the Grenadines,2020-04-20,0,Deaths,0.0,0.0
41995,Saint Vincent and the Grenadines,2020-04-21,0,Deaths,0.0,0.0
41996,Saint Vincent and the Grenadines,2020-04-22,0,Deaths,0.0,0.0
41997,Saint Vincent and the Grenadines,2020-04-23,0,Deaths,0.0,0.0
41998,Saint Vincent and the Grenadines,2020-04-24,0,Deaths,0.0,0.0
41999,Saint Vincent and the Grenadines,2020-04-25,0,Deaths,0.0,0.0
42000,Saint Vincent and the Grenadines,2020-04-26,0,Deaths,0.0,0.0
42001,Saint Vincent and the Grenadines,2020-04-27,0,Deaths,0.0,0.0
42002,Saint Vincent and the Grenadines,2020-04-28,0,Deaths,0.0,0.0
42003,Saint Vincent and the Grenadines,2020-04-29,0,Deaths,0.0,0.0
42004,Saint Vincent and the Grenadines,2020-04-30,0,Deaths,0.0,0.0
42005,Saint Vincent and the Grenadines,2020-05-01,0,Deaths,0.0,0.0
42006,Saint Vincent and the Grenadines,2020-05-02,0,Deaths,0.0,0.0
42007,Saint Vincent and the Grenadines,2020-05-03,0,Deaths,0.0,0.0
42008,Saint Vincent and the Grenadines,2020-05-04,0,Deaths,0.0,0.0
42009,Saint Vincent and the Grenadines,2020-05-05,0,Deaths,0.0,0.0
42010,Saint Vincent and the Grenadines,2020-05-06,0,Deaths,0.0,0.0
42011,Saint Vincent and the Grenadines,2020-05-07,0,Deaths,0.0,0.0
42012,Saint Vincent and the Grenadines,2020-05-08,0,Deaths,0.0,0.0
42013,Saint Vincent and the Grenadines,2020-05-09,0,Deaths,0.0,0.0
42014,Saint Vincent and the Grenadines,2020-05-10,0,Deaths,0.0,0.0
42015,Saint Vincent and the Grenadines,2020-05-11,0,Deaths,0.0,0.0
42016,Saint Vincent and the Grenadines,2020-05-12,0,Deaths,0.0,0.0
42017,Saint Vincent and the Grenadines,2020-05-13,0,Deaths,0.0,0.0
42018,Saint Vincent and the Grenadines,2020-05-14,0,Deaths,0.0,0.0
42019,Saint Vincent and the Grenadines,2020-05-15,0,Deaths,0.0,0.0
42020,Saint Vincent and the Grenadines,2020-05-16,0,Deaths,0.0,0.0
42021,Saint Vincent and the Grenadines,2020-05-17,0,Deaths,0.0,0.0
42022,Saint Vincent and the Grenadines,2020-05-18,0,Deaths,0.0,0.0
42023,Saint Vincent and the Grenadines,2020-05-19,0,Deaths,0.0,0.0
42024,Saint Vincent and the Grenadines,2020-05-20,0,Deaths,0.0,0.0
42025,Saint Vincent and the Grenadines,2020-05-21,0,Deaths,0.0,0.0
42026,Saint Vincent and the Grenadines,2020-05-22,0,Deaths,0.0,0.0
42027,Saint Vincent and the Grenadines,2020-05-23,0,Deaths,0.0,0.0
42028,Saint Vincent and the Grenadines,2020-05-24,0,Deaths,0.0,0.0
42029,Saint Vincent and the Grenadines,2020-05-25,0,Deaths,0.0,0.0
42030,Saint Vincent and the Grenadines,2020-05-26,0,Deaths,0.0,0.0
42031,Saint Vincent and the Grenadines,2020-05-27,0,Deaths,0.0,0.0
42032,Saint Vincent and the Grenadines,2020-05-28,0,Deaths,0.0,0.0
42033,Saint Vincent and the Grenadines,2020-05-29,0,Deaths,0.0,0.0
42034,Saint Vincent and the Grenadines,2020-05-30,0,Deaths,0.0,0.0
42035,Saint Vincent and the Grenadines,2020-05-31,0,Deaths,0.0,0.0
42036,Saint Vincent and the Grenadines,2020-06-01,0,Deaths,0.0,0.0
42037,Saint Vincent and the Grenadines,2020-06-02,0,Deaths,0.0,0.0
42038,Saint Vincent and the Grenadines,2020-06-03,0,Deaths,0.0,0.0
42039,Saint Vincent and the Grenadines,2020-06-04,0,Deaths,0.0,0.0
42040,Saint Vincent and the Grenadines,2020-06-05,0,Deaths,0.0,0.0
42041,Saint Vincent and the Grenadines,2020-06-06,0,Deaths,0.0,0.0
42042,Saint Vincent and the Grenadines,2020-06-07,0,Deaths,0.0,0.0
42043,Saint Vincent and the Grenadines,2020-06-08,0,Deaths,0.0,0.0
42044,Saint Vincent and the Grenadines,2020-06-09,0,Deaths,0.0,0.0
42045,Saint Vincent and the Grenadines,2020-06-10,0,Deaths,0.0,0.0
42046,Saint Vincent and the Grenadines,2020-06-11,0,Deaths,0.0,0.0
42047,Saint Vincent and the Grenadines,2020-06-12,0,Deaths,0.0,0.0
42048,Saint Vincent and the Grenadines,2020-06-13,0,Deaths,0.0,0.0
42049,Saint Vincent and the Grenadines,2020-06-14,0,Deaths,0.0,0.0
42050,Saint Vincent and the Grenadines,2020-06-15,0,Deaths,0.0,0.0
42051,Saint Vincent and the Grenadines,2020-06-16,0,Deaths,0.0,0.0
42052,Saint Vincent and the Grenadines,2020-06-17,0,Deaths,0.0,0.0
42053,Saint Vincent and the Grenadines,2020-06-18,0,Deaths,0.0,0.0
42054,Saint Vincent and the Grenadines,2020-06-19,0,Deaths,0.0,0.0
42055,Saint Vincent and the Grenadines,2020-06-20,0,Deaths,0.0,0.0
42056,Saint Vincent and the Grenadines,2020-06-21,0,Deaths,0.0,0.0
42057,Saint Vincent and the Grenadines,2020-06-22,0,Deaths,0.0,0.0
42058,Saint Vincent and the Grenadines,2020-06-23,0,Deaths,0.0,0.0
42059,Saint Vincent and the Grenadines,2020-06-24,0,Deaths,0.0,0.0
42060,Saint Vincent and the Grenadines,2020-06-25,0,Deaths,0.0,0.0
42061,Saint Vincent and the Grenadines,2020-06-26,0,Deaths,0.0,0.0
42062,Saint Vincent and the Grenadines,2020-06-27,0,Deaths,0.0,0.0
42063,Saint Vincent and the Grenadines,2020-06-28,0,Deaths,0.0,0.0
42064,Saint Vincent and the Grenadines,2020-06-29,0,Deaths,0.0,0.0
42065,Saint Vincent and the Grenadines,2020-06-30,0,Deaths,0.0,0.0
42066,Saint Vincent and the Grenadines,2020-07-01,0,Deaths,0.0,0.0
42067,Saint Vincent and the Grenadines,2020-07-02,0,Deaths,0.0,0.0
42068,Saint Vincent and the Grenadines,2020-07-03,0,Deaths,0.0,0.0
42069,Saint Vincent and the Grenadines,2020-07-04,0,Deaths,0.0,0.0
42070,Saint Vincent and the Grenadines,2020-07-05,0,Deaths,0.0,0.0
42071,Saint Vincent and the Grenadines,2020-07-06,0,Deaths,0.0,0.0
42072,Saint Vincent and the Grenadines,2020-07-07,0,Deaths,0.0,0.0
42073,Saint Vincent and the Grenadines,2020-07-08,0,Deaths,0.0,0.0
42074,Saint Vincent and the Grenadines,2020-07-09,0,Deaths,0.0,0.0
42075,Saint Vincent and the Grenadines,2020-07-10,0,Deaths,0.0,0.0
42076,Saint Vincent and the Grenadines,2020-07-11,0,Deaths,0.0,0.0
42077,Saint Vincent and the Grenadines,2020-07-12,0,Deaths,0.0,0.0
42078,Saint Vincent and the Grenadines,2020-07-13,0,Deaths,0.0,0.0
42079,Saint Vincent and the Grenadines,2020-07-14,0,Deaths,0.0,0.0
42080,Saint Vincent and the Grenadines,2020-07-15,0,Deaths,0.0,0.0
42081,Saint Vincent and the Grenadines,2020-07-16,0,Deaths,0.0,0.0
42082,Saint Vincent and the Grenadines,2020-07-17,0,Deaths,0.0,0.0
42083,Saint Vincent and the Grenadines,2020-07-18,0,Deaths,0.0,0.0
42084,Saint Vincent and the Grenadines,2020-07-19,0,Deaths,0.0,0.0
42085,Saint Vincent and the Grenadines,2020-07-20,0,Deaths,0.0,0.0
42086,Saint Vincent and the Grenadines,2020-07-21,0,Deaths,0.0,0.0
42087,Saint Vincent and the Grenadines,2020-07-22,0,Deaths,0.0,0.0
42088,Saint Vincent and the Grenadines,2020-07-23,0,Deaths,0.0,0.0
42089,Saint Vincent and the Grenadines,2020-07-24,0,Deaths,0.0,0.0
42090,Saint Vincent and the Grenadines,2020-07-25,0,Deaths,0.0,0.0
42091,Saint Vincent and the Grenadines,2020-07-26,0,Deaths,0.0,0.0
42092,Saint Vincent and the Grenadines,2020-07-27,0,Deaths,0.0,0.0
42093,Saint Vincent and the Grenadines,2020-07-28,0,Deaths,0.0,0.0
42094,Saint Vincent and the Grenadines,2020-07-29,0,Deaths,0.0,0.0
42095,Saint Vincent and the Grenadines,2020-07-30,0,Deaths,0.0,0.0
42096,Saint Vincent and the Grenadines,2020-07-31,0,Deaths,0.0,0.0
42097,Saint Vincent and the Grenadines,2020-08-01,0,Deaths,0.0,0.0
42098,Saint Vincent and the Grenadines,2020-08-02,0,Deaths,0.0,0.0
42099,Saint Vincent and the Grenadines,2020-08-03,0,Deaths,0.0,0.0
42100,Saint Vincent and the Grenadines,2020-08-04,0,Deaths,0.0,0.0
42101,Saint Vincent and the Grenadines,2020-08-05,0,Deaths,0.0,0.0
42102,Saint Vincent and the Grenadines,2020-08-06,0,Deaths,0.0,0.0
42103,Saint Vincent and the Grenadines,2020-08-07,0,Deaths,0.0,0.0
42104,Saint Vincent and the Grenadines,2020-08-08,0,Deaths,0.0,0.0
42105,Saint Vincent and the Grenadines,2020-08-09,0,Deaths,0.0,0.0
42106,Saint Vincent and the Grenadines,2020-08-10,0,Deaths,0.0,0.0
42107,Saint Vincent and the Grenadines,2020-08-11,0,Deaths,0.0,0.0
42108,Saint Vincent and the Grenadines,2020-08-12,0,Deaths,0.0,0.0
42109,Saint Vincent and the Grenadines,2020-08-13,0,Deaths,0.0,0.0
42110,Saint Vincent and the Grenadines,2020-08-14,0,Deaths,0.0,0.0
42111,Saint Vincent and the Grenadines,2020-08-15,0,Deaths,0.0,0.0
42112,Saint Vincent and the Grenadines,2020-08-16,0,Deaths,0.0,0.0
42113,Saint Vincent and the Grenadines,2020-08-17,0,Deaths,0.0,0.0
42114,Saint Vincent and the Grenadines,2020-08-18,0,Deaths,0.0,0.0
42115,Saint Vincent and the Grenadines,2020-08-19,0,Deaths,0.0,0.0
42116,Saint Vincent and the Grenadines,2020-08-20,0,Deaths,0.0,0.0
42117,Saint Vincent and the Grenadines,2020-08-21,0,Deaths,0.0,0.0
42118,Saint Vincent and the Grenadines,2020-08-22,0,Deaths,0.0,0.0
42119,Saint Vincent and the Grenadines,2020-08-23,0,Deaths,0.0,0.0
42120,Saint Vincent and the Grenadines,2020-08-24,0,Deaths,0.0,0.0
42121,Saint Vincent and the Grenadines,2020-08-25,0,Deaths,0.0,0.0
42122,Saint Vincent and the Grenadines,2020-08-26,0,Deaths,0.0,0.0
42123,Saint Vincent and the Grenadines,2020-08-27,0,Deaths,0.0,0.0
42124,Saint Vincent and the Grenadines,2020-08-28,0,Deaths,0.0,0.0
42125,Saint Vincent and the Grenadines,2020-08-29,0,Deaths,0.0,0.0
42126,Saint Vincent and the Grenadines,2020-08-30,0,Deaths,0.0,0.0
42127,Saint Vincent and the Grenadines,2020-08-31,0,Deaths,0.0,0.0
42128,Saint Vincent and the Grenadines,2020-09-01,0,Deaths,0.0,0.0
42129,Saint Vincent and the Grenadines,2020-09-02,0,Deaths,0.0,0.0
42130,Saint Vincent and the Grenadines,2020-09-03,0,Deaths,0.0,0.0
42131,Saint Vincent and the Grenadines,2020-09-04,0,Deaths,0.0,0.0
42132,Saint Vincent and the Grenadines,2020-09-05,0,Deaths,0.0,0.0
42133,Saint Vincent and the Grenadines,2020-09-06,0,Deaths,0.0,0.0
42134,Saint Vincent and the Grenadines,2020-09-07,0,Deaths,0.0,0.0
42135,Saint Vincent and the Grenadines,2020-09-08,0,Deaths,0.0,0.0
42136,Saint Vincent and the Grenadines,2020-09-09,0,Deaths,0.0,0.0
42137,Saint Vincent and the Grenadines,2020-09-10,0,Deaths,0.0,0.0
42138,Saint Vincent and the Grenadines,2020-09-11,0,Deaths,0.0,0.0
42139,Saint Vincent and the Grenadines,2020-09-12,0,Deaths,0.0,0.0
42140,Saint Vincent and the Grenadines,2020-09-13,0,Deaths,0.0,0.0
42141,Saint Vincent and the Grenadines,2020-09-14,0,Deaths,0.0,0.0
42142,Saint Vincent and the Grenadines,2020-09-15,0,Deaths,0.0,0.0
42143,Saint Vincent and the Grenadines,2020-09-16,0,Deaths,0.0,0.0
42144,Saint Vincent and the Grenadines,2020-09-17,0,Deaths,0.0,0.0
42145,Saint Vincent and the Grenadines,2020-09-18,0,Deaths,0.0,0.0
42146,Saint Vincent and the Grenadines,2020-09-19,0,Deaths,0.0,0.0
42147,Saint Vincent and the Grenadines,2020-09-20,0,Deaths,0.0,0.0
42148,Saint Vincent and the Grenadines,2020-09-21,0,Deaths,0.0,0.0
42149,Saint Vincent and the Grenadines,2020-09-22,0,Deaths,0.0,0.0
42150,Saint Vincent and the Grenadines,2020-09-23,0,Deaths,0.0,0.0
42151,Saint Vincent and the Grenadines,2020-09-24,0,Deaths,0.0,0.0
42152,Saint Vincent and the Grenadines,2020-09-25,0,Deaths,0.0,0.0
42153,Saint Vincent and the Grenadines,2020-09-26,0,Deaths,0.0,0.0
42154,Saint Vincent and the Grenadines,2020-09-27,0,Deaths,0.0,0.0
42155,Saint Vincent and the Grenadines,2020-09-28,0,Deaths,0.0,0.0
42156,Saint Vincent and the Grenadines,2020-09-29,0,Deaths,0.0,0.0
42157,Saint Vincent and the Grenadines,2020-09-30,0,Deaths,0.0,0.0
42158,Saint Vincent and the Grenadines,2020-10-01,0,Deaths,0.0,0.0
42159,Saint Vincent and the Grenadines,2020-10-02,0,Deaths,0.0,0.0
42160,Saint Vincent and the Grenadines,2020-10-03,0,Deaths,0.0,0.0
42161,Saint Vincent and the Grenadines,2020-10-04,0,Deaths,0.0,0.0
42162,Saint Vincent and the Grenadines,2020-10-05,0,Deaths,0.0,0.0
42163,Saint Vincent and the Grenadines,2020-10-06,0,Deaths,0.0,0.0
42164,Saint Vincent and the Grenadines,2020-10-07,0,Deaths,0.0,0.0
42165,Saint Vincent and the Grenadines,2020-10-08,0,Deaths,0.0,0.0
42166,Saint Vincent and the Grenadines,2020-10-09,0,Deaths,0.0,0.0
42167,Saint Vincent and the Grenadines,2020-10-10,0,Deaths,0.0,0.0
42168,Saint Vincent and the Grenadines,2020-10-11,0,Deaths,0.0,0.0
42169,Saint Vincent and the Grenadines,2020-10-12,0,Deaths,0.0,0.0
42170,Saint Vincent and the Grenadines,2020-10-13,0,Deaths,0.0,0.0
42171,Saint Vincent and the Grenadines,2020-10-14,0,Deaths,0.0,0.0
42172,Saint Vincent and the Grenadines,2020-10-15,0,Deaths,0.0,0.0
42173,Saint Vincent and the Grenadines,2020-10-16,0,Deaths,0.0,0.0
42174,Saint Vincent and the Grenadines,2020-10-17,0,Deaths,0.0,0.0
42175,Saint Vincent and the Grenadines,2020-10-18,0,Deaths,0.0,0.0
42176,Saint Vincent and the Grenadines,2020-10-19,0,Deaths,0.0,0.0
42177,Saint Vincent and the Grenadines,2020-10-20,0,Deaths,0.0,0.0
42178,Saint Vincent and the Grenadines,2020-10-21,0,Deaths,0.0,0.0
42179,Saint Vincent and the Grenadines,2020-10-22,0,Deaths,0.0,0.0
42180,Saint Vincent and the Grenadines,2020-10-23,0,Deaths,0.0,0.0
42181,Saint Vincent and the Grenadines,2020-10-24,0,Deaths,0.0,0.0
42182,Saint Vincent and the Grenadines,2020-10-25,0,Deaths,0.0,0.0
42183,Saint Vincent and the Grenadines,2020-10-26,0,Deaths,0.0,0.0
42184,Saint Vincent and the Grenadines,2020-10-27,0,Deaths,0.0,0.0
42185,Saint Vincent and the Grenadines,2020-10-28,0,Deaths,0.0,0.0
42186,Saint Vincent and the Grenadines,2020-10-29,0,Deaths,0.0,0.0
42187,Saint Vincent and the Grenadines,2020-10-30,0,Deaths,0.0,0.0
42188,Saint Vincent and the Grenadines,2020-10-31,0,Deaths,0.0,0.0
42189,Saint Vincent and the Grenadines,2020-11-01,0,Deaths,0.0,0.0
42190,Saint Vincent and the Grenadines,2020-11-02,0,Deaths,0.0,0.0
42191,Saint Vincent and the Grenadines,2020-11-03,0,Deaths,0.0,0.0
42192,Saint Vincent and the Grenadines,2020-11-04,0,Deaths,0.0,0.0
42193,Saint Vincent and the Grenadines,2020-11-05,0,Deaths,0.0,0.0
42194,San Marino,2020-01-22,0,Deaths,,
42195,San Marino,2020-01-23,0,Deaths,0.0,
42196,San Marino,2020-01-24,0,Deaths,0.0,
42197,San Marino,2020-01-25,0,Deaths,0.0,
42198,San Marino,2020-01-26,0,Deaths,0.0,
42199,San Marino,2020-01-27,0,Deaths,0.0,
42200,San Marino,2020-01-28,0,Deaths,0.0,
42201,San Marino,2020-01-29,0,Deaths,0.0,0.0
42202,San Marino,2020-01-30,0,Deaths,0.0,0.0
42203,San Marino,2020-01-31,0,Deaths,0.0,0.0
42204,San Marino,2020-02-01,0,Deaths,0.0,0.0
42205,San Marino,2020-02-02,0,Deaths,0.0,0.0
42206,San Marino,2020-02-03,0,Deaths,0.0,0.0
42207,San Marino,2020-02-04,0,Deaths,0.0,0.0
42208,San Marino,2020-02-05,0,Deaths,0.0,0.0
42209,San Marino,2020-02-06,0,Deaths,0.0,0.0
42210,San Marino,2020-02-07,0,Deaths,0.0,0.0
42211,San Marino,2020-02-08,0,Deaths,0.0,0.0
42212,San Marino,2020-02-09,0,Deaths,0.0,0.0
42213,San Marino,2020-02-10,0,Deaths,0.0,0.0
42214,San Marino,2020-02-11,0,Deaths,0.0,0.0
42215,San Marino,2020-02-12,0,Deaths,0.0,0.0
42216,San Marino,2020-02-13,0,Deaths,0.0,0.0
42217,San Marino,2020-02-14,0,Deaths,0.0,0.0
42218,San Marino,2020-02-15,0,Deaths,0.0,0.0
42219,San Marino,2020-02-16,0,Deaths,0.0,0.0
42220,San Marino,2020-02-17,0,Deaths,0.0,0.0
42221,San Marino,2020-02-18,0,Deaths,0.0,0.0
42222,San Marino,2020-02-19,0,Deaths,0.0,0.0
42223,San Marino,2020-02-20,0,Deaths,0.0,0.0
42224,San Marino,2020-02-21,0,Deaths,0.0,0.0
42225,San Marino,2020-02-22,0,Deaths,0.0,0.0
42226,San Marino,2020-02-23,0,Deaths,0.0,0.0
42227,San Marino,2020-02-24,0,Deaths,0.0,0.0
42228,San Marino,2020-02-25,0,Deaths,0.0,0.0
42229,San Marino,2020-02-26,0,Deaths,0.0,0.0
42230,San Marino,2020-02-27,0,Deaths,0.0,0.0
42231,San Marino,2020-02-28,0,Deaths,0.0,0.0
42232,San Marino,2020-02-29,0,Deaths,0.0,0.0
42233,San Marino,2020-03-01,0,Deaths,0.0,0.0
42234,San Marino,2020-03-02,0,Deaths,0.0,0.0
42235,San Marino,2020-03-03,1,Deaths,1.0,1.0
42236,San Marino,2020-03-04,1,Deaths,0.0,1.0
42237,San Marino,2020-03-05,1,Deaths,0.0,1.0
42238,San Marino,2020-03-06,1,Deaths,0.0,1.0
42239,San Marino,2020-03-07,1,Deaths,0.0,1.0
42240,San Marino,2020-03-08,1,Deaths,0.0,1.0
42241,San Marino,2020-03-09,1,Deaths,0.0,1.0
42242,San Marino,2020-03-10,2,Deaths,1.0,1.0
42243,San Marino,2020-03-11,2,Deaths,0.0,1.0
42244,San Marino,2020-03-12,3,Deaths,1.0,2.0
42245,San Marino,2020-03-13,5,Deaths,2.0,4.0
42246,San Marino,2020-03-14,5,Deaths,0.0,4.0
42247,San Marino,2020-03-15,5,Deaths,0.0,4.0
42248,San Marino,2020-03-16,7,Deaths,2.0,6.0
42249,San Marino,2020-03-17,7,Deaths,0.0,5.0
42250,San Marino,2020-03-18,11,Deaths,4.0,9.0
42251,San Marino,2020-03-19,11,Deaths,0.0,8.0
42252,San Marino,2020-03-20,14,Deaths,3.0,9.0
42253,San Marino,2020-03-21,20,Deaths,6.0,15.0
42254,San Marino,2020-03-22,20,Deaths,0.0,15.0
42255,San Marino,2020-03-23,20,Deaths,0.0,13.0
42256,San Marino,2020-03-24,21,Deaths,1.0,14.0
42257,San Marino,2020-03-25,21,Deaths,0.0,10.0
42258,San Marino,2020-03-26,21,Deaths,0.0,10.0
42259,San Marino,2020-03-27,21,Deaths,0.0,7.0
42260,San Marino,2020-03-28,22,Deaths,1.0,2.0
42261,San Marino,2020-03-29,22,Deaths,0.0,2.0
42262,San Marino,2020-03-30,25,Deaths,3.0,5.0
42263,San Marino,2020-03-31,26,Deaths,1.0,5.0
42264,San Marino,2020-04-01,26,Deaths,0.0,5.0
42265,San Marino,2020-04-02,30,Deaths,4.0,9.0
42266,San Marino,2020-04-03,30,Deaths,0.0,9.0
42267,San Marino,2020-04-04,32,Deaths,2.0,10.0
42268,San Marino,2020-04-05,32,Deaths,0.0,10.0
42269,San Marino,2020-04-06,32,Deaths,0.0,7.0
42270,San Marino,2020-04-07,34,Deaths,2.0,8.0
42271,San Marino,2020-04-08,34,Deaths,0.0,8.0
42272,San Marino,2020-04-09,34,Deaths,0.0,4.0
42273,San Marino,2020-04-10,34,Deaths,0.0,4.0
42274,San Marino,2020-04-11,35,Deaths,1.0,3.0
42275,San Marino,2020-04-12,35,Deaths,0.0,3.0
42276,San Marino,2020-04-13,35,Deaths,0.0,3.0
42277,San Marino,2020-04-14,36,Deaths,1.0,2.0
42278,San Marino,2020-04-15,36,Deaths,0.0,2.0
42279,San Marino,2020-04-16,38,Deaths,2.0,4.0
42280,San Marino,2020-04-17,39,Deaths,1.0,5.0
42281,San Marino,2020-04-18,39,Deaths,0.0,4.0
42282,San Marino,2020-04-19,39,Deaths,0.0,4.0
42283,San Marino,2020-04-20,39,Deaths,0.0,4.0
42284,San Marino,2020-04-21,40,Deaths,1.0,4.0
42285,San Marino,2020-04-22,40,Deaths,0.0,4.0
42286,San Marino,2020-04-23,40,Deaths,0.0,2.0
42287,San Marino,2020-04-24,40,Deaths,0.0,1.0
42288,San Marino,2020-04-25,40,Deaths,0.0,1.0
42289,San Marino,2020-04-26,41,Deaths,1.0,2.0
42290,San Marino,2020-04-27,41,Deaths,0.0,2.0
42291,San Marino,2020-04-28,41,Deaths,0.0,1.0
42292,San Marino,2020-04-29,41,Deaths,0.0,1.0
42293,San Marino,2020-04-30,41,Deaths,0.0,1.0
42294,San Marino,2020-05-01,41,Deaths,0.0,1.0
42295,San Marino,2020-05-02,41,Deaths,0.0,1.0
42296,San Marino,2020-05-03,41,Deaths,0.0,0.0
42297,San Marino,2020-05-04,41,Deaths,0.0,0.0
42298,San Marino,2020-05-05,41,Deaths,0.0,0.0
42299,San Marino,2020-05-06,41,Deaths,0.0,0.0
42300,San Marino,2020-05-07,41,Deaths,0.0,0.0
42301,San Marino,2020-05-08,41,Deaths,0.0,0.0
42302,San Marino,2020-05-09,41,Deaths,0.0,0.0
42303,San Marino,2020-05-10,41,Deaths,0.0,0.0
42304,San Marino,2020-05-11,41,Deaths,0.0,0.0
42305,San Marino,2020-05-12,41,Deaths,0.0,0.0
42306,San Marino,2020-05-13,41,Deaths,0.0,0.0
42307,San Marino,2020-05-14,41,Deaths,0.0,0.0
42308,San Marino,2020-05-15,41,Deaths,0.0,0.0
42309,San Marino,2020-05-16,41,Deaths,0.0,0.0
42310,San Marino,2020-05-17,41,Deaths,0.0,0.0
42311,San Marino,2020-05-18,41,Deaths,0.0,0.0
42312,San Marino,2020-05-19,41,Deaths,0.0,0.0
42313,San Marino,2020-05-20,41,Deaths,0.0,0.0
42314,San Marino,2020-05-21,41,Deaths,0.0,0.0
42315,San Marino,2020-05-22,41,Deaths,0.0,0.0
42316,San Marino,2020-05-23,42,Deaths,1.0,1.0
42317,San Marino,2020-05-24,42,Deaths,0.0,1.0
42318,San Marino,2020-05-25,42,Deaths,0.0,1.0
42319,San Marino,2020-05-26,42,Deaths,0.0,1.0
42320,San Marino,2020-05-27,42,Deaths,0.0,1.0
42321,San Marino,2020-05-28,42,Deaths,0.0,1.0
42322,San Marino,2020-05-29,42,Deaths,0.0,1.0
42323,San Marino,2020-05-30,42,Deaths,0.0,0.0
42324,San Marino,2020-05-31,42,Deaths,0.0,0.0
42325,San Marino,2020-06-01,42,Deaths,0.0,0.0
42326,San Marino,2020-06-02,42,Deaths,0.0,0.0
42327,San Marino,2020-06-03,42,Deaths,0.0,0.0
42328,San Marino,2020-06-04,42,Deaths,0.0,0.0
42329,San Marino,2020-06-05,42,Deaths,0.0,0.0
42330,San Marino,2020-06-06,42,Deaths,0.0,0.0
42331,San Marino,2020-06-07,42,Deaths,0.0,0.0
42332,San Marino,2020-06-08,42,Deaths,0.0,0.0
42333,San Marino,2020-06-09,42,Deaths,0.0,0.0
42334,San Marino,2020-06-10,42,Deaths,0.0,0.0
42335,San Marino,2020-06-11,42,Deaths,0.0,0.0
42336,San Marino,2020-06-12,42,Deaths,0.0,0.0
42337,San Marino,2020-06-13,42,Deaths,0.0,0.0
42338,San Marino,2020-06-14,42,Deaths,0.0,0.0
42339,San Marino,2020-06-15,42,Deaths,0.0,0.0
42340,San Marino,2020-06-16,42,Deaths,0.0,0.0
42341,San Marino,2020-06-17,42,Deaths,0.0,0.0
42342,San Marino,2020-06-18,42,Deaths,0.0,0.0
42343,San Marino,2020-06-19,42,Deaths,0.0,0.0
42344,San Marino,2020-06-20,42,Deaths,0.0,0.0
42345,San Marino,2020-06-21,42,Deaths,0.0,0.0
42346,San Marino,2020-06-22,42,Deaths,0.0,0.0
42347,San Marino,2020-06-23,42,Deaths,0.0,0.0
42348,San Marino,2020-06-24,42,Deaths,0.0,0.0
42349,San Marino,2020-06-25,42,Deaths,0.0,0.0
42350,San Marino,2020-06-26,42,Deaths,0.0,0.0
42351,San Marino,2020-06-27,42,Deaths,0.0,0.0
42352,San Marino,2020-06-28,42,Deaths,0.0,0.0
42353,San Marino,2020-06-29,42,Deaths,0.0,0.0
42354,San Marino,2020-06-30,42,Deaths,0.0,0.0
42355,San Marino,2020-07-01,42,Deaths,0.0,0.0
42356,San Marino,2020-07-02,42,Deaths,0.0,0.0
42357,San Marino,2020-07-03,42,Deaths,0.0,0.0
42358,San Marino,2020-07-04,42,Deaths,0.0,0.0
42359,San Marino,2020-07-05,42,Deaths,0.0,0.0
42360,San Marino,2020-07-06,42,Deaths,0.0,0.0
42361,San Marino,2020-07-07,42,Deaths,0.0,0.0
42362,San Marino,2020-07-08,42,Deaths,0.0,0.0
42363,San Marino,2020-07-09,42,Deaths,0.0,0.0
42364,San Marino,2020-07-10,42,Deaths,0.0,0.0
42365,San Marino,2020-07-11,42,Deaths,0.0,0.0
42366,San Marino,2020-07-12,42,Deaths,0.0,0.0
42367,San Marino,2020-07-13,42,Deaths,0.0,0.0
42368,San Marino,2020-07-14,42,Deaths,0.0,0.0
42369,San Marino,2020-07-15,42,Deaths,0.0,0.0
42370,San Marino,2020-07-16,42,Deaths,0.0,0.0
42371,San Marino,2020-07-17,42,Deaths,0.0,0.0
42372,San Marino,2020-07-18,42,Deaths,0.0,0.0
42373,San Marino,2020-07-19,42,Deaths,0.0,0.0
42374,San Marino,2020-07-20,42,Deaths,0.0,0.0
42375,San Marino,2020-07-21,42,Deaths,0.0,0.0
42376,San Marino,2020-07-22,42,Deaths,0.0,0.0
42377,San Marino,2020-07-23,42,Deaths,0.0,0.0
42378,San Marino,2020-07-24,42,Deaths,0.0,0.0
42379,San Marino,2020-07-25,42,Deaths,0.0,0.0
42380,San Marino,2020-07-26,42,Deaths,0.0,0.0
42381,San Marino,2020-07-27,42,Deaths,0.0,0.0
42382,San Marino,2020-07-28,42,Deaths,0.0,0.0
42383,San Marino,2020-07-29,42,Deaths,0.0,0.0
42384,San Marino,2020-07-30,42,Deaths,0.0,0.0
42385,San Marino,2020-07-31,42,Deaths,0.0,0.0
42386,San Marino,2020-08-01,42,Deaths,0.0,0.0
42387,San Marino,2020-08-02,42,Deaths,0.0,0.0
42388,San Marino,2020-08-03,42,Deaths,0.0,0.0
42389,San Marino,2020-08-04,42,Deaths,0.0,0.0
42390,San Marino,2020-08-05,42,Deaths,0.0,0.0
42391,San Marino,2020-08-06,42,Deaths,0.0,0.0
42392,San Marino,2020-08-07,42,Deaths,0.0,0.0
42393,San Marino,2020-08-08,42,Deaths,0.0,0.0
42394,San Marino,2020-08-09,42,Deaths,0.0,0.0
42395,San Marino,2020-08-10,42,Deaths,0.0,0.0
42396,San Marino,2020-08-11,42,Deaths,0.0,0.0
42397,San Marino,2020-08-12,42,Deaths,0.0,0.0
42398,San Marino,2020-08-13,42,Deaths,0.0,0.0
42399,San Marino,2020-08-14,42,Deaths,0.0,0.0
42400,San Marino,2020-08-15,42,Deaths,0.0,0.0
42401,San Marino,2020-08-16,42,Deaths,0.0,0.0
42402,San Marino,2020-08-17,42,Deaths,0.0,0.0
42403,San Marino,2020-08-18,42,Deaths,0.0,0.0
42404,San Marino,2020-08-19,42,Deaths,0.0,0.0
42405,San Marino,2020-08-20,42,Deaths,0.0,0.0
42406,San Marino,2020-08-21,42,Deaths,0.0,0.0
42407,San Marino,2020-08-22,42,Deaths,0.0,0.0
42408,San Marino,2020-08-23,42,Deaths,0.0,0.0
42409,San Marino,2020-08-24,42,Deaths,0.0,0.0
42410,San Marino,2020-08-25,42,Deaths,0.0,0.0
42411,San Marino,2020-08-26,42,Deaths,0.0,0.0
42412,San Marino,2020-08-27,42,Deaths,0.0,0.0
42413,San Marino,2020-08-28,42,Deaths,0.0,0.0
42414,San Marino,2020-08-29,42,Deaths,0.0,0.0
42415,San Marino,2020-08-30,42,Deaths,0.0,0.0
42416,San Marino,2020-08-31,42,Deaths,0.0,0.0
42417,San Marino,2020-09-01,42,Deaths,0.0,0.0
42418,San Marino,2020-09-02,42,Deaths,0.0,0.0
42419,San Marino,2020-09-03,42,Deaths,0.0,0.0
42420,San Marino,2020-09-04,42,Deaths,0.0,0.0
42421,San Marino,2020-09-05,42,Deaths,0.0,0.0
42422,San Marino,2020-09-06,42,Deaths,0.0,0.0
42423,San Marino,2020-09-07,42,Deaths,0.0,0.0
42424,San Marino,2020-09-08,42,Deaths,0.0,0.0
42425,San Marino,2020-09-09,42,Deaths,0.0,0.0
42426,San Marino,2020-09-10,42,Deaths,0.0,0.0
42427,San Marino,2020-09-11,42,Deaths,0.0,0.0
42428,San Marino,2020-09-12,42,Deaths,0.0,0.0
42429,San Marino,2020-09-13,42,Deaths,0.0,0.0
42430,San Marino,2020-09-14,42,Deaths,0.0,0.0
42431,San Marino,2020-09-15,42,Deaths,0.0,0.0
42432,San Marino,2020-09-16,42,Deaths,0.0,0.0
42433,San Marino,2020-09-17,42,Deaths,0.0,0.0
42434,San Marino,2020-09-18,42,Deaths,0.0,0.0
42435,San Marino,2020-09-19,42,Deaths,0.0,0.0
42436,San Marino,2020-09-20,42,Deaths,0.0,0.0
42437,San Marino,2020-09-21,42,Deaths,0.0,0.0
42438,San Marino,2020-09-22,42,Deaths,0.0,0.0
42439,San Marino,2020-09-23,42,Deaths,0.0,0.0
42440,San Marino,2020-09-24,42,Deaths,0.0,0.0
42441,San Marino,2020-09-25,42,Deaths,0.0,0.0
42442,San Marino,2020-09-26,42,Deaths,0.0,0.0
42443,San Marino,2020-09-27,42,Deaths,0.0,0.0
42444,San Marino,2020-09-28,42,Deaths,0.0,0.0
42445,San Marino,2020-09-29,42,Deaths,0.0,0.0
42446,San Marino,2020-09-30,42,Deaths,0.0,0.0
42447,San Marino,2020-10-01,42,Deaths,0.0,0.0
42448,San Marino,2020-10-02,42,Deaths,0.0,0.0
42449,San Marino,2020-10-03,42,Deaths,0.0,0.0
42450,San Marino,2020-10-04,42,Deaths,0.0,0.0
42451,San Marino,2020-10-05,42,Deaths,0.0,0.0
42452,San Marino,2020-10-06,42,Deaths,0.0,0.0
42453,San Marino,2020-10-07,42,Deaths,0.0,0.0
42454,San Marino,2020-10-08,42,Deaths,0.0,0.0
42455,San Marino,2020-10-09,42,Deaths,0.0,0.0
42456,San Marino,2020-10-10,42,Deaths,0.0,0.0
42457,San Marino,2020-10-11,42,Deaths,0.0,0.0
42458,San Marino,2020-10-12,42,Deaths,0.0,0.0
42459,San Marino,2020-10-13,42,Deaths,0.0,0.0
42460,San Marino,2020-10-14,42,Deaths,0.0,0.0
42461,San Marino,2020-10-15,42,Deaths,0.0,0.0
42462,San Marino,2020-10-16,42,Deaths,0.0,0.0
42463,San Marino,2020-10-17,42,Deaths,0.0,0.0
42464,San Marino,2020-10-18,42,Deaths,0.0,0.0
42465,San Marino,2020-10-19,42,Deaths,0.0,0.0
42466,San Marino,2020-10-20,42,Deaths,0.0,0.0
42467,San Marino,2020-10-21,42,Deaths,0.0,0.0
42468,San Marino,2020-10-22,42,Deaths,0.0,0.0
42469,San Marino,2020-10-23,42,Deaths,0.0,0.0
42470,San Marino,2020-10-24,42,Deaths,0.0,0.0
42471,San Marino,2020-10-25,42,Deaths,0.0,0.0
42472,San Marino,2020-10-26,42,Deaths,0.0,0.0
42473,San Marino,2020-10-27,42,Deaths,0.0,0.0
42474,San Marino,2020-10-28,42,Deaths,0.0,0.0
42475,San Marino,2020-10-29,42,Deaths,0.0,0.0
42476,San Marino,2020-10-30,42,Deaths,0.0,0.0
42477,San Marino,2020-10-31,42,Deaths,0.0,0.0
42478,San Marino,2020-11-01,42,Deaths,0.0,0.0
42479,San Marino,2020-11-02,42,Deaths,0.0,0.0
42480,San Marino,2020-11-03,42,Deaths,0.0,0.0
42481,San Marino,2020-11-04,42,Deaths,0.0,0.0
42482,San Marino,2020-11-05,42,Deaths,0.0,0.0
42483,Sao Tome and Principe,2020-01-22,0,Deaths,,
42484,Sao Tome and Principe,2020-01-23,0,Deaths,0.0,
42485,Sao Tome and Principe,2020-01-24,0,Deaths,0.0,
42486,Sao Tome and Principe,2020-01-25,0,Deaths,0.0,
42487,Sao Tome and Principe,2020-01-26,0,Deaths,0.0,
42488,Sao Tome and Principe,2020-01-27,0,Deaths,0.0,
42489,Sao Tome and Principe,2020-01-28,0,Deaths,0.0,
42490,Sao Tome and Principe,2020-01-29,0,Deaths,0.0,0.0
42491,Sao Tome and Principe,2020-01-30,0,Deaths,0.0,0.0
42492,Sao Tome and Principe,2020-01-31,0,Deaths,0.0,0.0
42493,Sao Tome and Principe,2020-02-01,0,Deaths,0.0,0.0
42494,Sao Tome and Principe,2020-02-02,0,Deaths,0.0,0.0
42495,Sao Tome and Principe,2020-02-03,0,Deaths,0.0,0.0
42496,Sao Tome and Principe,2020-02-04,0,Deaths,0.0,0.0
42497,Sao Tome and Principe,2020-02-05,0,Deaths,0.0,0.0
42498,Sao Tome and Principe,2020-02-06,0,Deaths,0.0,0.0
42499,Sao Tome and Principe,2020-02-07,0,Deaths,0.0,0.0
42500,Sao Tome and Principe,2020-02-08,0,Deaths,0.0,0.0
42501,Sao Tome and Principe,2020-02-09,0,Deaths,0.0,0.0
42502,Sao Tome and Principe,2020-02-10,0,Deaths,0.0,0.0
42503,Sao Tome and Principe,2020-02-11,0,Deaths,0.0,0.0
42504,Sao Tome and Principe,2020-02-12,0,Deaths,0.0,0.0
42505,Sao Tome and Principe,2020-02-13,0,Deaths,0.0,0.0
42506,Sao Tome and Principe,2020-02-14,0,Deaths,0.0,0.0
42507,Sao Tome and Principe,2020-02-15,0,Deaths,0.0,0.0
42508,Sao Tome and Principe,2020-02-16,0,Deaths,0.0,0.0
42509,Sao Tome and Principe,2020-02-17,0,Deaths,0.0,0.0
42510,Sao Tome and Principe,2020-02-18,0,Deaths,0.0,0.0
42511,Sao Tome and Principe,2020-02-19,0,Deaths,0.0,0.0
42512,Sao Tome and Principe,2020-02-20,0,Deaths,0.0,0.0
42513,Sao Tome and Principe,2020-02-21,0,Deaths,0.0,0.0
42514,Sao Tome and Principe,2020-02-22,0,Deaths,0.0,0.0
42515,Sao Tome and Principe,2020-02-23,0,Deaths,0.0,0.0
42516,Sao Tome and Principe,2020-02-24,0,Deaths,0.0,0.0
42517,Sao Tome and Principe,2020-02-25,0,Deaths,0.0,0.0
42518,Sao Tome and Principe,2020-02-26,0,Deaths,0.0,0.0
42519,Sao Tome and Principe,2020-02-27,0,Deaths,0.0,0.0
42520,Sao Tome and Principe,2020-02-28,0,Deaths,0.0,0.0
42521,Sao Tome and Principe,2020-02-29,0,Deaths,0.0,0.0
42522,Sao Tome and Principe,2020-03-01,0,Deaths,0.0,0.0
42523,Sao Tome and Principe,2020-03-02,0,Deaths,0.0,0.0
42524,Sao Tome and Principe,2020-03-03,0,Deaths,0.0,0.0
42525,Sao Tome and Principe,2020-03-04,0,Deaths,0.0,0.0
42526,Sao Tome and Principe,2020-03-05,0,Deaths,0.0,0.0
42527,Sao Tome and Principe,2020-03-06,0,Deaths,0.0,0.0
42528,Sao Tome and Principe,2020-03-07,0,Deaths,0.0,0.0
42529,Sao Tome and Principe,2020-03-08,0,Deaths,0.0,0.0
42530,Sao Tome and Principe,2020-03-09,0,Deaths,0.0,0.0
42531,Sao Tome and Principe,2020-03-10,0,Deaths,0.0,0.0
42532,Sao Tome and Principe,2020-03-11,0,Deaths,0.0,0.0
42533,Sao Tome and Principe,2020-03-12,0,Deaths,0.0,0.0
42534,Sao Tome and Principe,2020-03-13,0,Deaths,0.0,0.0
42535,Sao Tome and Principe,2020-03-14,0,Deaths,0.0,0.0
42536,Sao Tome and Principe,2020-03-15,0,Deaths,0.0,0.0
42537,Sao Tome and Principe,2020-03-16,0,Deaths,0.0,0.0
42538,Sao Tome and Principe,2020-03-17,0,Deaths,0.0,0.0
42539,Sao Tome and Principe,2020-03-18,0,Deaths,0.0,0.0
42540,Sao Tome and Principe,2020-03-19,0,Deaths,0.0,0.0
42541,Sao Tome and Principe,2020-03-20,0,Deaths,0.0,0.0
42542,Sao Tome and Principe,2020-03-21,0,Deaths,0.0,0.0
42543,Sao Tome and Principe,2020-03-22,0,Deaths,0.0,0.0
42544,Sao Tome and Principe,2020-03-23,0,Deaths,0.0,0.0
42545,Sao Tome and Principe,2020-03-24,0,Deaths,0.0,0.0
42546,Sao Tome and Principe,2020-03-25,0,Deaths,0.0,0.0
42547,Sao Tome and Principe,2020-03-26,0,Deaths,0.0,0.0
42548,Sao Tome and Principe,2020-03-27,0,Deaths,0.0,0.0
42549,Sao Tome and Principe,2020-03-28,0,Deaths,0.0,0.0
42550,Sao Tome and Principe,2020-03-29,0,Deaths,0.0,0.0
42551,Sao Tome and Principe,2020-03-30,0,Deaths,0.0,0.0
42552,Sao Tome and Principe,2020-03-31,0,Deaths,0.0,0.0
42553,Sao Tome and Principe,2020-04-01,0,Deaths,0.0,0.0
42554,Sao Tome and Principe,2020-04-02,0,Deaths,0.0,0.0
42555,Sao Tome and Principe,2020-04-03,0,Deaths,0.0,0.0
42556,Sao Tome and Principe,2020-04-04,0,Deaths,0.0,0.0
42557,Sao Tome and Principe,2020-04-05,0,Deaths,0.0,0.0
42558,Sao Tome and Principe,2020-04-06,0,Deaths,0.0,0.0
42559,Sao Tome and Principe,2020-04-07,0,Deaths,0.0,0.0
42560,Sao Tome and Principe,2020-04-08,0,Deaths,0.0,0.0
42561,Sao Tome and Principe,2020-04-09,0,Deaths,0.0,0.0
42562,Sao Tome and Principe,2020-04-10,0,Deaths,0.0,0.0
42563,Sao Tome and Principe,2020-04-11,0,Deaths,0.0,0.0
42564,Sao Tome and Principe,2020-04-12,0,Deaths,0.0,0.0
42565,Sao Tome and Principe,2020-04-13,0,Deaths,0.0,0.0
42566,Sao Tome and Principe,2020-04-14,0,Deaths,0.0,0.0
42567,Sao Tome and Principe,2020-04-15,0,Deaths,0.0,0.0
42568,Sao Tome and Principe,2020-04-16,0,Deaths,0.0,0.0
42569,Sao Tome and Principe,2020-04-17,0,Deaths,0.0,0.0
42570,Sao Tome and Principe,2020-04-18,0,Deaths,0.0,0.0
42571,Sao Tome and Principe,2020-04-19,0,Deaths,0.0,0.0
42572,Sao Tome and Principe,2020-04-20,0,Deaths,0.0,0.0
42573,Sao Tome and Principe,2020-04-21,0,Deaths,0.0,0.0
42574,Sao Tome and Principe,2020-04-22,0,Deaths,0.0,0.0
42575,Sao Tome and Principe,2020-04-23,0,Deaths,0.0,0.0
42576,Sao Tome and Principe,2020-04-24,0,Deaths,0.0,0.0
42577,Sao Tome and Principe,2020-04-25,0,Deaths,0.0,0.0
42578,Sao Tome and Principe,2020-04-26,0,Deaths,0.0,0.0
42579,Sao Tome and Principe,2020-04-27,0,Deaths,0.0,0.0
42580,Sao Tome and Principe,2020-04-28,0,Deaths,0.0,0.0
42581,Sao Tome and Principe,2020-04-29,0,Deaths,0.0,0.0
42582,Sao Tome and Principe,2020-04-30,0,Deaths,0.0,0.0
42583,Sao Tome and Principe,2020-05-01,1,Deaths,1.0,1.0
42584,Sao Tome and Principe,2020-05-02,1,Deaths,0.0,1.0
42585,Sao Tome and Principe,2020-05-03,1,Deaths,0.0,1.0
42586,Sao Tome and Principe,2020-05-04,3,Deaths,2.0,3.0
42587,Sao Tome and Principe,2020-05-05,3,Deaths,0.0,3.0
42588,Sao Tome and Principe,2020-05-06,3,Deaths,0.0,3.0
42589,Sao Tome and Principe,2020-05-07,4,Deaths,1.0,4.0
42590,Sao Tome and Principe,2020-05-08,5,Deaths,1.0,4.0
42591,Sao Tome and Principe,2020-05-09,5,Deaths,0.0,4.0
42592,Sao Tome and Principe,2020-05-10,5,Deaths,0.0,4.0
42593,Sao Tome and Principe,2020-05-11,5,Deaths,0.0,2.0
42594,Sao Tome and Principe,2020-05-12,5,Deaths,0.0,2.0
42595,Sao Tome and Principe,2020-05-13,6,Deaths,1.0,3.0
42596,Sao Tome and Principe,2020-05-14,7,Deaths,1.0,3.0
42597,Sao Tome and Principe,2020-05-15,7,Deaths,0.0,2.0
42598,Sao Tome and Principe,2020-05-16,7,Deaths,0.0,2.0
42599,Sao Tome and Principe,2020-05-17,7,Deaths,0.0,2.0
42600,Sao Tome and Principe,2020-05-18,7,Deaths,0.0,2.0
42601,Sao Tome and Principe,2020-05-19,8,Deaths,1.0,3.0
42602,Sao Tome and Principe,2020-05-20,8,Deaths,0.0,2.0
42603,Sao Tome and Principe,2020-05-21,8,Deaths,0.0,1.0
42604,Sao Tome and Principe,2020-05-22,8,Deaths,0.0,1.0
42605,Sao Tome and Principe,2020-05-23,8,Deaths,0.0,1.0
42606,Sao Tome and Principe,2020-05-24,8,Deaths,0.0,1.0
42607,Sao Tome and Principe,2020-05-25,11,Deaths,3.0,4.0
42608,Sao Tome and Principe,2020-05-26,12,Deaths,1.0,4.0
42609,Sao Tome and Principe,2020-05-27,12,Deaths,0.0,4.0
42610,Sao Tome and Principe,2020-05-28,12,Deaths,0.0,4.0
42611,Sao Tome and Principe,2020-05-29,12,Deaths,0.0,4.0
42612,Sao Tome and Principe,2020-05-30,12,Deaths,0.0,4.0
42613,Sao Tome and Principe,2020-05-31,12,Deaths,0.0,4.0
42614,Sao Tome and Principe,2020-06-01,12,Deaths,0.0,1.0
42615,Sao Tome and Principe,2020-06-02,12,Deaths,0.0,0.0
42616,Sao Tome and Principe,2020-06-03,12,Deaths,0.0,0.0
42617,Sao Tome and Principe,2020-06-04,12,Deaths,0.0,0.0
42618,Sao Tome and Principe,2020-06-05,12,Deaths,0.0,0.0
42619,Sao Tome and Principe,2020-06-06,12,Deaths,0.0,0.0
42620,Sao Tome and Principe,2020-06-07,12,Deaths,0.0,0.0
42621,Sao Tome and Principe,2020-06-08,12,Deaths,0.0,0.0
42622,Sao Tome and Principe,2020-06-09,12,Deaths,0.0,0.0
42623,Sao Tome and Principe,2020-06-10,12,Deaths,0.0,0.0
42624,Sao Tome and Principe,2020-06-11,12,Deaths,0.0,0.0
42625,Sao Tome and Principe,2020-06-12,12,Deaths,0.0,0.0
42626,Sao Tome and Principe,2020-06-13,12,Deaths,0.0,0.0
42627,Sao Tome and Principe,2020-06-14,12,Deaths,0.0,0.0
42628,Sao Tome and Principe,2020-06-15,12,Deaths,0.0,0.0
42629,Sao Tome and Principe,2020-06-16,12,Deaths,0.0,0.0
42630,Sao Tome and Principe,2020-06-17,12,Deaths,0.0,0.0
42631,Sao Tome and Principe,2020-06-18,12,Deaths,0.0,0.0
42632,Sao Tome and Principe,2020-06-19,12,Deaths,0.0,0.0
42633,Sao Tome and Principe,2020-06-20,12,Deaths,0.0,0.0
42634,Sao Tome and Principe,2020-06-21,12,Deaths,0.0,0.0
42635,Sao Tome and Principe,2020-06-22,12,Deaths,0.0,0.0
42636,Sao Tome and Principe,2020-06-23,12,Deaths,0.0,0.0
42637,Sao Tome and Principe,2020-06-24,13,Deaths,1.0,1.0
42638,Sao Tome and Principe,2020-06-25,13,Deaths,0.0,1.0
42639,Sao Tome and Principe,2020-06-26,13,Deaths,0.0,1.0
42640,Sao Tome and Principe,2020-06-27,13,Deaths,0.0,1.0
42641,Sao Tome and Principe,2020-06-28,13,Deaths,0.0,1.0
42642,Sao Tome and Principe,2020-06-29,13,Deaths,0.0,1.0
42643,Sao Tome and Principe,2020-06-30,13,Deaths,0.0,1.0
42644,Sao Tome and Principe,2020-07-01,13,Deaths,0.0,0.0
42645,Sao Tome and Principe,2020-07-02,13,Deaths,0.0,0.0
42646,Sao Tome and Principe,2020-07-03,13,Deaths,0.0,0.0
42647,Sao Tome and Principe,2020-07-04,13,Deaths,0.0,0.0
42648,Sao Tome and Principe,2020-07-05,13,Deaths,0.0,0.0
42649,Sao Tome and Principe,2020-07-06,13,Deaths,0.0,0.0
42650,Sao Tome and Principe,2020-07-07,13,Deaths,0.0,0.0
42651,Sao Tome and Principe,2020-07-08,13,Deaths,0.0,0.0
42652,Sao Tome and Principe,2020-07-09,14,Deaths,1.0,1.0
42653,Sao Tome and Principe,2020-07-10,14,Deaths,0.0,1.0
42654,Sao Tome and Principe,2020-07-11,14,Deaths,0.0,1.0
42655,Sao Tome and Principe,2020-07-12,14,Deaths,0.0,1.0
42656,Sao Tome and Principe,2020-07-13,14,Deaths,0.0,1.0
42657,Sao Tome and Principe,2020-07-14,14,Deaths,0.0,1.0
42658,Sao Tome and Principe,2020-07-15,14,Deaths,0.0,1.0
42659,Sao Tome and Principe,2020-07-16,14,Deaths,0.0,0.0
42660,Sao Tome and Principe,2020-07-17,14,Deaths,0.0,0.0
42661,Sao Tome and Principe,2020-07-18,14,Deaths,0.0,0.0
42662,Sao Tome and Principe,2020-07-19,14,Deaths,0.0,0.0
42663,Sao Tome and Principe,2020-07-20,14,Deaths,0.0,0.0
42664,Sao Tome and Principe,2020-07-21,14,Deaths,0.0,0.0
42665,Sao Tome and Principe,2020-07-22,14,Deaths,0.0,0.0
42666,Sao Tome and Principe,2020-07-23,14,Deaths,0.0,0.0
42667,Sao Tome and Principe,2020-07-24,14,Deaths,0.0,0.0
42668,Sao Tome and Principe,2020-07-25,14,Deaths,0.0,0.0
42669,Sao Tome and Principe,2020-07-26,14,Deaths,0.0,0.0
42670,Sao Tome and Principe,2020-07-27,14,Deaths,0.0,0.0
42671,Sao Tome and Principe,2020-07-28,14,Deaths,0.0,0.0
42672,Sao Tome and Principe,2020-07-29,15,Deaths,1.0,1.0
42673,Sao Tome and Principe,2020-07-30,15,Deaths,0.0,1.0
42674,Sao Tome and Principe,2020-07-31,15,Deaths,0.0,1.0
42675,Sao Tome and Principe,2020-08-01,15,Deaths,0.0,1.0
42676,Sao Tome and Principe,2020-08-02,15,Deaths,0.0,1.0
42677,Sao Tome and Principe,2020-08-03,15,Deaths,0.0,1.0
42678,Sao Tome and Principe,2020-08-04,15,Deaths,0.0,1.0
42679,Sao Tome and Principe,2020-08-05,15,Deaths,0.0,0.0
42680,Sao Tome and Principe,2020-08-06,15,Deaths,0.0,0.0
42681,Sao Tome and Principe,2020-08-07,15,Deaths,0.0,0.0
42682,Sao Tome and Principe,2020-08-08,15,Deaths,0.0,0.0
42683,Sao Tome and Principe,2020-08-09,15,Deaths,0.0,0.0
42684,Sao Tome and Principe,2020-08-10,15,Deaths,0.0,0.0
42685,Sao Tome and Principe,2020-08-11,15,Deaths,0.0,0.0
42686,Sao Tome and Principe,2020-08-12,15,Deaths,0.0,0.0
42687,Sao Tome and Principe,2020-08-13,15,Deaths,0.0,0.0
42688,Sao Tome and Principe,2020-08-14,15,Deaths,0.0,0.0
42689,Sao Tome and Principe,2020-08-15,15,Deaths,0.0,0.0
42690,Sao Tome and Principe,2020-08-16,15,Deaths,0.0,0.0
42691,Sao Tome and Principe,2020-08-17,15,Deaths,0.0,0.0
42692,Sao Tome and Principe,2020-08-18,15,Deaths,0.0,0.0
42693,Sao Tome and Principe,2020-08-19,15,Deaths,0.0,0.0
42694,Sao Tome and Principe,2020-08-20,15,Deaths,0.0,0.0
42695,Sao Tome and Principe,2020-08-21,15,Deaths,0.0,0.0
42696,Sao Tome and Principe,2020-08-22,15,Deaths,0.0,0.0
42697,Sao Tome and Principe,2020-08-23,15,Deaths,0.0,0.0
42698,Sao Tome and Principe,2020-08-24,15,Deaths,0.0,0.0
42699,Sao Tome and Principe,2020-08-25,15,Deaths,0.0,0.0
42700,Sao Tome and Principe,2020-08-26,15,Deaths,0.0,0.0
42701,Sao Tome and Principe,2020-08-27,15,Deaths,0.0,0.0
42702,Sao Tome and Principe,2020-08-28,15,Deaths,0.0,0.0
42703,Sao Tome and Principe,2020-08-29,15,Deaths,0.0,0.0
42704,Sao Tome and Principe,2020-08-30,15,Deaths,0.0,0.0
42705,Sao Tome and Principe,2020-08-31,15,Deaths,0.0,0.0
42706,Sao Tome and Principe,2020-09-01,15,Deaths,0.0,0.0
42707,Sao Tome and Principe,2020-09-02,15,Deaths,0.0,0.0
42708,Sao Tome and Principe,2020-09-03,15,Deaths,0.0,0.0
42709,Sao Tome and Principe,2020-09-04,15,Deaths,0.0,0.0
42710,Sao Tome and Principe,2020-09-05,15,Deaths,0.0,0.0
42711,Sao Tome and Principe,2020-09-06,15,Deaths,0.0,0.0
42712,Sao Tome and Principe,2020-09-07,15,Deaths,0.0,0.0
42713,Sao Tome and Principe,2020-09-08,15,Deaths,0.0,0.0
42714,Sao Tome and Principe,2020-09-09,15,Deaths,0.0,0.0
42715,Sao Tome and Principe,2020-09-10,15,Deaths,0.0,0.0
42716,Sao Tome and Principe,2020-09-11,15,Deaths,0.0,0.0
42717,Sao Tome and Principe,2020-09-12,15,Deaths,0.0,0.0
42718,Sao Tome and Principe,2020-09-13,15,Deaths,0.0,0.0
42719,Sao Tome and Principe,2020-09-14,15,Deaths,0.0,0.0
42720,Sao Tome and Principe,2020-09-15,15,Deaths,0.0,0.0
42721,Sao Tome and Principe,2020-09-16,15,Deaths,0.0,0.0
42722,Sao Tome and Principe,2020-09-17,15,Deaths,0.0,0.0
42723,Sao Tome and Principe,2020-09-18,15,Deaths,0.0,0.0
42724,Sao Tome and Principe,2020-09-19,15,Deaths,0.0,0.0
42725,Sao Tome and Principe,2020-09-20,15,Deaths,0.0,0.0
42726,Sao Tome and Principe,2020-09-21,15,Deaths,0.0,0.0
42727,Sao Tome and Principe,2020-09-22,15,Deaths,0.0,0.0
42728,Sao Tome and Principe,2020-09-23,15,Deaths,0.0,0.0
42729,Sao Tome and Principe,2020-09-24,15,Deaths,0.0,0.0
42730,Sao Tome and Principe,2020-09-25,15,Deaths,0.0,0.0
42731,Sao Tome and Principe,2020-09-26,15,Deaths,0.0,0.0
42732,Sao Tome and Principe,2020-09-27,15,Deaths,0.0,0.0
42733,Sao Tome and Principe,2020-09-28,15,Deaths,0.0,0.0
42734,Sao Tome and Principe,2020-09-29,15,Deaths,0.0,0.0
42735,Sao Tome and Principe,2020-09-30,15,Deaths,0.0,0.0
42736,Sao Tome and Principe,2020-10-01,15,Deaths,0.0,0.0
42737,Sao Tome and Principe,2020-10-02,15,Deaths,0.0,0.0
42738,Sao Tome and Principe,2020-10-03,15,Deaths,0.0,0.0
42739,Sao Tome and Principe,2020-10-04,15,Deaths,0.0,0.0
42740,Sao Tome and Principe,2020-10-05,15,Deaths,0.0,0.0
42741,Sao Tome and Principe,2020-10-06,15,Deaths,0.0,0.0
42742,Sao Tome and Principe,2020-10-07,15,Deaths,0.0,0.0
42743,Sao Tome and Principe,2020-10-08,15,Deaths,0.0,0.0
42744,Sao Tome and Principe,2020-10-09,15,Deaths,0.0,0.0
42745,Sao Tome and Principe,2020-10-10,15,Deaths,0.0,0.0
42746,Sao Tome and Principe,2020-10-11,15,Deaths,0.0,0.0
42747,Sao Tome and Principe,2020-10-12,15,Deaths,0.0,0.0
42748,Sao Tome and Principe,2020-10-13,15,Deaths,0.0,0.0
42749,Sao Tome and Principe,2020-10-14,15,Deaths,0.0,0.0
42750,Sao Tome and Principe,2020-10-15,15,Deaths,0.0,0.0
42751,Sao Tome and Principe,2020-10-16,15,Deaths,0.0,0.0
42752,Sao Tome and Principe,2020-10-17,15,Deaths,0.0,0.0
42753,Sao Tome and Principe,2020-10-18,15,Deaths,0.0,0.0
42754,Sao Tome and Principe,2020-10-19,15,Deaths,0.0,0.0
42755,Sao Tome and Principe,2020-10-20,15,Deaths,0.0,0.0
42756,Sao Tome and Principe,2020-10-21,15,Deaths,0.0,0.0
42757,Sao Tome and Principe,2020-10-22,15,Deaths,0.0,0.0
42758,Sao Tome and Principe,2020-10-23,15,Deaths,0.0,0.0
42759,Sao Tome and Principe,2020-10-24,15,Deaths,0.0,0.0
42760,Sao Tome and Principe,2020-10-25,15,Deaths,0.0,0.0
42761,Sao Tome and Principe,2020-10-26,15,Deaths,0.0,0.0
42762,Sao Tome and Principe,2020-10-27,15,Deaths,0.0,0.0
42763,Sao Tome and Principe,2020-10-28,15,Deaths,0.0,0.0
42764,Sao Tome and Principe,2020-10-29,16,Deaths,1.0,1.0
42765,Sao Tome and Principe,2020-10-30,16,Deaths,0.0,1.0
42766,Sao Tome and Principe,2020-10-31,16,Deaths,0.0,1.0
42767,Sao Tome and Principe,2020-11-01,16,Deaths,0.0,1.0
42768,Sao Tome and Principe,2020-11-02,16,Deaths,0.0,1.0
42769,Sao Tome and Principe,2020-11-03,16,Deaths,0.0,1.0
42770,Sao Tome and Principe,2020-11-04,16,Deaths,0.0,1.0
42771,Sao Tome and Principe,2020-11-05,16,Deaths,0.0,0.0
42772,Saudi Arabia,2020-01-22,0,Deaths,,
42773,Saudi Arabia,2020-01-23,0,Deaths,0.0,
42774,Saudi Arabia,2020-01-24,0,Deaths,0.0,
42775,Saudi Arabia,2020-01-25,0,Deaths,0.0,
42776,Saudi Arabia,2020-01-26,0,Deaths,0.0,
42777,Saudi Arabia,2020-01-27,0,Deaths,0.0,
42778,Saudi Arabia,2020-01-28,0,Deaths,0.0,
42779,Saudi Arabia,2020-01-29,0,Deaths,0.0,0.0
42780,Saudi Arabia,2020-01-30,0,Deaths,0.0,0.0
42781,Saudi Arabia,2020-01-31,0,Deaths,0.0,0.0
42782,Saudi Arabia,2020-02-01,0,Deaths,0.0,0.0
42783,Saudi Arabia,2020-02-02,0,Deaths,0.0,0.0
42784,Saudi Arabia,2020-02-03,0,Deaths,0.0,0.0
42785,Saudi Arabia,2020-02-04,0,Deaths,0.0,0.0
42786,Saudi Arabia,2020-02-05,0,Deaths,0.0,0.0
42787,Saudi Arabia,2020-02-06,0,Deaths,0.0,0.0
42788,Saudi Arabia,2020-02-07,0,Deaths,0.0,0.0
42789,Saudi Arabia,2020-02-08,0,Deaths,0.0,0.0
42790,Saudi Arabia,2020-02-09,0,Deaths,0.0,0.0
42791,Saudi Arabia,2020-02-10,0,Deaths,0.0,0.0
42792,Saudi Arabia,2020-02-11,0,Deaths,0.0,0.0
42793,Saudi Arabia,2020-02-12,0,Deaths,0.0,0.0
42794,Saudi Arabia,2020-02-13,0,Deaths,0.0,0.0
42795,Saudi Arabia,2020-02-14,0,Deaths,0.0,0.0
42796,Saudi Arabia,2020-02-15,0,Deaths,0.0,0.0
42797,Saudi Arabia,2020-02-16,0,Deaths,0.0,0.0
42798,Saudi Arabia,2020-02-17,0,Deaths,0.0,0.0
42799,Saudi Arabia,2020-02-18,0,Deaths,0.0,0.0
42800,Saudi Arabia,2020-02-19,0,Deaths,0.0,0.0
42801,Saudi Arabia,2020-02-20,0,Deaths,0.0,0.0
42802,Saudi Arabia,2020-02-21,0,Deaths,0.0,0.0
42803,Saudi Arabia,2020-02-22,0,Deaths,0.0,0.0
42804,Saudi Arabia,2020-02-23,0,Deaths,0.0,0.0
42805,Saudi Arabia,2020-02-24,0,Deaths,0.0,0.0
42806,Saudi Arabia,2020-02-25,0,Deaths,0.0,0.0
42807,Saudi Arabia,2020-02-26,0,Deaths,0.0,0.0
42808,Saudi Arabia,2020-02-27,0,Deaths,0.0,0.0
42809,Saudi Arabia,2020-02-28,0,Deaths,0.0,0.0
42810,Saudi Arabia,2020-02-29,0,Deaths,0.0,0.0
42811,Saudi Arabia,2020-03-01,0,Deaths,0.0,0.0
42812,Saudi Arabia,2020-03-02,0,Deaths,0.0,0.0
42813,Saudi Arabia,2020-03-03,0,Deaths,0.0,0.0
42814,Saudi Arabia,2020-03-04,0,Deaths,0.0,0.0
42815,Saudi Arabia,2020-03-05,0,Deaths,0.0,0.0
42816,Saudi Arabia,2020-03-06,0,Deaths,0.0,0.0
42817,Saudi Arabia,2020-03-07,0,Deaths,0.0,0.0
42818,Saudi Arabia,2020-03-08,0,Deaths,0.0,0.0
42819,Saudi Arabia,2020-03-09,0,Deaths,0.0,0.0
42820,Saudi Arabia,2020-03-10,0,Deaths,0.0,0.0
42821,Saudi Arabia,2020-03-11,0,Deaths,0.0,0.0
42822,Saudi Arabia,2020-03-12,0,Deaths,0.0,0.0
42823,Saudi Arabia,2020-03-13,0,Deaths,0.0,0.0
42824,Saudi Arabia,2020-03-14,0,Deaths,0.0,0.0
42825,Saudi Arabia,2020-03-15,0,Deaths,0.0,0.0
42826,Saudi Arabia,2020-03-16,0,Deaths,0.0,0.0
42827,Saudi Arabia,2020-03-17,0,Deaths,0.0,0.0
42828,Saudi Arabia,2020-03-18,0,Deaths,0.0,0.0
42829,Saudi Arabia,2020-03-19,0,Deaths,0.0,0.0
42830,Saudi Arabia,2020-03-20,0,Deaths,0.0,0.0
42831,Saudi Arabia,2020-03-21,0,Deaths,0.0,0.0
42832,Saudi Arabia,2020-03-22,0,Deaths,0.0,0.0
42833,Saudi Arabia,2020-03-23,0,Deaths,0.0,0.0
42834,Saudi Arabia,2020-03-24,1,Deaths,1.0,1.0
42835,Saudi Arabia,2020-03-25,2,Deaths,1.0,2.0
42836,Saudi Arabia,2020-03-26,3,Deaths,1.0,3.0
42837,Saudi Arabia,2020-03-27,3,Deaths,0.0,3.0
42838,Saudi Arabia,2020-03-28,4,Deaths,1.0,4.0
42839,Saudi Arabia,2020-03-29,8,Deaths,4.0,8.0
42840,Saudi Arabia,2020-03-30,8,Deaths,0.0,8.0
42841,Saudi Arabia,2020-03-31,10,Deaths,2.0,9.0
42842,Saudi Arabia,2020-04-01,16,Deaths,6.0,14.0
42843,Saudi Arabia,2020-04-02,21,Deaths,5.0,18.0
42844,Saudi Arabia,2020-04-03,25,Deaths,4.0,22.0
42845,Saudi Arabia,2020-04-04,29,Deaths,4.0,25.0
42846,Saudi Arabia,2020-04-05,34,Deaths,5.0,26.0
42847,Saudi Arabia,2020-04-06,38,Deaths,4.0,30.0
42848,Saudi Arabia,2020-04-07,41,Deaths,3.0,31.0
42849,Saudi Arabia,2020-04-08,41,Deaths,0.0,25.0
42850,Saudi Arabia,2020-04-09,44,Deaths,3.0,23.0
42851,Saudi Arabia,2020-04-10,47,Deaths,3.0,22.0
42852,Saudi Arabia,2020-04-11,52,Deaths,5.0,23.0
42853,Saudi Arabia,2020-04-12,59,Deaths,7.0,25.0
42854,Saudi Arabia,2020-04-13,65,Deaths,6.0,27.0
42855,Saudi Arabia,2020-04-14,73,Deaths,8.0,32.0
42856,Saudi Arabia,2020-04-15,79,Deaths,6.0,38.0
42857,Saudi Arabia,2020-04-16,83,Deaths,4.0,39.0
42858,Saudi Arabia,2020-04-17,87,Deaths,4.0,40.0
42859,Saudi Arabia,2020-04-18,92,Deaths,5.0,40.0
42860,Saudi Arabia,2020-04-19,97,Deaths,5.0,38.0
42861,Saudi Arabia,2020-04-20,103,Deaths,6.0,38.0
42862,Saudi Arabia,2020-04-21,109,Deaths,6.0,36.0
42863,Saudi Arabia,2020-04-22,114,Deaths,5.0,35.0
42864,Saudi Arabia,2020-04-23,121,Deaths,7.0,38.0
42865,Saudi Arabia,2020-04-24,127,Deaths,6.0,40.0
42866,Saudi Arabia,2020-04-25,136,Deaths,9.0,44.0
42867,Saudi Arabia,2020-04-26,139,Deaths,3.0,42.0
42868,Saudi Arabia,2020-04-27,144,Deaths,5.0,41.0
42869,Saudi Arabia,2020-04-28,152,Deaths,8.0,43.0
42870,Saudi Arabia,2020-04-29,157,Deaths,5.0,43.0
42871,Saudi Arabia,2020-04-30,162,Deaths,5.0,41.0
42872,Saudi Arabia,2020-05-01,169,Deaths,7.0,42.0
42873,Saudi Arabia,2020-05-02,176,Deaths,7.0,40.0
42874,Saudi Arabia,2020-05-03,184,Deaths,8.0,45.0
42875,Saudi Arabia,2020-05-04,191,Deaths,7.0,47.0
42876,Saudi Arabia,2020-05-05,200,Deaths,9.0,48.0
42877,Saudi Arabia,2020-05-06,209,Deaths,9.0,52.0
42878,Saudi Arabia,2020-05-07,219,Deaths,10.0,57.0
42879,Saudi Arabia,2020-05-08,229,Deaths,10.0,60.0
42880,Saudi Arabia,2020-05-09,239,Deaths,10.0,63.0
42881,Saudi Arabia,2020-05-10,246,Deaths,7.0,62.0
42882,Saudi Arabia,2020-05-11,255,Deaths,9.0,64.0
42883,Saudi Arabia,2020-05-12,264,Deaths,9.0,64.0
42884,Saudi Arabia,2020-05-13,273,Deaths,9.0,64.0
42885,Saudi Arabia,2020-05-14,283,Deaths,10.0,64.0
42886,Saudi Arabia,2020-05-15,292,Deaths,9.0,63.0
42887,Saudi Arabia,2020-05-16,302,Deaths,10.0,63.0
42888,Saudi Arabia,2020-05-17,312,Deaths,10.0,66.0
42889,Saudi Arabia,2020-05-18,320,Deaths,8.0,65.0
42890,Saudi Arabia,2020-05-19,329,Deaths,9.0,65.0
42891,Saudi Arabia,2020-05-20,339,Deaths,10.0,66.0
42892,Saudi Arabia,2020-05-21,351,Deaths,12.0,68.0
42893,Saudi Arabia,2020-05-22,364,Deaths,13.0,72.0
42894,Saudi Arabia,2020-05-23,379,Deaths,15.0,77.0
42895,Saudi Arabia,2020-05-24,390,Deaths,11.0,78.0
42896,Saudi Arabia,2020-05-25,399,Deaths,9.0,79.0
42897,Saudi Arabia,2020-05-26,411,Deaths,12.0,82.0
42898,Saudi Arabia,2020-05-27,425,Deaths,14.0,86.0
42899,Saudi Arabia,2020-05-28,441,Deaths,16.0,90.0
42900,Saudi Arabia,2020-05-29,458,Deaths,17.0,94.0
42901,Saudi Arabia,2020-05-30,480,Deaths,22.0,101.0
42902,Saudi Arabia,2020-05-31,503,Deaths,23.0,113.0
42903,Saudi Arabia,2020-06-01,525,Deaths,22.0,126.0
42904,Saudi Arabia,2020-06-02,549,Deaths,24.0,138.0
42905,Saudi Arabia,2020-06-03,579,Deaths,30.0,154.0
42906,Saudi Arabia,2020-06-04,611,Deaths,32.0,170.0
42907,Saudi Arabia,2020-06-05,642,Deaths,31.0,184.0
42908,Saudi Arabia,2020-06-06,676,Deaths,34.0,196.0
42909,Saudi Arabia,2020-06-07,712,Deaths,36.0,209.0
42910,Saudi Arabia,2020-06-08,746,Deaths,34.0,221.0
42911,Saudi Arabia,2020-06-09,783,Deaths,37.0,234.0
42912,Saudi Arabia,2020-06-10,819,Deaths,36.0,240.0
42913,Saudi Arabia,2020-06-11,857,Deaths,38.0,246.0
42914,Saudi Arabia,2020-06-12,893,Deaths,36.0,251.0
42915,Saudi Arabia,2020-06-13,932,Deaths,39.0,256.0
42916,Saudi Arabia,2020-06-14,972,Deaths,40.0,260.0
42917,Saudi Arabia,2020-06-15,1011,Deaths,39.0,265.0
42918,Saudi Arabia,2020-06-16,1052,Deaths,41.0,269.0
42919,Saudi Arabia,2020-06-17,1091,Deaths,39.0,272.0
42920,Saudi Arabia,2020-06-18,1139,Deaths,48.0,282.0
42921,Saudi Arabia,2020-06-19,1184,Deaths,45.0,291.0
42922,Saudi Arabia,2020-06-20,1230,Deaths,46.0,298.0
42923,Saudi Arabia,2020-06-21,1267,Deaths,37.0,295.0
42924,Saudi Arabia,2020-06-22,1307,Deaths,40.0,296.0
42925,Saudi Arabia,2020-06-23,1346,Deaths,39.0,294.0
42926,Saudi Arabia,2020-06-24,1387,Deaths,41.0,296.0
42927,Saudi Arabia,2020-06-25,1428,Deaths,41.0,289.0
42928,Saudi Arabia,2020-06-26,1474,Deaths,46.0,290.0
42929,Saudi Arabia,2020-06-27,1511,Deaths,37.0,281.0
42930,Saudi Arabia,2020-06-28,1551,Deaths,40.0,284.0
42931,Saudi Arabia,2020-06-29,1599,Deaths,48.0,292.0
42932,Saudi Arabia,2020-06-30,1649,Deaths,50.0,303.0
42933,Saudi Arabia,2020-07-01,1698,Deaths,49.0,311.0
42934,Saudi Arabia,2020-07-02,1752,Deaths,54.0,324.0
42935,Saudi Arabia,2020-07-03,1802,Deaths,50.0,328.0
42936,Saudi Arabia,2020-07-04,1858,Deaths,56.0,347.0
42937,Saudi Arabia,2020-07-05,1916,Deaths,58.0,365.0
42938,Saudi Arabia,2020-07-06,1968,Deaths,52.0,369.0
42939,Saudi Arabia,2020-07-07,2017,Deaths,49.0,368.0
42940,Saudi Arabia,2020-07-08,2059,Deaths,42.0,361.0
42941,Saudi Arabia,2020-07-09,2100,Deaths,41.0,348.0
42942,Saudi Arabia,2020-07-10,2151,Deaths,51.0,349.0
42943,Saudi Arabia,2020-07-11,2181,Deaths,30.0,323.0
42944,Saudi Arabia,2020-07-12,2223,Deaths,42.0,307.0
42945,Saudi Arabia,2020-07-13,2243,Deaths,20.0,275.0
42946,Saudi Arabia,2020-07-14,2283,Deaths,40.0,266.0
42947,Saudi Arabia,2020-07-15,2325,Deaths,42.0,266.0
42948,Saudi Arabia,2020-07-16,2370,Deaths,45.0,270.0
42949,Saudi Arabia,2020-07-17,2407,Deaths,37.0,256.0
42950,Saudi Arabia,2020-07-18,2447,Deaths,40.0,266.0
42951,Saudi Arabia,2020-07-19,2486,Deaths,39.0,263.0
42952,Saudi Arabia,2020-07-20,2523,Deaths,37.0,280.0
42953,Saudi Arabia,2020-07-21,2557,Deaths,34.0,274.0
42954,Saudi Arabia,2020-07-22,2601,Deaths,44.0,276.0
42955,Saudi Arabia,2020-07-23,2635,Deaths,34.0,265.0
42956,Saudi Arabia,2020-07-24,2672,Deaths,37.0,265.0
42957,Saudi Arabia,2020-07-25,2703,Deaths,31.0,256.0
42958,Saudi Arabia,2020-07-26,2733,Deaths,30.0,247.0
42959,Saudi Arabia,2020-07-27,2760,Deaths,27.0,237.0
42960,Saudi Arabia,2020-07-28,2789,Deaths,29.0,232.0
42961,Saudi Arabia,2020-07-29,2816,Deaths,27.0,215.0
42962,Saudi Arabia,2020-07-30,2842,Deaths,26.0,207.0
42963,Saudi Arabia,2020-07-31,2866,Deaths,24.0,194.0
42964,Saudi Arabia,2020-08-01,2887,Deaths,21.0,184.0
42965,Saudi Arabia,2020-08-02,2917,Deaths,30.0,184.0
42966,Saudi Arabia,2020-08-03,2949,Deaths,32.0,189.0
42967,Saudi Arabia,2020-08-04,2984,Deaths,35.0,195.0
42968,Saudi Arabia,2020-08-05,3020,Deaths,36.0,204.0
42969,Saudi Arabia,2020-08-06,3055,Deaths,35.0,213.0
42970,Saudi Arabia,2020-08-07,3093,Deaths,38.0,227.0
42971,Saudi Arabia,2020-08-08,3130,Deaths,37.0,243.0
42972,Saudi Arabia,2020-08-09,3167,Deaths,37.0,250.0
42973,Saudi Arabia,2020-08-10,3199,Deaths,32.0,250.0
42974,Saudi Arabia,2020-08-11,3233,Deaths,34.0,249.0
42975,Saudi Arabia,2020-08-12,3269,Deaths,36.0,249.0
42976,Saudi Arabia,2020-08-13,3303,Deaths,34.0,248.0
42977,Saudi Arabia,2020-08-14,3338,Deaths,35.0,245.0
42978,Saudi Arabia,2020-08-15,3369,Deaths,31.0,239.0
42979,Saudi Arabia,2020-08-16,3408,Deaths,39.0,241.0
42980,Saudi Arabia,2020-08-17,3436,Deaths,28.0,237.0
42981,Saudi Arabia,2020-08-18,3470,Deaths,34.0,237.0
42982,Saudi Arabia,2020-08-19,3506,Deaths,36.0,237.0
42983,Saudi Arabia,2020-08-20,3548,Deaths,42.0,245.0
42984,Saudi Arabia,2020-08-21,3580,Deaths,32.0,242.0
42985,Saudi Arabia,2020-08-22,3619,Deaths,39.0,250.0
42986,Saudi Arabia,2020-08-23,3649,Deaths,30.0,241.0
42987,Saudi Arabia,2020-08-24,3691,Deaths,42.0,255.0
42988,Saudi Arabia,2020-08-25,3722,Deaths,31.0,252.0
42989,Saudi Arabia,2020-08-26,3755,Deaths,33.0,249.0
42990,Saudi Arabia,2020-08-27,3785,Deaths,30.0,237.0
42991,Saudi Arabia,2020-08-28,3813,Deaths,28.0,233.0
42992,Saudi Arabia,2020-08-29,3840,Deaths,27.0,221.0
42993,Saudi Arabia,2020-08-30,3870,Deaths,30.0,221.0
42994,Saudi Arabia,2020-08-31,3897,Deaths,27.0,206.0
42995,Saudi Arabia,2020-09-01,3929,Deaths,32.0,207.0
42996,Saudi Arabia,2020-09-02,3956,Deaths,27.0,201.0
42997,Saudi Arabia,2020-09-03,3982,Deaths,26.0,197.0
42998,Saudi Arabia,2020-09-04,4015,Deaths,33.0,202.0
42999,Saudi Arabia,2020-09-05,4049,Deaths,34.0,209.0
43000,Saudi Arabia,2020-09-06,4081,Deaths,32.0,211.0
43001,Saudi Arabia,2020-09-07,4107,Deaths,26.0,210.0
43002,Saudi Arabia,2020-09-08,4137,Deaths,30.0,208.0
43003,Saudi Arabia,2020-09-09,4165,Deaths,28.0,209.0
43004,Saudi Arabia,2020-09-10,4189,Deaths,24.0,207.0
43005,Saudi Arabia,2020-09-11,4213,Deaths,24.0,198.0
43006,Saudi Arabia,2020-09-12,4240,Deaths,27.0,191.0
43007,Saudi Arabia,2020-09-13,4268,Deaths,28.0,187.0
43008,Saudi Arabia,2020-09-14,4305,Deaths,37.0,198.0
43009,Saudi Arabia,2020-09-15,4338,Deaths,33.0,201.0
43010,Saudi Arabia,2020-09-16,4369,Deaths,31.0,204.0
43011,Saudi Arabia,2020-09-17,4399,Deaths,30.0,210.0
43012,Saudi Arabia,2020-09-18,4430,Deaths,31.0,217.0
43013,Saudi Arabia,2020-09-19,4458,Deaths,28.0,218.0
43014,Saudi Arabia,2020-09-20,4485,Deaths,27.0,217.0
43015,Saudi Arabia,2020-09-21,4512,Deaths,27.0,207.0
43016,Saudi Arabia,2020-09-22,4542,Deaths,30.0,204.0
43017,Saudi Arabia,2020-09-23,4569,Deaths,27.0,200.0
43018,Saudi Arabia,2020-09-24,4599,Deaths,30.0,200.0
43019,Saudi Arabia,2020-09-25,4625,Deaths,26.0,195.0
43020,Saudi Arabia,2020-09-26,4655,Deaths,30.0,197.0
43021,Saudi Arabia,2020-09-27,4683,Deaths,28.0,198.0
43022,Saudi Arabia,2020-09-28,4712,Deaths,29.0,200.0
43023,Saudi Arabia,2020-09-29,4739,Deaths,27.0,197.0
43024,Saudi Arabia,2020-09-30,4768,Deaths,29.0,199.0
43025,Saudi Arabia,2020-10-01,4794,Deaths,26.0,195.0
43026,Saudi Arabia,2020-10-02,4823,Deaths,29.0,198.0
43027,Saudi Arabia,2020-10-03,4850,Deaths,27.0,195.0
43028,Saudi Arabia,2020-10-04,4875,Deaths,25.0,192.0
43029,Saudi Arabia,2020-10-05,4898,Deaths,23.0,186.0
43030,Saudi Arabia,2020-10-06,4923,Deaths,25.0,184.0
43031,Saudi Arabia,2020-10-07,4947,Deaths,24.0,179.0
43032,Saudi Arabia,2020-10-08,4972,Deaths,25.0,178.0
43033,Saudi Arabia,2020-10-09,4996,Deaths,24.0,173.0
43034,Saudi Arabia,2020-10-10,5018,Deaths,22.0,168.0
43035,Saudi Arabia,2020-10-11,5043,Deaths,25.0,168.0
43036,Saudi Arabia,2020-10-12,5068,Deaths,25.0,170.0
43037,Saudi Arabia,2020-10-13,5087,Deaths,19.0,164.0
43038,Saudi Arabia,2020-10-14,5108,Deaths,21.0,161.0
43039,Saudi Arabia,2020-10-15,5127,Deaths,19.0,155.0
43040,Saudi Arabia,2020-10-16,5144,Deaths,17.0,148.0
43041,Saudi Arabia,2020-10-17,5165,Deaths,21.0,147.0
43042,Saudi Arabia,2020-10-18,5185,Deaths,20.0,142.0
43043,Saudi Arabia,2020-10-19,5201,Deaths,16.0,133.0
43044,Saudi Arabia,2020-10-20,5217,Deaths,16.0,130.0
43045,Saudi Arabia,2020-10-21,5235,Deaths,18.0,127.0
43046,Saudi Arabia,2020-10-22,5250,Deaths,15.0,123.0
43047,Saudi Arabia,2020-10-23,5264,Deaths,14.0,120.0
43048,Saudi Arabia,2020-10-24,5281,Deaths,17.0,116.0
43049,Saudi Arabia,2020-10-25,5296,Deaths,15.0,111.0
43050,Saudi Arabia,2020-10-26,5313,Deaths,17.0,112.0
43051,Saudi Arabia,2020-10-27,5329,Deaths,16.0,112.0
43052,Saudi Arabia,2020-10-28,5348,Deaths,19.0,113.0
43053,Saudi Arabia,2020-10-29,5363,Deaths,15.0,113.0
43054,Saudi Arabia,2020-10-30,5383,Deaths,20.0,119.0
43055,Saudi Arabia,2020-10-31,5402,Deaths,19.0,121.0
43056,Saudi Arabia,2020-11-01,5420,Deaths,18.0,124.0
43057,Saudi Arabia,2020-11-02,5437,Deaths,17.0,124.0
43058,Saudi Arabia,2020-11-03,5456,Deaths,19.0,127.0
43059,Saudi Arabia,2020-11-04,5471,Deaths,15.0,123.0
43060,Saudi Arabia,2020-11-05,5489,Deaths,18.0,126.0
43061,Senegal,2020-01-22,0,Deaths,,
43062,Senegal,2020-01-23,0,Deaths,0.0,
43063,Senegal,2020-01-24,0,Deaths,0.0,
43064,Senegal,2020-01-25,0,Deaths,0.0,
43065,Senegal,2020-01-26,0,Deaths,0.0,
43066,Senegal,2020-01-27,0,Deaths,0.0,
43067,Senegal,2020-01-28,0,Deaths,0.0,
43068,Senegal,2020-01-29,0,Deaths,0.0,0.0
43069,Senegal,2020-01-30,0,Deaths,0.0,0.0
43070,Senegal,2020-01-31,0,Deaths,0.0,0.0
43071,Senegal,2020-02-01,0,Deaths,0.0,0.0
43072,Senegal,2020-02-02,0,Deaths,0.0,0.0
43073,Senegal,2020-02-03,0,Deaths,0.0,0.0
43074,Senegal,2020-02-04,0,Deaths,0.0,0.0
43075,Senegal,2020-02-05,0,Deaths,0.0,0.0
43076,Senegal,2020-02-06,0,Deaths,0.0,0.0
43077,Senegal,2020-02-07,0,Deaths,0.0,0.0
43078,Senegal,2020-02-08,0,Deaths,0.0,0.0
43079,Senegal,2020-02-09,0,Deaths,0.0,0.0
43080,Senegal,2020-02-10,0,Deaths,0.0,0.0
43081,Senegal,2020-02-11,0,Deaths,0.0,0.0
43082,Senegal,2020-02-12,0,Deaths,0.0,0.0
43083,Senegal,2020-02-13,0,Deaths,0.0,0.0
43084,Senegal,2020-02-14,0,Deaths,0.0,0.0
43085,Senegal,2020-02-15,0,Deaths,0.0,0.0
43086,Senegal,2020-02-16,0,Deaths,0.0,0.0
43087,Senegal,2020-02-17,0,Deaths,0.0,0.0
43088,Senegal,2020-02-18,0,Deaths,0.0,0.0
43089,Senegal,2020-02-19,0,Deaths,0.0,0.0
43090,Senegal,2020-02-20,0,Deaths,0.0,0.0
43091,Senegal,2020-02-21,0,Deaths,0.0,0.0
43092,Senegal,2020-02-22,0,Deaths,0.0,0.0
43093,Senegal,2020-02-23,0,Deaths,0.0,0.0
43094,Senegal,2020-02-24,0,Deaths,0.0,0.0
43095,Senegal,2020-02-25,0,Deaths,0.0,0.0
43096,Senegal,2020-02-26,0,Deaths,0.0,0.0
43097,Senegal,2020-02-27,0,Deaths,0.0,0.0
43098,Senegal,2020-02-28,0,Deaths,0.0,0.0
43099,Senegal,2020-02-29,0,Deaths,0.0,0.0
43100,Senegal,2020-03-01,0,Deaths,0.0,0.0
43101,Senegal,2020-03-02,0,Deaths,0.0,0.0
43102,Senegal,2020-03-03,0,Deaths,0.0,0.0
43103,Senegal,2020-03-04,0,Deaths,0.0,0.0
43104,Senegal,2020-03-05,0,Deaths,0.0,0.0
43105,Senegal,2020-03-06,0,Deaths,0.0,0.0
43106,Senegal,2020-03-07,0,Deaths,0.0,0.0
43107,Senegal,2020-03-08,0,Deaths,0.0,0.0
43108,Senegal,2020-03-09,0,Deaths,0.0,0.0
43109,Senegal,2020-03-10,0,Deaths,0.0,0.0
43110,Senegal,2020-03-11,0,Deaths,0.0,0.0
43111,Senegal,2020-03-12,0,Deaths,0.0,0.0
43112,Senegal,2020-03-13,0,Deaths,0.0,0.0
43113,Senegal,2020-03-14,0,Deaths,0.0,0.0
43114,Senegal,2020-03-15,0,Deaths,0.0,0.0
43115,Senegal,2020-03-16,0,Deaths,0.0,0.0
43116,Senegal,2020-03-17,0,Deaths,0.0,0.0
43117,Senegal,2020-03-18,0,Deaths,0.0,0.0
43118,Senegal,2020-03-19,0,Deaths,0.0,0.0
43119,Senegal,2020-03-20,0,Deaths,0.0,0.0
43120,Senegal,2020-03-21,0,Deaths,0.0,0.0
43121,Senegal,2020-03-22,0,Deaths,0.0,0.0
43122,Senegal,2020-03-23,0,Deaths,0.0,0.0
43123,Senegal,2020-03-24,0,Deaths,0.0,0.0
43124,Senegal,2020-03-25,0,Deaths,0.0,0.0
43125,Senegal,2020-03-26,0,Deaths,0.0,0.0
43126,Senegal,2020-03-27,0,Deaths,0.0,0.0
43127,Senegal,2020-03-28,0,Deaths,0.0,0.0
43128,Senegal,2020-03-29,0,Deaths,0.0,0.0
43129,Senegal,2020-03-30,0,Deaths,0.0,0.0
43130,Senegal,2020-03-31,0,Deaths,0.0,0.0
43131,Senegal,2020-04-01,1,Deaths,1.0,1.0
43132,Senegal,2020-04-02,1,Deaths,0.0,1.0
43133,Senegal,2020-04-03,1,Deaths,0.0,1.0
43134,Senegal,2020-04-04,2,Deaths,1.0,2.0
43135,Senegal,2020-04-05,2,Deaths,0.0,2.0
43136,Senegal,2020-04-06,2,Deaths,0.0,2.0
43137,Senegal,2020-04-07,2,Deaths,0.0,2.0
43138,Senegal,2020-04-08,2,Deaths,0.0,1.0
43139,Senegal,2020-04-09,2,Deaths,0.0,1.0
43140,Senegal,2020-04-10,2,Deaths,0.0,1.0
43141,Senegal,2020-04-11,2,Deaths,0.0,0.0
43142,Senegal,2020-04-12,2,Deaths,0.0,0.0
43143,Senegal,2020-04-13,2,Deaths,0.0,0.0
43144,Senegal,2020-04-14,2,Deaths,0.0,0.0
43145,Senegal,2020-04-15,2,Deaths,0.0,0.0
43146,Senegal,2020-04-16,2,Deaths,0.0,0.0
43147,Senegal,2020-04-17,2,Deaths,0.0,0.0
43148,Senegal,2020-04-18,3,Deaths,1.0,1.0
43149,Senegal,2020-04-19,3,Deaths,0.0,1.0
43150,Senegal,2020-04-20,5,Deaths,2.0,3.0
43151,Senegal,2020-04-21,5,Deaths,0.0,3.0
43152,Senegal,2020-04-22,6,Deaths,1.0,4.0
43153,Senegal,2020-04-23,6,Deaths,0.0,4.0
43154,Senegal,2020-04-24,7,Deaths,1.0,5.0
43155,Senegal,2020-04-25,7,Deaths,0.0,4.0
43156,Senegal,2020-04-26,9,Deaths,2.0,6.0
43157,Senegal,2020-04-27,9,Deaths,0.0,4.0
43158,Senegal,2020-04-28,9,Deaths,0.0,4.0
43159,Senegal,2020-04-29,9,Deaths,0.0,3.0
43160,Senegal,2020-04-30,9,Deaths,0.0,3.0
43161,Senegal,2020-05-01,9,Deaths,0.0,2.0
43162,Senegal,2020-05-02,9,Deaths,0.0,2.0
43163,Senegal,2020-05-03,9,Deaths,0.0,0.0
43164,Senegal,2020-05-04,10,Deaths,1.0,1.0
43165,Senegal,2020-05-05,11,Deaths,1.0,2.0
43166,Senegal,2020-05-06,12,Deaths,1.0,3.0
43167,Senegal,2020-05-07,13,Deaths,1.0,4.0
43168,Senegal,2020-05-08,13,Deaths,0.0,4.0
43169,Senegal,2020-05-09,17,Deaths,4.0,8.0
43170,Senegal,2020-05-10,19,Deaths,2.0,10.0
43171,Senegal,2020-05-11,19,Deaths,0.0,9.0
43172,Senegal,2020-05-12,19,Deaths,0.0,8.0
43173,Senegal,2020-05-13,21,Deaths,2.0,9.0
43174,Senegal,2020-05-14,23,Deaths,2.0,10.0
43175,Senegal,2020-05-15,25,Deaths,2.0,12.0
43176,Senegal,2020-05-16,25,Deaths,0.0,8.0
43177,Senegal,2020-05-17,25,Deaths,0.0,6.0
43178,Senegal,2020-05-18,26,Deaths,1.0,7.0
43179,Senegal,2020-05-19,30,Deaths,4.0,11.0
43180,Senegal,2020-05-20,30,Deaths,0.0,9.0
43181,Senegal,2020-05-21,33,Deaths,3.0,10.0
43182,Senegal,2020-05-22,33,Deaths,0.0,8.0
43183,Senegal,2020-05-23,34,Deaths,1.0,9.0
43184,Senegal,2020-05-24,35,Deaths,1.0,10.0
43185,Senegal,2020-05-25,35,Deaths,0.0,9.0
43186,Senegal,2020-05-26,36,Deaths,1.0,6.0
43187,Senegal,2020-05-27,38,Deaths,2.0,8.0
43188,Senegal,2020-05-28,39,Deaths,1.0,6.0
43189,Senegal,2020-05-29,41,Deaths,2.0,8.0
43190,Senegal,2020-05-30,42,Deaths,1.0,8.0
43191,Senegal,2020-05-31,42,Deaths,0.0,7.0
43192,Senegal,2020-06-01,42,Deaths,0.0,7.0
43193,Senegal,2020-06-02,43,Deaths,1.0,7.0
43194,Senegal,2020-06-03,45,Deaths,2.0,7.0
43195,Senegal,2020-06-04,45,Deaths,0.0,6.0
43196,Senegal,2020-06-05,45,Deaths,0.0,4.0
43197,Senegal,2020-06-06,47,Deaths,2.0,5.0
43198,Senegal,2020-06-07,49,Deaths,2.0,7.0
43199,Senegal,2020-06-08,49,Deaths,0.0,7.0
43200,Senegal,2020-06-09,52,Deaths,3.0,9.0
43201,Senegal,2020-06-10,52,Deaths,0.0,7.0
43202,Senegal,2020-06-11,55,Deaths,3.0,10.0
43203,Senegal,2020-06-12,56,Deaths,1.0,11.0
43204,Senegal,2020-06-13,60,Deaths,4.0,13.0
43205,Senegal,2020-06-14,60,Deaths,0.0,11.0
43206,Senegal,2020-06-15,64,Deaths,4.0,15.0
43207,Senegal,2020-06-16,70,Deaths,6.0,18.0
43208,Senegal,2020-06-17,73,Deaths,3.0,21.0
43209,Senegal,2020-06-18,76,Deaths,3.0,21.0
43210,Senegal,2020-06-19,79,Deaths,3.0,23.0
43211,Senegal,2020-06-20,82,Deaths,3.0,22.0
43212,Senegal,2020-06-21,84,Deaths,2.0,24.0
43213,Senegal,2020-06-22,86,Deaths,2.0,22.0
43214,Senegal,2020-06-23,89,Deaths,3.0,19.0
43215,Senegal,2020-06-24,93,Deaths,4.0,20.0
43216,Senegal,2020-06-25,94,Deaths,1.0,18.0
43217,Senegal,2020-06-26,98,Deaths,4.0,19.0
43218,Senegal,2020-06-27,102,Deaths,4.0,20.0
43219,Senegal,2020-06-28,105,Deaths,3.0,21.0
43220,Senegal,2020-06-29,108,Deaths,3.0,22.0
43221,Senegal,2020-06-30,112,Deaths,4.0,23.0
43222,Senegal,2020-07-01,116,Deaths,4.0,23.0
43223,Senegal,2020-07-02,121,Deaths,5.0,27.0
43224,Senegal,2020-07-03,125,Deaths,4.0,27.0
43225,Senegal,2020-07-04,129,Deaths,4.0,27.0
43226,Senegal,2020-07-05,133,Deaths,4.0,28.0
43227,Senegal,2020-07-06,136,Deaths,3.0,28.0
43228,Senegal,2020-07-07,137,Deaths,1.0,25.0
43229,Senegal,2020-07-08,141,Deaths,4.0,25.0
43230,Senegal,2020-07-09,143,Deaths,2.0,22.0
43231,Senegal,2020-07-10,145,Deaths,2.0,20.0
43232,Senegal,2020-07-11,145,Deaths,0.0,16.0
43233,Senegal,2020-07-12,148,Deaths,3.0,15.0
43234,Senegal,2020-07-13,150,Deaths,2.0,14.0
43235,Senegal,2020-07-14,150,Deaths,0.0,13.0
43236,Senegal,2020-07-15,153,Deaths,3.0,12.0
43237,Senegal,2020-07-16,156,Deaths,3.0,13.0
43238,Senegal,2020-07-17,160,Deaths,4.0,15.0
43239,Senegal,2020-07-18,163,Deaths,3.0,18.0
43240,Senegal,2020-07-19,167,Deaths,4.0,19.0
43241,Senegal,2020-07-20,170,Deaths,3.0,20.0
43242,Senegal,2020-07-21,174,Deaths,4.0,24.0
43243,Senegal,2020-07-22,177,Deaths,3.0,24.0
43244,Senegal,2020-07-23,178,Deaths,1.0,22.0
43245,Senegal,2020-07-24,182,Deaths,4.0,22.0
43246,Senegal,2020-07-25,187,Deaths,5.0,24.0
43247,Senegal,2020-07-26,191,Deaths,4.0,24.0
43248,Senegal,2020-07-27,194,Deaths,3.0,24.0
43249,Senegal,2020-07-28,198,Deaths,4.0,24.0
43250,Senegal,2020-07-29,200,Deaths,2.0,23.0
43251,Senegal,2020-07-30,204,Deaths,4.0,26.0
43252,Senegal,2020-07-31,205,Deaths,1.0,23.0
43253,Senegal,2020-08-01,209,Deaths,4.0,22.0
43254,Senegal,2020-08-02,209,Deaths,0.0,18.0
43255,Senegal,2020-08-03,211,Deaths,2.0,17.0
43256,Senegal,2020-08-04,214,Deaths,3.0,16.0
43257,Senegal,2020-08-05,218,Deaths,4.0,18.0
43258,Senegal,2020-08-06,223,Deaths,5.0,19.0
43259,Senegal,2020-08-07,225,Deaths,2.0,20.0
43260,Senegal,2020-08-08,229,Deaths,4.0,20.0
43261,Senegal,2020-08-09,232,Deaths,3.0,23.0
43262,Senegal,2020-08-10,236,Deaths,4.0,25.0
43263,Senegal,2020-08-11,238,Deaths,2.0,24.0
43264,Senegal,2020-08-12,242,Deaths,4.0,24.0
43265,Senegal,2020-08-13,244,Deaths,2.0,21.0
43266,Senegal,2020-08-14,249,Deaths,5.0,24.0
43267,Senegal,2020-08-15,251,Deaths,2.0,22.0
43268,Senegal,2020-08-16,253,Deaths,2.0,21.0
43269,Senegal,2020-08-17,256,Deaths,3.0,20.0
43270,Senegal,2020-08-18,256,Deaths,0.0,18.0
43271,Senegal,2020-08-19,258,Deaths,2.0,16.0
43272,Senegal,2020-08-20,261,Deaths,3.0,17.0
43273,Senegal,2020-08-21,262,Deaths,1.0,13.0
43274,Senegal,2020-08-22,266,Deaths,4.0,15.0
43275,Senegal,2020-08-23,269,Deaths,3.0,16.0
43276,Senegal,2020-08-24,272,Deaths,3.0,16.0
43277,Senegal,2020-08-25,274,Deaths,2.0,18.0
43278,Senegal,2020-08-26,275,Deaths,1.0,17.0
43279,Senegal,2020-08-27,277,Deaths,2.0,16.0
43280,Senegal,2020-08-28,279,Deaths,2.0,17.0
43281,Senegal,2020-08-29,282,Deaths,3.0,16.0
43282,Senegal,2020-08-30,284,Deaths,2.0,15.0
43283,Senegal,2020-08-31,284,Deaths,0.0,12.0
43284,Senegal,2020-09-01,284,Deaths,0.0,10.0
43285,Senegal,2020-09-02,287,Deaths,3.0,12.0
43286,Senegal,2020-09-03,287,Deaths,0.0,10.0
43287,Senegal,2020-09-04,289,Deaths,2.0,10.0
43288,Senegal,2020-09-05,290,Deaths,1.0,8.0
43289,Senegal,2020-09-06,290,Deaths,0.0,6.0
43290,Senegal,2020-09-07,291,Deaths,1.0,7.0
43291,Senegal,2020-09-08,292,Deaths,1.0,8.0
43292,Senegal,2020-09-09,293,Deaths,1.0,6.0
43293,Senegal,2020-09-10,293,Deaths,0.0,6.0
43294,Senegal,2020-09-11,293,Deaths,0.0,4.0
43295,Senegal,2020-09-12,295,Deaths,2.0,5.0
43296,Senegal,2020-09-13,297,Deaths,2.0,7.0
43297,Senegal,2020-09-14,297,Deaths,0.0,6.0
43298,Senegal,2020-09-15,298,Deaths,1.0,6.0
43299,Senegal,2020-09-16,299,Deaths,1.0,6.0
43300,Senegal,2020-09-17,300,Deaths,1.0,7.0
43301,Senegal,2020-09-18,301,Deaths,1.0,8.0
43302,Senegal,2020-09-19,302,Deaths,1.0,7.0
43303,Senegal,2020-09-20,302,Deaths,0.0,5.0
43304,Senegal,2020-09-21,302,Deaths,0.0,5.0
43305,Senegal,2020-09-22,302,Deaths,0.0,4.0
43306,Senegal,2020-09-23,303,Deaths,1.0,4.0
43307,Senegal,2020-09-24,304,Deaths,1.0,4.0
43308,Senegal,2020-09-25,304,Deaths,0.0,3.0
43309,Senegal,2020-09-26,306,Deaths,2.0,4.0
43310,Senegal,2020-09-27,308,Deaths,2.0,6.0
43311,Senegal,2020-09-28,309,Deaths,1.0,7.0
43312,Senegal,2020-09-29,310,Deaths,1.0,8.0
43313,Senegal,2020-09-30,311,Deaths,1.0,8.0
43314,Senegal,2020-10-01,311,Deaths,0.0,7.0
43315,Senegal,2020-10-02,312,Deaths,1.0,8.0
43316,Senegal,2020-10-03,312,Deaths,0.0,6.0
43317,Senegal,2020-10-04,312,Deaths,0.0,4.0
43318,Senegal,2020-10-05,312,Deaths,0.0,3.0
43319,Senegal,2020-10-06,312,Deaths,0.0,2.0
43320,Senegal,2020-10-07,313,Deaths,1.0,2.0
43321,Senegal,2020-10-08,313,Deaths,0.0,2.0
43322,Senegal,2020-10-09,313,Deaths,0.0,1.0
43323,Senegal,2020-10-10,314,Deaths,1.0,2.0
43324,Senegal,2020-10-11,314,Deaths,0.0,2.0
43325,Senegal,2020-10-12,315,Deaths,1.0,3.0
43326,Senegal,2020-10-13,315,Deaths,0.0,3.0
43327,Senegal,2020-10-14,316,Deaths,1.0,3.0
43328,Senegal,2020-10-15,316,Deaths,0.0,3.0
43329,Senegal,2020-10-16,317,Deaths,1.0,4.0
43330,Senegal,2020-10-17,317,Deaths,0.0,3.0
43331,Senegal,2020-10-18,317,Deaths,0.0,3.0
43332,Senegal,2020-10-19,319,Deaths,2.0,4.0
43333,Senegal,2020-10-20,320,Deaths,1.0,5.0
43334,Senegal,2020-10-21,321,Deaths,1.0,5.0
43335,Senegal,2020-10-22,321,Deaths,0.0,5.0
43336,Senegal,2020-10-23,321,Deaths,0.0,4.0
43337,Senegal,2020-10-24,321,Deaths,0.0,4.0
43338,Senegal,2020-10-25,321,Deaths,0.0,4.0
43339,Senegal,2020-10-26,322,Deaths,1.0,3.0
43340,Senegal,2020-10-27,322,Deaths,0.0,2.0
43341,Senegal,2020-10-28,322,Deaths,0.0,1.0
43342,Senegal,2020-10-29,323,Deaths,1.0,2.0
43343,Senegal,2020-10-30,323,Deaths,0.0,2.0
43344,Senegal,2020-10-31,324,Deaths,1.0,3.0
43345,Senegal,2020-11-01,325,Deaths,1.0,4.0
43346,Senegal,2020-11-02,325,Deaths,0.0,3.0
43347,Senegal,2020-11-03,326,Deaths,1.0,4.0
43348,Senegal,2020-11-04,326,Deaths,0.0,4.0
43349,Senegal,2020-11-05,326,Deaths,0.0,3.0
43350,Serbia,2020-01-22,0,Deaths,,
43351,Serbia,2020-01-23,0,Deaths,0.0,
43352,Serbia,2020-01-24,0,Deaths,0.0,
43353,Serbia,2020-01-25,0,Deaths,0.0,
43354,Serbia,2020-01-26,0,Deaths,0.0,
43355,Serbia,2020-01-27,0,Deaths,0.0,
43356,Serbia,2020-01-28,0,Deaths,0.0,
43357,Serbia,2020-01-29,0,Deaths,0.0,0.0
43358,Serbia,2020-01-30,0,Deaths,0.0,0.0
43359,Serbia,2020-01-31,0,Deaths,0.0,0.0
43360,Serbia,2020-02-01,0,Deaths,0.0,0.0
43361,Serbia,2020-02-02,0,Deaths,0.0,0.0
43362,Serbia,2020-02-03,0,Deaths,0.0,0.0
43363,Serbia,2020-02-04,0,Deaths,0.0,0.0
43364,Serbia,2020-02-05,0,Deaths,0.0,0.0
43365,Serbia,2020-02-06,0,Deaths,0.0,0.0
43366,Serbia,2020-02-07,0,Deaths,0.0,0.0
43367,Serbia,2020-02-08,0,Deaths,0.0,0.0
43368,Serbia,2020-02-09,0,Deaths,0.0,0.0
43369,Serbia,2020-02-10,0,Deaths,0.0,0.0
43370,Serbia,2020-02-11,0,Deaths,0.0,0.0
43371,Serbia,2020-02-12,0,Deaths,0.0,0.0
43372,Serbia,2020-02-13,0,Deaths,0.0,0.0
43373,Serbia,2020-02-14,0,Deaths,0.0,0.0
43374,Serbia,2020-02-15,0,Deaths,0.0,0.0
43375,Serbia,2020-02-16,0,Deaths,0.0,0.0
43376,Serbia,2020-02-17,0,Deaths,0.0,0.0
43377,Serbia,2020-02-18,0,Deaths,0.0,0.0
43378,Serbia,2020-02-19,0,Deaths,0.0,0.0
43379,Serbia,2020-02-20,0,Deaths,0.0,0.0
43380,Serbia,2020-02-21,0,Deaths,0.0,0.0
43381,Serbia,2020-02-22,0,Deaths,0.0,0.0
43382,Serbia,2020-02-23,0,Deaths,0.0,0.0
43383,Serbia,2020-02-24,0,Deaths,0.0,0.0
43384,Serbia,2020-02-25,0,Deaths,0.0,0.0
43385,Serbia,2020-02-26,0,Deaths,0.0,0.0
43386,Serbia,2020-02-27,0,Deaths,0.0,0.0
43387,Serbia,2020-02-28,0,Deaths,0.0,0.0
43388,Serbia,2020-02-29,0,Deaths,0.0,0.0
43389,Serbia,2020-03-01,0,Deaths,0.0,0.0
43390,Serbia,2020-03-02,0,Deaths,0.0,0.0
43391,Serbia,2020-03-03,0,Deaths,0.0,0.0
43392,Serbia,2020-03-04,0,Deaths,0.0,0.0
43393,Serbia,2020-03-05,0,Deaths,0.0,0.0
43394,Serbia,2020-03-06,0,Deaths,0.0,0.0
43395,Serbia,2020-03-07,0,Deaths,0.0,0.0
43396,Serbia,2020-03-08,0,Deaths,0.0,0.0
43397,Serbia,2020-03-09,0,Deaths,0.0,0.0
43398,Serbia,2020-03-10,0,Deaths,0.0,0.0
43399,Serbia,2020-03-11,0,Deaths,0.0,0.0
43400,Serbia,2020-03-12,0,Deaths,0.0,0.0
43401,Serbia,2020-03-13,0,Deaths,0.0,0.0
43402,Serbia,2020-03-14,0,Deaths,0.0,0.0
43403,Serbia,2020-03-15,0,Deaths,0.0,0.0
43404,Serbia,2020-03-16,0,Deaths,0.0,0.0
43405,Serbia,2020-03-17,0,Deaths,0.0,0.0
43406,Serbia,2020-03-18,0,Deaths,0.0,0.0
43407,Serbia,2020-03-19,0,Deaths,0.0,0.0
43408,Serbia,2020-03-20,1,Deaths,1.0,1.0
43409,Serbia,2020-03-21,1,Deaths,0.0,1.0
43410,Serbia,2020-03-22,2,Deaths,1.0,2.0
43411,Serbia,2020-03-23,3,Deaths,1.0,3.0
43412,Serbia,2020-03-24,3,Deaths,0.0,3.0
43413,Serbia,2020-03-25,4,Deaths,1.0,4.0
43414,Serbia,2020-03-26,1,Deaths,-3.0,1.0
43415,Serbia,2020-03-27,1,Deaths,0.0,0.0
43416,Serbia,2020-03-28,10,Deaths,9.0,9.0
43417,Serbia,2020-03-29,13,Deaths,3.0,11.0
43418,Serbia,2020-03-30,16,Deaths,3.0,13.0
43419,Serbia,2020-03-31,16,Deaths,0.0,13.0
43420,Serbia,2020-04-01,28,Deaths,12.0,24.0
43421,Serbia,2020-04-02,31,Deaths,3.0,30.0
43422,Serbia,2020-04-03,39,Deaths,8.0,38.0
43423,Serbia,2020-04-04,44,Deaths,5.0,34.0
43424,Serbia,2020-04-05,51,Deaths,7.0,38.0
43425,Serbia,2020-04-06,58,Deaths,7.0,42.0
43426,Serbia,2020-04-07,61,Deaths,3.0,45.0
43427,Serbia,2020-04-08,65,Deaths,4.0,37.0
43428,Serbia,2020-04-09,66,Deaths,1.0,35.0
43429,Serbia,2020-04-10,71,Deaths,5.0,32.0
43430,Serbia,2020-04-11,74,Deaths,3.0,30.0
43431,Serbia,2020-04-12,80,Deaths,6.0,29.0
43432,Serbia,2020-04-13,85,Deaths,5.0,27.0
43433,Serbia,2020-04-14,94,Deaths,9.0,33.0
43434,Serbia,2020-04-15,99,Deaths,5.0,34.0
43435,Serbia,2020-04-16,103,Deaths,4.0,37.0
43436,Serbia,2020-04-17,110,Deaths,7.0,39.0
43437,Serbia,2020-04-18,117,Deaths,7.0,43.0
43438,Serbia,2020-04-19,122,Deaths,5.0,42.0
43439,Serbia,2020-04-20,125,Deaths,3.0,40.0
43440,Serbia,2020-04-21,130,Deaths,5.0,36.0
43441,Serbia,2020-04-22,134,Deaths,4.0,35.0
43442,Serbia,2020-04-23,139,Deaths,5.0,36.0
43443,Serbia,2020-04-24,144,Deaths,5.0,34.0
43444,Serbia,2020-04-25,151,Deaths,7.0,34.0
43445,Serbia,2020-04-26,156,Deaths,5.0,34.0
43446,Serbia,2020-04-27,162,Deaths,6.0,37.0
43447,Serbia,2020-04-28,168,Deaths,6.0,38.0
43448,Serbia,2020-04-29,173,Deaths,5.0,39.0
43449,Serbia,2020-04-30,179,Deaths,6.0,40.0
43450,Serbia,2020-05-01,179,Deaths,0.0,35.0
43451,Serbia,2020-05-02,189,Deaths,10.0,38.0
43452,Serbia,2020-05-03,193,Deaths,4.0,37.0
43453,Serbia,2020-05-04,197,Deaths,4.0,35.0
43454,Serbia,2020-05-05,200,Deaths,3.0,32.0
43455,Serbia,2020-05-06,203,Deaths,3.0,30.0
43456,Serbia,2020-05-07,206,Deaths,3.0,27.0
43457,Serbia,2020-05-08,209,Deaths,3.0,30.0
43458,Serbia,2020-05-09,215,Deaths,6.0,26.0
43459,Serbia,2020-05-10,215,Deaths,0.0,22.0
43460,Serbia,2020-05-11,218,Deaths,3.0,21.0
43461,Serbia,2020-05-12,220,Deaths,2.0,20.0
43462,Serbia,2020-05-13,222,Deaths,2.0,19.0
43463,Serbia,2020-05-14,224,Deaths,2.0,18.0
43464,Serbia,2020-05-15,225,Deaths,1.0,16.0
43465,Serbia,2020-05-16,228,Deaths,3.0,13.0
43466,Serbia,2020-05-17,230,Deaths,2.0,15.0
43467,Serbia,2020-05-18,231,Deaths,1.0,13.0
43468,Serbia,2020-05-19,234,Deaths,3.0,14.0
43469,Serbia,2020-05-20,235,Deaths,1.0,13.0
43470,Serbia,2020-05-21,237,Deaths,2.0,13.0
43471,Serbia,2020-05-22,237,Deaths,0.0,12.0
43472,Serbia,2020-05-23,238,Deaths,1.0,10.0
43473,Serbia,2020-05-24,238,Deaths,0.0,8.0
43474,Serbia,2020-05-25,239,Deaths,1.0,8.0
43475,Serbia,2020-05-26,239,Deaths,0.0,5.0
43476,Serbia,2020-05-27,240,Deaths,1.0,5.0
43477,Serbia,2020-05-28,241,Deaths,1.0,4.0
43478,Serbia,2020-05-29,242,Deaths,1.0,5.0
43479,Serbia,2020-05-30,242,Deaths,0.0,4.0
43480,Serbia,2020-05-31,243,Deaths,1.0,5.0
43481,Serbia,2020-06-01,244,Deaths,1.0,5.0
43482,Serbia,2020-06-02,245,Deaths,1.0,6.0
43483,Serbia,2020-06-03,245,Deaths,0.0,5.0
43484,Serbia,2020-06-04,246,Deaths,1.0,5.0
43485,Serbia,2020-06-05,247,Deaths,1.0,5.0
43486,Serbia,2020-06-06,248,Deaths,1.0,6.0
43487,Serbia,2020-06-07,249,Deaths,1.0,6.0
43488,Serbia,2020-06-08,250,Deaths,1.0,6.0
43489,Serbia,2020-06-09,250,Deaths,0.0,5.0
43490,Serbia,2020-06-10,251,Deaths,1.0,6.0
43491,Serbia,2020-06-11,252,Deaths,1.0,6.0
43492,Serbia,2020-06-12,252,Deaths,0.0,5.0
43493,Serbia,2020-06-13,253,Deaths,1.0,5.0
43494,Serbia,2020-06-14,254,Deaths,1.0,5.0
43495,Serbia,2020-06-15,255,Deaths,1.0,5.0
43496,Serbia,2020-06-16,256,Deaths,1.0,6.0
43497,Serbia,2020-06-17,257,Deaths,1.0,6.0
43498,Serbia,2020-06-18,258,Deaths,1.0,6.0
43499,Serbia,2020-06-19,259,Deaths,1.0,7.0
43500,Serbia,2020-06-20,260,Deaths,1.0,7.0
43501,Serbia,2020-06-21,261,Deaths,1.0,7.0
43502,Serbia,2020-06-22,262,Deaths,1.0,7.0
43503,Serbia,2020-06-23,263,Deaths,1.0,7.0
43504,Serbia,2020-06-24,263,Deaths,0.0,6.0
43505,Serbia,2020-06-25,264,Deaths,1.0,6.0
43506,Serbia,2020-06-26,265,Deaths,1.0,6.0
43507,Serbia,2020-06-27,267,Deaths,2.0,7.0
43508,Serbia,2020-06-28,270,Deaths,3.0,9.0
43509,Serbia,2020-06-29,274,Deaths,4.0,12.0
43510,Serbia,2020-06-30,277,Deaths,3.0,14.0
43511,Serbia,2020-07-01,281,Deaths,4.0,18.0
43512,Serbia,2020-07-02,287,Deaths,6.0,23.0
43513,Serbia,2020-07-03,298,Deaths,11.0,33.0
43514,Serbia,2020-07-04,306,Deaths,8.0,39.0
43515,Serbia,2020-07-05,311,Deaths,5.0,41.0
43516,Serbia,2020-07-06,317,Deaths,6.0,43.0
43517,Serbia,2020-07-07,330,Deaths,13.0,53.0
43518,Serbia,2020-07-08,341,Deaths,11.0,60.0
43519,Serbia,2020-07-09,352,Deaths,11.0,65.0
43520,Serbia,2020-07-10,370,Deaths,18.0,72.0
43521,Serbia,2020-07-11,382,Deaths,12.0,76.0
43522,Serbia,2020-07-12,393,Deaths,11.0,82.0
43523,Serbia,2020-07-13,405,Deaths,12.0,88.0
43524,Serbia,2020-07-14,418,Deaths,13.0,88.0
43525,Serbia,2020-07-15,429,Deaths,11.0,88.0
43526,Serbia,2020-07-16,442,Deaths,13.0,90.0
43527,Serbia,2020-07-17,452,Deaths,10.0,82.0
43528,Serbia,2020-07-18,461,Deaths,9.0,79.0
43529,Serbia,2020-07-19,472,Deaths,11.0,79.0
43530,Serbia,2020-07-20,482,Deaths,10.0,77.0
43531,Serbia,2020-07-21,491,Deaths,9.0,73.0
43532,Serbia,2020-07-22,499,Deaths,8.0,70.0
43533,Serbia,2020-07-23,508,Deaths,9.0,66.0
43534,Serbia,2020-07-24,518,Deaths,10.0,66.0
43535,Serbia,2020-07-25,518,Deaths,0.0,57.0
43536,Serbia,2020-07-26,534,Deaths,16.0,62.0
43537,Serbia,2020-07-27,543,Deaths,9.0,61.0
43538,Serbia,2020-07-28,551,Deaths,8.0,60.0
43539,Serbia,2020-07-29,558,Deaths,7.0,59.0
43540,Serbia,2020-07-30,565,Deaths,7.0,57.0
43541,Serbia,2020-07-31,573,Deaths,8.0,55.0
43542,Serbia,2020-08-01,582,Deaths,9.0,64.0
43543,Serbia,2020-08-02,590,Deaths,8.0,56.0
43544,Serbia,2020-08-03,598,Deaths,8.0,55.0
43545,Serbia,2020-08-04,605,Deaths,7.0,54.0
43546,Serbia,2020-08-05,614,Deaths,9.0,56.0
43547,Serbia,2020-08-06,621,Deaths,7.0,56.0
43548,Serbia,2020-08-07,626,Deaths,5.0,53.0
43549,Serbia,2020-08-08,632,Deaths,6.0,50.0
43550,Serbia,2020-08-09,641,Deaths,9.0,51.0
43551,Serbia,2020-08-10,646,Deaths,5.0,48.0
43552,Serbia,2020-08-11,652,Deaths,6.0,47.0
43553,Serbia,2020-08-12,658,Deaths,6.0,44.0
43554,Serbia,2020-08-13,661,Deaths,3.0,40.0
43555,Serbia,2020-08-14,665,Deaths,4.0,39.0
43556,Serbia,2020-08-15,670,Deaths,5.0,38.0
43557,Serbia,2020-08-16,674,Deaths,4.0,33.0
43558,Serbia,2020-08-17,677,Deaths,3.0,31.0
43559,Serbia,2020-08-18,681,Deaths,4.0,29.0
43560,Serbia,2020-08-19,684,Deaths,3.0,26.0
43561,Serbia,2020-08-20,689,Deaths,5.0,28.0
43562,Serbia,2020-08-21,692,Deaths,3.0,27.0
43563,Serbia,2020-08-22,695,Deaths,3.0,25.0
43564,Serbia,2020-08-23,698,Deaths,3.0,24.0
43565,Serbia,2020-08-24,701,Deaths,3.0,24.0
43566,Serbia,2020-08-25,705,Deaths,4.0,24.0
43567,Serbia,2020-08-26,707,Deaths,2.0,23.0
43568,Serbia,2020-08-27,707,Deaths,0.0,18.0
43569,Serbia,2020-08-28,709,Deaths,2.0,17.0
43570,Serbia,2020-08-29,710,Deaths,1.0,15.0
43571,Serbia,2020-08-30,711,Deaths,1.0,13.0
43572,Serbia,2020-08-31,713,Deaths,2.0,12.0
43573,Serbia,2020-09-01,715,Deaths,2.0,10.0
43574,Serbia,2020-09-02,716,Deaths,1.0,9.0
43575,Serbia,2020-09-03,718,Deaths,2.0,11.0
43576,Serbia,2020-09-04,721,Deaths,3.0,12.0
43577,Serbia,2020-09-05,723,Deaths,2.0,13.0
43578,Serbia,2020-09-06,724,Deaths,1.0,13.0
43579,Serbia,2020-09-07,725,Deaths,1.0,12.0
43580,Serbia,2020-09-08,727,Deaths,2.0,12.0
43581,Serbia,2020-09-09,728,Deaths,1.0,12.0
43582,Serbia,2020-09-10,729,Deaths,1.0,11.0
43583,Serbia,2020-09-11,730,Deaths,1.0,9.0
43584,Serbia,2020-09-12,731,Deaths,1.0,8.0
43585,Serbia,2020-09-13,733,Deaths,2.0,9.0
43586,Serbia,2020-09-14,733,Deaths,0.0,8.0
43587,Serbia,2020-09-15,735,Deaths,2.0,8.0
43588,Serbia,2020-09-16,736,Deaths,1.0,8.0
43589,Serbia,2020-09-17,738,Deaths,2.0,9.0
43590,Serbia,2020-09-18,739,Deaths,1.0,9.0
43591,Serbia,2020-09-19,740,Deaths,1.0,9.0
43592,Serbia,2020-09-20,741,Deaths,1.0,8.0
43593,Serbia,2020-09-21,743,Deaths,2.0,10.0
43594,Serbia,2020-09-22,743,Deaths,0.0,8.0
43595,Serbia,2020-09-23,744,Deaths,1.0,8.0
43596,Serbia,2020-09-24,745,Deaths,1.0,7.0
43597,Serbia,2020-09-25,746,Deaths,1.0,7.0
43598,Serbia,2020-09-26,746,Deaths,0.0,6.0
43599,Serbia,2020-09-27,747,Deaths,1.0,6.0
43600,Serbia,2020-09-28,748,Deaths,1.0,5.0
43601,Serbia,2020-09-29,749,Deaths,1.0,6.0
43602,Serbia,2020-09-30,749,Deaths,0.0,5.0
43603,Serbia,2020-10-01,750,Deaths,1.0,5.0
43604,Serbia,2020-10-02,751,Deaths,1.0,5.0
43605,Serbia,2020-10-03,753,Deaths,2.0,7.0
43606,Serbia,2020-10-04,754,Deaths,1.0,7.0
43607,Serbia,2020-10-05,756,Deaths,2.0,8.0
43608,Serbia,2020-10-06,757,Deaths,1.0,8.0
43609,Serbia,2020-10-07,758,Deaths,1.0,9.0
43610,Serbia,2020-10-08,760,Deaths,2.0,10.0
43611,Serbia,2020-10-09,761,Deaths,1.0,10.0
43612,Serbia,2020-10-10,762,Deaths,1.0,9.0
43613,Serbia,2020-10-11,763,Deaths,1.0,9.0
43614,Serbia,2020-10-12,765,Deaths,2.0,9.0
43615,Serbia,2020-10-13,767,Deaths,2.0,10.0
43616,Serbia,2020-10-14,768,Deaths,1.0,10.0
43617,Serbia,2020-10-15,770,Deaths,2.0,10.0
43618,Serbia,2020-10-16,772,Deaths,2.0,11.0
43619,Serbia,2020-10-17,774,Deaths,2.0,12.0
43620,Serbia,2020-10-18,776,Deaths,2.0,13.0
43621,Serbia,2020-10-19,778,Deaths,2.0,13.0
43622,Serbia,2020-10-20,780,Deaths,2.0,13.0
43623,Serbia,2020-10-21,780,Deaths,0.0,12.0
43624,Serbia,2020-10-22,783,Deaths,3.0,13.0
43625,Serbia,2020-10-23,786,Deaths,3.0,14.0
43626,Serbia,2020-10-24,789,Deaths,3.0,15.0
43627,Serbia,2020-10-25,792,Deaths,3.0,16.0
43628,Serbia,2020-10-26,793,Deaths,1.0,15.0
43629,Serbia,2020-10-27,798,Deaths,5.0,18.0
43630,Serbia,2020-10-28,803,Deaths,5.0,23.0
43631,Serbia,2020-10-29,809,Deaths,6.0,26.0
43632,Serbia,2020-10-30,814,Deaths,5.0,28.0
43633,Serbia,2020-10-31,820,Deaths,6.0,31.0
43634,Serbia,2020-11-01,826,Deaths,6.0,34.0
43635,Serbia,2020-11-02,833,Deaths,7.0,40.0
43636,Serbia,2020-11-03,844,Deaths,11.0,46.0
43637,Serbia,2020-11-04,850,Deaths,6.0,47.0
43638,Serbia,2020-11-05,861,Deaths,11.0,52.0
43639,Seychelles,2020-01-22,0,Deaths,,
43640,Seychelles,2020-01-23,0,Deaths,0.0,
43641,Seychelles,2020-01-24,0,Deaths,0.0,
43642,Seychelles,2020-01-25,0,Deaths,0.0,
43643,Seychelles,2020-01-26,0,Deaths,0.0,
43644,Seychelles,2020-01-27,0,Deaths,0.0,
43645,Seychelles,2020-01-28,0,Deaths,0.0,
43646,Seychelles,2020-01-29,0,Deaths,0.0,0.0
43647,Seychelles,2020-01-30,0,Deaths,0.0,0.0
43648,Seychelles,2020-01-31,0,Deaths,0.0,0.0
43649,Seychelles,2020-02-01,0,Deaths,0.0,0.0
43650,Seychelles,2020-02-02,0,Deaths,0.0,0.0
43651,Seychelles,2020-02-03,0,Deaths,0.0,0.0
43652,Seychelles,2020-02-04,0,Deaths,0.0,0.0
43653,Seychelles,2020-02-05,0,Deaths,0.0,0.0
43654,Seychelles,2020-02-06,0,Deaths,0.0,0.0
43655,Seychelles,2020-02-07,0,Deaths,0.0,0.0
43656,Seychelles,2020-02-08,0,Deaths,0.0,0.0
43657,Seychelles,2020-02-09,0,Deaths,0.0,0.0
43658,Seychelles,2020-02-10,0,Deaths,0.0,0.0
43659,Seychelles,2020-02-11,0,Deaths,0.0,0.0
43660,Seychelles,2020-02-12,0,Deaths,0.0,0.0
43661,Seychelles,2020-02-13,0,Deaths,0.0,0.0
43662,Seychelles,2020-02-14,0,Deaths,0.0,0.0
43663,Seychelles,2020-02-15,0,Deaths,0.0,0.0
43664,Seychelles,2020-02-16,0,Deaths,0.0,0.0
43665,Seychelles,2020-02-17,0,Deaths,0.0,0.0
43666,Seychelles,2020-02-18,0,Deaths,0.0,0.0
43667,Seychelles,2020-02-19,0,Deaths,0.0,0.0
43668,Seychelles,2020-02-20,0,Deaths,0.0,0.0
43669,Seychelles,2020-02-21,0,Deaths,0.0,0.0
43670,Seychelles,2020-02-22,0,Deaths,0.0,0.0
43671,Seychelles,2020-02-23,0,Deaths,0.0,0.0
43672,Seychelles,2020-02-24,0,Deaths,0.0,0.0
43673,Seychelles,2020-02-25,0,Deaths,0.0,0.0
43674,Seychelles,2020-02-26,0,Deaths,0.0,0.0
43675,Seychelles,2020-02-27,0,Deaths,0.0,0.0
43676,Seychelles,2020-02-28,0,Deaths,0.0,0.0
43677,Seychelles,2020-02-29,0,Deaths,0.0,0.0
43678,Seychelles,2020-03-01,0,Deaths,0.0,0.0
43679,Seychelles,2020-03-02,0,Deaths,0.0,0.0
43680,Seychelles,2020-03-03,0,Deaths,0.0,0.0
43681,Seychelles,2020-03-04,0,Deaths,0.0,0.0
43682,Seychelles,2020-03-05,0,Deaths,0.0,0.0
43683,Seychelles,2020-03-06,0,Deaths,0.0,0.0
43684,Seychelles,2020-03-07,0,Deaths,0.0,0.0
43685,Seychelles,2020-03-08,0,Deaths,0.0,0.0
43686,Seychelles,2020-03-09,0,Deaths,0.0,0.0
43687,Seychelles,2020-03-10,0,Deaths,0.0,0.0
43688,Seychelles,2020-03-11,0,Deaths,0.0,0.0
43689,Seychelles,2020-03-12,0,Deaths,0.0,0.0
43690,Seychelles,2020-03-13,0,Deaths,0.0,0.0
43691,Seychelles,2020-03-14,0,Deaths,0.0,0.0
43692,Seychelles,2020-03-15,0,Deaths,0.0,0.0
43693,Seychelles,2020-03-16,0,Deaths,0.0,0.0
43694,Seychelles,2020-03-17,0,Deaths,0.0,0.0
43695,Seychelles,2020-03-18,0,Deaths,0.0,0.0
43696,Seychelles,2020-03-19,0,Deaths,0.0,0.0
43697,Seychelles,2020-03-20,0,Deaths,0.0,0.0
43698,Seychelles,2020-03-21,0,Deaths,0.0,0.0
43699,Seychelles,2020-03-22,0,Deaths,0.0,0.0
43700,Seychelles,2020-03-23,0,Deaths,0.0,0.0
43701,Seychelles,2020-03-24,0,Deaths,0.0,0.0
43702,Seychelles,2020-03-25,0,Deaths,0.0,0.0
43703,Seychelles,2020-03-26,0,Deaths,0.0,0.0
43704,Seychelles,2020-03-27,0,Deaths,0.0,0.0
43705,Seychelles,2020-03-28,0,Deaths,0.0,0.0
43706,Seychelles,2020-03-29,0,Deaths,0.0,0.0
43707,Seychelles,2020-03-30,0,Deaths,0.0,0.0
43708,Seychelles,2020-03-31,0,Deaths,0.0,0.0
43709,Seychelles,2020-04-01,0,Deaths,0.0,0.0
43710,Seychelles,2020-04-02,0,Deaths,0.0,0.0
43711,Seychelles,2020-04-03,0,Deaths,0.0,0.0
43712,Seychelles,2020-04-04,0,Deaths,0.0,0.0
43713,Seychelles,2020-04-05,0,Deaths,0.0,0.0
43714,Seychelles,2020-04-06,0,Deaths,0.0,0.0
43715,Seychelles,2020-04-07,0,Deaths,0.0,0.0
43716,Seychelles,2020-04-08,0,Deaths,0.0,0.0
43717,Seychelles,2020-04-09,0,Deaths,0.0,0.0
43718,Seychelles,2020-04-10,0,Deaths,0.0,0.0
43719,Seychelles,2020-04-11,0,Deaths,0.0,0.0
43720,Seychelles,2020-04-12,0,Deaths,0.0,0.0
43721,Seychelles,2020-04-13,0,Deaths,0.0,0.0
43722,Seychelles,2020-04-14,0,Deaths,0.0,0.0
43723,Seychelles,2020-04-15,0,Deaths,0.0,0.0
43724,Seychelles,2020-04-16,0,Deaths,0.0,0.0
43725,Seychelles,2020-04-17,0,Deaths,0.0,0.0
43726,Seychelles,2020-04-18,0,Deaths,0.0,0.0
43727,Seychelles,2020-04-19,0,Deaths,0.0,0.0
43728,Seychelles,2020-04-20,0,Deaths,0.0,0.0
43729,Seychelles,2020-04-21,0,Deaths,0.0,0.0
43730,Seychelles,2020-04-22,0,Deaths,0.0,0.0
43731,Seychelles,2020-04-23,0,Deaths,0.0,0.0
43732,Seychelles,2020-04-24,0,Deaths,0.0,0.0
43733,Seychelles,2020-04-25,0,Deaths,0.0,0.0
43734,Seychelles,2020-04-26,0,Deaths,0.0,0.0
43735,Seychelles,2020-04-27,0,Deaths,0.0,0.0
43736,Seychelles,2020-04-28,0,Deaths,0.0,0.0
43737,Seychelles,2020-04-29,0,Deaths,0.0,0.0
43738,Seychelles,2020-04-30,0,Deaths,0.0,0.0
43739,Seychelles,2020-05-01,0,Deaths,0.0,0.0
43740,Seychelles,2020-05-02,0,Deaths,0.0,0.0
43741,Seychelles,2020-05-03,0,Deaths,0.0,0.0
43742,Seychelles,2020-05-04,0,Deaths,0.0,0.0
43743,Seychelles,2020-05-05,0,Deaths,0.0,0.0
43744,Seychelles,2020-05-06,0,Deaths,0.0,0.0
43745,Seychelles,2020-05-07,0,Deaths,0.0,0.0
43746,Seychelles,2020-05-08,0,Deaths,0.0,0.0
43747,Seychelles,2020-05-09,0,Deaths,0.0,0.0
43748,Seychelles,2020-05-10,0,Deaths,0.0,0.0
43749,Seychelles,2020-05-11,0,Deaths,0.0,0.0
43750,Seychelles,2020-05-12,0,Deaths,0.0,0.0
43751,Seychelles,2020-05-13,0,Deaths,0.0,0.0
43752,Seychelles,2020-05-14,0,Deaths,0.0,0.0
43753,Seychelles,2020-05-15,0,Deaths,0.0,0.0
43754,Seychelles,2020-05-16,0,Deaths,0.0,0.0
43755,Seychelles,2020-05-17,0,Deaths,0.0,0.0
43756,Seychelles,2020-05-18,0,Deaths,0.0,0.0
43757,Seychelles,2020-05-19,0,Deaths,0.0,0.0
43758,Seychelles,2020-05-20,0,Deaths,0.0,0.0
43759,Seychelles,2020-05-21,0,Deaths,0.0,0.0
43760,Seychelles,2020-05-22,0,Deaths,0.0,0.0
43761,Seychelles,2020-05-23,0,Deaths,0.0,0.0
43762,Seychelles,2020-05-24,0,Deaths,0.0,0.0
43763,Seychelles,2020-05-25,0,Deaths,0.0,0.0
43764,Seychelles,2020-05-26,0,Deaths,0.0,0.0
43765,Seychelles,2020-05-27,0,Deaths,0.0,0.0
43766,Seychelles,2020-05-28,0,Deaths,0.0,0.0
43767,Seychelles,2020-05-29,0,Deaths,0.0,0.0
43768,Seychelles,2020-05-30,0,Deaths,0.0,0.0
43769,Seychelles,2020-05-31,0,Deaths,0.0,0.0
43770,Seychelles,2020-06-01,0,Deaths,0.0,0.0
43771,Seychelles,2020-06-02,0,Deaths,0.0,0.0
43772,Seychelles,2020-06-03,0,Deaths,0.0,0.0
43773,Seychelles,2020-06-04,0,Deaths,0.0,0.0
43774,Seychelles,2020-06-05,0,Deaths,0.0,0.0
43775,Seychelles,2020-06-06,0,Deaths,0.0,0.0
43776,Seychelles,2020-06-07,0,Deaths,0.0,0.0
43777,Seychelles,2020-06-08,0,Deaths,0.0,0.0
43778,Seychelles,2020-06-09,0,Deaths,0.0,0.0
43779,Seychelles,2020-06-10,0,Deaths,0.0,0.0
43780,Seychelles,2020-06-11,0,Deaths,0.0,0.0
43781,Seychelles,2020-06-12,0,Deaths,0.0,0.0
43782,Seychelles,2020-06-13,0,Deaths,0.0,0.0
43783,Seychelles,2020-06-14,0,Deaths,0.0,0.0
43784,Seychelles,2020-06-15,0,Deaths,0.0,0.0
43785,Seychelles,2020-06-16,0,Deaths,0.0,0.0
43786,Seychelles,2020-06-17,0,Deaths,0.0,0.0
43787,Seychelles,2020-06-18,0,Deaths,0.0,0.0
43788,Seychelles,2020-06-19,0,Deaths,0.0,0.0
43789,Seychelles,2020-06-20,0,Deaths,0.0,0.0
43790,Seychelles,2020-06-21,0,Deaths,0.0,0.0
43791,Seychelles,2020-06-22,0,Deaths,0.0,0.0
43792,Seychelles,2020-06-23,0,Deaths,0.0,0.0
43793,Seychelles,2020-06-24,0,Deaths,0.0,0.0
43794,Seychelles,2020-06-25,0,Deaths,0.0,0.0
43795,Seychelles,2020-06-26,0,Deaths,0.0,0.0
43796,Seychelles,2020-06-27,0,Deaths,0.0,0.0
43797,Seychelles,2020-06-28,0,Deaths,0.0,0.0
43798,Seychelles,2020-06-29,0,Deaths,0.0,0.0
43799,Seychelles,2020-06-30,0,Deaths,0.0,0.0
43800,Seychelles,2020-07-01,0,Deaths,0.0,0.0
43801,Seychelles,2020-07-02,0,Deaths,0.0,0.0
43802,Seychelles,2020-07-03,0,Deaths,0.0,0.0
43803,Seychelles,2020-07-04,0,Deaths,0.0,0.0
43804,Seychelles,2020-07-05,0,Deaths,0.0,0.0
43805,Seychelles,2020-07-06,0,Deaths,0.0,0.0
43806,Seychelles,2020-07-07,0,Deaths,0.0,0.0
43807,Seychelles,2020-07-08,0,Deaths,0.0,0.0
43808,Seychelles,2020-07-09,0,Deaths,0.0,0.0
43809,Seychelles,2020-07-10,0,Deaths,0.0,0.0
43810,Seychelles,2020-07-11,0,Deaths,0.0,0.0
43811,Seychelles,2020-07-12,0,Deaths,0.0,0.0
43812,Seychelles,2020-07-13,0,Deaths,0.0,0.0
43813,Seychelles,2020-07-14,0,Deaths,0.0,0.0
43814,Seychelles,2020-07-15,0,Deaths,0.0,0.0
43815,Seychelles,2020-07-16,0,Deaths,0.0,0.0
43816,Seychelles,2020-07-17,0,Deaths,0.0,0.0
43817,Seychelles,2020-07-18,0,Deaths,0.0,0.0
43818,Seychelles,2020-07-19,0,Deaths,0.0,0.0
43819,Seychelles,2020-07-20,0,Deaths,0.0,0.0
43820,Seychelles,2020-07-21,0,Deaths,0.0,0.0
43821,Seychelles,2020-07-22,0,Deaths,0.0,0.0
43822,Seychelles,2020-07-23,0,Deaths,0.0,0.0
43823,Seychelles,2020-07-24,0,Deaths,0.0,0.0
43824,Seychelles,2020-07-25,0,Deaths,0.0,0.0
43825,Seychelles,2020-07-26,0,Deaths,0.0,0.0
43826,Seychelles,2020-07-27,0,Deaths,0.0,0.0
43827,Seychelles,2020-07-28,0,Deaths,0.0,0.0
43828,Seychelles,2020-07-29,0,Deaths,0.0,0.0
43829,Seychelles,2020-07-30,0,Deaths,0.0,0.0
43830,Seychelles,2020-07-31,0,Deaths,0.0,0.0
43831,Seychelles,2020-08-01,0,Deaths,0.0,0.0
43832,Seychelles,2020-08-02,0,Deaths,0.0,0.0
43833,Seychelles,2020-08-03,0,Deaths,0.0,0.0
43834,Seychelles,2020-08-04,0,Deaths,0.0,0.0
43835,Seychelles,2020-08-05,0,Deaths,0.0,0.0
43836,Seychelles,2020-08-06,0,Deaths,0.0,0.0
43837,Seychelles,2020-08-07,0,Deaths,0.0,0.0
43838,Seychelles,2020-08-08,0,Deaths,0.0,0.0
43839,Seychelles,2020-08-09,0,Deaths,0.0,0.0
43840,Seychelles,2020-08-10,0,Deaths,0.0,0.0
43841,Seychelles,2020-08-11,0,Deaths,0.0,0.0
43842,Seychelles,2020-08-12,0,Deaths,0.0,0.0
43843,Seychelles,2020-08-13,0,Deaths,0.0,0.0
43844,Seychelles,2020-08-14,0,Deaths,0.0,0.0
43845,Seychelles,2020-08-15,0,Deaths,0.0,0.0
43846,Seychelles,2020-08-16,0,Deaths,0.0,0.0
43847,Seychelles,2020-08-17,0,Deaths,0.0,0.0
43848,Seychelles,2020-08-18,0,Deaths,0.0,0.0
43849,Seychelles,2020-08-19,0,Deaths,0.0,0.0
43850,Seychelles,2020-08-20,0,Deaths,0.0,0.0
43851,Seychelles,2020-08-21,0,Deaths,0.0,0.0
43852,Seychelles,2020-08-22,0,Deaths,0.0,0.0
43853,Seychelles,2020-08-23,0,Deaths,0.0,0.0
43854,Seychelles,2020-08-24,0,Deaths,0.0,0.0
43855,Seychelles,2020-08-25,0,Deaths,0.0,0.0
43856,Seychelles,2020-08-26,0,Deaths,0.0,0.0
43857,Seychelles,2020-08-27,0,Deaths,0.0,0.0
43858,Seychelles,2020-08-28,0,Deaths,0.0,0.0
43859,Seychelles,2020-08-29,0,Deaths,0.0,0.0
43860,Seychelles,2020-08-30,0,Deaths,0.0,0.0
43861,Seychelles,2020-08-31,0,Deaths,0.0,0.0
43862,Seychelles,2020-09-01,0,Deaths,0.0,0.0
43863,Seychelles,2020-09-02,0,Deaths,0.0,0.0
43864,Seychelles,2020-09-03,0,Deaths,0.0,0.0
43865,Seychelles,2020-09-04,0,Deaths,0.0,0.0
43866,Seychelles,2020-09-05,0,Deaths,0.0,0.0
43867,Seychelles,2020-09-06,0,Deaths,0.0,0.0
43868,Seychelles,2020-09-07,0,Deaths,0.0,0.0
43869,Seychelles,2020-09-08,0,Deaths,0.0,0.0
43870,Seychelles,2020-09-09,0,Deaths,0.0,0.0
43871,Seychelles,2020-09-10,0,Deaths,0.0,0.0
43872,Seychelles,2020-09-11,0,Deaths,0.0,0.0
43873,Seychelles,2020-09-12,0,Deaths,0.0,0.0
43874,Seychelles,2020-09-13,0,Deaths,0.0,0.0
43875,Seychelles,2020-09-14,0,Deaths,0.0,0.0
43876,Seychelles,2020-09-15,0,Deaths,0.0,0.0
43877,Seychelles,2020-09-16,0,Deaths,0.0,0.0
43878,Seychelles,2020-09-17,0,Deaths,0.0,0.0
43879,Seychelles,2020-09-18,0,Deaths,0.0,0.0
43880,Seychelles,2020-09-19,0,Deaths,0.0,0.0
43881,Seychelles,2020-09-20,0,Deaths,0.0,0.0
43882,Seychelles,2020-09-21,0,Deaths,0.0,0.0
43883,Seychelles,2020-09-22,0,Deaths,0.0,0.0
43884,Seychelles,2020-09-23,0,Deaths,0.0,0.0
43885,Seychelles,2020-09-24,0,Deaths,0.0,0.0
43886,Seychelles,2020-09-25,0,Deaths,0.0,0.0
43887,Seychelles,2020-09-26,0,Deaths,0.0,0.0
43888,Seychelles,2020-09-27,0,Deaths,0.0,0.0
43889,Seychelles,2020-09-28,0,Deaths,0.0,0.0
43890,Seychelles,2020-09-29,0,Deaths,0.0,0.0
43891,Seychelles,2020-09-30,0,Deaths,0.0,0.0
43892,Seychelles,2020-10-01,0,Deaths,0.0,0.0
43893,Seychelles,2020-10-02,0,Deaths,0.0,0.0
43894,Seychelles,2020-10-03,0,Deaths,0.0,0.0
43895,Seychelles,2020-10-04,0,Deaths,0.0,0.0
43896,Seychelles,2020-10-05,0,Deaths,0.0,0.0
43897,Seychelles,2020-10-06,0,Deaths,0.0,0.0
43898,Seychelles,2020-10-07,0,Deaths,0.0,0.0
43899,Seychelles,2020-10-08,0,Deaths,0.0,0.0
43900,Seychelles,2020-10-09,0,Deaths,0.0,0.0
43901,Seychelles,2020-10-10,0,Deaths,0.0,0.0
43902,Seychelles,2020-10-11,0,Deaths,0.0,0.0
43903,Seychelles,2020-10-12,0,Deaths,0.0,0.0
43904,Seychelles,2020-10-13,0,Deaths,0.0,0.0
43905,Seychelles,2020-10-14,0,Deaths,0.0,0.0
43906,Seychelles,2020-10-15,0,Deaths,0.0,0.0
43907,Seychelles,2020-10-16,0,Deaths,0.0,0.0
43908,Seychelles,2020-10-17,0,Deaths,0.0,0.0
43909,Seychelles,2020-10-18,0,Deaths,0.0,0.0
43910,Seychelles,2020-10-19,0,Deaths,0.0,0.0
43911,Seychelles,2020-10-20,0,Deaths,0.0,0.0
43912,Seychelles,2020-10-21,0,Deaths,0.0,0.0
43913,Seychelles,2020-10-22,0,Deaths,0.0,0.0
43914,Seychelles,2020-10-23,0,Deaths,0.0,0.0
43915,Seychelles,2020-10-24,0,Deaths,0.0,0.0
43916,Seychelles,2020-10-25,0,Deaths,0.0,0.0
43917,Seychelles,2020-10-26,0,Deaths,0.0,0.0
43918,Seychelles,2020-10-27,0,Deaths,0.0,0.0
43919,Seychelles,2020-10-28,0,Deaths,0.0,0.0
43920,Seychelles,2020-10-29,0,Deaths,0.0,0.0
43921,Seychelles,2020-10-30,0,Deaths,0.0,0.0
43922,Seychelles,2020-10-31,0,Deaths,0.0,0.0
43923,Seychelles,2020-11-01,0,Deaths,0.0,0.0
43924,Seychelles,2020-11-02,0,Deaths,0.0,0.0
43925,Seychelles,2020-11-03,0,Deaths,0.0,0.0
43926,Seychelles,2020-11-04,0,Deaths,0.0,0.0
43927,Seychelles,2020-11-05,0,Deaths,0.0,0.0
43928,Sierra Leone,2020-01-22,0,Deaths,,
43929,Sierra Leone,2020-01-23,0,Deaths,0.0,
43930,Sierra Leone,2020-01-24,0,Deaths,0.0,
43931,Sierra Leone,2020-01-25,0,Deaths,0.0,
43932,Sierra Leone,2020-01-26,0,Deaths,0.0,
43933,Sierra Leone,2020-01-27,0,Deaths,0.0,
43934,Sierra Leone,2020-01-28,0,Deaths,0.0,
43935,Sierra Leone,2020-01-29,0,Deaths,0.0,0.0
43936,Sierra Leone,2020-01-30,0,Deaths,0.0,0.0
43937,Sierra Leone,2020-01-31,0,Deaths,0.0,0.0
43938,Sierra Leone,2020-02-01,0,Deaths,0.0,0.0
43939,Sierra Leone,2020-02-02,0,Deaths,0.0,0.0
43940,Sierra Leone,2020-02-03,0,Deaths,0.0,0.0
43941,Sierra Leone,2020-02-04,0,Deaths,0.0,0.0
43942,Sierra Leone,2020-02-05,0,Deaths,0.0,0.0
43943,Sierra Leone,2020-02-06,0,Deaths,0.0,0.0
43944,Sierra Leone,2020-02-07,0,Deaths,0.0,0.0
43945,Sierra Leone,2020-02-08,0,Deaths,0.0,0.0
43946,Sierra Leone,2020-02-09,0,Deaths,0.0,0.0
43947,Sierra Leone,2020-02-10,0,Deaths,0.0,0.0
43948,Sierra Leone,2020-02-11,0,Deaths,0.0,0.0
43949,Sierra Leone,2020-02-12,0,Deaths,0.0,0.0
43950,Sierra Leone,2020-02-13,0,Deaths,0.0,0.0
43951,Sierra Leone,2020-02-14,0,Deaths,0.0,0.0
43952,Sierra Leone,2020-02-15,0,Deaths,0.0,0.0
43953,Sierra Leone,2020-02-16,0,Deaths,0.0,0.0
43954,Sierra Leone,2020-02-17,0,Deaths,0.0,0.0
43955,Sierra Leone,2020-02-18,0,Deaths,0.0,0.0
43956,Sierra Leone,2020-02-19,0,Deaths,0.0,0.0
43957,Sierra Leone,2020-02-20,0,Deaths,0.0,0.0
43958,Sierra Leone,2020-02-21,0,Deaths,0.0,0.0
43959,Sierra Leone,2020-02-22,0,Deaths,0.0,0.0
43960,Sierra Leone,2020-02-23,0,Deaths,0.0,0.0
43961,Sierra Leone,2020-02-24,0,Deaths,0.0,0.0
43962,Sierra Leone,2020-02-25,0,Deaths,0.0,0.0
43963,Sierra Leone,2020-02-26,0,Deaths,0.0,0.0
43964,Sierra Leone,2020-02-27,0,Deaths,0.0,0.0
43965,Sierra Leone,2020-02-28,0,Deaths,0.0,0.0
43966,Sierra Leone,2020-02-29,0,Deaths,0.0,0.0
43967,Sierra Leone,2020-03-01,0,Deaths,0.0,0.0
43968,Sierra Leone,2020-03-02,0,Deaths,0.0,0.0
43969,Sierra Leone,2020-03-03,0,Deaths,0.0,0.0
43970,Sierra Leone,2020-03-04,0,Deaths,0.0,0.0
43971,Sierra Leone,2020-03-05,0,Deaths,0.0,0.0
43972,Sierra Leone,2020-03-06,0,Deaths,0.0,0.0
43973,Sierra Leone,2020-03-07,0,Deaths,0.0,0.0
43974,Sierra Leone,2020-03-08,0,Deaths,0.0,0.0
43975,Sierra Leone,2020-03-09,0,Deaths,0.0,0.0
43976,Sierra Leone,2020-03-10,0,Deaths,0.0,0.0
43977,Sierra Leone,2020-03-11,0,Deaths,0.0,0.0
43978,Sierra Leone,2020-03-12,0,Deaths,0.0,0.0
43979,Sierra Leone,2020-03-13,0,Deaths,0.0,0.0
43980,Sierra Leone,2020-03-14,0,Deaths,0.0,0.0
43981,Sierra Leone,2020-03-15,0,Deaths,0.0,0.0
43982,Sierra Leone,2020-03-16,0,Deaths,0.0,0.0
43983,Sierra Leone,2020-03-17,0,Deaths,0.0,0.0
43984,Sierra Leone,2020-03-18,0,Deaths,0.0,0.0
43985,Sierra Leone,2020-03-19,0,Deaths,0.0,0.0
43986,Sierra Leone,2020-03-20,0,Deaths,0.0,0.0
43987,Sierra Leone,2020-03-21,0,Deaths,0.0,0.0
43988,Sierra Leone,2020-03-22,0,Deaths,0.0,0.0
43989,Sierra Leone,2020-03-23,0,Deaths,0.0,0.0
43990,Sierra Leone,2020-03-24,0,Deaths,0.0,0.0
43991,Sierra Leone,2020-03-25,0,Deaths,0.0,0.0
43992,Sierra Leone,2020-03-26,0,Deaths,0.0,0.0
43993,Sierra Leone,2020-03-27,0,Deaths,0.0,0.0
43994,Sierra Leone,2020-03-28,0,Deaths,0.0,0.0
43995,Sierra Leone,2020-03-29,0,Deaths,0.0,0.0
43996,Sierra Leone,2020-03-30,0,Deaths,0.0,0.0
43997,Sierra Leone,2020-03-31,0,Deaths,0.0,0.0
43998,Sierra Leone,2020-04-01,0,Deaths,0.0,0.0
43999,Sierra Leone,2020-04-02,0,Deaths,0.0,0.0
44000,Sierra Leone,2020-04-03,0,Deaths,0.0,0.0
44001,Sierra Leone,2020-04-04,0,Deaths,0.0,0.0
44002,Sierra Leone,2020-04-05,0,Deaths,0.0,0.0
44003,Sierra Leone,2020-04-06,0,Deaths,0.0,0.0
44004,Sierra Leone,2020-04-07,0,Deaths,0.0,0.0
44005,Sierra Leone,2020-04-08,0,Deaths,0.0,0.0
44006,Sierra Leone,2020-04-09,0,Deaths,0.0,0.0
44007,Sierra Leone,2020-04-10,0,Deaths,0.0,0.0
44008,Sierra Leone,2020-04-11,0,Deaths,0.0,0.0
44009,Sierra Leone,2020-04-12,0,Deaths,0.0,0.0
44010,Sierra Leone,2020-04-13,0,Deaths,0.0,0.0
44011,Sierra Leone,2020-04-14,0,Deaths,0.0,0.0
44012,Sierra Leone,2020-04-15,0,Deaths,0.0,0.0
44013,Sierra Leone,2020-04-16,0,Deaths,0.0,0.0
44014,Sierra Leone,2020-04-17,0,Deaths,0.0,0.0
44015,Sierra Leone,2020-04-18,0,Deaths,0.0,0.0
44016,Sierra Leone,2020-04-19,0,Deaths,0.0,0.0
44017,Sierra Leone,2020-04-20,0,Deaths,0.0,0.0
44018,Sierra Leone,2020-04-21,0,Deaths,0.0,0.0
44019,Sierra Leone,2020-04-22,0,Deaths,0.0,0.0
44020,Sierra Leone,2020-04-23,1,Deaths,1.0,1.0
44021,Sierra Leone,2020-04-24,2,Deaths,1.0,2.0
44022,Sierra Leone,2020-04-25,2,Deaths,0.0,2.0
44023,Sierra Leone,2020-04-26,4,Deaths,2.0,4.0
44024,Sierra Leone,2020-04-27,4,Deaths,0.0,4.0
44025,Sierra Leone,2020-04-28,4,Deaths,0.0,4.0
44026,Sierra Leone,2020-04-29,4,Deaths,0.0,4.0
44027,Sierra Leone,2020-04-30,7,Deaths,3.0,6.0
44028,Sierra Leone,2020-05-01,7,Deaths,0.0,5.0
44029,Sierra Leone,2020-05-02,8,Deaths,1.0,6.0
44030,Sierra Leone,2020-05-03,8,Deaths,0.0,4.0
44031,Sierra Leone,2020-05-04,9,Deaths,1.0,5.0
44032,Sierra Leone,2020-05-05,11,Deaths,2.0,7.0
44033,Sierra Leone,2020-05-06,14,Deaths,3.0,10.0
44034,Sierra Leone,2020-05-07,16,Deaths,2.0,9.0
44035,Sierra Leone,2020-05-08,17,Deaths,1.0,10.0
44036,Sierra Leone,2020-05-09,18,Deaths,1.0,10.0
44037,Sierra Leone,2020-05-10,18,Deaths,0.0,10.0
44038,Sierra Leone,2020-05-11,19,Deaths,1.0,10.0
44039,Sierra Leone,2020-05-12,19,Deaths,0.0,8.0
44040,Sierra Leone,2020-05-13,26,Deaths,7.0,12.0
44041,Sierra Leone,2020-05-14,26,Deaths,0.0,10.0
44042,Sierra Leone,2020-05-15,27,Deaths,1.0,10.0
44043,Sierra Leone,2020-05-16,29,Deaths,2.0,11.0
44044,Sierra Leone,2020-05-17,32,Deaths,3.0,14.0
44045,Sierra Leone,2020-05-18,33,Deaths,1.0,14.0
44046,Sierra Leone,2020-05-19,33,Deaths,0.0,14.0
44047,Sierra Leone,2020-05-20,34,Deaths,1.0,8.0
44048,Sierra Leone,2020-05-21,35,Deaths,1.0,9.0
44049,Sierra Leone,2020-05-22,38,Deaths,3.0,11.0
44050,Sierra Leone,2020-05-23,39,Deaths,1.0,10.0
44051,Sierra Leone,2020-05-24,40,Deaths,1.0,8.0
44052,Sierra Leone,2020-05-25,42,Deaths,2.0,9.0
44053,Sierra Leone,2020-05-26,44,Deaths,2.0,11.0
44054,Sierra Leone,2020-05-27,45,Deaths,1.0,11.0
44055,Sierra Leone,2020-05-28,45,Deaths,0.0,10.0
44056,Sierra Leone,2020-05-29,45,Deaths,0.0,7.0
44057,Sierra Leone,2020-05-30,46,Deaths,1.0,7.0
44058,Sierra Leone,2020-05-31,46,Deaths,0.0,6.0
44059,Sierra Leone,2020-06-01,46,Deaths,0.0,4.0
44060,Sierra Leone,2020-06-02,46,Deaths,0.0,2.0
44061,Sierra Leone,2020-06-03,47,Deaths,1.0,2.0
44062,Sierra Leone,2020-06-04,47,Deaths,0.0,2.0
44063,Sierra Leone,2020-06-05,47,Deaths,0.0,2.0
44064,Sierra Leone,2020-06-06,48,Deaths,1.0,2.0
44065,Sierra Leone,2020-06-07,48,Deaths,0.0,2.0
44066,Sierra Leone,2020-06-08,49,Deaths,1.0,3.0
44067,Sierra Leone,2020-06-09,50,Deaths,1.0,4.0
44068,Sierra Leone,2020-06-10,50,Deaths,0.0,3.0
44069,Sierra Leone,2020-06-11,50,Deaths,0.0,3.0
44070,Sierra Leone,2020-06-12,51,Deaths,1.0,4.0
44071,Sierra Leone,2020-06-13,51,Deaths,0.0,3.0
44072,Sierra Leone,2020-06-14,51,Deaths,0.0,3.0
44073,Sierra Leone,2020-06-15,51,Deaths,0.0,2.0
44074,Sierra Leone,2020-06-16,51,Deaths,0.0,1.0
44075,Sierra Leone,2020-06-17,51,Deaths,0.0,1.0
44076,Sierra Leone,2020-06-18,51,Deaths,0.0,1.0
44077,Sierra Leone,2020-06-19,53,Deaths,2.0,2.0
44078,Sierra Leone,2020-06-20,53,Deaths,0.0,2.0
44079,Sierra Leone,2020-06-21,55,Deaths,2.0,4.0
44080,Sierra Leone,2020-06-22,55,Deaths,0.0,4.0
44081,Sierra Leone,2020-06-23,55,Deaths,0.0,4.0
44082,Sierra Leone,2020-06-24,55,Deaths,0.0,4.0
44083,Sierra Leone,2020-06-25,56,Deaths,1.0,5.0
44084,Sierra Leone,2020-06-26,59,Deaths,3.0,6.0
44085,Sierra Leone,2020-06-27,59,Deaths,0.0,6.0
44086,Sierra Leone,2020-06-28,60,Deaths,1.0,5.0
44087,Sierra Leone,2020-06-29,60,Deaths,0.0,5.0
44088,Sierra Leone,2020-06-30,60,Deaths,0.0,5.0
44089,Sierra Leone,2020-07-01,60,Deaths,0.0,5.0
44090,Sierra Leone,2020-07-02,60,Deaths,0.0,4.0
44091,Sierra Leone,2020-07-03,62,Deaths,2.0,3.0
44092,Sierra Leone,2020-07-04,62,Deaths,0.0,3.0
44093,Sierra Leone,2020-07-05,62,Deaths,0.0,2.0
44094,Sierra Leone,2020-07-06,62,Deaths,0.0,2.0
44095,Sierra Leone,2020-07-07,63,Deaths,1.0,3.0
44096,Sierra Leone,2020-07-08,63,Deaths,0.0,3.0
44097,Sierra Leone,2020-07-09,63,Deaths,0.0,3.0
44098,Sierra Leone,2020-07-10,63,Deaths,0.0,1.0
44099,Sierra Leone,2020-07-11,63,Deaths,0.0,1.0
44100,Sierra Leone,2020-07-12,63,Deaths,0.0,1.0
44101,Sierra Leone,2020-07-13,63,Deaths,0.0,1.0
44102,Sierra Leone,2020-07-14,64,Deaths,1.0,1.0
44103,Sierra Leone,2020-07-15,64,Deaths,0.0,1.0
44104,Sierra Leone,2020-07-16,64,Deaths,0.0,1.0
44105,Sierra Leone,2020-07-17,65,Deaths,1.0,2.0
44106,Sierra Leone,2020-07-18,65,Deaths,0.0,2.0
44107,Sierra Leone,2020-07-19,65,Deaths,0.0,2.0
44108,Sierra Leone,2020-07-20,66,Deaths,1.0,3.0
44109,Sierra Leone,2020-07-21,66,Deaths,0.0,2.0
44110,Sierra Leone,2020-07-22,66,Deaths,0.0,2.0
44111,Sierra Leone,2020-07-23,66,Deaths,0.0,2.0
44112,Sierra Leone,2020-07-24,66,Deaths,0.0,1.0
44113,Sierra Leone,2020-07-25,66,Deaths,0.0,1.0
44114,Sierra Leone,2020-07-26,66,Deaths,0.0,1.0
44115,Sierra Leone,2020-07-27,66,Deaths,0.0,0.0
44116,Sierra Leone,2020-07-28,66,Deaths,0.0,0.0
44117,Sierra Leone,2020-07-29,67,Deaths,1.0,1.0
44118,Sierra Leone,2020-07-30,67,Deaths,0.0,1.0
44119,Sierra Leone,2020-07-31,67,Deaths,0.0,1.0
44120,Sierra Leone,2020-08-01,67,Deaths,0.0,1.0
44121,Sierra Leone,2020-08-02,67,Deaths,0.0,1.0
44122,Sierra Leone,2020-08-03,67,Deaths,0.0,1.0
44123,Sierra Leone,2020-08-04,67,Deaths,0.0,1.0
44124,Sierra Leone,2020-08-05,67,Deaths,0.0,0.0
44125,Sierra Leone,2020-08-06,67,Deaths,0.0,0.0
44126,Sierra Leone,2020-08-07,68,Deaths,1.0,1.0
44127,Sierra Leone,2020-08-08,68,Deaths,0.0,1.0
44128,Sierra Leone,2020-08-09,68,Deaths,0.0,1.0
44129,Sierra Leone,2020-08-10,69,Deaths,1.0,2.0
44130,Sierra Leone,2020-08-11,69,Deaths,0.0,2.0
44131,Sierra Leone,2020-08-12,69,Deaths,0.0,2.0
44132,Sierra Leone,2020-08-13,69,Deaths,0.0,2.0
44133,Sierra Leone,2020-08-14,69,Deaths,0.0,1.0
44134,Sierra Leone,2020-08-15,69,Deaths,0.0,1.0
44135,Sierra Leone,2020-08-16,69,Deaths,0.0,1.0
44136,Sierra Leone,2020-08-17,69,Deaths,0.0,0.0
44137,Sierra Leone,2020-08-18,69,Deaths,0.0,0.0
44138,Sierra Leone,2020-08-19,69,Deaths,0.0,0.0
44139,Sierra Leone,2020-08-20,69,Deaths,0.0,0.0
44140,Sierra Leone,2020-08-21,69,Deaths,0.0,0.0
44141,Sierra Leone,2020-08-22,69,Deaths,0.0,0.0
44142,Sierra Leone,2020-08-23,69,Deaths,0.0,0.0
44143,Sierra Leone,2020-08-24,69,Deaths,0.0,0.0
44144,Sierra Leone,2020-08-25,69,Deaths,0.0,0.0
44145,Sierra Leone,2020-08-26,69,Deaths,0.0,0.0
44146,Sierra Leone,2020-08-27,70,Deaths,1.0,1.0
44147,Sierra Leone,2020-08-28,70,Deaths,0.0,1.0
44148,Sierra Leone,2020-08-29,70,Deaths,0.0,1.0
44149,Sierra Leone,2020-08-30,70,Deaths,0.0,1.0
44150,Sierra Leone,2020-08-31,70,Deaths,0.0,1.0
44151,Sierra Leone,2020-09-01,71,Deaths,1.0,2.0
44152,Sierra Leone,2020-09-02,71,Deaths,0.0,2.0
44153,Sierra Leone,2020-09-03,71,Deaths,0.0,1.0
44154,Sierra Leone,2020-09-04,71,Deaths,0.0,1.0
44155,Sierra Leone,2020-09-05,71,Deaths,0.0,1.0
44156,Sierra Leone,2020-09-06,71,Deaths,0.0,1.0
44157,Sierra Leone,2020-09-07,71,Deaths,0.0,1.0
44158,Sierra Leone,2020-09-08,72,Deaths,1.0,1.0
44159,Sierra Leone,2020-09-09,72,Deaths,0.0,1.0
44160,Sierra Leone,2020-09-10,72,Deaths,0.0,1.0
44161,Sierra Leone,2020-09-11,72,Deaths,0.0,1.0
44162,Sierra Leone,2020-09-12,72,Deaths,0.0,1.0
44163,Sierra Leone,2020-09-13,72,Deaths,0.0,1.0
44164,Sierra Leone,2020-09-14,72,Deaths,0.0,1.0
44165,Sierra Leone,2020-09-15,72,Deaths,0.0,0.0
44166,Sierra Leone,2020-09-16,72,Deaths,0.0,0.0
44167,Sierra Leone,2020-09-17,72,Deaths,0.0,0.0
44168,Sierra Leone,2020-09-18,72,Deaths,0.0,0.0
44169,Sierra Leone,2020-09-19,72,Deaths,0.0,0.0
44170,Sierra Leone,2020-09-20,72,Deaths,0.0,0.0
44171,Sierra Leone,2020-09-21,72,Deaths,0.0,0.0
44172,Sierra Leone,2020-09-22,72,Deaths,0.0,0.0
44173,Sierra Leone,2020-09-23,72,Deaths,0.0,0.0
44174,Sierra Leone,2020-09-24,72,Deaths,0.0,0.0
44175,Sierra Leone,2020-09-25,72,Deaths,0.0,0.0
44176,Sierra Leone,2020-09-26,72,Deaths,0.0,0.0
44177,Sierra Leone,2020-09-27,72,Deaths,0.0,0.0
44178,Sierra Leone,2020-09-28,72,Deaths,0.0,0.0
44179,Sierra Leone,2020-09-29,72,Deaths,0.0,0.0
44180,Sierra Leone,2020-09-30,72,Deaths,0.0,0.0
44181,Sierra Leone,2020-10-01,72,Deaths,0.0,0.0
44182,Sierra Leone,2020-10-02,72,Deaths,0.0,0.0
44183,Sierra Leone,2020-10-03,72,Deaths,0.0,0.0
44184,Sierra Leone,2020-10-04,72,Deaths,0.0,0.0
44185,Sierra Leone,2020-10-05,72,Deaths,0.0,0.0
44186,Sierra Leone,2020-10-06,72,Deaths,0.0,0.0
44187,Sierra Leone,2020-10-07,72,Deaths,0.0,0.0
44188,Sierra Leone,2020-10-08,72,Deaths,0.0,0.0
44189,Sierra Leone,2020-10-09,72,Deaths,0.0,0.0
44190,Sierra Leone,2020-10-10,72,Deaths,0.0,0.0
44191,Sierra Leone,2020-10-11,72,Deaths,0.0,0.0
44192,Sierra Leone,2020-10-12,72,Deaths,0.0,0.0
44193,Sierra Leone,2020-10-13,72,Deaths,0.0,0.0
44194,Sierra Leone,2020-10-14,73,Deaths,1.0,1.0
44195,Sierra Leone,2020-10-15,73,Deaths,0.0,1.0
44196,Sierra Leone,2020-10-16,73,Deaths,0.0,1.0
44197,Sierra Leone,2020-10-17,73,Deaths,0.0,1.0
44198,Sierra Leone,2020-10-18,73,Deaths,0.0,1.0
44199,Sierra Leone,2020-10-19,73,Deaths,0.0,1.0
44200,Sierra Leone,2020-10-20,73,Deaths,0.0,1.0
44201,Sierra Leone,2020-10-21,73,Deaths,0.0,0.0
44202,Sierra Leone,2020-10-22,73,Deaths,0.0,0.0
44203,Sierra Leone,2020-10-23,74,Deaths,1.0,1.0
44204,Sierra Leone,2020-10-24,74,Deaths,0.0,1.0
44205,Sierra Leone,2020-10-25,74,Deaths,0.0,1.0
44206,Sierra Leone,2020-10-26,74,Deaths,0.0,1.0
44207,Sierra Leone,2020-10-27,74,Deaths,0.0,1.0
44208,Sierra Leone,2020-10-28,74,Deaths,0.0,1.0
44209,Sierra Leone,2020-10-29,74,Deaths,0.0,1.0
44210,Sierra Leone,2020-10-30,74,Deaths,0.0,0.0
44211,Sierra Leone,2020-10-31,74,Deaths,0.0,0.0
44212,Sierra Leone,2020-11-01,74,Deaths,0.0,0.0
44213,Sierra Leone,2020-11-02,74,Deaths,0.0,0.0
44214,Sierra Leone,2020-11-03,74,Deaths,0.0,0.0
44215,Sierra Leone,2020-11-04,74,Deaths,0.0,0.0
44216,Sierra Leone,2020-11-05,74,Deaths,0.0,0.0
44217,Singapore,2020-01-22,0,Deaths,,
44218,Singapore,2020-01-23,0,Deaths,0.0,
44219,Singapore,2020-01-24,0,Deaths,0.0,
44220,Singapore,2020-01-25,0,Deaths,0.0,
44221,Singapore,2020-01-26,0,Deaths,0.0,
44222,Singapore,2020-01-27,0,Deaths,0.0,
44223,Singapore,2020-01-28,0,Deaths,0.0,
44224,Singapore,2020-01-29,0,Deaths,0.0,0.0
44225,Singapore,2020-01-30,0,Deaths,0.0,0.0
44226,Singapore,2020-01-31,0,Deaths,0.0,0.0
44227,Singapore,2020-02-01,0,Deaths,0.0,0.0
44228,Singapore,2020-02-02,0,Deaths,0.0,0.0
44229,Singapore,2020-02-03,0,Deaths,0.0,0.0
44230,Singapore,2020-02-04,0,Deaths,0.0,0.0
44231,Singapore,2020-02-05,0,Deaths,0.0,0.0
44232,Singapore,2020-02-06,0,Deaths,0.0,0.0
44233,Singapore,2020-02-07,0,Deaths,0.0,0.0
44234,Singapore,2020-02-08,0,Deaths,0.0,0.0
44235,Singapore,2020-02-09,0,Deaths,0.0,0.0
44236,Singapore,2020-02-10,0,Deaths,0.0,0.0
44237,Singapore,2020-02-11,0,Deaths,0.0,0.0
44238,Singapore,2020-02-12,0,Deaths,0.0,0.0
44239,Singapore,2020-02-13,0,Deaths,0.0,0.0
44240,Singapore,2020-02-14,0,Deaths,0.0,0.0
44241,Singapore,2020-02-15,0,Deaths,0.0,0.0
44242,Singapore,2020-02-16,0,Deaths,0.0,0.0
44243,Singapore,2020-02-17,0,Deaths,0.0,0.0
44244,Singapore,2020-02-18,0,Deaths,0.0,0.0
44245,Singapore,2020-02-19,0,Deaths,0.0,0.0
44246,Singapore,2020-02-20,0,Deaths,0.0,0.0
44247,Singapore,2020-02-21,0,Deaths,0.0,0.0
44248,Singapore,2020-02-22,0,Deaths,0.0,0.0
44249,Singapore,2020-02-23,0,Deaths,0.0,0.0
44250,Singapore,2020-02-24,0,Deaths,0.0,0.0
44251,Singapore,2020-02-25,0,Deaths,0.0,0.0
44252,Singapore,2020-02-26,0,Deaths,0.0,0.0
44253,Singapore,2020-02-27,0,Deaths,0.0,0.0
44254,Singapore,2020-02-28,0,Deaths,0.0,0.0
44255,Singapore,2020-02-29,0,Deaths,0.0,0.0
44256,Singapore,2020-03-01,0,Deaths,0.0,0.0
44257,Singapore,2020-03-02,0,Deaths,0.0,0.0
44258,Singapore,2020-03-03,0,Deaths,0.0,0.0
44259,Singapore,2020-03-04,0,Deaths,0.0,0.0
44260,Singapore,2020-03-05,0,Deaths,0.0,0.0
44261,Singapore,2020-03-06,0,Deaths,0.0,0.0
44262,Singapore,2020-03-07,0,Deaths,0.0,0.0
44263,Singapore,2020-03-08,0,Deaths,0.0,0.0
44264,Singapore,2020-03-09,0,Deaths,0.0,0.0
44265,Singapore,2020-03-10,0,Deaths,0.0,0.0
44266,Singapore,2020-03-11,0,Deaths,0.0,0.0
44267,Singapore,2020-03-12,0,Deaths,0.0,0.0
44268,Singapore,2020-03-13,0,Deaths,0.0,0.0
44269,Singapore,2020-03-14,0,Deaths,0.0,0.0
44270,Singapore,2020-03-15,0,Deaths,0.0,0.0
44271,Singapore,2020-03-16,0,Deaths,0.0,0.0
44272,Singapore,2020-03-17,0,Deaths,0.0,0.0
44273,Singapore,2020-03-18,0,Deaths,0.0,0.0
44274,Singapore,2020-03-19,0,Deaths,0.0,0.0
44275,Singapore,2020-03-20,0,Deaths,0.0,0.0
44276,Singapore,2020-03-21,2,Deaths,2.0,2.0
44277,Singapore,2020-03-22,2,Deaths,0.0,2.0
44278,Singapore,2020-03-23,2,Deaths,0.0,2.0
44279,Singapore,2020-03-24,2,Deaths,0.0,2.0
44280,Singapore,2020-03-25,2,Deaths,0.0,2.0
44281,Singapore,2020-03-26,2,Deaths,0.0,2.0
44282,Singapore,2020-03-27,2,Deaths,0.0,2.0
44283,Singapore,2020-03-28,2,Deaths,0.0,0.0
44284,Singapore,2020-03-29,3,Deaths,1.0,1.0
44285,Singapore,2020-03-30,3,Deaths,0.0,1.0
44286,Singapore,2020-03-31,3,Deaths,0.0,1.0
44287,Singapore,2020-04-01,3,Deaths,0.0,1.0
44288,Singapore,2020-04-02,4,Deaths,1.0,2.0
44289,Singapore,2020-04-03,5,Deaths,1.0,3.0
44290,Singapore,2020-04-04,6,Deaths,1.0,4.0
44291,Singapore,2020-04-05,6,Deaths,0.0,3.0
44292,Singapore,2020-04-06,6,Deaths,0.0,3.0
44293,Singapore,2020-04-07,6,Deaths,0.0,3.0
44294,Singapore,2020-04-08,6,Deaths,0.0,3.0
44295,Singapore,2020-04-09,6,Deaths,0.0,2.0
44296,Singapore,2020-04-10,7,Deaths,1.0,2.0
44297,Singapore,2020-04-11,8,Deaths,1.0,2.0
44298,Singapore,2020-04-12,8,Deaths,0.0,2.0
44299,Singapore,2020-04-13,9,Deaths,1.0,3.0
44300,Singapore,2020-04-14,10,Deaths,1.0,4.0
44301,Singapore,2020-04-15,10,Deaths,0.0,4.0
44302,Singapore,2020-04-16,10,Deaths,0.0,4.0
44303,Singapore,2020-04-17,11,Deaths,1.0,4.0
44304,Singapore,2020-04-18,11,Deaths,0.0,3.0
44305,Singapore,2020-04-19,11,Deaths,0.0,3.0
44306,Singapore,2020-04-20,11,Deaths,0.0,2.0
44307,Singapore,2020-04-21,11,Deaths,0.0,1.0
44308,Singapore,2020-04-22,12,Deaths,1.0,2.0
44309,Singapore,2020-04-23,12,Deaths,0.0,2.0
44310,Singapore,2020-04-24,12,Deaths,0.0,1.0
44311,Singapore,2020-04-25,12,Deaths,0.0,1.0
44312,Singapore,2020-04-26,12,Deaths,0.0,1.0
44313,Singapore,2020-04-27,14,Deaths,2.0,3.0
44314,Singapore,2020-04-28,14,Deaths,0.0,3.0
44315,Singapore,2020-04-29,14,Deaths,0.0,2.0
44316,Singapore,2020-04-30,15,Deaths,1.0,3.0
44317,Singapore,2020-05-01,16,Deaths,1.0,4.0
44318,Singapore,2020-05-02,17,Deaths,1.0,5.0
44319,Singapore,2020-05-03,18,Deaths,1.0,6.0
44320,Singapore,2020-05-04,18,Deaths,0.0,4.0
44321,Singapore,2020-05-05,18,Deaths,0.0,4.0
44322,Singapore,2020-05-06,20,Deaths,2.0,6.0
44323,Singapore,2020-05-07,20,Deaths,0.0,5.0
44324,Singapore,2020-05-08,20,Deaths,0.0,4.0
44325,Singapore,2020-05-09,20,Deaths,0.0,3.0
44326,Singapore,2020-05-10,20,Deaths,0.0,2.0
44327,Singapore,2020-05-11,21,Deaths,1.0,3.0
44328,Singapore,2020-05-12,21,Deaths,0.0,3.0
44329,Singapore,2020-05-13,21,Deaths,0.0,1.0
44330,Singapore,2020-05-14,21,Deaths,0.0,1.0
44331,Singapore,2020-05-15,21,Deaths,0.0,1.0
44332,Singapore,2020-05-16,22,Deaths,1.0,2.0
44333,Singapore,2020-05-17,22,Deaths,0.0,2.0
44334,Singapore,2020-05-18,22,Deaths,0.0,1.0
44335,Singapore,2020-05-19,22,Deaths,0.0,1.0
44336,Singapore,2020-05-20,22,Deaths,0.0,1.0
44337,Singapore,2020-05-21,23,Deaths,1.0,2.0
44338,Singapore,2020-05-22,23,Deaths,0.0,2.0
44339,Singapore,2020-05-23,23,Deaths,0.0,1.0
44340,Singapore,2020-05-24,23,Deaths,0.0,1.0
44341,Singapore,2020-05-25,23,Deaths,0.0,1.0
44342,Singapore,2020-05-26,23,Deaths,0.0,1.0
44343,Singapore,2020-05-27,23,Deaths,0.0,1.0
44344,Singapore,2020-05-28,23,Deaths,0.0,0.0
44345,Singapore,2020-05-29,23,Deaths,0.0,0.0
44346,Singapore,2020-05-30,23,Deaths,0.0,0.0
44347,Singapore,2020-05-31,23,Deaths,0.0,0.0
44348,Singapore,2020-06-01,24,Deaths,1.0,1.0
44349,Singapore,2020-06-02,24,Deaths,0.0,1.0
44350,Singapore,2020-06-03,24,Deaths,0.0,1.0
44351,Singapore,2020-06-04,24,Deaths,0.0,1.0
44352,Singapore,2020-06-05,24,Deaths,0.0,1.0
44353,Singapore,2020-06-06,25,Deaths,1.0,2.0
44354,Singapore,2020-06-07,25,Deaths,0.0,2.0
44355,Singapore,2020-06-08,25,Deaths,0.0,1.0
44356,Singapore,2020-06-09,25,Deaths,0.0,1.0
44357,Singapore,2020-06-10,25,Deaths,0.0,1.0
44358,Singapore,2020-06-11,25,Deaths,0.0,1.0
44359,Singapore,2020-06-12,25,Deaths,0.0,1.0
44360,Singapore,2020-06-13,26,Deaths,1.0,1.0
44361,Singapore,2020-06-14,26,Deaths,0.0,1.0
44362,Singapore,2020-06-15,26,Deaths,0.0,1.0
44363,Singapore,2020-06-16,26,Deaths,0.0,1.0
44364,Singapore,2020-06-17,26,Deaths,0.0,1.0
44365,Singapore,2020-06-18,26,Deaths,0.0,1.0
44366,Singapore,2020-06-19,26,Deaths,0.0,1.0
44367,Singapore,2020-06-20,26,Deaths,0.0,0.0
44368,Singapore,2020-06-21,26,Deaths,0.0,0.0
44369,Singapore,2020-06-22,26,Deaths,0.0,0.0
44370,Singapore,2020-06-23,26,Deaths,0.0,0.0
44371,Singapore,2020-06-24,26,Deaths,0.0,0.0
44372,Singapore,2020-06-25,26,Deaths,0.0,0.0
44373,Singapore,2020-06-26,26,Deaths,0.0,0.0
44374,Singapore,2020-06-27,26,Deaths,0.0,0.0
44375,Singapore,2020-06-28,26,Deaths,0.0,0.0
44376,Singapore,2020-06-29,26,Deaths,0.0,0.0
44377,Singapore,2020-06-30,26,Deaths,0.0,0.0
44378,Singapore,2020-07-01,26,Deaths,0.0,0.0
44379,Singapore,2020-07-02,26,Deaths,0.0,0.0
44380,Singapore,2020-07-03,26,Deaths,0.0,0.0
44381,Singapore,2020-07-04,26,Deaths,0.0,0.0
44382,Singapore,2020-07-05,26,Deaths,0.0,0.0
44383,Singapore,2020-07-06,26,Deaths,0.0,0.0
44384,Singapore,2020-07-07,26,Deaths,0.0,0.0
44385,Singapore,2020-07-08,26,Deaths,0.0,0.0
44386,Singapore,2020-07-09,26,Deaths,0.0,0.0
44387,Singapore,2020-07-10,26,Deaths,0.0,0.0
44388,Singapore,2020-07-11,26,Deaths,0.0,0.0
44389,Singapore,2020-07-12,26,Deaths,0.0,0.0
44390,Singapore,2020-07-13,26,Deaths,0.0,0.0
44391,Singapore,2020-07-14,27,Deaths,1.0,1.0
44392,Singapore,2020-07-15,27,Deaths,0.0,1.0
44393,Singapore,2020-07-16,27,Deaths,0.0,1.0
44394,Singapore,2020-07-17,27,Deaths,0.0,1.0
44395,Singapore,2020-07-18,27,Deaths,0.0,1.0
44396,Singapore,2020-07-19,27,Deaths,0.0,1.0
44397,Singapore,2020-07-20,27,Deaths,0.0,1.0
44398,Singapore,2020-07-21,27,Deaths,0.0,0.0
44399,Singapore,2020-07-22,27,Deaths,0.0,0.0
44400,Singapore,2020-07-23,27,Deaths,0.0,0.0
44401,Singapore,2020-07-24,27,Deaths,0.0,0.0
44402,Singapore,2020-07-25,27,Deaths,0.0,0.0
44403,Singapore,2020-07-26,27,Deaths,0.0,0.0
44404,Singapore,2020-07-27,27,Deaths,0.0,0.0
44405,Singapore,2020-07-28,27,Deaths,0.0,0.0
44406,Singapore,2020-07-29,27,Deaths,0.0,0.0
44407,Singapore,2020-07-30,27,Deaths,0.0,0.0
44408,Singapore,2020-07-31,27,Deaths,0.0,0.0
44409,Singapore,2020-08-01,27,Deaths,0.0,0.0
44410,Singapore,2020-08-02,27,Deaths,0.0,0.0
44411,Singapore,2020-08-03,27,Deaths,0.0,0.0
44412,Singapore,2020-08-04,27,Deaths,0.0,0.0
44413,Singapore,2020-08-05,27,Deaths,0.0,0.0
44414,Singapore,2020-08-06,27,Deaths,0.0,0.0
44415,Singapore,2020-08-07,27,Deaths,0.0,0.0
44416,Singapore,2020-08-08,27,Deaths,0.0,0.0
44417,Singapore,2020-08-09,27,Deaths,0.0,0.0
44418,Singapore,2020-08-10,27,Deaths,0.0,0.0
44419,Singapore,2020-08-11,27,Deaths,0.0,0.0
44420,Singapore,2020-08-12,27,Deaths,0.0,0.0
44421,Singapore,2020-08-13,27,Deaths,0.0,0.0
44422,Singapore,2020-08-14,27,Deaths,0.0,0.0
44423,Singapore,2020-08-15,27,Deaths,0.0,0.0
44424,Singapore,2020-08-16,27,Deaths,0.0,0.0
44425,Singapore,2020-08-17,27,Deaths,0.0,0.0
44426,Singapore,2020-08-18,27,Deaths,0.0,0.0
44427,Singapore,2020-08-19,27,Deaths,0.0,0.0
44428,Singapore,2020-08-20,27,Deaths,0.0,0.0
44429,Singapore,2020-08-21,27,Deaths,0.0,0.0
44430,Singapore,2020-08-22,27,Deaths,0.0,0.0
44431,Singapore,2020-08-23,27,Deaths,0.0,0.0
44432,Singapore,2020-08-24,27,Deaths,0.0,0.0
44433,Singapore,2020-08-25,27,Deaths,0.0,0.0
44434,Singapore,2020-08-26,27,Deaths,0.0,0.0
44435,Singapore,2020-08-27,27,Deaths,0.0,0.0
44436,Singapore,2020-08-28,27,Deaths,0.0,0.0
44437,Singapore,2020-08-29,27,Deaths,0.0,0.0
44438,Singapore,2020-08-30,27,Deaths,0.0,0.0
44439,Singapore,2020-08-31,27,Deaths,0.0,0.0
44440,Singapore,2020-09-01,27,Deaths,0.0,0.0
44441,Singapore,2020-09-02,27,Deaths,0.0,0.0
44442,Singapore,2020-09-03,27,Deaths,0.0,0.0
44443,Singapore,2020-09-04,27,Deaths,0.0,0.0
44444,Singapore,2020-09-05,27,Deaths,0.0,0.0
44445,Singapore,2020-09-06,27,Deaths,0.0,0.0
44446,Singapore,2020-09-07,27,Deaths,0.0,0.0
44447,Singapore,2020-09-08,27,Deaths,0.0,0.0
44448,Singapore,2020-09-09,27,Deaths,0.0,0.0
44449,Singapore,2020-09-10,27,Deaths,0.0,0.0
44450,Singapore,2020-09-11,27,Deaths,0.0,0.0
44451,Singapore,2020-09-12,27,Deaths,0.0,0.0
44452,Singapore,2020-09-13,27,Deaths,0.0,0.0
44453,Singapore,2020-09-14,27,Deaths,0.0,0.0
44454,Singapore,2020-09-15,27,Deaths,0.0,0.0
44455,Singapore,2020-09-16,27,Deaths,0.0,0.0
44456,Singapore,2020-09-17,27,Deaths,0.0,0.0
44457,Singapore,2020-09-18,27,Deaths,0.0,0.0
44458,Singapore,2020-09-19,27,Deaths,0.0,0.0
44459,Singapore,2020-09-20,27,Deaths,0.0,0.0
44460,Singapore,2020-09-21,27,Deaths,0.0,0.0
44461,Singapore,2020-09-22,27,Deaths,0.0,0.0
44462,Singapore,2020-09-23,27,Deaths,0.0,0.0
44463,Singapore,2020-09-24,27,Deaths,0.0,0.0
44464,Singapore,2020-09-25,27,Deaths,0.0,0.0
44465,Singapore,2020-09-26,27,Deaths,0.0,0.0
44466,Singapore,2020-09-27,27,Deaths,0.0,0.0
44467,Singapore,2020-09-28,27,Deaths,0.0,0.0
44468,Singapore,2020-09-29,27,Deaths,0.0,0.0
44469,Singapore,2020-09-30,27,Deaths,0.0,0.0
44470,Singapore,2020-10-01,27,Deaths,0.0,0.0
44471,Singapore,2020-10-02,27,Deaths,0.0,0.0
44472,Singapore,2020-10-03,27,Deaths,0.0,0.0
44473,Singapore,2020-10-04,27,Deaths,0.0,0.0
44474,Singapore,2020-10-05,27,Deaths,0.0,0.0
44475,Singapore,2020-10-06,27,Deaths,0.0,0.0
44476,Singapore,2020-10-07,27,Deaths,0.0,0.0
44477,Singapore,2020-10-08,27,Deaths,0.0,0.0
44478,Singapore,2020-10-09,27,Deaths,0.0,0.0
44479,Singapore,2020-10-10,27,Deaths,0.0,0.0
44480,Singapore,2020-10-11,27,Deaths,0.0,0.0
44481,Singapore,2020-10-12,28,Deaths,1.0,1.0
44482,Singapore,2020-10-13,28,Deaths,0.0,1.0
44483,Singapore,2020-10-14,28,Deaths,0.0,1.0
44484,Singapore,2020-10-15,28,Deaths,0.0,1.0
44485,Singapore,2020-10-16,28,Deaths,0.0,1.0
44486,Singapore,2020-10-17,28,Deaths,0.0,1.0
44487,Singapore,2020-10-18,28,Deaths,0.0,1.0
44488,Singapore,2020-10-19,28,Deaths,0.0,0.0
44489,Singapore,2020-10-20,28,Deaths,0.0,0.0
44490,Singapore,2020-10-21,28,Deaths,0.0,0.0
44491,Singapore,2020-10-22,28,Deaths,0.0,0.0
44492,Singapore,2020-10-23,28,Deaths,0.0,0.0
44493,Singapore,2020-10-24,28,Deaths,0.0,0.0
44494,Singapore,2020-10-25,28,Deaths,0.0,0.0
44495,Singapore,2020-10-26,28,Deaths,0.0,0.0
44496,Singapore,2020-10-27,28,Deaths,0.0,0.0
44497,Singapore,2020-10-28,28,Deaths,0.0,0.0
44498,Singapore,2020-10-29,28,Deaths,0.0,0.0
44499,Singapore,2020-10-30,28,Deaths,0.0,0.0
44500,Singapore,2020-10-31,28,Deaths,0.0,0.0
44501,Singapore,2020-11-01,28,Deaths,0.0,0.0
44502,Singapore,2020-11-02,28,Deaths,0.0,0.0
44503,Singapore,2020-11-03,28,Deaths,0.0,0.0
44504,Singapore,2020-11-04,28,Deaths,0.0,0.0
44505,Singapore,2020-11-05,28,Deaths,0.0,0.0
44506,Slovakia,2020-01-22,0,Deaths,,
44507,Slovakia,2020-01-23,0,Deaths,0.0,
44508,Slovakia,2020-01-24,0,Deaths,0.0,
44509,Slovakia,2020-01-25,0,Deaths,0.0,
44510,Slovakia,2020-01-26,0,Deaths,0.0,
44511,Slovakia,2020-01-27,0,Deaths,0.0,
44512,Slovakia,2020-01-28,0,Deaths,0.0,
44513,Slovakia,2020-01-29,0,Deaths,0.0,0.0
44514,Slovakia,2020-01-30,0,Deaths,0.0,0.0
44515,Slovakia,2020-01-31,0,Deaths,0.0,0.0
44516,Slovakia,2020-02-01,0,Deaths,0.0,0.0
44517,Slovakia,2020-02-02,0,Deaths,0.0,0.0
44518,Slovakia,2020-02-03,0,Deaths,0.0,0.0
44519,Slovakia,2020-02-04,0,Deaths,0.0,0.0
44520,Slovakia,2020-02-05,0,Deaths,0.0,0.0
44521,Slovakia,2020-02-06,0,Deaths,0.0,0.0
44522,Slovakia,2020-02-07,0,Deaths,0.0,0.0
44523,Slovakia,2020-02-08,0,Deaths,0.0,0.0
44524,Slovakia,2020-02-09,0,Deaths,0.0,0.0
44525,Slovakia,2020-02-10,0,Deaths,0.0,0.0
44526,Slovakia,2020-02-11,0,Deaths,0.0,0.0
44527,Slovakia,2020-02-12,0,Deaths,0.0,0.0
44528,Slovakia,2020-02-13,0,Deaths,0.0,0.0
44529,Slovakia,2020-02-14,0,Deaths,0.0,0.0
44530,Slovakia,2020-02-15,0,Deaths,0.0,0.0
44531,Slovakia,2020-02-16,0,Deaths,0.0,0.0
44532,Slovakia,2020-02-17,0,Deaths,0.0,0.0
44533,Slovakia,2020-02-18,0,Deaths,0.0,0.0
44534,Slovakia,2020-02-19,0,Deaths,0.0,0.0
44535,Slovakia,2020-02-20,0,Deaths,0.0,0.0
44536,Slovakia,2020-02-21,0,Deaths,0.0,0.0
44537,Slovakia,2020-02-22,0,Deaths,0.0,0.0
44538,Slovakia,2020-02-23,0,Deaths,0.0,0.0
44539,Slovakia,2020-02-24,0,Deaths,0.0,0.0
44540,Slovakia,2020-02-25,0,Deaths,0.0,0.0
44541,Slovakia,2020-02-26,0,Deaths,0.0,0.0
44542,Slovakia,2020-02-27,0,Deaths,0.0,0.0
44543,Slovakia,2020-02-28,0,Deaths,0.0,0.0
44544,Slovakia,2020-02-29,0,Deaths,0.0,0.0
44545,Slovakia,2020-03-01,0,Deaths,0.0,0.0
44546,Slovakia,2020-03-02,0,Deaths,0.0,0.0
44547,Slovakia,2020-03-03,0,Deaths,0.0,0.0
44548,Slovakia,2020-03-04,0,Deaths,0.0,0.0
44549,Slovakia,2020-03-05,0,Deaths,0.0,0.0
44550,Slovakia,2020-03-06,0,Deaths,0.0,0.0
44551,Slovakia,2020-03-07,0,Deaths,0.0,0.0
44552,Slovakia,2020-03-08,0,Deaths,0.0,0.0
44553,Slovakia,2020-03-09,0,Deaths,0.0,0.0
44554,Slovakia,2020-03-10,0,Deaths,0.0,0.0
44555,Slovakia,2020-03-11,0,Deaths,0.0,0.0
44556,Slovakia,2020-03-12,0,Deaths,0.0,0.0
44557,Slovakia,2020-03-13,0,Deaths,0.0,0.0
44558,Slovakia,2020-03-14,0,Deaths,0.0,0.0
44559,Slovakia,2020-03-15,0,Deaths,0.0,0.0
44560,Slovakia,2020-03-16,0,Deaths,0.0,0.0
44561,Slovakia,2020-03-17,0,Deaths,0.0,0.0
44562,Slovakia,2020-03-18,1,Deaths,1.0,1.0
44563,Slovakia,2020-03-19,1,Deaths,0.0,1.0
44564,Slovakia,2020-03-20,1,Deaths,0.0,1.0
44565,Slovakia,2020-03-21,1,Deaths,0.0,1.0
44566,Slovakia,2020-03-22,0,Deaths,-1.0,0.0
44567,Slovakia,2020-03-23,0,Deaths,0.0,0.0
44568,Slovakia,2020-03-24,0,Deaths,0.0,0.0
44569,Slovakia,2020-03-25,0,Deaths,0.0,-1.0
44570,Slovakia,2020-03-26,0,Deaths,0.0,-1.0
44571,Slovakia,2020-03-27,0,Deaths,0.0,-1.0
44572,Slovakia,2020-03-28,0,Deaths,0.0,-1.0
44573,Slovakia,2020-03-29,0,Deaths,0.0,0.0
44574,Slovakia,2020-03-30,0,Deaths,0.0,0.0
44575,Slovakia,2020-03-31,0,Deaths,0.0,0.0
44576,Slovakia,2020-04-01,1,Deaths,1.0,1.0
44577,Slovakia,2020-04-02,1,Deaths,0.0,1.0
44578,Slovakia,2020-04-03,1,Deaths,0.0,1.0
44579,Slovakia,2020-04-04,1,Deaths,0.0,1.0
44580,Slovakia,2020-04-05,1,Deaths,0.0,1.0
44581,Slovakia,2020-04-06,2,Deaths,1.0,2.0
44582,Slovakia,2020-04-07,2,Deaths,0.0,2.0
44583,Slovakia,2020-04-08,2,Deaths,0.0,1.0
44584,Slovakia,2020-04-09,2,Deaths,0.0,1.0
44585,Slovakia,2020-04-10,2,Deaths,0.0,1.0
44586,Slovakia,2020-04-11,2,Deaths,0.0,1.0
44587,Slovakia,2020-04-12,2,Deaths,0.0,1.0
44588,Slovakia,2020-04-13,2,Deaths,0.0,0.0
44589,Slovakia,2020-04-14,2,Deaths,0.0,0.0
44590,Slovakia,2020-04-15,6,Deaths,4.0,4.0
44591,Slovakia,2020-04-16,8,Deaths,2.0,6.0
44592,Slovakia,2020-04-17,9,Deaths,1.0,7.0
44593,Slovakia,2020-04-18,11,Deaths,2.0,9.0
44594,Slovakia,2020-04-19,12,Deaths,1.0,10.0
44595,Slovakia,2020-04-20,13,Deaths,1.0,11.0
44596,Slovakia,2020-04-21,14,Deaths,1.0,12.0
44597,Slovakia,2020-04-22,14,Deaths,0.0,8.0
44598,Slovakia,2020-04-23,15,Deaths,1.0,7.0
44599,Slovakia,2020-04-24,17,Deaths,2.0,8.0
44600,Slovakia,2020-04-25,17,Deaths,0.0,6.0
44601,Slovakia,2020-04-26,18,Deaths,1.0,6.0
44602,Slovakia,2020-04-27,18,Deaths,0.0,5.0
44603,Slovakia,2020-04-28,20,Deaths,2.0,6.0
44604,Slovakia,2020-04-29,22,Deaths,2.0,8.0
44605,Slovakia,2020-04-30,23,Deaths,1.0,8.0
44606,Slovakia,2020-05-01,23,Deaths,0.0,6.0
44607,Slovakia,2020-05-02,24,Deaths,1.0,7.0
44608,Slovakia,2020-05-03,24,Deaths,0.0,6.0
44609,Slovakia,2020-05-04,25,Deaths,1.0,7.0
44610,Slovakia,2020-05-05,25,Deaths,0.0,5.0
44611,Slovakia,2020-05-06,25,Deaths,0.0,3.0
44612,Slovakia,2020-05-07,26,Deaths,1.0,3.0
44613,Slovakia,2020-05-08,26,Deaths,0.0,3.0
44614,Slovakia,2020-05-09,26,Deaths,0.0,2.0
44615,Slovakia,2020-05-10,26,Deaths,0.0,2.0
44616,Slovakia,2020-05-11,26,Deaths,0.0,1.0
44617,Slovakia,2020-05-12,27,Deaths,1.0,2.0
44618,Slovakia,2020-05-13,27,Deaths,0.0,2.0
44619,Slovakia,2020-05-14,27,Deaths,0.0,1.0
44620,Slovakia,2020-05-15,27,Deaths,0.0,1.0
44621,Slovakia,2020-05-16,28,Deaths,1.0,2.0
44622,Slovakia,2020-05-17,28,Deaths,0.0,2.0
44623,Slovakia,2020-05-18,28,Deaths,0.0,2.0
44624,Slovakia,2020-05-19,28,Deaths,0.0,1.0
44625,Slovakia,2020-05-20,28,Deaths,0.0,1.0
44626,Slovakia,2020-05-21,28,Deaths,0.0,1.0
44627,Slovakia,2020-05-22,28,Deaths,0.0,1.0
44628,Slovakia,2020-05-23,28,Deaths,0.0,0.0
44629,Slovakia,2020-05-24,28,Deaths,0.0,0.0
44630,Slovakia,2020-05-25,28,Deaths,0.0,0.0
44631,Slovakia,2020-05-26,28,Deaths,0.0,0.0
44632,Slovakia,2020-05-27,28,Deaths,0.0,0.0
44633,Slovakia,2020-05-28,28,Deaths,0.0,0.0
44634,Slovakia,2020-05-29,28,Deaths,0.0,0.0
44635,Slovakia,2020-05-30,28,Deaths,0.0,0.0
44636,Slovakia,2020-05-31,28,Deaths,0.0,0.0
44637,Slovakia,2020-06-01,28,Deaths,0.0,0.0
44638,Slovakia,2020-06-02,28,Deaths,0.0,0.0
44639,Slovakia,2020-06-03,28,Deaths,0.0,0.0
44640,Slovakia,2020-06-04,28,Deaths,0.0,0.0
44641,Slovakia,2020-06-05,28,Deaths,0.0,0.0
44642,Slovakia,2020-06-06,28,Deaths,0.0,0.0
44643,Slovakia,2020-06-07,28,Deaths,0.0,0.0
44644,Slovakia,2020-06-08,28,Deaths,0.0,0.0
44645,Slovakia,2020-06-09,28,Deaths,0.0,0.0
44646,Slovakia,2020-06-10,28,Deaths,0.0,0.0
44647,Slovakia,2020-06-11,28,Deaths,0.0,0.0
44648,Slovakia,2020-06-12,28,Deaths,0.0,0.0
44649,Slovakia,2020-06-13,28,Deaths,0.0,0.0
44650,Slovakia,2020-06-14,28,Deaths,0.0,0.0
44651,Slovakia,2020-06-15,28,Deaths,0.0,0.0
44652,Slovakia,2020-06-16,28,Deaths,0.0,0.0
44653,Slovakia,2020-06-17,28,Deaths,0.0,0.0
44654,Slovakia,2020-06-18,28,Deaths,0.0,0.0
44655,Slovakia,2020-06-19,28,Deaths,0.0,0.0
44656,Slovakia,2020-06-20,28,Deaths,0.0,0.0
44657,Slovakia,2020-06-21,28,Deaths,0.0,0.0
44658,Slovakia,2020-06-22,28,Deaths,0.0,0.0
44659,Slovakia,2020-06-23,28,Deaths,0.0,0.0
44660,Slovakia,2020-06-24,28,Deaths,0.0,0.0
44661,Slovakia,2020-06-25,28,Deaths,0.0,0.0
44662,Slovakia,2020-06-26,28,Deaths,0.0,0.0
44663,Slovakia,2020-06-27,28,Deaths,0.0,0.0
44664,Slovakia,2020-06-28,28,Deaths,0.0,0.0
44665,Slovakia,2020-06-29,28,Deaths,0.0,0.0
44666,Slovakia,2020-06-30,28,Deaths,0.0,0.0
44667,Slovakia,2020-07-01,28,Deaths,0.0,0.0
44668,Slovakia,2020-07-02,28,Deaths,0.0,0.0
44669,Slovakia,2020-07-03,28,Deaths,0.0,0.0
44670,Slovakia,2020-07-04,28,Deaths,0.0,0.0
44671,Slovakia,2020-07-05,28,Deaths,0.0,0.0
44672,Slovakia,2020-07-06,28,Deaths,0.0,0.0
44673,Slovakia,2020-07-07,28,Deaths,0.0,0.0
44674,Slovakia,2020-07-08,28,Deaths,0.0,0.0
44675,Slovakia,2020-07-09,28,Deaths,0.0,0.0
44676,Slovakia,2020-07-10,28,Deaths,0.0,0.0
44677,Slovakia,2020-07-11,28,Deaths,0.0,0.0
44678,Slovakia,2020-07-12,28,Deaths,0.0,0.0
44679,Slovakia,2020-07-13,28,Deaths,0.0,0.0
44680,Slovakia,2020-07-14,28,Deaths,0.0,0.0
44681,Slovakia,2020-07-15,28,Deaths,0.0,0.0
44682,Slovakia,2020-07-16,28,Deaths,0.0,0.0
44683,Slovakia,2020-07-17,28,Deaths,0.0,0.0
44684,Slovakia,2020-07-18,28,Deaths,0.0,0.0
44685,Slovakia,2020-07-19,28,Deaths,0.0,0.0
44686,Slovakia,2020-07-20,28,Deaths,0.0,0.0
44687,Slovakia,2020-07-21,28,Deaths,0.0,0.0
44688,Slovakia,2020-07-22,28,Deaths,0.0,0.0
44689,Slovakia,2020-07-23,28,Deaths,0.0,0.0
44690,Slovakia,2020-07-24,28,Deaths,0.0,0.0
44691,Slovakia,2020-07-25,28,Deaths,0.0,0.0
44692,Slovakia,2020-07-26,28,Deaths,0.0,0.0
44693,Slovakia,2020-07-27,28,Deaths,0.0,0.0
44694,Slovakia,2020-07-28,28,Deaths,0.0,0.0
44695,Slovakia,2020-07-29,28,Deaths,0.0,0.0
44696,Slovakia,2020-07-30,28,Deaths,0.0,0.0
44697,Slovakia,2020-07-31,29,Deaths,1.0,1.0
44698,Slovakia,2020-08-01,29,Deaths,0.0,1.0
44699,Slovakia,2020-08-02,29,Deaths,0.0,1.0
44700,Slovakia,2020-08-03,29,Deaths,0.0,1.0
44701,Slovakia,2020-08-04,29,Deaths,0.0,1.0
44702,Slovakia,2020-08-05,29,Deaths,0.0,1.0
44703,Slovakia,2020-08-06,29,Deaths,0.0,1.0
44704,Slovakia,2020-08-07,31,Deaths,2.0,2.0
44705,Slovakia,2020-08-08,31,Deaths,0.0,2.0
44706,Slovakia,2020-08-09,31,Deaths,0.0,2.0
44707,Slovakia,2020-08-10,31,Deaths,0.0,2.0
44708,Slovakia,2020-08-11,31,Deaths,0.0,2.0
44709,Slovakia,2020-08-12,31,Deaths,0.0,2.0
44710,Slovakia,2020-08-13,31,Deaths,0.0,2.0
44711,Slovakia,2020-08-14,31,Deaths,0.0,0.0
44712,Slovakia,2020-08-15,31,Deaths,0.0,0.0
44713,Slovakia,2020-08-16,31,Deaths,0.0,0.0
44714,Slovakia,2020-08-17,31,Deaths,0.0,0.0
44715,Slovakia,2020-08-18,31,Deaths,0.0,0.0
44716,Slovakia,2020-08-19,33,Deaths,2.0,2.0
44717,Slovakia,2020-08-20,33,Deaths,0.0,2.0
44718,Slovakia,2020-08-21,33,Deaths,0.0,2.0
44719,Slovakia,2020-08-22,33,Deaths,0.0,2.0
44720,Slovakia,2020-08-23,33,Deaths,0.0,2.0
44721,Slovakia,2020-08-24,33,Deaths,0.0,2.0
44722,Slovakia,2020-08-25,33,Deaths,0.0,2.0
44723,Slovakia,2020-08-26,33,Deaths,0.0,0.0
44724,Slovakia,2020-08-27,33,Deaths,0.0,0.0
44725,Slovakia,2020-08-28,33,Deaths,0.0,0.0
44726,Slovakia,2020-08-29,33,Deaths,0.0,0.0
44727,Slovakia,2020-08-30,33,Deaths,0.0,0.0
44728,Slovakia,2020-08-31,33,Deaths,0.0,0.0
44729,Slovakia,2020-09-01,33,Deaths,0.0,0.0
44730,Slovakia,2020-09-02,33,Deaths,0.0,0.0
44731,Slovakia,2020-09-03,37,Deaths,4.0,4.0
44732,Slovakia,2020-09-04,37,Deaths,0.0,4.0
44733,Slovakia,2020-09-05,37,Deaths,0.0,4.0
44734,Slovakia,2020-09-06,37,Deaths,0.0,4.0
44735,Slovakia,2020-09-07,37,Deaths,0.0,4.0
44736,Slovakia,2020-09-08,37,Deaths,0.0,4.0
44737,Slovakia,2020-09-09,37,Deaths,0.0,4.0
44738,Slovakia,2020-09-10,37,Deaths,0.0,0.0
44739,Slovakia,2020-09-11,37,Deaths,0.0,0.0
44740,Slovakia,2020-09-12,38,Deaths,1.0,1.0
44741,Slovakia,2020-09-13,38,Deaths,0.0,1.0
44742,Slovakia,2020-09-14,38,Deaths,0.0,1.0
44743,Slovakia,2020-09-15,38,Deaths,0.0,1.0
44744,Slovakia,2020-09-16,38,Deaths,0.0,1.0
44745,Slovakia,2020-09-17,39,Deaths,1.0,2.0
44746,Slovakia,2020-09-18,39,Deaths,0.0,2.0
44747,Slovakia,2020-09-19,39,Deaths,0.0,1.0
44748,Slovakia,2020-09-20,39,Deaths,0.0,1.0
44749,Slovakia,2020-09-21,39,Deaths,0.0,1.0
44750,Slovakia,2020-09-22,40,Deaths,1.0,2.0
44751,Slovakia,2020-09-23,41,Deaths,1.0,3.0
44752,Slovakia,2020-09-24,41,Deaths,0.0,2.0
44753,Slovakia,2020-09-25,41,Deaths,0.0,2.0
44754,Slovakia,2020-09-26,44,Deaths,3.0,5.0
44755,Slovakia,2020-09-27,44,Deaths,0.0,5.0
44756,Slovakia,2020-09-28,44,Deaths,0.0,5.0
44757,Slovakia,2020-09-29,45,Deaths,1.0,5.0
44758,Slovakia,2020-09-30,48,Deaths,3.0,7.0
44759,Slovakia,2020-10-01,48,Deaths,0.0,7.0
44760,Slovakia,2020-10-02,54,Deaths,6.0,13.0
44761,Slovakia,2020-10-03,54,Deaths,0.0,10.0
44762,Slovakia,2020-10-04,55,Deaths,1.0,11.0
44763,Slovakia,2020-10-05,55,Deaths,0.0,11.0
44764,Slovakia,2020-10-06,55,Deaths,0.0,10.0
44765,Slovakia,2020-10-07,55,Deaths,0.0,7.0
44766,Slovakia,2020-10-08,57,Deaths,2.0,9.0
44767,Slovakia,2020-10-09,57,Deaths,0.0,3.0
44768,Slovakia,2020-10-10,61,Deaths,4.0,7.0
44769,Slovakia,2020-10-11,61,Deaths,0.0,6.0
44770,Slovakia,2020-10-12,61,Deaths,0.0,6.0
44771,Slovakia,2020-10-13,61,Deaths,0.0,6.0
44772,Slovakia,2020-10-14,66,Deaths,5.0,11.0
44773,Slovakia,2020-10-15,71,Deaths,5.0,14.0
44774,Slovakia,2020-10-16,71,Deaths,0.0,14.0
44775,Slovakia,2020-10-17,82,Deaths,11.0,21.0
44776,Slovakia,2020-10-18,88,Deaths,6.0,27.0
44777,Slovakia,2020-10-19,92,Deaths,4.0,31.0
44778,Slovakia,2020-10-20,98,Deaths,6.0,37.0
44779,Slovakia,2020-10-21,98,Deaths,0.0,32.0
44780,Slovakia,2020-10-22,115,Deaths,17.0,44.0
44781,Slovakia,2020-10-23,134,Deaths,19.0,63.0
44782,Slovakia,2020-10-24,159,Deaths,25.0,77.0
44783,Slovakia,2020-10-25,159,Deaths,0.0,71.0
44784,Slovakia,2020-10-26,165,Deaths,6.0,73.0
44785,Slovakia,2020-10-27,176,Deaths,11.0,78.0
44786,Slovakia,2020-10-28,184,Deaths,8.0,86.0
44787,Slovakia,2020-10-29,200,Deaths,16.0,85.0
44788,Slovakia,2020-10-30,212,Deaths,12.0,78.0
44789,Slovakia,2020-10-31,219,Deaths,7.0,60.0
44790,Slovakia,2020-11-01,219,Deaths,0.0,60.0
44791,Slovakia,2020-11-02,219,Deaths,0.0,54.0
44792,Slovakia,2020-11-03,235,Deaths,16.0,59.0
44793,Slovakia,2020-11-04,261,Deaths,26.0,77.0
44794,Slovakia,2020-11-05,286,Deaths,25.0,86.0
44795,Slovenia,2020-01-22,0,Deaths,,
44796,Slovenia,2020-01-23,0,Deaths,0.0,
44797,Slovenia,2020-01-24,0,Deaths,0.0,
44798,Slovenia,2020-01-25,0,Deaths,0.0,
44799,Slovenia,2020-01-26,0,Deaths,0.0,
44800,Slovenia,2020-01-27,0,Deaths,0.0,
44801,Slovenia,2020-01-28,0,Deaths,0.0,
44802,Slovenia,2020-01-29,0,Deaths,0.0,0.0
44803,Slovenia,2020-01-30,0,Deaths,0.0,0.0
44804,Slovenia,2020-01-31,0,Deaths,0.0,0.0
44805,Slovenia,2020-02-01,0,Deaths,0.0,0.0
44806,Slovenia,2020-02-02,0,Deaths,0.0,0.0
44807,Slovenia,2020-02-03,0,Deaths,0.0,0.0
44808,Slovenia,2020-02-04,0,Deaths,0.0,0.0
44809,Slovenia,2020-02-05,0,Deaths,0.0,0.0
44810,Slovenia,2020-02-06,0,Deaths,0.0,0.0
44811,Slovenia,2020-02-07,0,Deaths,0.0,0.0
44812,Slovenia,2020-02-08,0,Deaths,0.0,0.0
44813,Slovenia,2020-02-09,0,Deaths,0.0,0.0
44814,Slovenia,2020-02-10,0,Deaths,0.0,0.0
44815,Slovenia,2020-02-11,0,Deaths,0.0,0.0
44816,Slovenia,2020-02-12,0,Deaths,0.0,0.0
44817,Slovenia,2020-02-13,0,Deaths,0.0,0.0
44818,Slovenia,2020-02-14,0,Deaths,0.0,0.0
44819,Slovenia,2020-02-15,0,Deaths,0.0,0.0
44820,Slovenia,2020-02-16,0,Deaths,0.0,0.0
44821,Slovenia,2020-02-17,0,Deaths,0.0,0.0
44822,Slovenia,2020-02-18,0,Deaths,0.0,0.0
44823,Slovenia,2020-02-19,0,Deaths,0.0,0.0
44824,Slovenia,2020-02-20,0,Deaths,0.0,0.0
44825,Slovenia,2020-02-21,0,Deaths,0.0,0.0
44826,Slovenia,2020-02-22,0,Deaths,0.0,0.0
44827,Slovenia,2020-02-23,0,Deaths,0.0,0.0
44828,Slovenia,2020-02-24,0,Deaths,0.0,0.0
44829,Slovenia,2020-02-25,0,Deaths,0.0,0.0
44830,Slovenia,2020-02-26,0,Deaths,0.0,0.0
44831,Slovenia,2020-02-27,0,Deaths,0.0,0.0
44832,Slovenia,2020-02-28,0,Deaths,0.0,0.0
44833,Slovenia,2020-02-29,0,Deaths,0.0,0.0
44834,Slovenia,2020-03-01,0,Deaths,0.0,0.0
44835,Slovenia,2020-03-02,0,Deaths,0.0,0.0
44836,Slovenia,2020-03-03,0,Deaths,0.0,0.0
44837,Slovenia,2020-03-04,0,Deaths,0.0,0.0
44838,Slovenia,2020-03-05,0,Deaths,0.0,0.0
44839,Slovenia,2020-03-06,0,Deaths,0.0,0.0
44840,Slovenia,2020-03-07,0,Deaths,0.0,0.0
44841,Slovenia,2020-03-08,0,Deaths,0.0,0.0
44842,Slovenia,2020-03-09,0,Deaths,0.0,0.0
44843,Slovenia,2020-03-10,0,Deaths,0.0,0.0
44844,Slovenia,2020-03-11,0,Deaths,0.0,0.0
44845,Slovenia,2020-03-12,0,Deaths,0.0,0.0
44846,Slovenia,2020-03-13,0,Deaths,0.0,0.0
44847,Slovenia,2020-03-14,1,Deaths,1.0,1.0
44848,Slovenia,2020-03-15,1,Deaths,0.0,1.0
44849,Slovenia,2020-03-16,1,Deaths,0.0,1.0
44850,Slovenia,2020-03-17,1,Deaths,0.0,1.0
44851,Slovenia,2020-03-18,1,Deaths,0.0,1.0
44852,Slovenia,2020-03-19,1,Deaths,0.0,1.0
44853,Slovenia,2020-03-20,1,Deaths,0.0,1.0
44854,Slovenia,2020-03-21,1,Deaths,0.0,0.0
44855,Slovenia,2020-03-22,2,Deaths,1.0,1.0
44856,Slovenia,2020-03-23,3,Deaths,1.0,2.0
44857,Slovenia,2020-03-24,4,Deaths,1.0,3.0
44858,Slovenia,2020-03-25,5,Deaths,1.0,4.0
44859,Slovenia,2020-03-26,6,Deaths,1.0,5.0
44860,Slovenia,2020-03-27,9,Deaths,3.0,8.0
44861,Slovenia,2020-03-28,9,Deaths,0.0,8.0
44862,Slovenia,2020-03-29,11,Deaths,2.0,9.0
44863,Slovenia,2020-03-30,11,Deaths,0.0,8.0
44864,Slovenia,2020-03-31,15,Deaths,4.0,11.0
44865,Slovenia,2020-04-01,15,Deaths,0.0,10.0
44866,Slovenia,2020-04-02,17,Deaths,2.0,11.0
44867,Slovenia,2020-04-03,20,Deaths,3.0,11.0
44868,Slovenia,2020-04-04,22,Deaths,2.0,13.0
44869,Slovenia,2020-04-05,28,Deaths,6.0,17.0
44870,Slovenia,2020-04-06,30,Deaths,2.0,19.0
44871,Slovenia,2020-04-07,36,Deaths,6.0,21.0
44872,Slovenia,2020-04-08,40,Deaths,4.0,25.0
44873,Slovenia,2020-04-09,43,Deaths,3.0,26.0
44874,Slovenia,2020-04-10,45,Deaths,2.0,25.0
44875,Slovenia,2020-04-11,50,Deaths,5.0,28.0
44876,Slovenia,2020-04-12,53,Deaths,3.0,25.0
44877,Slovenia,2020-04-13,55,Deaths,2.0,25.0
44878,Slovenia,2020-04-14,56,Deaths,1.0,20.0
44879,Slovenia,2020-04-15,61,Deaths,5.0,21.0
44880,Slovenia,2020-04-16,61,Deaths,0.0,18.0
44881,Slovenia,2020-04-17,66,Deaths,5.0,21.0
44882,Slovenia,2020-04-18,70,Deaths,4.0,20.0
44883,Slovenia,2020-04-19,74,Deaths,4.0,21.0
44884,Slovenia,2020-04-20,77,Deaths,3.0,22.0
44885,Slovenia,2020-04-21,77,Deaths,0.0,21.0
44886,Slovenia,2020-04-22,79,Deaths,2.0,18.0
44887,Slovenia,2020-04-23,79,Deaths,0.0,18.0
44888,Slovenia,2020-04-24,80,Deaths,1.0,14.0
44889,Slovenia,2020-04-25,81,Deaths,1.0,11.0
44890,Slovenia,2020-04-26,82,Deaths,1.0,8.0
44891,Slovenia,2020-04-27,83,Deaths,1.0,6.0
44892,Slovenia,2020-04-28,86,Deaths,3.0,9.0
44893,Slovenia,2020-04-29,89,Deaths,3.0,10.0
44894,Slovenia,2020-04-30,91,Deaths,2.0,12.0
44895,Slovenia,2020-05-01,92,Deaths,1.0,12.0
44896,Slovenia,2020-05-02,94,Deaths,2.0,13.0
44897,Slovenia,2020-05-03,96,Deaths,2.0,14.0
44898,Slovenia,2020-05-04,97,Deaths,1.0,14.0
44899,Slovenia,2020-05-05,98,Deaths,1.0,12.0
44900,Slovenia,2020-05-06,99,Deaths,1.0,10.0
44901,Slovenia,2020-05-07,99,Deaths,0.0,8.0
44902,Slovenia,2020-05-08,100,Deaths,1.0,8.0
44903,Slovenia,2020-05-09,101,Deaths,1.0,7.0
44904,Slovenia,2020-05-10,102,Deaths,1.0,6.0
44905,Slovenia,2020-05-11,102,Deaths,0.0,5.0
44906,Slovenia,2020-05-12,102,Deaths,0.0,4.0
44907,Slovenia,2020-05-13,103,Deaths,1.0,4.0
44908,Slovenia,2020-05-14,103,Deaths,0.0,4.0
44909,Slovenia,2020-05-15,103,Deaths,0.0,3.0
44910,Slovenia,2020-05-16,103,Deaths,0.0,2.0
44911,Slovenia,2020-05-17,104,Deaths,1.0,2.0
44912,Slovenia,2020-05-18,104,Deaths,0.0,2.0
44913,Slovenia,2020-05-19,104,Deaths,0.0,2.0
44914,Slovenia,2020-05-20,105,Deaths,1.0,2.0
44915,Slovenia,2020-05-21,106,Deaths,1.0,3.0
44916,Slovenia,2020-05-22,106,Deaths,0.0,3.0
44917,Slovenia,2020-05-23,106,Deaths,0.0,3.0
44918,Slovenia,2020-05-24,107,Deaths,1.0,3.0
44919,Slovenia,2020-05-25,107,Deaths,0.0,3.0
44920,Slovenia,2020-05-26,108,Deaths,1.0,4.0
44921,Slovenia,2020-05-27,108,Deaths,0.0,3.0
44922,Slovenia,2020-05-28,108,Deaths,0.0,2.0
44923,Slovenia,2020-05-29,108,Deaths,0.0,2.0
44924,Slovenia,2020-05-30,108,Deaths,0.0,2.0
44925,Slovenia,2020-05-31,108,Deaths,0.0,1.0
44926,Slovenia,2020-06-01,109,Deaths,1.0,2.0
44927,Slovenia,2020-06-02,109,Deaths,0.0,1.0
44928,Slovenia,2020-06-03,109,Deaths,0.0,1.0
44929,Slovenia,2020-06-04,109,Deaths,0.0,1.0
44930,Slovenia,2020-06-05,109,Deaths,0.0,1.0
44931,Slovenia,2020-06-06,109,Deaths,0.0,1.0
44932,Slovenia,2020-06-07,109,Deaths,0.0,1.0
44933,Slovenia,2020-06-08,109,Deaths,0.0,0.0
44934,Slovenia,2020-06-09,109,Deaths,0.0,0.0
44935,Slovenia,2020-06-10,109,Deaths,0.0,0.0
44936,Slovenia,2020-06-11,109,Deaths,0.0,0.0
44937,Slovenia,2020-06-12,109,Deaths,0.0,0.0
44938,Slovenia,2020-06-13,109,Deaths,0.0,0.0
44939,Slovenia,2020-06-14,109,Deaths,0.0,0.0
44940,Slovenia,2020-06-15,109,Deaths,0.0,0.0
44941,Slovenia,2020-06-16,109,Deaths,0.0,0.0
44942,Slovenia,2020-06-17,109,Deaths,0.0,0.0
44943,Slovenia,2020-06-18,109,Deaths,0.0,0.0
44944,Slovenia,2020-06-19,109,Deaths,0.0,0.0
44945,Slovenia,2020-06-20,109,Deaths,0.0,0.0
44946,Slovenia,2020-06-21,109,Deaths,0.0,0.0
44947,Slovenia,2020-06-22,109,Deaths,0.0,0.0
44948,Slovenia,2020-06-23,109,Deaths,0.0,0.0
44949,Slovenia,2020-06-24,109,Deaths,0.0,0.0
44950,Slovenia,2020-06-25,109,Deaths,0.0,0.0
44951,Slovenia,2020-06-26,109,Deaths,0.0,0.0
44952,Slovenia,2020-06-27,109,Deaths,0.0,0.0
44953,Slovenia,2020-06-28,111,Deaths,2.0,2.0
44954,Slovenia,2020-06-29,111,Deaths,0.0,2.0
44955,Slovenia,2020-06-30,111,Deaths,0.0,2.0
44956,Slovenia,2020-07-01,111,Deaths,0.0,2.0
44957,Slovenia,2020-07-02,111,Deaths,0.0,2.0
44958,Slovenia,2020-07-03,111,Deaths,0.0,2.0
44959,Slovenia,2020-07-04,111,Deaths,0.0,2.0
44960,Slovenia,2020-07-05,111,Deaths,0.0,0.0
44961,Slovenia,2020-07-06,111,Deaths,0.0,0.0
44962,Slovenia,2020-07-07,111,Deaths,0.0,0.0
44963,Slovenia,2020-07-08,111,Deaths,0.0,0.0
44964,Slovenia,2020-07-09,111,Deaths,0.0,0.0
44965,Slovenia,2020-07-10,111,Deaths,0.0,0.0
44966,Slovenia,2020-07-11,111,Deaths,0.0,0.0
44967,Slovenia,2020-07-12,111,Deaths,0.0,0.0
44968,Slovenia,2020-07-13,111,Deaths,0.0,0.0
44969,Slovenia,2020-07-14,111,Deaths,0.0,0.0
44970,Slovenia,2020-07-15,111,Deaths,0.0,0.0
44971,Slovenia,2020-07-16,111,Deaths,0.0,0.0
44972,Slovenia,2020-07-17,111,Deaths,0.0,0.0
44973,Slovenia,2020-07-18,111,Deaths,0.0,0.0
44974,Slovenia,2020-07-19,112,Deaths,1.0,1.0
44975,Slovenia,2020-07-20,113,Deaths,1.0,2.0
44976,Slovenia,2020-07-21,114,Deaths,1.0,3.0
44977,Slovenia,2020-07-22,115,Deaths,1.0,4.0
44978,Slovenia,2020-07-23,115,Deaths,0.0,4.0
44979,Slovenia,2020-07-24,115,Deaths,0.0,4.0
44980,Slovenia,2020-07-25,116,Deaths,1.0,5.0
44981,Slovenia,2020-07-26,116,Deaths,0.0,4.0
44982,Slovenia,2020-07-27,116,Deaths,0.0,3.0
44983,Slovenia,2020-07-28,117,Deaths,1.0,3.0
44984,Slovenia,2020-07-29,117,Deaths,0.0,2.0
44985,Slovenia,2020-07-30,117,Deaths,0.0,2.0
44986,Slovenia,2020-07-31,119,Deaths,2.0,4.0
44987,Slovenia,2020-08-01,119,Deaths,0.0,3.0
44988,Slovenia,2020-08-02,120,Deaths,1.0,4.0
44989,Slovenia,2020-08-03,122,Deaths,2.0,6.0
44990,Slovenia,2020-08-04,123,Deaths,1.0,6.0
44991,Slovenia,2020-08-05,124,Deaths,1.0,7.0
44992,Slovenia,2020-08-06,125,Deaths,1.0,8.0
44993,Slovenia,2020-08-07,125,Deaths,0.0,6.0
44994,Slovenia,2020-08-08,126,Deaths,1.0,7.0
44995,Slovenia,2020-08-09,127,Deaths,1.0,7.0
44996,Slovenia,2020-08-10,128,Deaths,1.0,6.0
44997,Slovenia,2020-08-11,129,Deaths,1.0,6.0
44998,Slovenia,2020-08-12,129,Deaths,0.0,5.0
44999,Slovenia,2020-08-13,129,Deaths,0.0,4.0
45000,Slovenia,2020-08-14,129,Deaths,0.0,4.0
45001,Slovenia,2020-08-15,129,Deaths,0.0,3.0
45002,Slovenia,2020-08-16,129,Deaths,0.0,2.0
45003,Slovenia,2020-08-17,129,Deaths,0.0,1.0
45004,Slovenia,2020-08-18,129,Deaths,0.0,0.0
45005,Slovenia,2020-08-19,129,Deaths,0.0,0.0
45006,Slovenia,2020-08-20,129,Deaths,0.0,0.0
45007,Slovenia,2020-08-21,130,Deaths,1.0,1.0
45008,Slovenia,2020-08-22,131,Deaths,1.0,2.0
45009,Slovenia,2020-08-23,131,Deaths,0.0,2.0
45010,Slovenia,2020-08-24,133,Deaths,2.0,4.0
45011,Slovenia,2020-08-25,133,Deaths,0.0,4.0
45012,Slovenia,2020-08-26,133,Deaths,0.0,4.0
45013,Slovenia,2020-08-27,133,Deaths,0.0,4.0
45014,Slovenia,2020-08-28,133,Deaths,0.0,3.0
45015,Slovenia,2020-08-29,133,Deaths,0.0,2.0
45016,Slovenia,2020-08-30,133,Deaths,0.0,2.0
45017,Slovenia,2020-08-31,133,Deaths,0.0,0.0
45018,Slovenia,2020-09-01,133,Deaths,0.0,0.0
45019,Slovenia,2020-09-02,134,Deaths,1.0,1.0
45020,Slovenia,2020-09-03,134,Deaths,0.0,1.0
45021,Slovenia,2020-09-04,134,Deaths,0.0,1.0
45022,Slovenia,2020-09-05,135,Deaths,1.0,2.0
45023,Slovenia,2020-09-06,135,Deaths,0.0,2.0
45024,Slovenia,2020-09-07,135,Deaths,0.0,2.0
45025,Slovenia,2020-09-08,135,Deaths,0.0,2.0
45026,Slovenia,2020-09-09,135,Deaths,0.0,1.0
45027,Slovenia,2020-09-10,135,Deaths,0.0,1.0
45028,Slovenia,2020-09-11,135,Deaths,0.0,1.0
45029,Slovenia,2020-09-12,135,Deaths,0.0,0.0
45030,Slovenia,2020-09-13,135,Deaths,0.0,0.0
45031,Slovenia,2020-09-14,135,Deaths,0.0,0.0
45032,Slovenia,2020-09-15,135,Deaths,0.0,0.0
45033,Slovenia,2020-09-16,135,Deaths,0.0,0.0
45034,Slovenia,2020-09-17,136,Deaths,1.0,1.0
45035,Slovenia,2020-09-18,140,Deaths,4.0,5.0
45036,Slovenia,2020-09-19,141,Deaths,1.0,6.0
45037,Slovenia,2020-09-20,142,Deaths,1.0,7.0
45038,Slovenia,2020-09-21,142,Deaths,0.0,7.0
45039,Slovenia,2020-09-22,142,Deaths,0.0,7.0
45040,Slovenia,2020-09-23,143,Deaths,1.0,8.0
45041,Slovenia,2020-09-24,145,Deaths,2.0,9.0
45042,Slovenia,2020-09-25,145,Deaths,0.0,5.0
45043,Slovenia,2020-09-26,146,Deaths,1.0,5.0
45044,Slovenia,2020-09-27,147,Deaths,1.0,5.0
45045,Slovenia,2020-09-28,149,Deaths,2.0,7.0
45046,Slovenia,2020-09-29,149,Deaths,0.0,7.0
45047,Slovenia,2020-09-30,150,Deaths,1.0,7.0
45048,Slovenia,2020-10-01,152,Deaths,2.0,7.0
45049,Slovenia,2020-10-02,154,Deaths,2.0,9.0
45050,Slovenia,2020-10-03,155,Deaths,1.0,9.0
45051,Slovenia,2020-10-04,155,Deaths,0.0,8.0
45052,Slovenia,2020-10-05,156,Deaths,1.0,7.0
45053,Slovenia,2020-10-06,159,Deaths,3.0,10.0
45054,Slovenia,2020-10-07,159,Deaths,0.0,9.0
45055,Slovenia,2020-10-08,160,Deaths,1.0,8.0
45056,Slovenia,2020-10-09,165,Deaths,5.0,11.0
45057,Slovenia,2020-10-10,167,Deaths,2.0,12.0
45058,Slovenia,2020-10-11,167,Deaths,0.0,12.0
45059,Slovenia,2020-10-12,169,Deaths,2.0,13.0
45060,Slovenia,2020-10-13,173,Deaths,4.0,14.0
45061,Slovenia,2020-10-14,175,Deaths,2.0,16.0
45062,Slovenia,2020-10-15,176,Deaths,1.0,16.0
45063,Slovenia,2020-10-16,180,Deaths,4.0,15.0
45064,Slovenia,2020-10-17,184,Deaths,4.0,17.0
45065,Slovenia,2020-10-18,188,Deaths,4.0,21.0
45066,Slovenia,2020-10-19,190,Deaths,2.0,21.0
45067,Slovenia,2020-10-20,192,Deaths,2.0,19.0
45068,Slovenia,2020-10-21,200,Deaths,8.0,25.0
45069,Slovenia,2020-10-22,211,Deaths,11.0,35.0
45070,Slovenia,2020-10-23,214,Deaths,3.0,34.0
45071,Slovenia,2020-10-24,235,Deaths,21.0,51.0
45072,Slovenia,2020-10-25,240,Deaths,5.0,52.0
45073,Slovenia,2020-10-26,251,Deaths,11.0,61.0
45074,Slovenia,2020-10-27,264,Deaths,13.0,72.0
45075,Slovenia,2020-10-28,278,Deaths,14.0,78.0
45076,Slovenia,2020-10-29,292,Deaths,14.0,81.0
45077,Slovenia,2020-10-30,315,Deaths,23.0,101.0
45078,Slovenia,2020-10-31,338,Deaths,23.0,103.0
45079,Slovenia,2020-11-01,363,Deaths,25.0,123.0
45080,Slovenia,2020-11-02,388,Deaths,25.0,137.0
45081,Slovenia,2020-11-03,412,Deaths,24.0,148.0
45082,Slovenia,2020-11-04,441,Deaths,29.0,163.0
45083,Slovenia,2020-11-05,471,Deaths,30.0,179.0
45084,Solomon Islands,2020-01-22,0,Deaths,,
45085,Solomon Islands,2020-01-23,0,Deaths,0.0,
45086,Solomon Islands,2020-01-24,0,Deaths,0.0,
45087,Solomon Islands,2020-01-25,0,Deaths,0.0,
45088,Solomon Islands,2020-01-26,0,Deaths,0.0,
45089,Solomon Islands,2020-01-27,0,Deaths,0.0,
45090,Solomon Islands,2020-01-28,0,Deaths,0.0,
45091,Solomon Islands,2020-01-29,0,Deaths,0.0,0.0
45092,Solomon Islands,2020-01-30,0,Deaths,0.0,0.0
45093,Solomon Islands,2020-01-31,0,Deaths,0.0,0.0
45094,Solomon Islands,2020-02-01,0,Deaths,0.0,0.0
45095,Solomon Islands,2020-02-02,0,Deaths,0.0,0.0
45096,Solomon Islands,2020-02-03,0,Deaths,0.0,0.0
45097,Solomon Islands,2020-02-04,0,Deaths,0.0,0.0
45098,Solomon Islands,2020-02-05,0,Deaths,0.0,0.0
45099,Solomon Islands,2020-02-06,0,Deaths,0.0,0.0
45100,Solomon Islands,2020-02-07,0,Deaths,0.0,0.0
45101,Solomon Islands,2020-02-08,0,Deaths,0.0,0.0
45102,Solomon Islands,2020-02-09,0,Deaths,0.0,0.0
45103,Solomon Islands,2020-02-10,0,Deaths,0.0,0.0
45104,Solomon Islands,2020-02-11,0,Deaths,0.0,0.0
45105,Solomon Islands,2020-02-12,0,Deaths,0.0,0.0
45106,Solomon Islands,2020-02-13,0,Deaths,0.0,0.0
45107,Solomon Islands,2020-02-14,0,Deaths,0.0,0.0
45108,Solomon Islands,2020-02-15,0,Deaths,0.0,0.0
45109,Solomon Islands,2020-02-16,0,Deaths,0.0,0.0
45110,Solomon Islands,2020-02-17,0,Deaths,0.0,0.0
45111,Solomon Islands,2020-02-18,0,Deaths,0.0,0.0
45112,Solomon Islands,2020-02-19,0,Deaths,0.0,0.0
45113,Solomon Islands,2020-02-20,0,Deaths,0.0,0.0
45114,Solomon Islands,2020-02-21,0,Deaths,0.0,0.0
45115,Solomon Islands,2020-02-22,0,Deaths,0.0,0.0
45116,Solomon Islands,2020-02-23,0,Deaths,0.0,0.0
45117,Solomon Islands,2020-02-24,0,Deaths,0.0,0.0
45118,Solomon Islands,2020-02-25,0,Deaths,0.0,0.0
45119,Solomon Islands,2020-02-26,0,Deaths,0.0,0.0
45120,Solomon Islands,2020-02-27,0,Deaths,0.0,0.0
45121,Solomon Islands,2020-02-28,0,Deaths,0.0,0.0
45122,Solomon Islands,2020-02-29,0,Deaths,0.0,0.0
45123,Solomon Islands,2020-03-01,0,Deaths,0.0,0.0
45124,Solomon Islands,2020-03-02,0,Deaths,0.0,0.0
45125,Solomon Islands,2020-03-03,0,Deaths,0.0,0.0
45126,Solomon Islands,2020-03-04,0,Deaths,0.0,0.0
45127,Solomon Islands,2020-03-05,0,Deaths,0.0,0.0
45128,Solomon Islands,2020-03-06,0,Deaths,0.0,0.0
45129,Solomon Islands,2020-03-07,0,Deaths,0.0,0.0
45130,Solomon Islands,2020-03-08,0,Deaths,0.0,0.0
45131,Solomon Islands,2020-03-09,0,Deaths,0.0,0.0
45132,Solomon Islands,2020-03-10,0,Deaths,0.0,0.0
45133,Solomon Islands,2020-03-11,0,Deaths,0.0,0.0
45134,Solomon Islands,2020-03-12,0,Deaths,0.0,0.0
45135,Solomon Islands,2020-03-13,0,Deaths,0.0,0.0
45136,Solomon Islands,2020-03-14,0,Deaths,0.0,0.0
45137,Solomon Islands,2020-03-15,0,Deaths,0.0,0.0
45138,Solomon Islands,2020-03-16,0,Deaths,0.0,0.0
45139,Solomon Islands,2020-03-17,0,Deaths,0.0,0.0
45140,Solomon Islands,2020-03-18,0,Deaths,0.0,0.0
45141,Solomon Islands,2020-03-19,0,Deaths,0.0,0.0
45142,Solomon Islands,2020-03-20,0,Deaths,0.0,0.0
45143,Solomon Islands,2020-03-21,0,Deaths,0.0,0.0
45144,Solomon Islands,2020-03-22,0,Deaths,0.0,0.0
45145,Solomon Islands,2020-03-23,0,Deaths,0.0,0.0
45146,Solomon Islands,2020-03-24,0,Deaths,0.0,0.0
45147,Solomon Islands,2020-03-25,0,Deaths,0.0,0.0
45148,Solomon Islands,2020-03-26,0,Deaths,0.0,0.0
45149,Solomon Islands,2020-03-27,0,Deaths,0.0,0.0
45150,Solomon Islands,2020-03-28,0,Deaths,0.0,0.0
45151,Solomon Islands,2020-03-29,0,Deaths,0.0,0.0
45152,Solomon Islands,2020-03-30,0,Deaths,0.0,0.0
45153,Solomon Islands,2020-03-31,0,Deaths,0.0,0.0
45154,Solomon Islands,2020-04-01,0,Deaths,0.0,0.0
45155,Solomon Islands,2020-04-02,0,Deaths,0.0,0.0
45156,Solomon Islands,2020-04-03,0,Deaths,0.0,0.0
45157,Solomon Islands,2020-04-04,0,Deaths,0.0,0.0
45158,Solomon Islands,2020-04-05,0,Deaths,0.0,0.0
45159,Solomon Islands,2020-04-06,0,Deaths,0.0,0.0
45160,Solomon Islands,2020-04-07,0,Deaths,0.0,0.0
45161,Solomon Islands,2020-04-08,0,Deaths,0.0,0.0
45162,Solomon Islands,2020-04-09,0,Deaths,0.0,0.0
45163,Solomon Islands,2020-04-10,0,Deaths,0.0,0.0
45164,Solomon Islands,2020-04-11,0,Deaths,0.0,0.0
45165,Solomon Islands,2020-04-12,0,Deaths,0.0,0.0
45166,Solomon Islands,2020-04-13,0,Deaths,0.0,0.0
45167,Solomon Islands,2020-04-14,0,Deaths,0.0,0.0
45168,Solomon Islands,2020-04-15,0,Deaths,0.0,0.0
45169,Solomon Islands,2020-04-16,0,Deaths,0.0,0.0
45170,Solomon Islands,2020-04-17,0,Deaths,0.0,0.0
45171,Solomon Islands,2020-04-18,0,Deaths,0.0,0.0
45172,Solomon Islands,2020-04-19,0,Deaths,0.0,0.0
45173,Solomon Islands,2020-04-20,0,Deaths,0.0,0.0
45174,Solomon Islands,2020-04-21,0,Deaths,0.0,0.0
45175,Solomon Islands,2020-04-22,0,Deaths,0.0,0.0
45176,Solomon Islands,2020-04-23,0,Deaths,0.0,0.0
45177,Solomon Islands,2020-04-24,0,Deaths,0.0,0.0
45178,Solomon Islands,2020-04-25,0,Deaths,0.0,0.0
45179,Solomon Islands,2020-04-26,0,Deaths,0.0,0.0
45180,Solomon Islands,2020-04-27,0,Deaths,0.0,0.0
45181,Solomon Islands,2020-04-28,0,Deaths,0.0,0.0
45182,Solomon Islands,2020-04-29,0,Deaths,0.0,0.0
45183,Solomon Islands,2020-04-30,0,Deaths,0.0,0.0
45184,Solomon Islands,2020-05-01,0,Deaths,0.0,0.0
45185,Solomon Islands,2020-05-02,0,Deaths,0.0,0.0
45186,Solomon Islands,2020-05-03,0,Deaths,0.0,0.0
45187,Solomon Islands,2020-05-04,0,Deaths,0.0,0.0
45188,Solomon Islands,2020-05-05,0,Deaths,0.0,0.0
45189,Solomon Islands,2020-05-06,0,Deaths,0.0,0.0
45190,Solomon Islands,2020-05-07,0,Deaths,0.0,0.0
45191,Solomon Islands,2020-05-08,0,Deaths,0.0,0.0
45192,Solomon Islands,2020-05-09,0,Deaths,0.0,0.0
45193,Solomon Islands,2020-05-10,0,Deaths,0.0,0.0
45194,Solomon Islands,2020-05-11,0,Deaths,0.0,0.0
45195,Solomon Islands,2020-05-12,0,Deaths,0.0,0.0
45196,Solomon Islands,2020-05-13,0,Deaths,0.0,0.0
45197,Solomon Islands,2020-05-14,0,Deaths,0.0,0.0
45198,Solomon Islands,2020-05-15,0,Deaths,0.0,0.0
45199,Solomon Islands,2020-05-16,0,Deaths,0.0,0.0
45200,Solomon Islands,2020-05-17,0,Deaths,0.0,0.0
45201,Solomon Islands,2020-05-18,0,Deaths,0.0,0.0
45202,Solomon Islands,2020-05-19,0,Deaths,0.0,0.0
45203,Solomon Islands,2020-05-20,0,Deaths,0.0,0.0
45204,Solomon Islands,2020-05-21,0,Deaths,0.0,0.0
45205,Solomon Islands,2020-05-22,0,Deaths,0.0,0.0
45206,Solomon Islands,2020-05-23,0,Deaths,0.0,0.0
45207,Solomon Islands,2020-05-24,0,Deaths,0.0,0.0
45208,Solomon Islands,2020-05-25,0,Deaths,0.0,0.0
45209,Solomon Islands,2020-05-26,0,Deaths,0.0,0.0
45210,Solomon Islands,2020-05-27,0,Deaths,0.0,0.0
45211,Solomon Islands,2020-05-28,0,Deaths,0.0,0.0
45212,Solomon Islands,2020-05-29,0,Deaths,0.0,0.0
45213,Solomon Islands,2020-05-30,0,Deaths,0.0,0.0
45214,Solomon Islands,2020-05-31,0,Deaths,0.0,0.0
45215,Solomon Islands,2020-06-01,0,Deaths,0.0,0.0
45216,Solomon Islands,2020-06-02,0,Deaths,0.0,0.0
45217,Solomon Islands,2020-06-03,0,Deaths,0.0,0.0
45218,Solomon Islands,2020-06-04,0,Deaths,0.0,0.0
45219,Solomon Islands,2020-06-05,0,Deaths,0.0,0.0
45220,Solomon Islands,2020-06-06,0,Deaths,0.0,0.0
45221,Solomon Islands,2020-06-07,0,Deaths,0.0,0.0
45222,Solomon Islands,2020-06-08,0,Deaths,0.0,0.0
45223,Solomon Islands,2020-06-09,0,Deaths,0.0,0.0
45224,Solomon Islands,2020-06-10,0,Deaths,0.0,0.0
45225,Solomon Islands,2020-06-11,0,Deaths,0.0,0.0
45226,Solomon Islands,2020-06-12,0,Deaths,0.0,0.0
45227,Solomon Islands,2020-06-13,0,Deaths,0.0,0.0
45228,Solomon Islands,2020-06-14,0,Deaths,0.0,0.0
45229,Solomon Islands,2020-06-15,0,Deaths,0.0,0.0
45230,Solomon Islands,2020-06-16,0,Deaths,0.0,0.0
45231,Solomon Islands,2020-06-17,0,Deaths,0.0,0.0
45232,Solomon Islands,2020-06-18,0,Deaths,0.0,0.0
45233,Solomon Islands,2020-06-19,0,Deaths,0.0,0.0
45234,Solomon Islands,2020-06-20,0,Deaths,0.0,0.0
45235,Solomon Islands,2020-06-21,0,Deaths,0.0,0.0
45236,Solomon Islands,2020-06-22,0,Deaths,0.0,0.0
45237,Solomon Islands,2020-06-23,0,Deaths,0.0,0.0
45238,Solomon Islands,2020-06-24,0,Deaths,0.0,0.0
45239,Solomon Islands,2020-06-25,0,Deaths,0.0,0.0
45240,Solomon Islands,2020-06-26,0,Deaths,0.0,0.0
45241,Solomon Islands,2020-06-27,0,Deaths,0.0,0.0
45242,Solomon Islands,2020-06-28,0,Deaths,0.0,0.0
45243,Solomon Islands,2020-06-29,0,Deaths,0.0,0.0
45244,Solomon Islands,2020-06-30,0,Deaths,0.0,0.0
45245,Solomon Islands,2020-07-01,0,Deaths,0.0,0.0
45246,Solomon Islands,2020-07-02,0,Deaths,0.0,0.0
45247,Solomon Islands,2020-07-03,0,Deaths,0.0,0.0
45248,Solomon Islands,2020-07-04,0,Deaths,0.0,0.0
45249,Solomon Islands,2020-07-05,0,Deaths,0.0,0.0
45250,Solomon Islands,2020-07-06,0,Deaths,0.0,0.0
45251,Solomon Islands,2020-07-07,0,Deaths,0.0,0.0
45252,Solomon Islands,2020-07-08,0,Deaths,0.0,0.0
45253,Solomon Islands,2020-07-09,0,Deaths,0.0,0.0
45254,Solomon Islands,2020-07-10,0,Deaths,0.0,0.0
45255,Solomon Islands,2020-07-11,0,Deaths,0.0,0.0
45256,Solomon Islands,2020-07-12,0,Deaths,0.0,0.0
45257,Solomon Islands,2020-07-13,0,Deaths,0.0,0.0
45258,Solomon Islands,2020-07-14,0,Deaths,0.0,0.0
45259,Solomon Islands,2020-07-15,0,Deaths,0.0,0.0
45260,Solomon Islands,2020-07-16,0,Deaths,0.0,0.0
45261,Solomon Islands,2020-07-17,0,Deaths,0.0,0.0
45262,Solomon Islands,2020-07-18,0,Deaths,0.0,0.0
45263,Solomon Islands,2020-07-19,0,Deaths,0.0,0.0
45264,Solomon Islands,2020-07-20,0,Deaths,0.0,0.0
45265,Solomon Islands,2020-07-21,0,Deaths,0.0,0.0
45266,Solomon Islands,2020-07-22,0,Deaths,0.0,0.0
45267,Solomon Islands,2020-07-23,0,Deaths,0.0,0.0
45268,Solomon Islands,2020-07-24,0,Deaths,0.0,0.0
45269,Solomon Islands,2020-07-25,0,Deaths,0.0,0.0
45270,Solomon Islands,2020-07-26,0,Deaths,0.0,0.0
45271,Solomon Islands,2020-07-27,0,Deaths,0.0,0.0
45272,Solomon Islands,2020-07-28,0,Deaths,0.0,0.0
45273,Solomon Islands,2020-07-29,0,Deaths,0.0,0.0
45274,Solomon Islands,2020-07-30,0,Deaths,0.0,0.0
45275,Solomon Islands,2020-07-31,0,Deaths,0.0,0.0
45276,Solomon Islands,2020-08-01,0,Deaths,0.0,0.0
45277,Solomon Islands,2020-08-02,0,Deaths,0.0,0.0
45278,Solomon Islands,2020-08-03,0,Deaths,0.0,0.0
45279,Solomon Islands,2020-08-04,0,Deaths,0.0,0.0
45280,Solomon Islands,2020-08-05,0,Deaths,0.0,0.0
45281,Solomon Islands,2020-08-06,0,Deaths,0.0,0.0
45282,Solomon Islands,2020-08-07,0,Deaths,0.0,0.0
45283,Solomon Islands,2020-08-08,0,Deaths,0.0,0.0
45284,Solomon Islands,2020-08-09,0,Deaths,0.0,0.0
45285,Solomon Islands,2020-08-10,0,Deaths,0.0,0.0
45286,Solomon Islands,2020-08-11,0,Deaths,0.0,0.0
45287,Solomon Islands,2020-08-12,0,Deaths,0.0,0.0
45288,Solomon Islands,2020-08-13,0,Deaths,0.0,0.0
45289,Solomon Islands,2020-08-14,0,Deaths,0.0,0.0
45290,Solomon Islands,2020-08-15,0,Deaths,0.0,0.0
45291,Solomon Islands,2020-08-16,0,Deaths,0.0,0.0
45292,Solomon Islands,2020-08-17,0,Deaths,0.0,0.0
45293,Solomon Islands,2020-08-18,0,Deaths,0.0,0.0
45294,Solomon Islands,2020-08-19,0,Deaths,0.0,0.0
45295,Solomon Islands,2020-08-20,0,Deaths,0.0,0.0
45296,Solomon Islands,2020-08-21,0,Deaths,0.0,0.0
45297,Solomon Islands,2020-08-22,0,Deaths,0.0,0.0
45298,Solomon Islands,2020-08-23,0,Deaths,0.0,0.0
45299,Solomon Islands,2020-08-24,0,Deaths,0.0,0.0
45300,Solomon Islands,2020-08-25,0,Deaths,0.0,0.0
45301,Solomon Islands,2020-08-26,0,Deaths,0.0,0.0
45302,Solomon Islands,2020-08-27,0,Deaths,0.0,0.0
45303,Solomon Islands,2020-08-28,0,Deaths,0.0,0.0
45304,Solomon Islands,2020-08-29,0,Deaths,0.0,0.0
45305,Solomon Islands,2020-08-30,0,Deaths,0.0,0.0
45306,Solomon Islands,2020-08-31,0,Deaths,0.0,0.0
45307,Solomon Islands,2020-09-01,0,Deaths,0.0,0.0
45308,Solomon Islands,2020-09-02,0,Deaths,0.0,0.0
45309,Solomon Islands,2020-09-03,0,Deaths,0.0,0.0
45310,Solomon Islands,2020-09-04,0,Deaths,0.0,0.0
45311,Solomon Islands,2020-09-05,0,Deaths,0.0,0.0
45312,Solomon Islands,2020-09-06,0,Deaths,0.0,0.0
45313,Solomon Islands,2020-09-07,0,Deaths,0.0,0.0
45314,Solomon Islands,2020-09-08,0,Deaths,0.0,0.0
45315,Solomon Islands,2020-09-09,0,Deaths,0.0,0.0
45316,Solomon Islands,2020-09-10,0,Deaths,0.0,0.0
45317,Solomon Islands,2020-09-11,0,Deaths,0.0,0.0
45318,Solomon Islands,2020-09-12,0,Deaths,0.0,0.0
45319,Solomon Islands,2020-09-13,0,Deaths,0.0,0.0
45320,Solomon Islands,2020-09-14,0,Deaths,0.0,0.0
45321,Solomon Islands,2020-09-15,0,Deaths,0.0,0.0
45322,Solomon Islands,2020-09-16,0,Deaths,0.0,0.0
45323,Solomon Islands,2020-09-17,0,Deaths,0.0,0.0
45324,Solomon Islands,2020-09-18,0,Deaths,0.0,0.0
45325,Solomon Islands,2020-09-19,0,Deaths,0.0,0.0
45326,Solomon Islands,2020-09-20,0,Deaths,0.0,0.0
45327,Solomon Islands,2020-09-21,0,Deaths,0.0,0.0
45328,Solomon Islands,2020-09-22,0,Deaths,0.0,0.0
45329,Solomon Islands,2020-09-23,0,Deaths,0.0,0.0
45330,Solomon Islands,2020-09-24,0,Deaths,0.0,0.0
45331,Solomon Islands,2020-09-25,0,Deaths,0.0,0.0
45332,Solomon Islands,2020-09-26,0,Deaths,0.0,0.0
45333,Solomon Islands,2020-09-27,0,Deaths,0.0,0.0
45334,Solomon Islands,2020-09-28,0,Deaths,0.0,0.0
45335,Solomon Islands,2020-09-29,0,Deaths,0.0,0.0
45336,Solomon Islands,2020-09-30,0,Deaths,0.0,0.0
45337,Solomon Islands,2020-10-01,0,Deaths,0.0,0.0
45338,Solomon Islands,2020-10-02,0,Deaths,0.0,0.0
45339,Solomon Islands,2020-10-03,0,Deaths,0.0,0.0
45340,Solomon Islands,2020-10-04,0,Deaths,0.0,0.0
45341,Solomon Islands,2020-10-05,0,Deaths,0.0,0.0
45342,Solomon Islands,2020-10-06,0,Deaths,0.0,0.0
45343,Solomon Islands,2020-10-07,0,Deaths,0.0,0.0
45344,Solomon Islands,2020-10-08,0,Deaths,0.0,0.0
45345,Solomon Islands,2020-10-09,0,Deaths,0.0,0.0
45346,Solomon Islands,2020-10-10,0,Deaths,0.0,0.0
45347,Solomon Islands,2020-10-11,0,Deaths,0.0,0.0
45348,Solomon Islands,2020-10-12,0,Deaths,0.0,0.0
45349,Solomon Islands,2020-10-13,0,Deaths,0.0,0.0
45350,Solomon Islands,2020-10-14,0,Deaths,0.0,0.0
45351,Solomon Islands,2020-10-15,0,Deaths,0.0,0.0
45352,Solomon Islands,2020-10-16,0,Deaths,0.0,0.0
45353,Solomon Islands,2020-10-17,0,Deaths,0.0,0.0
45354,Solomon Islands,2020-10-18,0,Deaths,0.0,0.0
45355,Solomon Islands,2020-10-19,0,Deaths,0.0,0.0
45356,Solomon Islands,2020-10-20,0,Deaths,0.0,0.0
45357,Solomon Islands,2020-10-21,0,Deaths,0.0,0.0
45358,Solomon Islands,2020-10-22,0,Deaths,0.0,0.0
45359,Solomon Islands,2020-10-23,0,Deaths,0.0,0.0
45360,Solomon Islands,2020-10-24,0,Deaths,0.0,0.0
45361,Solomon Islands,2020-10-25,0,Deaths,0.0,0.0
45362,Solomon Islands,2020-10-26,0,Deaths,0.0,0.0
45363,Solomon Islands,2020-10-27,0,Deaths,0.0,0.0
45364,Solomon Islands,2020-10-28,0,Deaths,0.0,0.0
45365,Solomon Islands,2020-10-29,0,Deaths,0.0,0.0
45366,Solomon Islands,2020-10-30,0,Deaths,0.0,0.0
45367,Solomon Islands,2020-10-31,0,Deaths,0.0,0.0
45368,Solomon Islands,2020-11-01,0,Deaths,0.0,0.0
45369,Solomon Islands,2020-11-02,0,Deaths,0.0,0.0
45370,Solomon Islands,2020-11-03,0,Deaths,0.0,0.0
45371,Solomon Islands,2020-11-04,0,Deaths,0.0,0.0
45372,Solomon Islands,2020-11-05,0,Deaths,0.0,0.0
45373,Somalia,2020-01-22,0,Deaths,,
45374,Somalia,2020-01-23,0,Deaths,0.0,
45375,Somalia,2020-01-24,0,Deaths,0.0,
45376,Somalia,2020-01-25,0,Deaths,0.0,
45377,Somalia,2020-01-26,0,Deaths,0.0,
45378,Somalia,2020-01-27,0,Deaths,0.0,
45379,Somalia,2020-01-28,0,Deaths,0.0,
45380,Somalia,2020-01-29,0,Deaths,0.0,0.0
45381,Somalia,2020-01-30,0,Deaths,0.0,0.0
45382,Somalia,2020-01-31,0,Deaths,0.0,0.0
45383,Somalia,2020-02-01,0,Deaths,0.0,0.0
45384,Somalia,2020-02-02,0,Deaths,0.0,0.0
45385,Somalia,2020-02-03,0,Deaths,0.0,0.0
45386,Somalia,2020-02-04,0,Deaths,0.0,0.0
45387,Somalia,2020-02-05,0,Deaths,0.0,0.0
45388,Somalia,2020-02-06,0,Deaths,0.0,0.0
45389,Somalia,2020-02-07,0,Deaths,0.0,0.0
45390,Somalia,2020-02-08,0,Deaths,0.0,0.0
45391,Somalia,2020-02-09,0,Deaths,0.0,0.0
45392,Somalia,2020-02-10,0,Deaths,0.0,0.0
45393,Somalia,2020-02-11,0,Deaths,0.0,0.0
45394,Somalia,2020-02-12,0,Deaths,0.0,0.0
45395,Somalia,2020-02-13,0,Deaths,0.0,0.0
45396,Somalia,2020-02-14,0,Deaths,0.0,0.0
45397,Somalia,2020-02-15,0,Deaths,0.0,0.0
45398,Somalia,2020-02-16,0,Deaths,0.0,0.0
45399,Somalia,2020-02-17,0,Deaths,0.0,0.0
45400,Somalia,2020-02-18,0,Deaths,0.0,0.0
45401,Somalia,2020-02-19,0,Deaths,0.0,0.0
45402,Somalia,2020-02-20,0,Deaths,0.0,0.0
45403,Somalia,2020-02-21,0,Deaths,0.0,0.0
45404,Somalia,2020-02-22,0,Deaths,0.0,0.0
45405,Somalia,2020-02-23,0,Deaths,0.0,0.0
45406,Somalia,2020-02-24,0,Deaths,0.0,0.0
45407,Somalia,2020-02-25,0,Deaths,0.0,0.0
45408,Somalia,2020-02-26,0,Deaths,0.0,0.0
45409,Somalia,2020-02-27,0,Deaths,0.0,0.0
45410,Somalia,2020-02-28,0,Deaths,0.0,0.0
45411,Somalia,2020-02-29,0,Deaths,0.0,0.0
45412,Somalia,2020-03-01,0,Deaths,0.0,0.0
45413,Somalia,2020-03-02,0,Deaths,0.0,0.0
45414,Somalia,2020-03-03,0,Deaths,0.0,0.0
45415,Somalia,2020-03-04,0,Deaths,0.0,0.0
45416,Somalia,2020-03-05,0,Deaths,0.0,0.0
45417,Somalia,2020-03-06,0,Deaths,0.0,0.0
45418,Somalia,2020-03-07,0,Deaths,0.0,0.0
45419,Somalia,2020-03-08,0,Deaths,0.0,0.0
45420,Somalia,2020-03-09,0,Deaths,0.0,0.0
45421,Somalia,2020-03-10,0,Deaths,0.0,0.0
45422,Somalia,2020-03-11,0,Deaths,0.0,0.0
45423,Somalia,2020-03-12,0,Deaths,0.0,0.0
45424,Somalia,2020-03-13,0,Deaths,0.0,0.0
45425,Somalia,2020-03-14,0,Deaths,0.0,0.0
45426,Somalia,2020-03-15,0,Deaths,0.0,0.0
45427,Somalia,2020-03-16,0,Deaths,0.0,0.0
45428,Somalia,2020-03-17,0,Deaths,0.0,0.0
45429,Somalia,2020-03-18,0,Deaths,0.0,0.0
45430,Somalia,2020-03-19,0,Deaths,0.0,0.0
45431,Somalia,2020-03-20,0,Deaths,0.0,0.0
45432,Somalia,2020-03-21,0,Deaths,0.0,0.0
45433,Somalia,2020-03-22,0,Deaths,0.0,0.0
45434,Somalia,2020-03-23,0,Deaths,0.0,0.0
45435,Somalia,2020-03-24,0,Deaths,0.0,0.0
45436,Somalia,2020-03-25,0,Deaths,0.0,0.0
45437,Somalia,2020-03-26,0,Deaths,0.0,0.0
45438,Somalia,2020-03-27,0,Deaths,0.0,0.0
45439,Somalia,2020-03-28,0,Deaths,0.0,0.0
45440,Somalia,2020-03-29,0,Deaths,0.0,0.0
45441,Somalia,2020-03-30,0,Deaths,0.0,0.0
45442,Somalia,2020-03-31,0,Deaths,0.0,0.0
45443,Somalia,2020-04-01,0,Deaths,0.0,0.0
45444,Somalia,2020-04-02,0,Deaths,0.0,0.0
45445,Somalia,2020-04-03,0,Deaths,0.0,0.0
45446,Somalia,2020-04-04,0,Deaths,0.0,0.0
45447,Somalia,2020-04-05,0,Deaths,0.0,0.0
45448,Somalia,2020-04-06,0,Deaths,0.0,0.0
45449,Somalia,2020-04-07,0,Deaths,0.0,0.0
45450,Somalia,2020-04-08,1,Deaths,1.0,1.0
45451,Somalia,2020-04-09,1,Deaths,0.0,1.0
45452,Somalia,2020-04-10,1,Deaths,0.0,1.0
45453,Somalia,2020-04-11,1,Deaths,0.0,1.0
45454,Somalia,2020-04-12,1,Deaths,0.0,1.0
45455,Somalia,2020-04-13,2,Deaths,1.0,2.0
45456,Somalia,2020-04-14,2,Deaths,0.0,2.0
45457,Somalia,2020-04-15,5,Deaths,3.0,4.0
45458,Somalia,2020-04-16,5,Deaths,0.0,4.0
45459,Somalia,2020-04-17,6,Deaths,1.0,5.0
45460,Somalia,2020-04-18,7,Deaths,1.0,6.0
45461,Somalia,2020-04-19,7,Deaths,0.0,6.0
45462,Somalia,2020-04-20,8,Deaths,1.0,6.0
45463,Somalia,2020-04-21,8,Deaths,0.0,6.0
45464,Somalia,2020-04-22,8,Deaths,0.0,3.0
45465,Somalia,2020-04-23,16,Deaths,8.0,11.0
45466,Somalia,2020-04-24,16,Deaths,0.0,10.0
45467,Somalia,2020-04-25,18,Deaths,2.0,11.0
45468,Somalia,2020-04-26,23,Deaths,5.0,16.0
45469,Somalia,2020-04-27,26,Deaths,3.0,18.0
45470,Somalia,2020-04-28,28,Deaths,2.0,20.0
45471,Somalia,2020-04-29,28,Deaths,0.0,20.0
45472,Somalia,2020-04-30,28,Deaths,0.0,12.0
45473,Somalia,2020-05-01,28,Deaths,0.0,12.0
45474,Somalia,2020-05-02,31,Deaths,3.0,13.0
45475,Somalia,2020-05-03,32,Deaths,1.0,9.0
45476,Somalia,2020-05-04,35,Deaths,3.0,9.0
45477,Somalia,2020-05-05,38,Deaths,3.0,10.0
45478,Somalia,2020-05-06,39,Deaths,1.0,11.0
45479,Somalia,2020-05-07,44,Deaths,5.0,16.0
45480,Somalia,2020-05-08,44,Deaths,0.0,16.0
45481,Somalia,2020-05-09,48,Deaths,4.0,17.0
45482,Somalia,2020-05-10,51,Deaths,3.0,19.0
45483,Somalia,2020-05-11,52,Deaths,1.0,17.0
45484,Somalia,2020-05-12,52,Deaths,0.0,14.0
45485,Somalia,2020-05-13,52,Deaths,0.0,13.0
45486,Somalia,2020-05-14,53,Deaths,1.0,9.0
45487,Somalia,2020-05-15,53,Deaths,0.0,9.0
45488,Somalia,2020-05-16,55,Deaths,2.0,7.0
45489,Somalia,2020-05-17,56,Deaths,1.0,5.0
45490,Somalia,2020-05-18,57,Deaths,1.0,5.0
45491,Somalia,2020-05-19,59,Deaths,2.0,7.0
45492,Somalia,2020-05-20,61,Deaths,2.0,9.0
45493,Somalia,2020-05-21,61,Deaths,0.0,8.0
45494,Somalia,2020-05-22,61,Deaths,0.0,8.0
45495,Somalia,2020-05-23,61,Deaths,0.0,6.0
45496,Somalia,2020-05-24,61,Deaths,0.0,5.0
45497,Somalia,2020-05-25,66,Deaths,5.0,9.0
45498,Somalia,2020-05-26,67,Deaths,1.0,8.0
45499,Somalia,2020-05-27,67,Deaths,0.0,6.0
45500,Somalia,2020-05-28,72,Deaths,5.0,11.0
45501,Somalia,2020-05-29,72,Deaths,0.0,11.0
45502,Somalia,2020-05-30,73,Deaths,1.0,12.0
45503,Somalia,2020-05-31,78,Deaths,5.0,17.0
45504,Somalia,2020-06-01,79,Deaths,1.0,13.0
45505,Somalia,2020-06-02,79,Deaths,0.0,12.0
45506,Somalia,2020-06-03,79,Deaths,0.0,12.0
45507,Somalia,2020-06-04,79,Deaths,0.0,7.0
45508,Somalia,2020-06-05,79,Deaths,0.0,7.0
45509,Somalia,2020-06-06,82,Deaths,3.0,9.0
45510,Somalia,2020-06-07,83,Deaths,1.0,5.0
45511,Somalia,2020-06-08,84,Deaths,1.0,5.0
45512,Somalia,2020-06-09,85,Deaths,1.0,6.0
45513,Somalia,2020-06-10,85,Deaths,0.0,6.0
45514,Somalia,2020-06-11,85,Deaths,0.0,6.0
45515,Somalia,2020-06-12,85,Deaths,0.0,6.0
45516,Somalia,2020-06-13,87,Deaths,2.0,5.0
45517,Somalia,2020-06-14,88,Deaths,1.0,5.0
45518,Somalia,2020-06-15,88,Deaths,0.0,4.0
45519,Somalia,2020-06-16,88,Deaths,0.0,3.0
45520,Somalia,2020-06-17,88,Deaths,0.0,3.0
45521,Somalia,2020-06-18,88,Deaths,0.0,3.0
45522,Somalia,2020-06-19,88,Deaths,0.0,3.0
45523,Somalia,2020-06-20,88,Deaths,0.0,1.0
45524,Somalia,2020-06-21,90,Deaths,2.0,2.0
45525,Somalia,2020-06-22,90,Deaths,0.0,2.0
45526,Somalia,2020-06-23,90,Deaths,0.0,2.0
45527,Somalia,2020-06-24,90,Deaths,0.0,2.0
45528,Somalia,2020-06-25,90,Deaths,0.0,2.0
45529,Somalia,2020-06-26,90,Deaths,0.0,2.0
45530,Somalia,2020-06-27,90,Deaths,0.0,2.0
45531,Somalia,2020-06-28,90,Deaths,0.0,0.0
45532,Somalia,2020-06-29,90,Deaths,0.0,0.0
45533,Somalia,2020-06-30,90,Deaths,0.0,0.0
45534,Somalia,2020-07-01,90,Deaths,0.0,0.0
45535,Somalia,2020-07-02,90,Deaths,0.0,0.0
45536,Somalia,2020-07-03,90,Deaths,0.0,0.0
45537,Somalia,2020-07-04,92,Deaths,2.0,2.0
45538,Somalia,2020-07-05,92,Deaths,0.0,2.0
45539,Somalia,2020-07-06,92,Deaths,0.0,2.0
45540,Somalia,2020-07-07,92,Deaths,0.0,2.0
45541,Somalia,2020-07-08,92,Deaths,0.0,2.0
45542,Somalia,2020-07-09,92,Deaths,0.0,2.0
45543,Somalia,2020-07-10,92,Deaths,0.0,2.0
45544,Somalia,2020-07-11,92,Deaths,0.0,0.0
45545,Somalia,2020-07-12,93,Deaths,1.0,1.0
45546,Somalia,2020-07-13,93,Deaths,0.0,1.0
45547,Somalia,2020-07-14,93,Deaths,0.0,1.0
45548,Somalia,2020-07-15,93,Deaths,0.0,1.0
45549,Somalia,2020-07-16,93,Deaths,0.0,1.0
45550,Somalia,2020-07-17,93,Deaths,0.0,1.0
45551,Somalia,2020-07-18,93,Deaths,0.0,1.0
45552,Somalia,2020-07-19,93,Deaths,0.0,0.0
45553,Somalia,2020-07-20,93,Deaths,0.0,0.0
45554,Somalia,2020-07-21,93,Deaths,0.0,0.0
45555,Somalia,2020-07-22,93,Deaths,0.0,0.0
45556,Somalia,2020-07-23,93,Deaths,0.0,0.0
45557,Somalia,2020-07-24,93,Deaths,0.0,0.0
45558,Somalia,2020-07-25,93,Deaths,0.0,0.0
45559,Somalia,2020-07-26,93,Deaths,0.0,0.0
45560,Somalia,2020-07-27,93,Deaths,0.0,0.0
45561,Somalia,2020-07-28,93,Deaths,0.0,0.0
45562,Somalia,2020-07-29,93,Deaths,0.0,0.0
45563,Somalia,2020-07-30,93,Deaths,0.0,0.0
45564,Somalia,2020-07-31,93,Deaths,0.0,0.0
45565,Somalia,2020-08-01,93,Deaths,0.0,0.0
45566,Somalia,2020-08-02,93,Deaths,0.0,0.0
45567,Somalia,2020-08-03,93,Deaths,0.0,0.0
45568,Somalia,2020-08-04,93,Deaths,0.0,0.0
45569,Somalia,2020-08-05,93,Deaths,0.0,0.0
45570,Somalia,2020-08-06,93,Deaths,0.0,0.0
45571,Somalia,2020-08-07,93,Deaths,0.0,0.0
45572,Somalia,2020-08-08,93,Deaths,0.0,0.0
45573,Somalia,2020-08-09,93,Deaths,0.0,0.0
45574,Somalia,2020-08-10,93,Deaths,0.0,0.0
45575,Somalia,2020-08-11,93,Deaths,0.0,0.0
45576,Somalia,2020-08-12,93,Deaths,0.0,0.0
45577,Somalia,2020-08-13,93,Deaths,0.0,0.0
45578,Somalia,2020-08-14,93,Deaths,0.0,0.0
45579,Somalia,2020-08-15,93,Deaths,0.0,0.0
45580,Somalia,2020-08-16,93,Deaths,0.0,0.0
45581,Somalia,2020-08-17,93,Deaths,0.0,0.0
45582,Somalia,2020-08-18,93,Deaths,0.0,0.0
45583,Somalia,2020-08-19,93,Deaths,0.0,0.0
45584,Somalia,2020-08-20,93,Deaths,0.0,0.0
45585,Somalia,2020-08-21,93,Deaths,0.0,0.0
45586,Somalia,2020-08-22,93,Deaths,0.0,0.0
45587,Somalia,2020-08-23,93,Deaths,0.0,0.0
45588,Somalia,2020-08-24,93,Deaths,0.0,0.0
45589,Somalia,2020-08-25,95,Deaths,2.0,2.0
45590,Somalia,2020-08-26,95,Deaths,0.0,2.0
45591,Somalia,2020-08-27,95,Deaths,0.0,2.0
45592,Somalia,2020-08-28,95,Deaths,0.0,2.0
45593,Somalia,2020-08-29,97,Deaths,2.0,4.0
45594,Somalia,2020-08-30,98,Deaths,1.0,5.0
45595,Somalia,2020-08-31,98,Deaths,0.0,5.0
45596,Somalia,2020-09-01,98,Deaths,0.0,3.0
45597,Somalia,2020-09-02,98,Deaths,0.0,3.0
45598,Somalia,2020-09-03,98,Deaths,0.0,3.0
45599,Somalia,2020-09-04,97,Deaths,-1.0,2.0
45600,Somalia,2020-09-05,97,Deaths,0.0,0.0
45601,Somalia,2020-09-06,97,Deaths,0.0,-1.0
45602,Somalia,2020-09-07,97,Deaths,0.0,-1.0
45603,Somalia,2020-09-08,97,Deaths,0.0,-1.0
45604,Somalia,2020-09-09,97,Deaths,0.0,-1.0
45605,Somalia,2020-09-10,97,Deaths,0.0,-1.0
45606,Somalia,2020-09-11,98,Deaths,1.0,1.0
45607,Somalia,2020-09-12,98,Deaths,0.0,1.0
45608,Somalia,2020-09-13,98,Deaths,0.0,1.0
45609,Somalia,2020-09-14,98,Deaths,0.0,1.0
45610,Somalia,2020-09-15,98,Deaths,0.0,1.0
45611,Somalia,2020-09-16,98,Deaths,0.0,1.0
45612,Somalia,2020-09-17,98,Deaths,0.0,1.0
45613,Somalia,2020-09-18,98,Deaths,0.0,0.0
45614,Somalia,2020-09-19,98,Deaths,0.0,0.0
45615,Somalia,2020-09-20,98,Deaths,0.0,0.0
45616,Somalia,2020-09-21,98,Deaths,0.0,0.0
45617,Somalia,2020-09-22,98,Deaths,0.0,0.0
45618,Somalia,2020-09-23,98,Deaths,0.0,0.0
45619,Somalia,2020-09-24,98,Deaths,0.0,0.0
45620,Somalia,2020-09-25,98,Deaths,0.0,0.0
45621,Somalia,2020-09-26,99,Deaths,1.0,1.0
45622,Somalia,2020-09-27,99,Deaths,0.0,1.0
45623,Somalia,2020-09-28,99,Deaths,0.0,1.0
45624,Somalia,2020-09-29,99,Deaths,0.0,1.0
45625,Somalia,2020-09-30,99,Deaths,0.0,1.0
45626,Somalia,2020-10-01,99,Deaths,0.0,1.0
45627,Somalia,2020-10-02,99,Deaths,0.0,1.0
45628,Somalia,2020-10-03,99,Deaths,0.0,0.0
45629,Somalia,2020-10-04,99,Deaths,0.0,0.0
45630,Somalia,2020-10-05,99,Deaths,0.0,0.0
45631,Somalia,2020-10-06,99,Deaths,0.0,0.0
45632,Somalia,2020-10-07,99,Deaths,0.0,0.0
45633,Somalia,2020-10-08,99,Deaths,0.0,0.0
45634,Somalia,2020-10-09,99,Deaths,0.0,0.0
45635,Somalia,2020-10-10,99,Deaths,0.0,0.0
45636,Somalia,2020-10-11,99,Deaths,0.0,0.0
45637,Somalia,2020-10-12,99,Deaths,0.0,0.0
45638,Somalia,2020-10-13,99,Deaths,0.0,0.0
45639,Somalia,2020-10-14,99,Deaths,0.0,0.0
45640,Somalia,2020-10-15,99,Deaths,0.0,0.0
45641,Somalia,2020-10-16,99,Deaths,0.0,0.0
45642,Somalia,2020-10-17,99,Deaths,0.0,0.0
45643,Somalia,2020-10-18,99,Deaths,0.0,0.0
45644,Somalia,2020-10-19,99,Deaths,0.0,0.0
45645,Somalia,2020-10-20,101,Deaths,2.0,2.0
45646,Somalia,2020-10-21,101,Deaths,0.0,2.0
45647,Somalia,2020-10-22,102,Deaths,1.0,3.0
45648,Somalia,2020-10-23,102,Deaths,0.0,3.0
45649,Somalia,2020-10-24,102,Deaths,0.0,3.0
45650,Somalia,2020-10-25,104,Deaths,2.0,5.0
45651,Somalia,2020-10-26,104,Deaths,0.0,5.0
45652,Somalia,2020-10-27,104,Deaths,0.0,3.0
45653,Somalia,2020-10-28,104,Deaths,0.0,3.0
45654,Somalia,2020-10-29,104,Deaths,0.0,2.0
45655,Somalia,2020-10-30,104,Deaths,0.0,2.0
45656,Somalia,2020-10-31,104,Deaths,0.0,2.0
45657,Somalia,2020-11-01,104,Deaths,0.0,0.0
45658,Somalia,2020-11-02,104,Deaths,0.0,0.0
45659,Somalia,2020-11-03,107,Deaths,3.0,3.0
45660,Somalia,2020-11-04,107,Deaths,0.0,3.0
45661,Somalia,2020-11-05,107,Deaths,0.0,3.0
45662,South Africa,2020-01-22,0,Deaths,,
45663,South Africa,2020-01-23,0,Deaths,0.0,
45664,South Africa,2020-01-24,0,Deaths,0.0,
45665,South Africa,2020-01-25,0,Deaths,0.0,
45666,South Africa,2020-01-26,0,Deaths,0.0,
45667,South Africa,2020-01-27,0,Deaths,0.0,
45668,South Africa,2020-01-28,0,Deaths,0.0,
45669,South Africa,2020-01-29,0,Deaths,0.0,0.0
45670,South Africa,2020-01-30,0,Deaths,0.0,0.0
45671,South Africa,2020-01-31,0,Deaths,0.0,0.0
45672,South Africa,2020-02-01,0,Deaths,0.0,0.0
45673,South Africa,2020-02-02,0,Deaths,0.0,0.0
45674,South Africa,2020-02-03,0,Deaths,0.0,0.0
45675,South Africa,2020-02-04,0,Deaths,0.0,0.0
45676,South Africa,2020-02-05,0,Deaths,0.0,0.0
45677,South Africa,2020-02-06,0,Deaths,0.0,0.0
45678,South Africa,2020-02-07,0,Deaths,0.0,0.0
45679,South Africa,2020-02-08,0,Deaths,0.0,0.0
45680,South Africa,2020-02-09,0,Deaths,0.0,0.0
45681,South Africa,2020-02-10,0,Deaths,0.0,0.0
45682,South Africa,2020-02-11,0,Deaths,0.0,0.0
45683,South Africa,2020-02-12,0,Deaths,0.0,0.0
45684,South Africa,2020-02-13,0,Deaths,0.0,0.0
45685,South Africa,2020-02-14,0,Deaths,0.0,0.0
45686,South Africa,2020-02-15,0,Deaths,0.0,0.0
45687,South Africa,2020-02-16,0,Deaths,0.0,0.0
45688,South Africa,2020-02-17,0,Deaths,0.0,0.0
45689,South Africa,2020-02-18,0,Deaths,0.0,0.0
45690,South Africa,2020-02-19,0,Deaths,0.0,0.0
45691,South Africa,2020-02-20,0,Deaths,0.0,0.0
45692,South Africa,2020-02-21,0,Deaths,0.0,0.0
45693,South Africa,2020-02-22,0,Deaths,0.0,0.0
45694,South Africa,2020-02-23,0,Deaths,0.0,0.0
45695,South Africa,2020-02-24,0,Deaths,0.0,0.0
45696,South Africa,2020-02-25,0,Deaths,0.0,0.0
45697,South Africa,2020-02-26,0,Deaths,0.0,0.0
45698,South Africa,2020-02-27,0,Deaths,0.0,0.0
45699,South Africa,2020-02-28,0,Deaths,0.0,0.0
45700,South Africa,2020-02-29,0,Deaths,0.0,0.0
45701,South Africa,2020-03-01,0,Deaths,0.0,0.0
45702,South Africa,2020-03-02,0,Deaths,0.0,0.0
45703,South Africa,2020-03-03,0,Deaths,0.0,0.0
45704,South Africa,2020-03-04,0,Deaths,0.0,0.0
45705,South Africa,2020-03-05,0,Deaths,0.0,0.0
45706,South Africa,2020-03-06,0,Deaths,0.0,0.0
45707,South Africa,2020-03-07,0,Deaths,0.0,0.0
45708,South Africa,2020-03-08,0,Deaths,0.0,0.0
45709,South Africa,2020-03-09,0,Deaths,0.0,0.0
45710,South Africa,2020-03-10,0,Deaths,0.0,0.0
45711,South Africa,2020-03-11,0,Deaths,0.0,0.0
45712,South Africa,2020-03-12,0,Deaths,0.0,0.0
45713,South Africa,2020-03-13,0,Deaths,0.0,0.0
45714,South Africa,2020-03-14,0,Deaths,0.0,0.0
45715,South Africa,2020-03-15,0,Deaths,0.0,0.0
45716,South Africa,2020-03-16,0,Deaths,0.0,0.0
45717,South Africa,2020-03-17,0,Deaths,0.0,0.0
45718,South Africa,2020-03-18,0,Deaths,0.0,0.0
45719,South Africa,2020-03-19,0,Deaths,0.0,0.0
45720,South Africa,2020-03-20,0,Deaths,0.0,0.0
45721,South Africa,2020-03-21,0,Deaths,0.0,0.0
45722,South Africa,2020-03-22,0,Deaths,0.0,0.0
45723,South Africa,2020-03-23,0,Deaths,0.0,0.0
45724,South Africa,2020-03-24,0,Deaths,0.0,0.0
45725,South Africa,2020-03-25,0,Deaths,0.0,0.0
45726,South Africa,2020-03-26,0,Deaths,0.0,0.0
45727,South Africa,2020-03-27,1,Deaths,1.0,1.0
45728,South Africa,2020-03-28,1,Deaths,0.0,1.0
45729,South Africa,2020-03-29,2,Deaths,1.0,2.0
45730,South Africa,2020-03-30,3,Deaths,1.0,3.0
45731,South Africa,2020-03-31,5,Deaths,2.0,5.0
45732,South Africa,2020-04-01,5,Deaths,0.0,5.0
45733,South Africa,2020-04-02,5,Deaths,0.0,5.0
45734,South Africa,2020-04-03,9,Deaths,4.0,8.0
45735,South Africa,2020-04-04,9,Deaths,0.0,8.0
45736,South Africa,2020-04-05,11,Deaths,2.0,9.0
45737,South Africa,2020-04-06,12,Deaths,1.0,9.0
45738,South Africa,2020-04-07,13,Deaths,1.0,8.0
45739,South Africa,2020-04-08,18,Deaths,5.0,13.0
45740,South Africa,2020-04-09,18,Deaths,0.0,13.0
45741,South Africa,2020-04-10,24,Deaths,6.0,15.0
45742,South Africa,2020-04-11,25,Deaths,1.0,16.0
45743,South Africa,2020-04-12,25,Deaths,0.0,14.0
45744,South Africa,2020-04-13,27,Deaths,2.0,15.0
45745,South Africa,2020-04-14,27,Deaths,0.0,14.0
45746,South Africa,2020-04-15,34,Deaths,7.0,16.0
45747,South Africa,2020-04-16,48,Deaths,14.0,30.0
45748,South Africa,2020-04-17,50,Deaths,2.0,26.0
45749,South Africa,2020-04-18,52,Deaths,2.0,27.0
45750,South Africa,2020-04-19,54,Deaths,2.0,29.0
45751,South Africa,2020-04-20,58,Deaths,4.0,31.0
45752,South Africa,2020-04-21,58,Deaths,0.0,31.0
45753,South Africa,2020-04-22,65,Deaths,7.0,31.0
45754,South Africa,2020-04-23,75,Deaths,10.0,27.0
45755,South Africa,2020-04-24,79,Deaths,4.0,29.0
45756,South Africa,2020-04-25,86,Deaths,7.0,34.0
45757,South Africa,2020-04-26,87,Deaths,1.0,33.0
45758,South Africa,2020-04-27,90,Deaths,3.0,32.0
45759,South Africa,2020-04-28,93,Deaths,3.0,35.0
45760,South Africa,2020-04-29,103,Deaths,10.0,38.0
45761,South Africa,2020-04-30,103,Deaths,0.0,28.0
45762,South Africa,2020-05-01,116,Deaths,13.0,37.0
45763,South Africa,2020-05-02,123,Deaths,7.0,37.0
45764,South Africa,2020-05-03,131,Deaths,8.0,44.0
45765,South Africa,2020-05-04,138,Deaths,7.0,48.0
45766,South Africa,2020-05-05,148,Deaths,10.0,55.0
45767,South Africa,2020-05-06,153,Deaths,5.0,50.0
45768,South Africa,2020-05-07,161,Deaths,8.0,58.0
45769,South Africa,2020-05-08,178,Deaths,17.0,62.0
45770,South Africa,2020-05-09,186,Deaths,8.0,63.0
45771,South Africa,2020-05-10,194,Deaths,8.0,63.0
45772,South Africa,2020-05-11,206,Deaths,12.0,68.0
45773,South Africa,2020-05-12,206,Deaths,0.0,58.0
45774,South Africa,2020-05-13,219,Deaths,13.0,66.0
45775,South Africa,2020-05-14,238,Deaths,19.0,77.0
45776,South Africa,2020-05-15,247,Deaths,9.0,69.0
45777,South Africa,2020-05-16,261,Deaths,14.0,75.0
45778,South Africa,2020-05-17,264,Deaths,3.0,70.0
45779,South Africa,2020-05-18,286,Deaths,22.0,80.0
45780,South Africa,2020-05-19,312,Deaths,26.0,106.0
45781,South Africa,2020-05-20,339,Deaths,27.0,120.0
45782,South Africa,2020-05-21,369,Deaths,30.0,131.0
45783,South Africa,2020-05-22,397,Deaths,28.0,150.0
45784,South Africa,2020-05-23,407,Deaths,10.0,146.0
45785,South Africa,2020-05-24,429,Deaths,22.0,165.0
45786,South Africa,2020-05-25,481,Deaths,52.0,195.0
45787,South Africa,2020-05-26,524,Deaths,43.0,212.0
45788,South Africa,2020-05-27,552,Deaths,28.0,213.0
45789,South Africa,2020-05-28,577,Deaths,25.0,208.0
45790,South Africa,2020-05-29,611,Deaths,34.0,214.0
45791,South Africa,2020-05-30,643,Deaths,32.0,236.0
45792,South Africa,2020-05-31,683,Deaths,40.0,254.0
45793,South Africa,2020-06-01,705,Deaths,22.0,224.0
45794,South Africa,2020-06-02,755,Deaths,50.0,231.0
45795,South Africa,2020-06-03,792,Deaths,37.0,240.0
45796,South Africa,2020-06-04,848,Deaths,56.0,271.0
45797,South Africa,2020-06-05,908,Deaths,60.0,297.0
45798,South Africa,2020-06-06,952,Deaths,44.0,309.0
45799,South Africa,2020-06-07,998,Deaths,46.0,315.0
45800,South Africa,2020-06-08,1080,Deaths,82.0,375.0
45801,South Africa,2020-06-09,1162,Deaths,82.0,407.0
45802,South Africa,2020-06-10,1210,Deaths,48.0,418.0
45803,South Africa,2020-06-11,1284,Deaths,74.0,436.0
45804,South Africa,2020-06-12,1354,Deaths,70.0,446.0
45805,South Africa,2020-06-13,1423,Deaths,69.0,471.0
45806,South Africa,2020-06-14,1480,Deaths,57.0,482.0
45807,South Africa,2020-06-15,1568,Deaths,88.0,488.0
45808,South Africa,2020-06-16,1625,Deaths,57.0,463.0
45809,South Africa,2020-06-17,1674,Deaths,49.0,464.0
45810,South Africa,2020-06-18,1737,Deaths,63.0,453.0
45811,South Africa,2020-06-19,1831,Deaths,94.0,477.0
45812,South Africa,2020-06-20,1877,Deaths,46.0,454.0
45813,South Africa,2020-06-21,1930,Deaths,53.0,450.0
45814,South Africa,2020-06-22,1991,Deaths,61.0,423.0
45815,South Africa,2020-06-23,2102,Deaths,111.0,477.0
45816,South Africa,2020-06-24,2205,Deaths,103.0,531.0
45817,South Africa,2020-06-25,2292,Deaths,87.0,555.0
45818,South Africa,2020-06-26,2340,Deaths,48.0,509.0
45819,South Africa,2020-06-27,2413,Deaths,73.0,536.0
45820,South Africa,2020-06-28,2456,Deaths,43.0,526.0
45821,South Africa,2020-06-29,2529,Deaths,73.0,538.0
45822,South Africa,2020-06-30,2657,Deaths,128.0,555.0
45823,South Africa,2020-07-01,2749,Deaths,92.0,544.0
45824,South Africa,2020-07-02,2844,Deaths,95.0,552.0
45825,South Africa,2020-07-03,2952,Deaths,108.0,612.0
45826,South Africa,2020-07-04,3026,Deaths,74.0,613.0
45827,South Africa,2020-07-05,3199,Deaths,173.0,743.0
45828,South Africa,2020-07-06,3310,Deaths,111.0,781.0
45829,South Africa,2020-07-07,3502,Deaths,192.0,845.0
45830,South Africa,2020-07-08,3602,Deaths,100.0,853.0
45831,South Africa,2020-07-09,3720,Deaths,118.0,876.0
45832,South Africa,2020-07-10,3860,Deaths,140.0,908.0
45833,South Africa,2020-07-11,3971,Deaths,111.0,945.0
45834,South Africa,2020-07-12,4079,Deaths,108.0,880.0
45835,South Africa,2020-07-13,4172,Deaths,93.0,862.0
45836,South Africa,2020-07-14,4346,Deaths,174.0,844.0
45837,South Africa,2020-07-15,4453,Deaths,107.0,851.0
45838,South Africa,2020-07-16,4669,Deaths,216.0,949.0
45839,South Africa,2020-07-17,4804,Deaths,135.0,944.0
45840,South Africa,2020-07-18,4948,Deaths,144.0,977.0
45841,South Africa,2020-07-19,5033,Deaths,85.0,954.0
45842,South Africa,2020-07-20,5173,Deaths,140.0,1001.0
45843,South Africa,2020-07-21,5368,Deaths,195.0,1022.0
45844,South Africa,2020-07-22,5940,Deaths,572.0,1487.0
45845,South Africa,2020-07-23,6093,Deaths,153.0,1424.0
45846,South Africa,2020-07-24,6343,Deaths,250.0,1539.0
45847,South Africa,2020-07-25,6655,Deaths,312.0,1707.0
45848,South Africa,2020-07-26,6769,Deaths,114.0,1736.0
45849,South Africa,2020-07-27,7067,Deaths,298.0,1894.0
45850,South Africa,2020-07-28,7257,Deaths,190.0,1889.0
45851,South Africa,2020-07-29,7497,Deaths,240.0,1557.0
45852,South Africa,2020-07-30,7812,Deaths,315.0,1719.0
45853,South Africa,2020-07-31,8005,Deaths,193.0,1662.0
45854,South Africa,2020-08-01,8153,Deaths,148.0,1498.0
45855,South Africa,2020-08-02,8366,Deaths,213.0,1597.0
45856,South Africa,2020-08-03,8539,Deaths,173.0,1472.0
45857,South Africa,2020-08-04,8884,Deaths,345.0,1627.0
45858,South Africa,2020-08-05,9298,Deaths,414.0,1801.0
45859,South Africa,2020-08-06,9604,Deaths,306.0,1792.0
45860,South Africa,2020-08-07,9909,Deaths,305.0,1904.0
45861,South Africa,2020-08-08,10210,Deaths,301.0,2057.0
45862,South Africa,2020-08-09,10408,Deaths,198.0,2042.0
45863,South Africa,2020-08-10,10621,Deaths,213.0,2082.0
45864,South Africa,2020-08-11,10751,Deaths,130.0,1867.0
45865,South Africa,2020-08-12,11010,Deaths,259.0,1712.0
45866,South Africa,2020-08-13,11270,Deaths,260.0,1666.0
45867,South Africa,2020-08-14,11556,Deaths,286.0,1647.0
45868,South Africa,2020-08-15,11677,Deaths,121.0,1467.0
45869,South Africa,2020-08-16,11839,Deaths,162.0,1431.0
45870,South Africa,2020-08-17,11982,Deaths,143.0,1361.0
45871,South Africa,2020-08-18,12264,Deaths,282.0,1513.0
45872,South Africa,2020-08-19,12423,Deaths,159.0,1413.0
45873,South Africa,2020-08-20,12618,Deaths,195.0,1348.0
45874,South Africa,2020-08-21,12843,Deaths,225.0,1287.0
45875,South Africa,2020-08-22,12987,Deaths,144.0,1310.0
45876,South Africa,2020-08-23,13059,Deaths,72.0,1220.0
45877,South Africa,2020-08-24,13159,Deaths,100.0,1177.0
45878,South Africa,2020-08-25,13308,Deaths,149.0,1044.0
45879,South Africa,2020-08-26,13502,Deaths,194.0,1079.0
45880,South Africa,2020-08-27,13628,Deaths,126.0,1010.0
45881,South Africa,2020-08-28,13743,Deaths,115.0,900.0
45882,South Africa,2020-08-29,13981,Deaths,238.0,994.0
45883,South Africa,2020-08-30,14028,Deaths,47.0,969.0
45884,South Africa,2020-08-31,14149,Deaths,121.0,990.0
45885,South Africa,2020-09-01,14263,Deaths,114.0,955.0
45886,South Africa,2020-09-02,14389,Deaths,126.0,887.0
45887,South Africa,2020-09-03,14563,Deaths,174.0,935.0
45888,South Africa,2020-09-04,14678,Deaths,115.0,935.0
45889,South Africa,2020-09-05,14779,Deaths,101.0,798.0
45890,South Africa,2020-09-06,14889,Deaths,110.0,861.0
45891,South Africa,2020-09-07,15004,Deaths,115.0,855.0
45892,South Africa,2020-09-08,15086,Deaths,82.0,823.0
45893,South Africa,2020-09-09,15168,Deaths,82.0,779.0
45894,South Africa,2020-09-10,15265,Deaths,97.0,702.0
45895,South Africa,2020-09-11,15378,Deaths,113.0,700.0
45896,South Africa,2020-09-12,15427,Deaths,49.0,648.0
45897,South Africa,2020-09-13,15447,Deaths,20.0,558.0
45898,South Africa,2020-09-14,15499,Deaths,52.0,495.0
45899,South Africa,2020-09-15,15641,Deaths,142.0,555.0
45900,South Africa,2020-09-16,15705,Deaths,64.0,537.0
45901,South Africa,2020-09-17,15772,Deaths,67.0,507.0
45902,South Africa,2020-09-18,15857,Deaths,85.0,479.0
45903,South Africa,2020-09-19,15940,Deaths,83.0,513.0
45904,South Africa,2020-09-20,15953,Deaths,13.0,506.0
45905,South Africa,2020-09-21,15992,Deaths,39.0,493.0
45906,South Africa,2020-09-22,16118,Deaths,126.0,477.0
45907,South Africa,2020-09-23,16206,Deaths,88.0,501.0
45908,South Africa,2020-09-24,16283,Deaths,77.0,511.0
45909,South Africa,2020-09-25,16312,Deaths,29.0,455.0
45910,South Africa,2020-09-26,16376,Deaths,64.0,436.0
45911,South Africa,2020-09-27,16398,Deaths,22.0,445.0
45912,South Africa,2020-09-28,16586,Deaths,188.0,594.0
45913,South Africa,2020-09-29,16667,Deaths,81.0,549.0
45914,South Africa,2020-09-30,16734,Deaths,67.0,528.0
45915,South Africa,2020-10-01,16866,Deaths,132.0,583.0
45916,South Africa,2020-10-02,16909,Deaths,43.0,597.0
45917,South Africa,2020-10-03,16938,Deaths,29.0,562.0
45918,South Africa,2020-10-04,16976,Deaths,38.0,578.0
45919,South Africa,2020-10-05,17016,Deaths,40.0,430.0
45920,South Africa,2020-10-06,17103,Deaths,87.0,436.0
45921,South Africa,2020-10-07,17248,Deaths,145.0,514.0
45922,South Africa,2020-10-08,17408,Deaths,160.0,542.0
45923,South Africa,2020-10-09,17547,Deaths,139.0,638.0
45924,South Africa,2020-10-10,17673,Deaths,126.0,735.0
45925,South Africa,2020-10-11,17780,Deaths,107.0,804.0
45926,South Africa,2020-10-12,17863,Deaths,83.0,847.0
45927,South Africa,2020-10-13,18028,Deaths,165.0,925.0
45928,South Africa,2020-10-14,18151,Deaths,123.0,903.0
45929,South Africa,2020-10-15,18309,Deaths,158.0,901.0
45930,South Africa,2020-10-16,18370,Deaths,61.0,823.0
45931,South Africa,2020-10-17,18408,Deaths,38.0,735.0
45932,South Africa,2020-10-18,18471,Deaths,63.0,691.0
45933,South Africa,2020-10-19,18492,Deaths,21.0,629.0
45934,South Africa,2020-10-20,18656,Deaths,164.0,628.0
45935,South Africa,2020-10-21,18741,Deaths,85.0,590.0
45936,South Africa,2020-10-22,18843,Deaths,102.0,534.0
45937,South Africa,2020-10-23,18891,Deaths,48.0,521.0
45938,South Africa,2020-10-24,18944,Deaths,53.0,536.0
45939,South Africa,2020-10-25,18968,Deaths,24.0,497.0
45940,South Africa,2020-10-26,19008,Deaths,40.0,516.0
45941,South Africa,2020-10-27,19053,Deaths,45.0,397.0
45942,South Africa,2020-10-28,19111,Deaths,58.0,370.0
45943,South Africa,2020-10-29,19164,Deaths,53.0,321.0
45944,South Africa,2020-10-30,19230,Deaths,66.0,339.0
45945,South Africa,2020-10-31,19276,Deaths,46.0,332.0
45946,South Africa,2020-11-01,19411,Deaths,135.0,443.0
45947,South Africa,2020-11-02,19465,Deaths,54.0,457.0
45948,South Africa,2020-11-03,19539,Deaths,74.0,486.0
45949,South Africa,2020-11-04,19585,Deaths,46.0,474.0
45950,South Africa,2020-11-05,19677,Deaths,92.0,513.0
45951,South Sudan,2020-01-22,0,Deaths,,
45952,South Sudan,2020-01-23,0,Deaths,0.0,
45953,South Sudan,2020-01-24,0,Deaths,0.0,
45954,South Sudan,2020-01-25,0,Deaths,0.0,
45955,South Sudan,2020-01-26,0,Deaths,0.0,
45956,South Sudan,2020-01-27,0,Deaths,0.0,
45957,South Sudan,2020-01-28,0,Deaths,0.0,
45958,South Sudan,2020-01-29,0,Deaths,0.0,0.0
45959,South Sudan,2020-01-30,0,Deaths,0.0,0.0
45960,South Sudan,2020-01-31,0,Deaths,0.0,0.0
45961,South Sudan,2020-02-01,0,Deaths,0.0,0.0
45962,South Sudan,2020-02-02,0,Deaths,0.0,0.0
45963,South Sudan,2020-02-03,0,Deaths,0.0,0.0
45964,South Sudan,2020-02-04,0,Deaths,0.0,0.0
45965,South Sudan,2020-02-05,0,Deaths,0.0,0.0
45966,South Sudan,2020-02-06,0,Deaths,0.0,0.0
45967,South Sudan,2020-02-07,0,Deaths,0.0,0.0
45968,South Sudan,2020-02-08,0,Deaths,0.0,0.0
45969,South Sudan,2020-02-09,0,Deaths,0.0,0.0
45970,South Sudan,2020-02-10,0,Deaths,0.0,0.0
45971,South Sudan,2020-02-11,0,Deaths,0.0,0.0
45972,South Sudan,2020-02-12,0,Deaths,0.0,0.0
45973,South Sudan,2020-02-13,0,Deaths,0.0,0.0
45974,South Sudan,2020-02-14,0,Deaths,0.0,0.0
45975,South Sudan,2020-02-15,0,Deaths,0.0,0.0
45976,South Sudan,2020-02-16,0,Deaths,0.0,0.0
45977,South Sudan,2020-02-17,0,Deaths,0.0,0.0
45978,South Sudan,2020-02-18,0,Deaths,0.0,0.0
45979,South Sudan,2020-02-19,0,Deaths,0.0,0.0
45980,South Sudan,2020-02-20,0,Deaths,0.0,0.0
45981,South Sudan,2020-02-21,0,Deaths,0.0,0.0
45982,South Sudan,2020-02-22,0,Deaths,0.0,0.0
45983,South Sudan,2020-02-23,0,Deaths,0.0,0.0
45984,South Sudan,2020-02-24,0,Deaths,0.0,0.0
45985,South Sudan,2020-02-25,0,Deaths,0.0,0.0
45986,South Sudan,2020-02-26,0,Deaths,0.0,0.0
45987,South Sudan,2020-02-27,0,Deaths,0.0,0.0
45988,South Sudan,2020-02-28,0,Deaths,0.0,0.0
45989,South Sudan,2020-02-29,0,Deaths,0.0,0.0
45990,South Sudan,2020-03-01,0,Deaths,0.0,0.0
45991,South Sudan,2020-03-02,0,Deaths,0.0,0.0
45992,South Sudan,2020-03-03,0,Deaths,0.0,0.0
45993,South Sudan,2020-03-04,0,Deaths,0.0,0.0
45994,South Sudan,2020-03-05,0,Deaths,0.0,0.0
45995,South Sudan,2020-03-06,0,Deaths,0.0,0.0
45996,South Sudan,2020-03-07,0,Deaths,0.0,0.0
45997,South Sudan,2020-03-08,0,Deaths,0.0,0.0
45998,South Sudan,2020-03-09,0,Deaths,0.0,0.0
45999,South Sudan,2020-03-10,0,Deaths,0.0,0.0
46000,South Sudan,2020-03-11,0,Deaths,0.0,0.0
46001,South Sudan,2020-03-12,0,Deaths,0.0,0.0
46002,South Sudan,2020-03-13,0,Deaths,0.0,0.0
46003,South Sudan,2020-03-14,0,Deaths,0.0,0.0
46004,South Sudan,2020-03-15,0,Deaths,0.0,0.0
46005,South Sudan,2020-03-16,0,Deaths,0.0,0.0
46006,South Sudan,2020-03-17,0,Deaths,0.0,0.0
46007,South Sudan,2020-03-18,0,Deaths,0.0,0.0
46008,South Sudan,2020-03-19,0,Deaths,0.0,0.0
46009,South Sudan,2020-03-20,0,Deaths,0.0,0.0
46010,South Sudan,2020-03-21,0,Deaths,0.0,0.0
46011,South Sudan,2020-03-22,0,Deaths,0.0,0.0
46012,South Sudan,2020-03-23,0,Deaths,0.0,0.0
46013,South Sudan,2020-03-24,0,Deaths,0.0,0.0
46014,South Sudan,2020-03-25,0,Deaths,0.0,0.0
46015,South Sudan,2020-03-26,0,Deaths,0.0,0.0
46016,South Sudan,2020-03-27,0,Deaths,0.0,0.0
46017,South Sudan,2020-03-28,0,Deaths,0.0,0.0
46018,South Sudan,2020-03-29,0,Deaths,0.0,0.0
46019,South Sudan,2020-03-30,0,Deaths,0.0,0.0
46020,South Sudan,2020-03-31,0,Deaths,0.0,0.0
46021,South Sudan,2020-04-01,0,Deaths,0.0,0.0
46022,South Sudan,2020-04-02,0,Deaths,0.0,0.0
46023,South Sudan,2020-04-03,0,Deaths,0.0,0.0
46024,South Sudan,2020-04-04,0,Deaths,0.0,0.0
46025,South Sudan,2020-04-05,0,Deaths,0.0,0.0
46026,South Sudan,2020-04-06,0,Deaths,0.0,0.0
46027,South Sudan,2020-04-07,0,Deaths,0.0,0.0
46028,South Sudan,2020-04-08,0,Deaths,0.0,0.0
46029,South Sudan,2020-04-09,0,Deaths,0.0,0.0
46030,South Sudan,2020-04-10,0,Deaths,0.0,0.0
46031,South Sudan,2020-04-11,0,Deaths,0.0,0.0
46032,South Sudan,2020-04-12,0,Deaths,0.0,0.0
46033,South Sudan,2020-04-13,0,Deaths,0.0,0.0
46034,South Sudan,2020-04-14,0,Deaths,0.0,0.0
46035,South Sudan,2020-04-15,0,Deaths,0.0,0.0
46036,South Sudan,2020-04-16,0,Deaths,0.0,0.0
46037,South Sudan,2020-04-17,0,Deaths,0.0,0.0
46038,South Sudan,2020-04-18,0,Deaths,0.0,0.0
46039,South Sudan,2020-04-19,0,Deaths,0.0,0.0
46040,South Sudan,2020-04-20,0,Deaths,0.0,0.0
46041,South Sudan,2020-04-21,0,Deaths,0.0,0.0
46042,South Sudan,2020-04-22,0,Deaths,0.0,0.0
46043,South Sudan,2020-04-23,0,Deaths,0.0,0.0
46044,South Sudan,2020-04-24,0,Deaths,0.0,0.0
46045,South Sudan,2020-04-25,0,Deaths,0.0,0.0
46046,South Sudan,2020-04-26,0,Deaths,0.0,0.0
46047,South Sudan,2020-04-27,0,Deaths,0.0,0.0
46048,South Sudan,2020-04-28,0,Deaths,0.0,0.0
46049,South Sudan,2020-04-29,0,Deaths,0.0,0.0
46050,South Sudan,2020-04-30,0,Deaths,0.0,0.0
46051,South Sudan,2020-05-01,0,Deaths,0.0,0.0
46052,South Sudan,2020-05-02,0,Deaths,0.0,0.0
46053,South Sudan,2020-05-03,0,Deaths,0.0,0.0
46054,South Sudan,2020-05-04,0,Deaths,0.0,0.0
46055,South Sudan,2020-05-05,0,Deaths,0.0,0.0
46056,South Sudan,2020-05-06,0,Deaths,0.0,0.0
46057,South Sudan,2020-05-07,0,Deaths,0.0,0.0
46058,South Sudan,2020-05-08,0,Deaths,0.0,0.0
46059,South Sudan,2020-05-09,0,Deaths,0.0,0.0
46060,South Sudan,2020-05-10,0,Deaths,0.0,0.0
46061,South Sudan,2020-05-11,0,Deaths,0.0,0.0
46062,South Sudan,2020-05-12,0,Deaths,0.0,0.0
46063,South Sudan,2020-05-13,0,Deaths,0.0,0.0
46064,South Sudan,2020-05-14,0,Deaths,0.0,0.0
46065,South Sudan,2020-05-15,4,Deaths,4.0,4.0
46066,South Sudan,2020-05-16,4,Deaths,0.0,4.0
46067,South Sudan,2020-05-17,4,Deaths,0.0,4.0
46068,South Sudan,2020-05-18,4,Deaths,0.0,4.0
46069,South Sudan,2020-05-19,4,Deaths,0.0,4.0
46070,South Sudan,2020-05-20,4,Deaths,0.0,4.0
46071,South Sudan,2020-05-21,4,Deaths,0.0,4.0
46072,South Sudan,2020-05-22,6,Deaths,2.0,2.0
46073,South Sudan,2020-05-23,8,Deaths,2.0,4.0
46074,South Sudan,2020-05-24,8,Deaths,0.0,4.0
46075,South Sudan,2020-05-25,8,Deaths,0.0,4.0
46076,South Sudan,2020-05-26,8,Deaths,0.0,4.0
46077,South Sudan,2020-05-27,10,Deaths,2.0,6.0
46078,South Sudan,2020-05-28,10,Deaths,0.0,6.0
46079,South Sudan,2020-05-29,10,Deaths,0.0,4.0
46080,South Sudan,2020-05-30,10,Deaths,0.0,2.0
46081,South Sudan,2020-05-31,10,Deaths,0.0,2.0
46082,South Sudan,2020-06-01,10,Deaths,0.0,2.0
46083,South Sudan,2020-06-02,10,Deaths,0.0,2.0
46084,South Sudan,2020-06-03,10,Deaths,0.0,0.0
46085,South Sudan,2020-06-04,10,Deaths,0.0,0.0
46086,South Sudan,2020-06-05,10,Deaths,0.0,0.0
46087,South Sudan,2020-06-06,10,Deaths,0.0,0.0
46088,South Sudan,2020-06-07,14,Deaths,4.0,4.0
46089,South Sudan,2020-06-08,19,Deaths,5.0,9.0
46090,South Sudan,2020-06-09,19,Deaths,0.0,9.0
46091,South Sudan,2020-06-10,19,Deaths,0.0,9.0
46092,South Sudan,2020-06-11,24,Deaths,5.0,14.0
46093,South Sudan,2020-06-12,24,Deaths,0.0,14.0
46094,South Sudan,2020-06-13,27,Deaths,3.0,17.0
46095,South Sudan,2020-06-14,27,Deaths,0.0,13.0
46096,South Sudan,2020-06-15,27,Deaths,0.0,8.0
46097,South Sudan,2020-06-16,30,Deaths,3.0,11.0
46098,South Sudan,2020-06-17,31,Deaths,1.0,12.0
46099,South Sudan,2020-06-18,32,Deaths,1.0,8.0
46100,South Sudan,2020-06-19,34,Deaths,2.0,10.0
46101,South Sudan,2020-06-20,34,Deaths,0.0,7.0
46102,South Sudan,2020-06-21,34,Deaths,0.0,7.0
46103,South Sudan,2020-06-22,35,Deaths,1.0,8.0
46104,South Sudan,2020-06-23,36,Deaths,1.0,6.0
46105,South Sudan,2020-06-24,36,Deaths,0.0,5.0
46106,South Sudan,2020-06-25,36,Deaths,0.0,4.0
46107,South Sudan,2020-06-26,36,Deaths,0.0,2.0
46108,South Sudan,2020-06-27,36,Deaths,0.0,2.0
46109,South Sudan,2020-06-28,36,Deaths,0.0,2.0
46110,South Sudan,2020-06-29,36,Deaths,0.0,1.0
46111,South Sudan,2020-06-30,38,Deaths,2.0,2.0
46112,South Sudan,2020-07-01,38,Deaths,0.0,2.0
46113,South Sudan,2020-07-02,38,Deaths,0.0,2.0
46114,South Sudan,2020-07-03,38,Deaths,0.0,2.0
46115,South Sudan,2020-07-04,38,Deaths,0.0,2.0
46116,South Sudan,2020-07-05,38,Deaths,0.0,2.0
46117,South Sudan,2020-07-06,38,Deaths,0.0,2.0
46118,South Sudan,2020-07-07,38,Deaths,0.0,0.0
46119,South Sudan,2020-07-08,38,Deaths,0.0,0.0
46120,South Sudan,2020-07-09,38,Deaths,0.0,0.0
46121,South Sudan,2020-07-10,38,Deaths,0.0,0.0
46122,South Sudan,2020-07-11,38,Deaths,0.0,0.0
46123,South Sudan,2020-07-12,38,Deaths,0.0,0.0
46124,South Sudan,2020-07-13,41,Deaths,3.0,3.0
46125,South Sudan,2020-07-14,41,Deaths,0.0,3.0
46126,South Sudan,2020-07-15,41,Deaths,0.0,3.0
46127,South Sudan,2020-07-16,41,Deaths,0.0,3.0
46128,South Sudan,2020-07-17,43,Deaths,2.0,5.0
46129,South Sudan,2020-07-18,43,Deaths,0.0,5.0
46130,South Sudan,2020-07-19,43,Deaths,0.0,5.0
46131,South Sudan,2020-07-20,45,Deaths,2.0,4.0
46132,South Sudan,2020-07-21,45,Deaths,0.0,4.0
46133,South Sudan,2020-07-22,45,Deaths,0.0,4.0
46134,South Sudan,2020-07-23,45,Deaths,0.0,4.0
46135,South Sudan,2020-07-24,45,Deaths,0.0,2.0
46136,South Sudan,2020-07-25,45,Deaths,0.0,2.0
46137,South Sudan,2020-07-26,45,Deaths,0.0,2.0
46138,South Sudan,2020-07-27,46,Deaths,1.0,1.0
46139,South Sudan,2020-07-28,46,Deaths,0.0,1.0
46140,South Sudan,2020-07-29,46,Deaths,0.0,1.0
46141,South Sudan,2020-07-30,46,Deaths,0.0,1.0
46142,South Sudan,2020-07-31,46,Deaths,0.0,1.0
46143,South Sudan,2020-08-01,46,Deaths,0.0,1.0
46144,South Sudan,2020-08-02,46,Deaths,0.0,1.0
46145,South Sudan,2020-08-03,46,Deaths,0.0,0.0
46146,South Sudan,2020-08-04,47,Deaths,1.0,1.0
46147,South Sudan,2020-08-05,47,Deaths,0.0,1.0
46148,South Sudan,2020-08-06,47,Deaths,0.0,1.0
46149,South Sudan,2020-08-07,47,Deaths,0.0,1.0
46150,South Sudan,2020-08-08,47,Deaths,0.0,1.0
46151,South Sudan,2020-08-09,47,Deaths,0.0,1.0
46152,South Sudan,2020-08-10,47,Deaths,0.0,1.0
46153,South Sudan,2020-08-11,47,Deaths,0.0,0.0
46154,South Sudan,2020-08-12,47,Deaths,0.0,0.0
46155,South Sudan,2020-08-13,47,Deaths,0.0,0.0
46156,South Sudan,2020-08-14,47,Deaths,0.0,0.0
46157,South Sudan,2020-08-15,47,Deaths,0.0,0.0
46158,South Sudan,2020-08-16,47,Deaths,0.0,0.0
46159,South Sudan,2020-08-17,47,Deaths,0.0,0.0
46160,South Sudan,2020-08-18,47,Deaths,0.0,0.0
46161,South Sudan,2020-08-19,47,Deaths,0.0,0.0
46162,South Sudan,2020-08-20,47,Deaths,0.0,0.0
46163,South Sudan,2020-08-21,47,Deaths,0.0,0.0
46164,South Sudan,2020-08-22,47,Deaths,0.0,0.0
46165,South Sudan,2020-08-23,47,Deaths,0.0,0.0
46166,South Sudan,2020-08-24,47,Deaths,0.0,0.0
46167,South Sudan,2020-08-25,47,Deaths,0.0,0.0
46168,South Sudan,2020-08-26,47,Deaths,0.0,0.0
46169,South Sudan,2020-08-27,47,Deaths,0.0,0.0
46170,South Sudan,2020-08-28,47,Deaths,0.0,0.0
46171,South Sudan,2020-08-29,47,Deaths,0.0,0.0
46172,South Sudan,2020-08-30,47,Deaths,0.0,0.0
46173,South Sudan,2020-08-31,47,Deaths,0.0,0.0
46174,South Sudan,2020-09-01,47,Deaths,0.0,0.0
46175,South Sudan,2020-09-02,47,Deaths,0.0,0.0
46176,South Sudan,2020-09-03,47,Deaths,0.0,0.0
46177,South Sudan,2020-09-04,47,Deaths,0.0,0.0
46178,South Sudan,2020-09-05,48,Deaths,1.0,1.0
46179,South Sudan,2020-09-06,48,Deaths,0.0,1.0
46180,South Sudan,2020-09-07,48,Deaths,0.0,1.0
46181,South Sudan,2020-09-08,49,Deaths,1.0,2.0
46182,South Sudan,2020-09-09,49,Deaths,0.0,2.0
46183,South Sudan,2020-09-10,49,Deaths,0.0,2.0
46184,South Sudan,2020-09-11,49,Deaths,0.0,2.0
46185,South Sudan,2020-09-12,49,Deaths,0.0,1.0
46186,South Sudan,2020-09-13,49,Deaths,0.0,1.0
46187,South Sudan,2020-09-14,49,Deaths,0.0,1.0
46188,South Sudan,2020-09-15,49,Deaths,0.0,0.0
46189,South Sudan,2020-09-16,49,Deaths,0.0,0.0
46190,South Sudan,2020-09-17,49,Deaths,0.0,0.0
46191,South Sudan,2020-09-18,49,Deaths,0.0,0.0
46192,South Sudan,2020-09-19,49,Deaths,0.0,0.0
46193,South Sudan,2020-09-20,49,Deaths,0.0,0.0
46194,South Sudan,2020-09-21,49,Deaths,0.0,0.0
46195,South Sudan,2020-09-22,49,Deaths,0.0,0.0
46196,South Sudan,2020-09-23,49,Deaths,0.0,0.0
46197,South Sudan,2020-09-24,49,Deaths,0.0,0.0
46198,South Sudan,2020-09-25,49,Deaths,0.0,0.0
46199,South Sudan,2020-09-26,49,Deaths,0.0,0.0
46200,South Sudan,2020-09-27,49,Deaths,0.0,0.0
46201,South Sudan,2020-09-28,49,Deaths,0.0,0.0
46202,South Sudan,2020-09-29,49,Deaths,0.0,0.0
46203,South Sudan,2020-09-30,49,Deaths,0.0,0.0
46204,South Sudan,2020-10-01,49,Deaths,0.0,0.0
46205,South Sudan,2020-10-02,50,Deaths,1.0,1.0
46206,South Sudan,2020-10-03,50,Deaths,0.0,1.0
46207,South Sudan,2020-10-04,50,Deaths,0.0,1.0
46208,South Sudan,2020-10-05,50,Deaths,0.0,1.0
46209,South Sudan,2020-10-06,50,Deaths,0.0,1.0
46210,South Sudan,2020-10-07,50,Deaths,0.0,1.0
46211,South Sudan,2020-10-08,53,Deaths,3.0,4.0
46212,South Sudan,2020-10-09,54,Deaths,1.0,4.0
46213,South Sudan,2020-10-10,54,Deaths,0.0,4.0
46214,South Sudan,2020-10-11,55,Deaths,1.0,5.0
46215,South Sudan,2020-10-12,55,Deaths,0.0,5.0
46216,South Sudan,2020-10-13,55,Deaths,0.0,5.0
46217,South Sudan,2020-10-14,55,Deaths,0.0,5.0
46218,South Sudan,2020-10-15,55,Deaths,0.0,2.0
46219,South Sudan,2020-10-16,55,Deaths,0.0,1.0
46220,South Sudan,2020-10-17,55,Deaths,0.0,1.0
46221,South Sudan,2020-10-18,55,Deaths,0.0,0.0
46222,South Sudan,2020-10-19,55,Deaths,0.0,0.0
46223,South Sudan,2020-10-20,55,Deaths,0.0,0.0
46224,South Sudan,2020-10-21,55,Deaths,0.0,0.0
46225,South Sudan,2020-10-22,55,Deaths,0.0,0.0
46226,South Sudan,2020-10-23,56,Deaths,1.0,1.0
46227,South Sudan,2020-10-24,56,Deaths,0.0,1.0
46228,South Sudan,2020-10-25,56,Deaths,0.0,1.0
46229,South Sudan,2020-10-26,56,Deaths,0.0,1.0
46230,South Sudan,2020-10-27,56,Deaths,0.0,1.0
46231,South Sudan,2020-10-28,56,Deaths,0.0,1.0
46232,South Sudan,2020-10-29,58,Deaths,2.0,3.0
46233,South Sudan,2020-10-30,58,Deaths,0.0,2.0
46234,South Sudan,2020-10-31,58,Deaths,0.0,2.0
46235,South Sudan,2020-11-01,59,Deaths,1.0,3.0
46236,South Sudan,2020-11-02,59,Deaths,0.0,3.0
46237,South Sudan,2020-11-03,59,Deaths,0.0,3.0
46238,South Sudan,2020-11-04,59,Deaths,0.0,3.0
46239,South Sudan,2020-11-05,59,Deaths,0.0,1.0
46240,Spain,2020-01-22,0,Deaths,,
46241,Spain,2020-01-23,0,Deaths,0.0,
46242,Spain,2020-01-24,0,Deaths,0.0,
46243,Spain,2020-01-25,0,Deaths,0.0,
46244,Spain,2020-01-26,0,Deaths,0.0,
46245,Spain,2020-01-27,0,Deaths,0.0,
46246,Spain,2020-01-28,0,Deaths,0.0,
46247,Spain,2020-01-29,0,Deaths,0.0,0.0
46248,Spain,2020-01-30,0,Deaths,0.0,0.0
46249,Spain,2020-01-31,0,Deaths,0.0,0.0
46250,Spain,2020-02-01,0,Deaths,0.0,0.0
46251,Spain,2020-02-02,0,Deaths,0.0,0.0
46252,Spain,2020-02-03,0,Deaths,0.0,0.0
46253,Spain,2020-02-04,0,Deaths,0.0,0.0
46254,Spain,2020-02-05,0,Deaths,0.0,0.0
46255,Spain,2020-02-06,0,Deaths,0.0,0.0
46256,Spain,2020-02-07,0,Deaths,0.0,0.0
46257,Spain,2020-02-08,0,Deaths,0.0,0.0
46258,Spain,2020-02-09,0,Deaths,0.0,0.0
46259,Spain,2020-02-10,0,Deaths,0.0,0.0
46260,Spain,2020-02-11,0,Deaths,0.0,0.0
46261,Spain,2020-02-12,0,Deaths,0.0,0.0
46262,Spain,2020-02-13,0,Deaths,0.0,0.0
46263,Spain,2020-02-14,0,Deaths,0.0,0.0
46264,Spain,2020-02-15,0,Deaths,0.0,0.0
46265,Spain,2020-02-16,0,Deaths,0.0,0.0
46266,Spain,2020-02-17,0,Deaths,0.0,0.0
46267,Spain,2020-02-18,0,Deaths,0.0,0.0
46268,Spain,2020-02-19,0,Deaths,0.0,0.0
46269,Spain,2020-02-20,0,Deaths,0.0,0.0
46270,Spain,2020-02-21,0,Deaths,0.0,0.0
46271,Spain,2020-02-22,0,Deaths,0.0,0.0
46272,Spain,2020-02-23,0,Deaths,0.0,0.0
46273,Spain,2020-02-24,0,Deaths,0.0,0.0
46274,Spain,2020-02-25,0,Deaths,0.0,0.0
46275,Spain,2020-02-26,0,Deaths,0.0,0.0
46276,Spain,2020-02-27,0,Deaths,0.0,0.0
46277,Spain,2020-02-28,0,Deaths,0.0,0.0
46278,Spain,2020-02-29,0,Deaths,0.0,0.0
46279,Spain,2020-03-01,0,Deaths,0.0,0.0
46280,Spain,2020-03-02,0,Deaths,0.0,0.0
46281,Spain,2020-03-03,1,Deaths,1.0,1.0
46282,Spain,2020-03-04,2,Deaths,1.0,2.0
46283,Spain,2020-03-05,3,Deaths,1.0,3.0
46284,Spain,2020-03-06,5,Deaths,2.0,5.0
46285,Spain,2020-03-07,10,Deaths,5.0,10.0
46286,Spain,2020-03-08,17,Deaths,7.0,17.0
46287,Spain,2020-03-09,28,Deaths,11.0,28.0
46288,Spain,2020-03-10,35,Deaths,7.0,34.0
46289,Spain,2020-03-11,54,Deaths,19.0,52.0
46290,Spain,2020-03-12,55,Deaths,1.0,52.0
46291,Spain,2020-03-13,133,Deaths,78.0,128.0
46292,Spain,2020-03-14,195,Deaths,62.0,185.0
46293,Spain,2020-03-15,289,Deaths,94.0,272.0
46294,Spain,2020-03-16,342,Deaths,53.0,314.0
46295,Spain,2020-03-17,533,Deaths,191.0,498.0
46296,Spain,2020-03-18,623,Deaths,90.0,569.0
46297,Spain,2020-03-19,830,Deaths,207.0,775.0
46298,Spain,2020-03-20,1043,Deaths,213.0,910.0
46299,Spain,2020-03-21,1375,Deaths,332.0,1180.0
46300,Spain,2020-03-22,1772,Deaths,397.0,1483.0
46301,Spain,2020-03-23,2311,Deaths,539.0,1969.0
46302,Spain,2020-03-24,2808,Deaths,497.0,2275.0
46303,Spain,2020-03-25,3647,Deaths,839.0,3024.0
46304,Spain,2020-03-26,4365,Deaths,718.0,3535.0
46305,Spain,2020-03-27,5138,Deaths,773.0,4095.0
46306,Spain,2020-03-28,5982,Deaths,844.0,4607.0
46307,Spain,2020-03-29,6803,Deaths,821.0,5031.0
46308,Spain,2020-03-30,7716,Deaths,913.0,5405.0
46309,Spain,2020-03-31,8464,Deaths,748.0,5656.0
46310,Spain,2020-04-01,9387,Deaths,923.0,5740.0
46311,Spain,2020-04-02,10348,Deaths,961.0,5983.0
46312,Spain,2020-04-03,11198,Deaths,850.0,6060.0
46313,Spain,2020-04-04,11947,Deaths,749.0,5965.0
46314,Spain,2020-04-05,12641,Deaths,694.0,5838.0
46315,Spain,2020-04-06,13341,Deaths,700.0,5625.0
46316,Spain,2020-04-07,14045,Deaths,704.0,5581.0
46317,Spain,2020-04-08,14792,Deaths,747.0,5405.0
46318,Spain,2020-04-09,15447,Deaths,655.0,5099.0
46319,Spain,2020-04-10,16081,Deaths,634.0,4883.0
46320,Spain,2020-04-11,16606,Deaths,525.0,4659.0
46321,Spain,2020-04-12,17209,Deaths,603.0,4568.0
46322,Spain,2020-04-13,17756,Deaths,547.0,4415.0
46323,Spain,2020-04-14,18056,Deaths,300.0,4011.0
46324,Spain,2020-04-15,18708,Deaths,652.0,3916.0
46325,Spain,2020-04-16,19315,Deaths,607.0,3868.0
46326,Spain,2020-04-17,20002,Deaths,687.0,3921.0
46327,Spain,2020-04-18,20043,Deaths,41.0,3437.0
46328,Spain,2020-04-19,20453,Deaths,410.0,3244.0
46329,Spain,2020-04-20,20852,Deaths,399.0,3096.0
46330,Spain,2020-04-21,21282,Deaths,430.0,3226.0
46331,Spain,2020-04-22,21717,Deaths,435.0,3009.0
46332,Spain,2020-04-23,22157,Deaths,440.0,2842.0
46333,Spain,2020-04-24,22524,Deaths,367.0,2522.0
46334,Spain,2020-04-25,22902,Deaths,378.0,2859.0
46335,Spain,2020-04-26,23190,Deaths,288.0,2737.0
46336,Spain,2020-04-27,23521,Deaths,331.0,2669.0
46337,Spain,2020-04-28,23822,Deaths,301.0,2540.0
46338,Spain,2020-04-29,24275,Deaths,453.0,2558.0
46339,Spain,2020-04-30,24543,Deaths,268.0,2386.0
46340,Spain,2020-05-01,24543,Deaths,0.0,2019.0
46341,Spain,2020-05-02,25100,Deaths,557.0,2198.0
46342,Spain,2020-05-03,25264,Deaths,164.0,2074.0
46343,Spain,2020-05-04,25428,Deaths,164.0,1907.0
46344,Spain,2020-05-05,25613,Deaths,185.0,1791.0
46345,Spain,2020-05-06,25857,Deaths,244.0,1582.0
46346,Spain,2020-05-07,26070,Deaths,213.0,1527.0
46347,Spain,2020-05-08,26299,Deaths,229.0,1756.0
46348,Spain,2020-05-09,26478,Deaths,179.0,1378.0
46349,Spain,2020-05-10,26621,Deaths,143.0,1357.0
46350,Spain,2020-05-11,26744,Deaths,123.0,1316.0
46351,Spain,2020-05-12,26920,Deaths,176.0,1307.0
46352,Spain,2020-05-13,27104,Deaths,184.0,1247.0
46353,Spain,2020-05-14,27321,Deaths,217.0,1251.0
46354,Spain,2020-05-15,27459,Deaths,138.0,1160.0
46355,Spain,2020-05-16,27563,Deaths,104.0,1085.0
46356,Spain,2020-05-17,27563,Deaths,0.0,942.0
46357,Spain,2020-05-18,27709,Deaths,146.0,965.0
46358,Spain,2020-05-19,27778,Deaths,69.0,858.0
46359,Spain,2020-05-20,27888,Deaths,110.0,784.0
46360,Spain,2020-05-21,27940,Deaths,52.0,619.0
46361,Spain,2020-05-22,28628,Deaths,688.0,1169.0
46362,Spain,2020-05-23,28678,Deaths,50.0,1115.0
46363,Spain,2020-05-24,28752,Deaths,74.0,1189.0
46364,Spain,2020-05-25,26834,Deaths,-1918.0,-875.0
46365,Spain,2020-05-26,27117,Deaths,283.0,-661.0
46366,Spain,2020-05-27,27117,Deaths,0.0,-771.0
46367,Spain,2020-05-28,27119,Deaths,2.0,-821.0
46368,Spain,2020-05-29,27121,Deaths,2.0,-1507.0
46369,Spain,2020-05-30,27125,Deaths,4.0,-1553.0
46370,Spain,2020-05-31,27127,Deaths,2.0,-1625.0
46371,Spain,2020-06-01,27127,Deaths,0.0,293.0
46372,Spain,2020-06-02,27127,Deaths,0.0,10.0
46373,Spain,2020-06-03,27128,Deaths,1.0,11.0
46374,Spain,2020-06-04,27133,Deaths,5.0,14.0
46375,Spain,2020-06-05,27134,Deaths,1.0,13.0
46376,Spain,2020-06-06,27135,Deaths,1.0,10.0
46377,Spain,2020-06-07,27136,Deaths,1.0,9.0
46378,Spain,2020-06-08,27136,Deaths,0.0,9.0
46379,Spain,2020-06-09,27136,Deaths,0.0,9.0
46380,Spain,2020-06-10,27136,Deaths,0.0,8.0
46381,Spain,2020-06-11,27136,Deaths,0.0,3.0
46382,Spain,2020-06-12,27136,Deaths,0.0,2.0
46383,Spain,2020-06-13,27136,Deaths,0.0,1.0
46384,Spain,2020-06-14,27136,Deaths,0.0,0.0
46385,Spain,2020-06-15,27136,Deaths,0.0,0.0
46386,Spain,2020-06-16,27136,Deaths,0.0,0.0
46387,Spain,2020-06-17,27136,Deaths,0.0,0.0
46388,Spain,2020-06-18,27136,Deaths,0.0,0.0
46389,Spain,2020-06-19,28315,Deaths,1179.0,1179.0
46390,Spain,2020-06-20,28322,Deaths,7.0,1186.0
46391,Spain,2020-06-21,28323,Deaths,1.0,1187.0
46392,Spain,2020-06-22,28324,Deaths,1.0,1188.0
46393,Spain,2020-06-23,28325,Deaths,1.0,1189.0
46394,Spain,2020-06-24,28327,Deaths,2.0,1191.0
46395,Spain,2020-06-25,28330,Deaths,3.0,1194.0
46396,Spain,2020-06-26,28338,Deaths,8.0,23.0
46397,Spain,2020-06-27,28341,Deaths,3.0,19.0
46398,Spain,2020-06-28,28343,Deaths,2.0,20.0
46399,Spain,2020-06-29,28346,Deaths,3.0,22.0
46400,Spain,2020-06-30,28355,Deaths,9.0,30.0
46401,Spain,2020-07-01,28364,Deaths,9.0,37.0
46402,Spain,2020-07-02,28368,Deaths,4.0,38.0
46403,Spain,2020-07-03,28385,Deaths,17.0,47.0
46404,Spain,2020-07-04,28385,Deaths,0.0,44.0
46405,Spain,2020-07-05,28385,Deaths,0.0,42.0
46406,Spain,2020-07-06,28388,Deaths,3.0,42.0
46407,Spain,2020-07-07,28392,Deaths,4.0,37.0
46408,Spain,2020-07-08,28396,Deaths,4.0,32.0
46409,Spain,2020-07-09,28401,Deaths,5.0,33.0
46410,Spain,2020-07-10,28403,Deaths,2.0,18.0
46411,Spain,2020-07-11,28403,Deaths,0.0,18.0
46412,Spain,2020-07-12,28403,Deaths,0.0,18.0
46413,Spain,2020-07-13,28406,Deaths,3.0,18.0
46414,Spain,2020-07-14,28409,Deaths,3.0,17.0
46415,Spain,2020-07-15,28413,Deaths,4.0,17.0
46416,Spain,2020-07-16,28416,Deaths,3.0,15.0
46417,Spain,2020-07-17,28420,Deaths,4.0,17.0
46418,Spain,2020-07-18,28420,Deaths,0.0,17.0
46419,Spain,2020-07-19,28420,Deaths,0.0,17.0
46420,Spain,2020-07-20,28422,Deaths,2.0,16.0
46421,Spain,2020-07-21,28424,Deaths,2.0,15.0
46422,Spain,2020-07-22,28426,Deaths,2.0,13.0
46423,Spain,2020-07-23,28429,Deaths,3.0,13.0
46424,Spain,2020-07-24,28432,Deaths,3.0,12.0
46425,Spain,2020-07-25,28432,Deaths,0.0,12.0
46426,Spain,2020-07-26,28432,Deaths,0.0,12.0
46427,Spain,2020-07-27,28434,Deaths,2.0,12.0
46428,Spain,2020-07-28,28436,Deaths,2.0,12.0
46429,Spain,2020-07-29,28441,Deaths,5.0,15.0
46430,Spain,2020-07-30,28443,Deaths,2.0,14.0
46431,Spain,2020-07-31,28445,Deaths,2.0,13.0
46432,Spain,2020-08-01,28445,Deaths,0.0,13.0
46433,Spain,2020-08-02,28445,Deaths,0.0,13.0
46434,Spain,2020-08-03,28472,Deaths,27.0,38.0
46435,Spain,2020-08-04,28498,Deaths,26.0,62.0
46436,Spain,2020-08-05,28499,Deaths,1.0,58.0
46437,Spain,2020-08-06,28500,Deaths,1.0,57.0
46438,Spain,2020-08-07,28503,Deaths,3.0,58.0
46439,Spain,2020-08-08,28503,Deaths,0.0,58.0
46440,Spain,2020-08-09,28503,Deaths,0.0,58.0
46441,Spain,2020-08-10,28576,Deaths,73.0,104.0
46442,Spain,2020-08-11,28581,Deaths,5.0,83.0
46443,Spain,2020-08-12,28579,Deaths,-2.0,80.0
46444,Spain,2020-08-13,28605,Deaths,26.0,105.0
46445,Spain,2020-08-14,28617,Deaths,12.0,114.0
46446,Spain,2020-08-15,28617,Deaths,0.0,114.0
46447,Spain,2020-08-16,28617,Deaths,0.0,114.0
46448,Spain,2020-08-17,28646,Deaths,29.0,70.0
46449,Spain,2020-08-18,28670,Deaths,24.0,89.0
46450,Spain,2020-08-19,28797,Deaths,127.0,218.0
46451,Spain,2020-08-20,28813,Deaths,16.0,208.0
46452,Spain,2020-08-21,28838,Deaths,25.0,221.0
46453,Spain,2020-08-22,28838,Deaths,0.0,221.0
46454,Spain,2020-08-23,28838,Deaths,0.0,221.0
46455,Spain,2020-08-24,28872,Deaths,34.0,226.0
46456,Spain,2020-08-25,28924,Deaths,52.0,254.0
46457,Spain,2020-08-26,28971,Deaths,47.0,174.0
46458,Spain,2020-08-27,28996,Deaths,25.0,183.0
46459,Spain,2020-08-28,29011,Deaths,15.0,173.0
46460,Spain,2020-08-29,29011,Deaths,0.0,173.0
46461,Spain,2020-08-30,29011,Deaths,0.0,173.0
46462,Spain,2020-08-31,29094,Deaths,83.0,222.0
46463,Spain,2020-09-01,29152,Deaths,58.0,228.0
46464,Spain,2020-09-02,29194,Deaths,42.0,223.0
46465,Spain,2020-09-03,29234,Deaths,40.0,238.0
46466,Spain,2020-09-04,29418,Deaths,184.0,407.0
46467,Spain,2020-09-05,29418,Deaths,0.0,407.0
46468,Spain,2020-09-06,29418,Deaths,0.0,407.0
46469,Spain,2020-09-07,29516,Deaths,98.0,422.0
46470,Spain,2020-09-08,29594,Deaths,78.0,442.0
46471,Spain,2020-09-09,29628,Deaths,34.0,434.0
46472,Spain,2020-09-10,29699,Deaths,71.0,465.0
46473,Spain,2020-09-11,29747,Deaths,48.0,329.0
46474,Spain,2020-09-12,29747,Deaths,0.0,329.0
46475,Spain,2020-09-13,29747,Deaths,0.0,329.0
46476,Spain,2020-09-14,29848,Deaths,101.0,332.0
46477,Spain,2020-09-15,30004,Deaths,156.0,410.0
46478,Spain,2020-09-16,30243,Deaths,239.0,615.0
46479,Spain,2020-09-17,30405,Deaths,162.0,706.0
46480,Spain,2020-09-18,30495,Deaths,90.0,748.0
46481,Spain,2020-09-19,30495,Deaths,0.0,748.0
46482,Spain,2020-09-20,30495,Deaths,0.0,748.0
46483,Spain,2020-09-21,30663,Deaths,168.0,815.0
46484,Spain,2020-09-22,30904,Deaths,241.0,900.0
46485,Spain,2020-09-23,31034,Deaths,130.0,791.0
46486,Spain,2020-09-24,31118,Deaths,84.0,713.0
46487,Spain,2020-09-25,31232,Deaths,114.0,737.0
46488,Spain,2020-09-26,31232,Deaths,0.0,737.0
46489,Spain,2020-09-27,31232,Deaths,0.0,737.0
46490,Spain,2020-09-28,31411,Deaths,179.0,748.0
46491,Spain,2020-09-29,31411,Deaths,0.0,507.0
46492,Spain,2020-09-30,31791,Deaths,380.0,757.0
46493,Spain,2020-10-01,31973,Deaths,182.0,855.0
46494,Spain,2020-10-02,32086,Deaths,113.0,854.0
46495,Spain,2020-10-03,32086,Deaths,0.0,854.0
46496,Spain,2020-10-04,32086,Deaths,0.0,854.0
46497,Spain,2020-10-05,32225,Deaths,139.0,814.0
46498,Spain,2020-10-06,32486,Deaths,261.0,1075.0
46499,Spain,2020-10-07,32562,Deaths,76.0,771.0
46500,Spain,2020-10-08,32688,Deaths,126.0,715.0
46501,Spain,2020-10-09,32929,Deaths,241.0,843.0
46502,Spain,2020-10-10,32929,Deaths,0.0,843.0
46503,Spain,2020-10-11,32929,Deaths,0.0,843.0
46504,Spain,2020-10-12,33124,Deaths,195.0,899.0
46505,Spain,2020-10-13,33204,Deaths,80.0,718.0
46506,Spain,2020-10-14,33413,Deaths,209.0,851.0
46507,Spain,2020-10-15,33553,Deaths,140.0,865.0
46508,Spain,2020-10-16,33775,Deaths,222.0,846.0
46509,Spain,2020-10-17,33775,Deaths,0.0,846.0
46510,Spain,2020-10-18,33775,Deaths,0.0,846.0
46511,Spain,2020-10-19,33992,Deaths,217.0,868.0
46512,Spain,2020-10-20,34210,Deaths,218.0,1006.0
46513,Spain,2020-10-21,34366,Deaths,156.0,953.0
46514,Spain,2020-10-22,34521,Deaths,155.0,968.0
46515,Spain,2020-10-23,34752,Deaths,231.0,977.0
46516,Spain,2020-10-24,34752,Deaths,0.0,977.0
46517,Spain,2020-10-25,34752,Deaths,0.0,977.0
46518,Spain,2020-10-26,35031,Deaths,279.0,1039.0
46519,Spain,2020-10-27,35298,Deaths,267.0,1088.0
46520,Spain,2020-10-28,35466,Deaths,168.0,1100.0
46521,Spain,2020-10-29,35639,Deaths,173.0,1118.0
46522,Spain,2020-10-30,35878,Deaths,239.0,1126.0
46523,Spain,2020-10-31,35878,Deaths,0.0,1126.0
46524,Spain,2020-11-01,35878,Deaths,0.0,1126.0
46525,Spain,2020-11-02,36257,Deaths,379.0,1226.0
46526,Spain,2020-11-03,36495,Deaths,238.0,1197.0
46527,Spain,2020-11-04,38118,Deaths,1623.0,2652.0
46528,Spain,2020-11-05,38486,Deaths,368.0,2847.0
46529,Sri Lanka,2020-01-22,0,Deaths,,
46530,Sri Lanka,2020-01-23,0,Deaths,0.0,
46531,Sri Lanka,2020-01-24,0,Deaths,0.0,
46532,Sri Lanka,2020-01-25,0,Deaths,0.0,
46533,Sri Lanka,2020-01-26,0,Deaths,0.0,
46534,Sri Lanka,2020-01-27,0,Deaths,0.0,
46535,Sri Lanka,2020-01-28,0,Deaths,0.0,
46536,Sri Lanka,2020-01-29,0,Deaths,0.0,0.0
46537,Sri Lanka,2020-01-30,0,Deaths,0.0,0.0
46538,Sri Lanka,2020-01-31,0,Deaths,0.0,0.0
46539,Sri Lanka,2020-02-01,0,Deaths,0.0,0.0
46540,Sri Lanka,2020-02-02,0,Deaths,0.0,0.0
46541,Sri Lanka,2020-02-03,0,Deaths,0.0,0.0
46542,Sri Lanka,2020-02-04,0,Deaths,0.0,0.0
46543,Sri Lanka,2020-02-05,0,Deaths,0.0,0.0
46544,Sri Lanka,2020-02-06,0,Deaths,0.0,0.0
46545,Sri Lanka,2020-02-07,0,Deaths,0.0,0.0
46546,Sri Lanka,2020-02-08,0,Deaths,0.0,0.0
46547,Sri Lanka,2020-02-09,0,Deaths,0.0,0.0
46548,Sri Lanka,2020-02-10,0,Deaths,0.0,0.0
46549,Sri Lanka,2020-02-11,0,Deaths,0.0,0.0
46550,Sri Lanka,2020-02-12,0,Deaths,0.0,0.0
46551,Sri Lanka,2020-02-13,0,Deaths,0.0,0.0
46552,Sri Lanka,2020-02-14,0,Deaths,0.0,0.0
46553,Sri Lanka,2020-02-15,0,Deaths,0.0,0.0
46554,Sri Lanka,2020-02-16,0,Deaths,0.0,0.0
46555,Sri Lanka,2020-02-17,0,Deaths,0.0,0.0
46556,Sri Lanka,2020-02-18,0,Deaths,0.0,0.0
46557,Sri Lanka,2020-02-19,0,Deaths,0.0,0.0
46558,Sri Lanka,2020-02-20,0,Deaths,0.0,0.0
46559,Sri Lanka,2020-02-21,0,Deaths,0.0,0.0
46560,Sri Lanka,2020-02-22,0,Deaths,0.0,0.0
46561,Sri Lanka,2020-02-23,0,Deaths,0.0,0.0
46562,Sri Lanka,2020-02-24,0,Deaths,0.0,0.0
46563,Sri Lanka,2020-02-25,0,Deaths,0.0,0.0
46564,Sri Lanka,2020-02-26,0,Deaths,0.0,0.0
46565,Sri Lanka,2020-02-27,0,Deaths,0.0,0.0
46566,Sri Lanka,2020-02-28,0,Deaths,0.0,0.0
46567,Sri Lanka,2020-02-29,0,Deaths,0.0,0.0
46568,Sri Lanka,2020-03-01,0,Deaths,0.0,0.0
46569,Sri Lanka,2020-03-02,0,Deaths,0.0,0.0
46570,Sri Lanka,2020-03-03,0,Deaths,0.0,0.0
46571,Sri Lanka,2020-03-04,0,Deaths,0.0,0.0
46572,Sri Lanka,2020-03-05,0,Deaths,0.0,0.0
46573,Sri Lanka,2020-03-06,0,Deaths,0.0,0.0
46574,Sri Lanka,2020-03-07,0,Deaths,0.0,0.0
46575,Sri Lanka,2020-03-08,0,Deaths,0.0,0.0
46576,Sri Lanka,2020-03-09,0,Deaths,0.0,0.0
46577,Sri Lanka,2020-03-10,0,Deaths,0.0,0.0
46578,Sri Lanka,2020-03-11,0,Deaths,0.0,0.0
46579,Sri Lanka,2020-03-12,0,Deaths,0.0,0.0
46580,Sri Lanka,2020-03-13,0,Deaths,0.0,0.0
46581,Sri Lanka,2020-03-14,0,Deaths,0.0,0.0
46582,Sri Lanka,2020-03-15,0,Deaths,0.0,0.0
46583,Sri Lanka,2020-03-16,0,Deaths,0.0,0.0
46584,Sri Lanka,2020-03-17,0,Deaths,0.0,0.0
46585,Sri Lanka,2020-03-18,0,Deaths,0.0,0.0
46586,Sri Lanka,2020-03-19,0,Deaths,0.0,0.0
46587,Sri Lanka,2020-03-20,0,Deaths,0.0,0.0
46588,Sri Lanka,2020-03-21,0,Deaths,0.0,0.0
46589,Sri Lanka,2020-03-22,0,Deaths,0.0,0.0
46590,Sri Lanka,2020-03-23,0,Deaths,0.0,0.0
46591,Sri Lanka,2020-03-24,0,Deaths,0.0,0.0
46592,Sri Lanka,2020-03-25,0,Deaths,0.0,0.0
46593,Sri Lanka,2020-03-26,0,Deaths,0.0,0.0
46594,Sri Lanka,2020-03-27,0,Deaths,0.0,0.0
46595,Sri Lanka,2020-03-28,1,Deaths,1.0,1.0
46596,Sri Lanka,2020-03-29,1,Deaths,0.0,1.0
46597,Sri Lanka,2020-03-30,2,Deaths,1.0,2.0
46598,Sri Lanka,2020-03-31,2,Deaths,0.0,2.0
46599,Sri Lanka,2020-04-01,3,Deaths,1.0,3.0
46600,Sri Lanka,2020-04-02,4,Deaths,1.0,4.0
46601,Sri Lanka,2020-04-03,4,Deaths,0.0,4.0
46602,Sri Lanka,2020-04-04,5,Deaths,1.0,4.0
46603,Sri Lanka,2020-04-05,5,Deaths,0.0,4.0
46604,Sri Lanka,2020-04-06,5,Deaths,0.0,3.0
46605,Sri Lanka,2020-04-07,6,Deaths,1.0,4.0
46606,Sri Lanka,2020-04-08,7,Deaths,1.0,4.0
46607,Sri Lanka,2020-04-09,7,Deaths,0.0,3.0
46608,Sri Lanka,2020-04-10,7,Deaths,0.0,3.0
46609,Sri Lanka,2020-04-11,7,Deaths,0.0,2.0
46610,Sri Lanka,2020-04-12,7,Deaths,0.0,2.0
46611,Sri Lanka,2020-04-13,7,Deaths,0.0,2.0
46612,Sri Lanka,2020-04-14,7,Deaths,0.0,1.0
46613,Sri Lanka,2020-04-15,7,Deaths,0.0,0.0
46614,Sri Lanka,2020-04-16,7,Deaths,0.0,0.0
46615,Sri Lanka,2020-04-17,7,Deaths,0.0,0.0
46616,Sri Lanka,2020-04-18,7,Deaths,0.0,0.0
46617,Sri Lanka,2020-04-19,7,Deaths,0.0,0.0
46618,Sri Lanka,2020-04-20,7,Deaths,0.0,0.0
46619,Sri Lanka,2020-04-21,7,Deaths,0.0,0.0
46620,Sri Lanka,2020-04-22,7,Deaths,0.0,0.0
46621,Sri Lanka,2020-04-23,7,Deaths,0.0,0.0
46622,Sri Lanka,2020-04-24,7,Deaths,0.0,0.0
46623,Sri Lanka,2020-04-25,7,Deaths,0.0,0.0
46624,Sri Lanka,2020-04-26,7,Deaths,0.0,0.0
46625,Sri Lanka,2020-04-27,7,Deaths,0.0,0.0
46626,Sri Lanka,2020-04-28,7,Deaths,0.0,0.0
46627,Sri Lanka,2020-04-29,7,Deaths,0.0,0.0
46628,Sri Lanka,2020-04-30,7,Deaths,0.0,0.0
46629,Sri Lanka,2020-05-01,7,Deaths,0.0,0.0
46630,Sri Lanka,2020-05-02,7,Deaths,0.0,0.0
46631,Sri Lanka,2020-05-03,7,Deaths,0.0,0.0
46632,Sri Lanka,2020-05-04,8,Deaths,1.0,1.0
46633,Sri Lanka,2020-05-05,9,Deaths,1.0,2.0
46634,Sri Lanka,2020-05-06,9,Deaths,0.0,2.0
46635,Sri Lanka,2020-05-07,9,Deaths,0.0,2.0
46636,Sri Lanka,2020-05-08,9,Deaths,0.0,2.0
46637,Sri Lanka,2020-05-09,9,Deaths,0.0,2.0
46638,Sri Lanka,2020-05-10,9,Deaths,0.0,2.0
46639,Sri Lanka,2020-05-11,9,Deaths,0.0,1.0
46640,Sri Lanka,2020-05-12,9,Deaths,0.0,0.0
46641,Sri Lanka,2020-05-13,9,Deaths,0.0,0.0
46642,Sri Lanka,2020-05-14,9,Deaths,0.0,0.0
46643,Sri Lanka,2020-05-15,9,Deaths,0.0,0.0
46644,Sri Lanka,2020-05-16,9,Deaths,0.0,0.0
46645,Sri Lanka,2020-05-17,9,Deaths,0.0,0.0
46646,Sri Lanka,2020-05-18,9,Deaths,0.0,0.0
46647,Sri Lanka,2020-05-19,9,Deaths,0.0,0.0
46648,Sri Lanka,2020-05-20,9,Deaths,0.0,0.0
46649,Sri Lanka,2020-05-21,9,Deaths,0.0,0.0
46650,Sri Lanka,2020-05-22,9,Deaths,0.0,0.0
46651,Sri Lanka,2020-05-23,9,Deaths,0.0,0.0
46652,Sri Lanka,2020-05-24,9,Deaths,0.0,0.0
46653,Sri Lanka,2020-05-25,10,Deaths,1.0,1.0
46654,Sri Lanka,2020-05-26,10,Deaths,0.0,1.0
46655,Sri Lanka,2020-05-27,10,Deaths,0.0,1.0
46656,Sri Lanka,2020-05-28,10,Deaths,0.0,1.0
46657,Sri Lanka,2020-05-29,10,Deaths,0.0,1.0
46658,Sri Lanka,2020-05-30,10,Deaths,0.0,1.0
46659,Sri Lanka,2020-05-31,10,Deaths,0.0,1.0
46660,Sri Lanka,2020-06-01,11,Deaths,1.0,1.0
46661,Sri Lanka,2020-06-02,11,Deaths,0.0,1.0
46662,Sri Lanka,2020-06-03,11,Deaths,0.0,1.0
46663,Sri Lanka,2020-06-04,11,Deaths,0.0,1.0
46664,Sri Lanka,2020-06-05,11,Deaths,0.0,1.0
46665,Sri Lanka,2020-06-06,11,Deaths,0.0,1.0
46666,Sri Lanka,2020-06-07,11,Deaths,0.0,1.0
46667,Sri Lanka,2020-06-08,11,Deaths,0.0,0.0
46668,Sri Lanka,2020-06-09,11,Deaths,0.0,0.0
46669,Sri Lanka,2020-06-10,11,Deaths,0.0,0.0
46670,Sri Lanka,2020-06-11,11,Deaths,0.0,0.0
46671,Sri Lanka,2020-06-12,11,Deaths,0.0,0.0
46672,Sri Lanka,2020-06-13,11,Deaths,0.0,0.0
46673,Sri Lanka,2020-06-14,11,Deaths,0.0,0.0
46674,Sri Lanka,2020-06-15,11,Deaths,0.0,0.0
46675,Sri Lanka,2020-06-16,11,Deaths,0.0,0.0
46676,Sri Lanka,2020-06-17,11,Deaths,0.0,0.0
46677,Sri Lanka,2020-06-18,11,Deaths,0.0,0.0
46678,Sri Lanka,2020-06-19,11,Deaths,0.0,0.0
46679,Sri Lanka,2020-06-20,11,Deaths,0.0,0.0
46680,Sri Lanka,2020-06-21,11,Deaths,0.0,0.0
46681,Sri Lanka,2020-06-22,11,Deaths,0.0,0.0
46682,Sri Lanka,2020-06-23,11,Deaths,0.0,0.0
46683,Sri Lanka,2020-06-24,11,Deaths,0.0,0.0
46684,Sri Lanka,2020-06-25,11,Deaths,0.0,0.0
46685,Sri Lanka,2020-06-26,11,Deaths,0.0,0.0
46686,Sri Lanka,2020-06-27,11,Deaths,0.0,0.0
46687,Sri Lanka,2020-06-28,11,Deaths,0.0,0.0
46688,Sri Lanka,2020-06-29,11,Deaths,0.0,0.0
46689,Sri Lanka,2020-06-30,11,Deaths,0.0,0.0
46690,Sri Lanka,2020-07-01,11,Deaths,0.0,0.0
46691,Sri Lanka,2020-07-02,11,Deaths,0.0,0.0
46692,Sri Lanka,2020-07-03,11,Deaths,0.0,0.0
46693,Sri Lanka,2020-07-04,11,Deaths,0.0,0.0
46694,Sri Lanka,2020-07-05,11,Deaths,0.0,0.0
46695,Sri Lanka,2020-07-06,11,Deaths,0.0,0.0
46696,Sri Lanka,2020-07-07,11,Deaths,0.0,0.0
46697,Sri Lanka,2020-07-08,11,Deaths,0.0,0.0
46698,Sri Lanka,2020-07-09,11,Deaths,0.0,0.0
46699,Sri Lanka,2020-07-10,11,Deaths,0.0,0.0
46700,Sri Lanka,2020-07-11,11,Deaths,0.0,0.0
46701,Sri Lanka,2020-07-12,11,Deaths,0.0,0.0
46702,Sri Lanka,2020-07-13,11,Deaths,0.0,0.0
46703,Sri Lanka,2020-07-14,11,Deaths,0.0,0.0
46704,Sri Lanka,2020-07-15,11,Deaths,0.0,0.0
46705,Sri Lanka,2020-07-16,11,Deaths,0.0,0.0
46706,Sri Lanka,2020-07-17,11,Deaths,0.0,0.0
46707,Sri Lanka,2020-07-18,11,Deaths,0.0,0.0
46708,Sri Lanka,2020-07-19,11,Deaths,0.0,0.0
46709,Sri Lanka,2020-07-20,11,Deaths,0.0,0.0
46710,Sri Lanka,2020-07-21,11,Deaths,0.0,0.0
46711,Sri Lanka,2020-07-22,11,Deaths,0.0,0.0
46712,Sri Lanka,2020-07-23,11,Deaths,0.0,0.0
46713,Sri Lanka,2020-07-24,11,Deaths,0.0,0.0
46714,Sri Lanka,2020-07-25,11,Deaths,0.0,0.0
46715,Sri Lanka,2020-07-26,11,Deaths,0.0,0.0
46716,Sri Lanka,2020-07-27,11,Deaths,0.0,0.0
46717,Sri Lanka,2020-07-28,11,Deaths,0.0,0.0
46718,Sri Lanka,2020-07-29,11,Deaths,0.0,0.0
46719,Sri Lanka,2020-07-30,11,Deaths,0.0,0.0
46720,Sri Lanka,2020-07-31,11,Deaths,0.0,0.0
46721,Sri Lanka,2020-08-01,11,Deaths,0.0,0.0
46722,Sri Lanka,2020-08-02,11,Deaths,0.0,0.0
46723,Sri Lanka,2020-08-03,11,Deaths,0.0,0.0
46724,Sri Lanka,2020-08-04,11,Deaths,0.0,0.0
46725,Sri Lanka,2020-08-05,11,Deaths,0.0,0.0
46726,Sri Lanka,2020-08-06,11,Deaths,0.0,0.0
46727,Sri Lanka,2020-08-07,11,Deaths,0.0,0.0
46728,Sri Lanka,2020-08-08,11,Deaths,0.0,0.0
46729,Sri Lanka,2020-08-09,11,Deaths,0.0,0.0
46730,Sri Lanka,2020-08-10,11,Deaths,0.0,0.0
46731,Sri Lanka,2020-08-11,11,Deaths,0.0,0.0
46732,Sri Lanka,2020-08-12,11,Deaths,0.0,0.0
46733,Sri Lanka,2020-08-13,11,Deaths,0.0,0.0
46734,Sri Lanka,2020-08-14,11,Deaths,0.0,0.0
46735,Sri Lanka,2020-08-15,11,Deaths,0.0,0.0
46736,Sri Lanka,2020-08-16,11,Deaths,0.0,0.0
46737,Sri Lanka,2020-08-17,11,Deaths,0.0,0.0
46738,Sri Lanka,2020-08-18,11,Deaths,0.0,0.0
46739,Sri Lanka,2020-08-19,11,Deaths,0.0,0.0
46740,Sri Lanka,2020-08-20,11,Deaths,0.0,0.0
46741,Sri Lanka,2020-08-21,11,Deaths,0.0,0.0
46742,Sri Lanka,2020-08-22,12,Deaths,1.0,1.0
46743,Sri Lanka,2020-08-23,12,Deaths,0.0,1.0
46744,Sri Lanka,2020-08-24,12,Deaths,0.0,1.0
46745,Sri Lanka,2020-08-25,12,Deaths,0.0,1.0
46746,Sri Lanka,2020-08-26,12,Deaths,0.0,1.0
46747,Sri Lanka,2020-08-27,12,Deaths,0.0,1.0
46748,Sri Lanka,2020-08-28,12,Deaths,0.0,1.0
46749,Sri Lanka,2020-08-29,12,Deaths,0.0,0.0
46750,Sri Lanka,2020-08-30,12,Deaths,0.0,0.0
46751,Sri Lanka,2020-08-31,12,Deaths,0.0,0.0
46752,Sri Lanka,2020-09-01,12,Deaths,0.0,0.0
46753,Sri Lanka,2020-09-02,12,Deaths,0.0,0.0
46754,Sri Lanka,2020-09-03,12,Deaths,0.0,0.0
46755,Sri Lanka,2020-09-04,12,Deaths,0.0,0.0
46756,Sri Lanka,2020-09-05,12,Deaths,0.0,0.0
46757,Sri Lanka,2020-09-06,12,Deaths,0.0,0.0
46758,Sri Lanka,2020-09-07,12,Deaths,0.0,0.0
46759,Sri Lanka,2020-09-08,12,Deaths,0.0,0.0
46760,Sri Lanka,2020-09-09,12,Deaths,0.0,0.0
46761,Sri Lanka,2020-09-10,12,Deaths,0.0,0.0
46762,Sri Lanka,2020-09-11,12,Deaths,0.0,0.0
46763,Sri Lanka,2020-09-12,12,Deaths,0.0,0.0
46764,Sri Lanka,2020-09-13,12,Deaths,0.0,0.0
46765,Sri Lanka,2020-09-14,13,Deaths,1.0,1.0
46766,Sri Lanka,2020-09-15,13,Deaths,0.0,1.0
46767,Sri Lanka,2020-09-16,13,Deaths,0.0,1.0
46768,Sri Lanka,2020-09-17,13,Deaths,0.0,1.0
46769,Sri Lanka,2020-09-18,13,Deaths,0.0,1.0
46770,Sri Lanka,2020-09-19,13,Deaths,0.0,1.0
46771,Sri Lanka,2020-09-20,13,Deaths,0.0,1.0
46772,Sri Lanka,2020-09-21,13,Deaths,0.0,0.0
46773,Sri Lanka,2020-09-22,13,Deaths,0.0,0.0
46774,Sri Lanka,2020-09-23,13,Deaths,0.0,0.0
46775,Sri Lanka,2020-09-24,13,Deaths,0.0,0.0
46776,Sri Lanka,2020-09-25,13,Deaths,0.0,0.0
46777,Sri Lanka,2020-09-26,13,Deaths,0.0,0.0
46778,Sri Lanka,2020-09-27,13,Deaths,0.0,0.0
46779,Sri Lanka,2020-09-28,13,Deaths,0.0,0.0
46780,Sri Lanka,2020-09-29,13,Deaths,0.0,0.0
46781,Sri Lanka,2020-09-30,13,Deaths,0.0,0.0
46782,Sri Lanka,2020-10-01,13,Deaths,0.0,0.0
46783,Sri Lanka,2020-10-02,13,Deaths,0.0,0.0
46784,Sri Lanka,2020-10-03,13,Deaths,0.0,0.0
46785,Sri Lanka,2020-10-04,13,Deaths,0.0,0.0
46786,Sri Lanka,2020-10-05,13,Deaths,0.0,0.0
46787,Sri Lanka,2020-10-06,13,Deaths,0.0,0.0
46788,Sri Lanka,2020-10-07,13,Deaths,0.0,0.0
46789,Sri Lanka,2020-10-08,13,Deaths,0.0,0.0
46790,Sri Lanka,2020-10-09,13,Deaths,0.0,0.0
46791,Sri Lanka,2020-10-10,13,Deaths,0.0,0.0
46792,Sri Lanka,2020-10-11,13,Deaths,0.0,0.0
46793,Sri Lanka,2020-10-12,13,Deaths,0.0,0.0
46794,Sri Lanka,2020-10-13,13,Deaths,0.0,0.0
46795,Sri Lanka,2020-10-14,13,Deaths,0.0,0.0
46796,Sri Lanka,2020-10-15,13,Deaths,0.0,0.0
46797,Sri Lanka,2020-10-16,13,Deaths,0.0,0.0
46798,Sri Lanka,2020-10-17,13,Deaths,0.0,0.0
46799,Sri Lanka,2020-10-18,13,Deaths,0.0,0.0
46800,Sri Lanka,2020-10-19,13,Deaths,0.0,0.0
46801,Sri Lanka,2020-10-20,13,Deaths,0.0,0.0
46802,Sri Lanka,2020-10-21,13,Deaths,0.0,0.0
46803,Sri Lanka,2020-10-22,14,Deaths,1.0,1.0
46804,Sri Lanka,2020-10-23,14,Deaths,0.0,1.0
46805,Sri Lanka,2020-10-24,15,Deaths,1.0,2.0
46806,Sri Lanka,2020-10-25,16,Deaths,1.0,3.0
46807,Sri Lanka,2020-10-26,16,Deaths,0.0,3.0
46808,Sri Lanka,2020-10-27,19,Deaths,3.0,6.0
46809,Sri Lanka,2020-10-28,19,Deaths,0.0,6.0
46810,Sri Lanka,2020-10-29,19,Deaths,0.0,5.0
46811,Sri Lanka,2020-10-30,19,Deaths,0.0,5.0
46812,Sri Lanka,2020-10-31,20,Deaths,1.0,5.0
46813,Sri Lanka,2020-11-01,21,Deaths,1.0,5.0
46814,Sri Lanka,2020-11-02,21,Deaths,0.0,5.0
46815,Sri Lanka,2020-11-03,23,Deaths,2.0,4.0
46816,Sri Lanka,2020-11-04,24,Deaths,1.0,5.0
46817,Sri Lanka,2020-11-05,29,Deaths,5.0,10.0
46818,Sudan,2020-01-22,0,Deaths,,
46819,Sudan,2020-01-23,0,Deaths,0.0,
46820,Sudan,2020-01-24,0,Deaths,0.0,
46821,Sudan,2020-01-25,0,Deaths,0.0,
46822,Sudan,2020-01-26,0,Deaths,0.0,
46823,Sudan,2020-01-27,0,Deaths,0.0,
46824,Sudan,2020-01-28,0,Deaths,0.0,
46825,Sudan,2020-01-29,0,Deaths,0.0,0.0
46826,Sudan,2020-01-30,0,Deaths,0.0,0.0
46827,Sudan,2020-01-31,0,Deaths,0.0,0.0
46828,Sudan,2020-02-01,0,Deaths,0.0,0.0
46829,Sudan,2020-02-02,0,Deaths,0.0,0.0
46830,Sudan,2020-02-03,0,Deaths,0.0,0.0
46831,Sudan,2020-02-04,0,Deaths,0.0,0.0
46832,Sudan,2020-02-05,0,Deaths,0.0,0.0
46833,Sudan,2020-02-06,0,Deaths,0.0,0.0
46834,Sudan,2020-02-07,0,Deaths,0.0,0.0
46835,Sudan,2020-02-08,0,Deaths,0.0,0.0
46836,Sudan,2020-02-09,0,Deaths,0.0,0.0
46837,Sudan,2020-02-10,0,Deaths,0.0,0.0
46838,Sudan,2020-02-11,0,Deaths,0.0,0.0
46839,Sudan,2020-02-12,0,Deaths,0.0,0.0
46840,Sudan,2020-02-13,0,Deaths,0.0,0.0
46841,Sudan,2020-02-14,0,Deaths,0.0,0.0
46842,Sudan,2020-02-15,0,Deaths,0.0,0.0
46843,Sudan,2020-02-16,0,Deaths,0.0,0.0
46844,Sudan,2020-02-17,0,Deaths,0.0,0.0
46845,Sudan,2020-02-18,0,Deaths,0.0,0.0
46846,Sudan,2020-02-19,0,Deaths,0.0,0.0
46847,Sudan,2020-02-20,0,Deaths,0.0,0.0
46848,Sudan,2020-02-21,0,Deaths,0.0,0.0
46849,Sudan,2020-02-22,0,Deaths,0.0,0.0
46850,Sudan,2020-02-23,0,Deaths,0.0,0.0
46851,Sudan,2020-02-24,0,Deaths,0.0,0.0
46852,Sudan,2020-02-25,0,Deaths,0.0,0.0
46853,Sudan,2020-02-26,0,Deaths,0.0,0.0
46854,Sudan,2020-02-27,0,Deaths,0.0,0.0
46855,Sudan,2020-02-28,0,Deaths,0.0,0.0
46856,Sudan,2020-02-29,0,Deaths,0.0,0.0
46857,Sudan,2020-03-01,0,Deaths,0.0,0.0
46858,Sudan,2020-03-02,0,Deaths,0.0,0.0
46859,Sudan,2020-03-03,0,Deaths,0.0,0.0
46860,Sudan,2020-03-04,0,Deaths,0.0,0.0
46861,Sudan,2020-03-05,0,Deaths,0.0,0.0
46862,Sudan,2020-03-06,0,Deaths,0.0,0.0
46863,Sudan,2020-03-07,0,Deaths,0.0,0.0
46864,Sudan,2020-03-08,0,Deaths,0.0,0.0
46865,Sudan,2020-03-09,0,Deaths,0.0,0.0
46866,Sudan,2020-03-10,0,Deaths,0.0,0.0
46867,Sudan,2020-03-11,0,Deaths,0.0,0.0
46868,Sudan,2020-03-12,0,Deaths,0.0,0.0
46869,Sudan,2020-03-13,1,Deaths,1.0,1.0
46870,Sudan,2020-03-14,1,Deaths,0.0,1.0
46871,Sudan,2020-03-15,1,Deaths,0.0,1.0
46872,Sudan,2020-03-16,1,Deaths,0.0,1.0
46873,Sudan,2020-03-17,1,Deaths,0.0,1.0
46874,Sudan,2020-03-18,1,Deaths,0.0,1.0
46875,Sudan,2020-03-19,1,Deaths,0.0,1.0
46876,Sudan,2020-03-20,1,Deaths,0.0,0.0
46877,Sudan,2020-03-21,1,Deaths,0.0,0.0
46878,Sudan,2020-03-22,1,Deaths,0.0,0.0
46879,Sudan,2020-03-23,1,Deaths,0.0,0.0
46880,Sudan,2020-03-24,1,Deaths,0.0,0.0
46881,Sudan,2020-03-25,1,Deaths,0.0,0.0
46882,Sudan,2020-03-26,1,Deaths,0.0,0.0
46883,Sudan,2020-03-27,1,Deaths,0.0,0.0
46884,Sudan,2020-03-28,1,Deaths,0.0,0.0
46885,Sudan,2020-03-29,1,Deaths,0.0,0.0
46886,Sudan,2020-03-30,2,Deaths,1.0,1.0
46887,Sudan,2020-03-31,2,Deaths,0.0,1.0
46888,Sudan,2020-04-01,2,Deaths,0.0,1.0
46889,Sudan,2020-04-02,2,Deaths,0.0,1.0
46890,Sudan,2020-04-03,2,Deaths,0.0,1.0
46891,Sudan,2020-04-04,2,Deaths,0.0,1.0
46892,Sudan,2020-04-05,2,Deaths,0.0,1.0
46893,Sudan,2020-04-06,2,Deaths,0.0,0.0
46894,Sudan,2020-04-07,2,Deaths,0.0,0.0
46895,Sudan,2020-04-08,2,Deaths,0.0,0.0
46896,Sudan,2020-04-09,2,Deaths,0.0,0.0
46897,Sudan,2020-04-10,2,Deaths,0.0,0.0
46898,Sudan,2020-04-11,2,Deaths,0.0,0.0
46899,Sudan,2020-04-12,2,Deaths,0.0,0.0
46900,Sudan,2020-04-13,4,Deaths,2.0,2.0
46901,Sudan,2020-04-14,5,Deaths,1.0,3.0
46902,Sudan,2020-04-15,5,Deaths,0.0,3.0
46903,Sudan,2020-04-16,5,Deaths,0.0,3.0
46904,Sudan,2020-04-17,6,Deaths,1.0,4.0
46905,Sudan,2020-04-18,10,Deaths,4.0,8.0
46906,Sudan,2020-04-19,10,Deaths,0.0,8.0
46907,Sudan,2020-04-20,12,Deaths,2.0,8.0
46908,Sudan,2020-04-21,12,Deaths,0.0,7.0
46909,Sudan,2020-04-22,13,Deaths,1.0,8.0
46910,Sudan,2020-04-23,16,Deaths,3.0,11.0
46911,Sudan,2020-04-24,16,Deaths,0.0,10.0
46912,Sudan,2020-04-25,17,Deaths,1.0,7.0
46913,Sudan,2020-04-26,21,Deaths,4.0,11.0
46914,Sudan,2020-04-27,22,Deaths,1.0,10.0
46915,Sudan,2020-04-28,25,Deaths,3.0,13.0
46916,Sudan,2020-04-29,28,Deaths,3.0,15.0
46917,Sudan,2020-04-30,31,Deaths,3.0,15.0
46918,Sudan,2020-05-01,36,Deaths,5.0,20.0
46919,Sudan,2020-05-02,41,Deaths,5.0,24.0
46920,Sudan,2020-05-03,41,Deaths,0.0,20.0
46921,Sudan,2020-05-04,41,Deaths,0.0,19.0
46922,Sudan,2020-05-05,45,Deaths,4.0,20.0
46923,Sudan,2020-05-06,49,Deaths,4.0,21.0
46924,Sudan,2020-05-07,52,Deaths,3.0,21.0
46925,Sudan,2020-05-08,59,Deaths,7.0,23.0
46926,Sudan,2020-05-09,64,Deaths,5.0,23.0
46927,Sudan,2020-05-10,70,Deaths,6.0,29.0
46928,Sudan,2020-05-11,74,Deaths,4.0,33.0
46929,Sudan,2020-05-12,80,Deaths,6.0,35.0
46930,Sudan,2020-05-13,90,Deaths,10.0,41.0
46931,Sudan,2020-05-14,90,Deaths,0.0,38.0
46932,Sudan,2020-05-15,91,Deaths,1.0,32.0
46933,Sudan,2020-05-16,97,Deaths,6.0,33.0
46934,Sudan,2020-05-17,97,Deaths,0.0,27.0
46935,Sudan,2020-05-18,105,Deaths,8.0,31.0
46936,Sudan,2020-05-19,111,Deaths,6.0,31.0
46937,Sudan,2020-05-20,111,Deaths,0.0,21.0
46938,Sudan,2020-05-21,121,Deaths,10.0,31.0
46939,Sudan,2020-05-22,137,Deaths,16.0,46.0
46940,Sudan,2020-05-23,146,Deaths,9.0,49.0
46941,Sudan,2020-05-24,165,Deaths,19.0,68.0
46942,Sudan,2020-05-25,170,Deaths,5.0,65.0
46943,Sudan,2020-05-26,170,Deaths,0.0,59.0
46944,Sudan,2020-05-27,195,Deaths,25.0,84.0
46945,Sudan,2020-05-28,195,Deaths,0.0,74.0
46946,Sudan,2020-05-29,233,Deaths,38.0,96.0
46947,Sudan,2020-05-30,262,Deaths,29.0,116.0
46948,Sudan,2020-05-31,286,Deaths,24.0,121.0
46949,Sudan,2020-06-01,298,Deaths,12.0,128.0
46950,Sudan,2020-06-02,307,Deaths,9.0,137.0
46951,Sudan,2020-06-03,314,Deaths,7.0,119.0
46952,Sudan,2020-06-04,333,Deaths,19.0,138.0
46953,Sudan,2020-06-05,347,Deaths,14.0,114.0
46954,Sudan,2020-06-06,359,Deaths,12.0,97.0
46955,Sudan,2020-06-07,359,Deaths,0.0,73.0
46956,Sudan,2020-06-08,372,Deaths,13.0,74.0
46957,Sudan,2020-06-09,389,Deaths,17.0,82.0
46958,Sudan,2020-06-10,401,Deaths,12.0,87.0
46959,Sudan,2020-06-11,413,Deaths,12.0,80.0
46960,Sudan,2020-06-12,433,Deaths,20.0,86.0
46961,Sudan,2020-06-13,447,Deaths,14.0,88.0
46962,Sudan,2020-06-14,459,Deaths,12.0,100.0
46963,Sudan,2020-06-15,468,Deaths,9.0,96.0
46964,Sudan,2020-06-16,477,Deaths,9.0,88.0
46965,Sudan,2020-06-17,487,Deaths,10.0,86.0
46966,Sudan,2020-06-18,487,Deaths,0.0,74.0
46967,Sudan,2020-06-19,506,Deaths,19.0,73.0
46968,Sudan,2020-06-20,521,Deaths,15.0,74.0
46969,Sudan,2020-06-21,521,Deaths,0.0,62.0
46970,Sudan,2020-06-22,533,Deaths,12.0,65.0
46971,Sudan,2020-06-23,548,Deaths,15.0,71.0
46972,Sudan,2020-06-24,548,Deaths,0.0,61.0
46973,Sudan,2020-06-25,556,Deaths,8.0,69.0
46974,Sudan,2020-06-26,572,Deaths,16.0,66.0
46975,Sudan,2020-06-27,572,Deaths,0.0,51.0
46976,Sudan,2020-06-28,572,Deaths,0.0,51.0
46977,Sudan,2020-06-29,572,Deaths,0.0,39.0
46978,Sudan,2020-06-30,572,Deaths,0.0,24.0
46979,Sudan,2020-07-01,602,Deaths,30.0,54.0
46980,Sudan,2020-07-02,602,Deaths,0.0,46.0
46981,Sudan,2020-07-03,604,Deaths,2.0,32.0
46982,Sudan,2020-07-04,608,Deaths,4.0,36.0
46983,Sudan,2020-07-05,608,Deaths,0.0,36.0
46984,Sudan,2020-07-06,616,Deaths,8.0,44.0
46985,Sudan,2020-07-07,622,Deaths,6.0,50.0
46986,Sudan,2020-07-08,636,Deaths,14.0,34.0
46987,Sudan,2020-07-09,641,Deaths,5.0,39.0
46988,Sudan,2020-07-10,649,Deaths,8.0,45.0
46989,Sudan,2020-07-11,650,Deaths,1.0,42.0
46990,Sudan,2020-07-12,650,Deaths,0.0,42.0
46991,Sudan,2020-07-13,657,Deaths,7.0,41.0
46992,Sudan,2020-07-14,659,Deaths,2.0,37.0
46993,Sudan,2020-07-15,668,Deaths,9.0,32.0
46994,Sudan,2020-07-16,668,Deaths,0.0,27.0
46995,Sudan,2020-07-17,668,Deaths,0.0,19.0
46996,Sudan,2020-07-18,673,Deaths,5.0,23.0
46997,Sudan,2020-07-19,693,Deaths,20.0,43.0
46998,Sudan,2020-07-20,693,Deaths,0.0,36.0
46999,Sudan,2020-07-21,693,Deaths,0.0,34.0
47000,Sudan,2020-07-22,708,Deaths,15.0,40.0
47001,Sudan,2020-07-23,708,Deaths,0.0,40.0
47002,Sudan,2020-07-24,715,Deaths,7.0,47.0
47003,Sudan,2020-07-25,717,Deaths,2.0,44.0
47004,Sudan,2020-07-26,717,Deaths,0.0,24.0
47005,Sudan,2020-07-27,720,Deaths,3.0,27.0
47006,Sudan,2020-07-28,725,Deaths,5.0,32.0
47007,Sudan,2020-07-29,725,Deaths,0.0,17.0
47008,Sudan,2020-07-30,725,Deaths,0.0,17.0
47009,Sudan,2020-07-31,746,Deaths,21.0,31.0
47010,Sudan,2020-08-01,752,Deaths,6.0,35.0
47011,Sudan,2020-08-02,752,Deaths,0.0,35.0
47012,Sudan,2020-08-03,752,Deaths,0.0,32.0
47013,Sudan,2020-08-04,763,Deaths,11.0,38.0
47014,Sudan,2020-08-05,763,Deaths,0.0,38.0
47015,Sudan,2020-08-06,763,Deaths,0.0,38.0
47016,Sudan,2020-08-07,773,Deaths,10.0,27.0
47017,Sudan,2020-08-08,773,Deaths,0.0,21.0
47018,Sudan,2020-08-09,781,Deaths,8.0,29.0
47019,Sudan,2020-08-10,781,Deaths,0.0,29.0
47020,Sudan,2020-08-11,786,Deaths,5.0,23.0
47021,Sudan,2020-08-12,786,Deaths,0.0,23.0
47022,Sudan,2020-08-13,792,Deaths,6.0,29.0
47023,Sudan,2020-08-14,793,Deaths,1.0,20.0
47024,Sudan,2020-08-15,796,Deaths,3.0,23.0
47025,Sudan,2020-08-16,798,Deaths,2.0,17.0
47026,Sudan,2020-08-17,803,Deaths,5.0,22.0
47027,Sudan,2020-08-18,805,Deaths,2.0,19.0
47028,Sudan,2020-08-19,808,Deaths,3.0,22.0
47029,Sudan,2020-08-20,812,Deaths,4.0,20.0
47030,Sudan,2020-08-21,812,Deaths,0.0,19.0
47031,Sudan,2020-08-22,815,Deaths,3.0,19.0
47032,Sudan,2020-08-23,815,Deaths,0.0,17.0
47033,Sudan,2020-08-24,818,Deaths,3.0,15.0
47034,Sudan,2020-08-25,819,Deaths,1.0,14.0
47035,Sudan,2020-08-26,819,Deaths,0.0,11.0
47036,Sudan,2020-08-27,823,Deaths,4.0,11.0
47037,Sudan,2020-08-28,823,Deaths,0.0,11.0
47038,Sudan,2020-08-29,823,Deaths,0.0,8.0
47039,Sudan,2020-08-30,823,Deaths,0.0,8.0
47040,Sudan,2020-08-31,823,Deaths,0.0,5.0
47041,Sudan,2020-09-01,823,Deaths,0.0,4.0
47042,Sudan,2020-09-02,823,Deaths,0.0,4.0
47043,Sudan,2020-09-03,823,Deaths,0.0,0.0
47044,Sudan,2020-09-04,823,Deaths,0.0,0.0
47045,Sudan,2020-09-05,832,Deaths,9.0,9.0
47046,Sudan,2020-09-06,833,Deaths,1.0,10.0
47047,Sudan,2020-09-07,833,Deaths,0.0,10.0
47048,Sudan,2020-09-08,833,Deaths,0.0,10.0
47049,Sudan,2020-09-09,833,Deaths,0.0,10.0
47050,Sudan,2020-09-10,833,Deaths,0.0,10.0
47051,Sudan,2020-09-11,834,Deaths,1.0,11.0
47052,Sudan,2020-09-12,834,Deaths,0.0,2.0
47053,Sudan,2020-09-13,835,Deaths,1.0,2.0
47054,Sudan,2020-09-14,836,Deaths,1.0,3.0
47055,Sudan,2020-09-15,836,Deaths,0.0,3.0
47056,Sudan,2020-09-16,836,Deaths,0.0,3.0
47057,Sudan,2020-09-17,836,Deaths,0.0,3.0
47058,Sudan,2020-09-18,836,Deaths,0.0,2.0
47059,Sudan,2020-09-19,836,Deaths,0.0,2.0
47060,Sudan,2020-09-20,836,Deaths,0.0,1.0
47061,Sudan,2020-09-21,836,Deaths,0.0,0.0
47062,Sudan,2020-09-22,836,Deaths,0.0,0.0
47063,Sudan,2020-09-23,836,Deaths,0.0,0.0
47064,Sudan,2020-09-24,836,Deaths,0.0,0.0
47065,Sudan,2020-09-25,836,Deaths,0.0,0.0
47066,Sudan,2020-09-26,836,Deaths,0.0,0.0
47067,Sudan,2020-09-27,836,Deaths,0.0,0.0
47068,Sudan,2020-09-28,836,Deaths,0.0,0.0
47069,Sudan,2020-09-29,836,Deaths,0.0,0.0
47070,Sudan,2020-09-30,836,Deaths,0.0,0.0
47071,Sudan,2020-10-01,836,Deaths,0.0,0.0
47072,Sudan,2020-10-02,836,Deaths,0.0,0.0
47073,Sudan,2020-10-03,836,Deaths,0.0,0.0
47074,Sudan,2020-10-04,836,Deaths,0.0,0.0
47075,Sudan,2020-10-05,836,Deaths,0.0,0.0
47076,Sudan,2020-10-06,836,Deaths,0.0,0.0
47077,Sudan,2020-10-07,836,Deaths,0.0,0.0
47078,Sudan,2020-10-08,836,Deaths,0.0,0.0
47079,Sudan,2020-10-09,836,Deaths,0.0,0.0
47080,Sudan,2020-10-10,836,Deaths,0.0,0.0
47081,Sudan,2020-10-11,836,Deaths,0.0,0.0
47082,Sudan,2020-10-12,836,Deaths,0.0,0.0
47083,Sudan,2020-10-13,836,Deaths,0.0,0.0
47084,Sudan,2020-10-14,836,Deaths,0.0,0.0
47085,Sudan,2020-10-15,836,Deaths,0.0,0.0
47086,Sudan,2020-10-16,836,Deaths,0.0,0.0
47087,Sudan,2020-10-17,836,Deaths,0.0,0.0
47088,Sudan,2020-10-18,836,Deaths,0.0,0.0
47089,Sudan,2020-10-19,836,Deaths,0.0,0.0
47090,Sudan,2020-10-20,836,Deaths,0.0,0.0
47091,Sudan,2020-10-21,836,Deaths,0.0,0.0
47092,Sudan,2020-10-22,836,Deaths,0.0,0.0
47093,Sudan,2020-10-23,836,Deaths,0.0,0.0
47094,Sudan,2020-10-24,837,Deaths,1.0,1.0
47095,Sudan,2020-10-25,837,Deaths,0.0,1.0
47096,Sudan,2020-10-26,837,Deaths,0.0,1.0
47097,Sudan,2020-10-27,837,Deaths,0.0,1.0
47098,Sudan,2020-10-28,837,Deaths,0.0,1.0
47099,Sudan,2020-10-29,837,Deaths,0.0,1.0
47100,Sudan,2020-10-30,837,Deaths,0.0,1.0
47101,Sudan,2020-10-31,837,Deaths,0.0,0.0
47102,Sudan,2020-11-01,837,Deaths,0.0,0.0
47103,Sudan,2020-11-02,837,Deaths,0.0,0.0
47104,Sudan,2020-11-03,837,Deaths,0.0,0.0
47105,Sudan,2020-11-04,837,Deaths,0.0,0.0
47106,Sudan,2020-11-05,837,Deaths,0.0,0.0
47107,Suriname,2020-01-22,0,Deaths,,
47108,Suriname,2020-01-23,0,Deaths,0.0,
47109,Suriname,2020-01-24,0,Deaths,0.0,
47110,Suriname,2020-01-25,0,Deaths,0.0,
47111,Suriname,2020-01-26,0,Deaths,0.0,
47112,Suriname,2020-01-27,0,Deaths,0.0,
47113,Suriname,2020-01-28,0,Deaths,0.0,
47114,Suriname,2020-01-29,0,Deaths,0.0,0.0
47115,Suriname,2020-01-30,0,Deaths,0.0,0.0
47116,Suriname,2020-01-31,0,Deaths,0.0,0.0
47117,Suriname,2020-02-01,0,Deaths,0.0,0.0
47118,Suriname,2020-02-02,0,Deaths,0.0,0.0
47119,Suriname,2020-02-03,0,Deaths,0.0,0.0
47120,Suriname,2020-02-04,0,Deaths,0.0,0.0
47121,Suriname,2020-02-05,0,Deaths,0.0,0.0
47122,Suriname,2020-02-06,0,Deaths,0.0,0.0
47123,Suriname,2020-02-07,0,Deaths,0.0,0.0
47124,Suriname,2020-02-08,0,Deaths,0.0,0.0
47125,Suriname,2020-02-09,0,Deaths,0.0,0.0
47126,Suriname,2020-02-10,0,Deaths,0.0,0.0
47127,Suriname,2020-02-11,0,Deaths,0.0,0.0
47128,Suriname,2020-02-12,0,Deaths,0.0,0.0
47129,Suriname,2020-02-13,0,Deaths,0.0,0.0
47130,Suriname,2020-02-14,0,Deaths,0.0,0.0
47131,Suriname,2020-02-15,0,Deaths,0.0,0.0
47132,Suriname,2020-02-16,0,Deaths,0.0,0.0
47133,Suriname,2020-02-17,0,Deaths,0.0,0.0
47134,Suriname,2020-02-18,0,Deaths,0.0,0.0
47135,Suriname,2020-02-19,0,Deaths,0.0,0.0
47136,Suriname,2020-02-20,0,Deaths,0.0,0.0
47137,Suriname,2020-02-21,0,Deaths,0.0,0.0
47138,Suriname,2020-02-22,0,Deaths,0.0,0.0
47139,Suriname,2020-02-23,0,Deaths,0.0,0.0
47140,Suriname,2020-02-24,0,Deaths,0.0,0.0
47141,Suriname,2020-02-25,0,Deaths,0.0,0.0
47142,Suriname,2020-02-26,0,Deaths,0.0,0.0
47143,Suriname,2020-02-27,0,Deaths,0.0,0.0
47144,Suriname,2020-02-28,0,Deaths,0.0,0.0
47145,Suriname,2020-02-29,0,Deaths,0.0,0.0
47146,Suriname,2020-03-01,0,Deaths,0.0,0.0
47147,Suriname,2020-03-02,0,Deaths,0.0,0.0
47148,Suriname,2020-03-03,0,Deaths,0.0,0.0
47149,Suriname,2020-03-04,0,Deaths,0.0,0.0
47150,Suriname,2020-03-05,0,Deaths,0.0,0.0
47151,Suriname,2020-03-06,0,Deaths,0.0,0.0
47152,Suriname,2020-03-07,0,Deaths,0.0,0.0
47153,Suriname,2020-03-08,0,Deaths,0.0,0.0
47154,Suriname,2020-03-09,0,Deaths,0.0,0.0
47155,Suriname,2020-03-10,0,Deaths,0.0,0.0
47156,Suriname,2020-03-11,0,Deaths,0.0,0.0
47157,Suriname,2020-03-12,0,Deaths,0.0,0.0
47158,Suriname,2020-03-13,0,Deaths,0.0,0.0
47159,Suriname,2020-03-14,0,Deaths,0.0,0.0
47160,Suriname,2020-03-15,0,Deaths,0.0,0.0
47161,Suriname,2020-03-16,0,Deaths,0.0,0.0
47162,Suriname,2020-03-17,0,Deaths,0.0,0.0
47163,Suriname,2020-03-18,0,Deaths,0.0,0.0
47164,Suriname,2020-03-19,0,Deaths,0.0,0.0
47165,Suriname,2020-03-20,0,Deaths,0.0,0.0
47166,Suriname,2020-03-21,0,Deaths,0.0,0.0
47167,Suriname,2020-03-22,0,Deaths,0.0,0.0
47168,Suriname,2020-03-23,0,Deaths,0.0,0.0
47169,Suriname,2020-03-24,0,Deaths,0.0,0.0
47170,Suriname,2020-03-25,0,Deaths,0.0,0.0
47171,Suriname,2020-03-26,0,Deaths,0.0,0.0
47172,Suriname,2020-03-27,0,Deaths,0.0,0.0
47173,Suriname,2020-03-28,0,Deaths,0.0,0.0
47174,Suriname,2020-03-29,0,Deaths,0.0,0.0
47175,Suriname,2020-03-30,0,Deaths,0.0,0.0
47176,Suriname,2020-03-31,0,Deaths,0.0,0.0
47177,Suriname,2020-04-01,0,Deaths,0.0,0.0
47178,Suriname,2020-04-02,0,Deaths,0.0,0.0
47179,Suriname,2020-04-03,1,Deaths,1.0,1.0
47180,Suriname,2020-04-04,1,Deaths,0.0,1.0
47181,Suriname,2020-04-05,1,Deaths,0.0,1.0
47182,Suriname,2020-04-06,1,Deaths,0.0,1.0
47183,Suriname,2020-04-07,1,Deaths,0.0,1.0
47184,Suriname,2020-04-08,1,Deaths,0.0,1.0
47185,Suriname,2020-04-09,1,Deaths,0.0,1.0
47186,Suriname,2020-04-10,1,Deaths,0.0,0.0
47187,Suriname,2020-04-11,1,Deaths,0.0,0.0
47188,Suriname,2020-04-12,1,Deaths,0.0,0.0
47189,Suriname,2020-04-13,1,Deaths,0.0,0.0
47190,Suriname,2020-04-14,1,Deaths,0.0,0.0
47191,Suriname,2020-04-15,1,Deaths,0.0,0.0
47192,Suriname,2020-04-16,1,Deaths,0.0,0.0
47193,Suriname,2020-04-17,1,Deaths,0.0,0.0
47194,Suriname,2020-04-18,1,Deaths,0.0,0.0
47195,Suriname,2020-04-19,1,Deaths,0.0,0.0
47196,Suriname,2020-04-20,1,Deaths,0.0,0.0
47197,Suriname,2020-04-21,1,Deaths,0.0,0.0
47198,Suriname,2020-04-22,1,Deaths,0.0,0.0
47199,Suriname,2020-04-23,1,Deaths,0.0,0.0
47200,Suriname,2020-04-24,1,Deaths,0.0,0.0
47201,Suriname,2020-04-25,1,Deaths,0.0,0.0
47202,Suriname,2020-04-26,1,Deaths,0.0,0.0
47203,Suriname,2020-04-27,1,Deaths,0.0,0.0
47204,Suriname,2020-04-28,1,Deaths,0.0,0.0
47205,Suriname,2020-04-29,1,Deaths,0.0,0.0
47206,Suriname,2020-04-30,1,Deaths,0.0,0.0
47207,Suriname,2020-05-01,1,Deaths,0.0,0.0
47208,Suriname,2020-05-02,1,Deaths,0.0,0.0
47209,Suriname,2020-05-03,1,Deaths,0.0,0.0
47210,Suriname,2020-05-04,1,Deaths,0.0,0.0
47211,Suriname,2020-05-05,1,Deaths,0.0,0.0
47212,Suriname,2020-05-06,1,Deaths,0.0,0.0
47213,Suriname,2020-05-07,1,Deaths,0.0,0.0
47214,Suriname,2020-05-08,1,Deaths,0.0,0.0
47215,Suriname,2020-05-09,1,Deaths,0.0,0.0
47216,Suriname,2020-05-10,1,Deaths,0.0,0.0
47217,Suriname,2020-05-11,1,Deaths,0.0,0.0
47218,Suriname,2020-05-12,1,Deaths,0.0,0.0
47219,Suriname,2020-05-13,1,Deaths,0.0,0.0
47220,Suriname,2020-05-14,1,Deaths,0.0,0.0
47221,Suriname,2020-05-15,1,Deaths,0.0,0.0
47222,Suriname,2020-05-16,1,Deaths,0.0,0.0
47223,Suriname,2020-05-17,1,Deaths,0.0,0.0
47224,Suriname,2020-05-18,1,Deaths,0.0,0.0
47225,Suriname,2020-05-19,1,Deaths,0.0,0.0
47226,Suriname,2020-05-20,1,Deaths,0.0,0.0
47227,Suriname,2020-05-21,1,Deaths,0.0,0.0
47228,Suriname,2020-05-22,1,Deaths,0.0,0.0
47229,Suriname,2020-05-23,1,Deaths,0.0,0.0
47230,Suriname,2020-05-24,1,Deaths,0.0,0.0
47231,Suriname,2020-05-25,1,Deaths,0.0,0.0
47232,Suriname,2020-05-26,1,Deaths,0.0,0.0
47233,Suriname,2020-05-27,1,Deaths,0.0,0.0
47234,Suriname,2020-05-28,1,Deaths,0.0,0.0
47235,Suriname,2020-05-29,1,Deaths,0.0,0.0
47236,Suriname,2020-05-30,1,Deaths,0.0,0.0
47237,Suriname,2020-05-31,1,Deaths,0.0,0.0
47238,Suriname,2020-06-01,1,Deaths,0.0,0.0
47239,Suriname,2020-06-02,1,Deaths,0.0,0.0
47240,Suriname,2020-06-03,1,Deaths,0.0,0.0
47241,Suriname,2020-06-04,1,Deaths,0.0,0.0
47242,Suriname,2020-06-05,1,Deaths,0.0,0.0
47243,Suriname,2020-06-06,1,Deaths,0.0,0.0
47244,Suriname,2020-06-07,1,Deaths,0.0,0.0
47245,Suriname,2020-06-08,2,Deaths,1.0,1.0
47246,Suriname,2020-06-09,2,Deaths,0.0,1.0
47247,Suriname,2020-06-10,2,Deaths,0.0,1.0
47248,Suriname,2020-06-11,2,Deaths,0.0,1.0
47249,Suriname,2020-06-12,3,Deaths,1.0,2.0
47250,Suriname,2020-06-13,3,Deaths,0.0,2.0
47251,Suriname,2020-06-14,3,Deaths,0.0,2.0
47252,Suriname,2020-06-15,5,Deaths,2.0,3.0
47253,Suriname,2020-06-16,6,Deaths,1.0,4.0
47254,Suriname,2020-06-17,6,Deaths,0.0,4.0
47255,Suriname,2020-06-18,7,Deaths,1.0,5.0
47256,Suriname,2020-06-19,8,Deaths,1.0,5.0
47257,Suriname,2020-06-20,8,Deaths,0.0,5.0
47258,Suriname,2020-06-21,8,Deaths,0.0,5.0
47259,Suriname,2020-06-22,8,Deaths,0.0,3.0
47260,Suriname,2020-06-23,9,Deaths,1.0,3.0
47261,Suriname,2020-06-24,10,Deaths,1.0,4.0
47262,Suriname,2020-06-25,10,Deaths,0.0,3.0
47263,Suriname,2020-06-26,10,Deaths,0.0,2.0
47264,Suriname,2020-06-27,11,Deaths,1.0,3.0
47265,Suriname,2020-06-28,11,Deaths,0.0,3.0
47266,Suriname,2020-06-29,13,Deaths,2.0,5.0
47267,Suriname,2020-06-30,13,Deaths,0.0,4.0
47268,Suriname,2020-07-01,13,Deaths,0.0,3.0
47269,Suriname,2020-07-02,13,Deaths,0.0,3.0
47270,Suriname,2020-07-03,13,Deaths,0.0,3.0
47271,Suriname,2020-07-04,14,Deaths,1.0,3.0
47272,Suriname,2020-07-05,14,Deaths,0.0,3.0
47273,Suriname,2020-07-06,14,Deaths,0.0,1.0
47274,Suriname,2020-07-07,15,Deaths,1.0,2.0
47275,Suriname,2020-07-08,17,Deaths,2.0,4.0
47276,Suriname,2020-07-09,17,Deaths,0.0,4.0
47277,Suriname,2020-07-10,18,Deaths,1.0,5.0
47278,Suriname,2020-07-11,18,Deaths,0.0,4.0
47279,Suriname,2020-07-12,18,Deaths,0.0,4.0
47280,Suriname,2020-07-13,18,Deaths,0.0,4.0
47281,Suriname,2020-07-14,18,Deaths,0.0,3.0
47282,Suriname,2020-07-15,18,Deaths,0.0,1.0
47283,Suriname,2020-07-16,18,Deaths,0.0,1.0
47284,Suriname,2020-07-17,19,Deaths,1.0,1.0
47285,Suriname,2020-07-18,20,Deaths,1.0,2.0
47286,Suriname,2020-07-19,21,Deaths,1.0,3.0
47287,Suriname,2020-07-20,21,Deaths,0.0,3.0
47288,Suriname,2020-07-21,21,Deaths,0.0,3.0
47289,Suriname,2020-07-22,21,Deaths,0.0,3.0
47290,Suriname,2020-07-23,23,Deaths,2.0,5.0
47291,Suriname,2020-07-24,23,Deaths,0.0,4.0
47292,Suriname,2020-07-25,23,Deaths,0.0,3.0
47293,Suriname,2020-07-26,23,Deaths,0.0,2.0
47294,Suriname,2020-07-27,24,Deaths,1.0,3.0
47295,Suriname,2020-07-28,24,Deaths,0.0,3.0
47296,Suriname,2020-07-29,26,Deaths,2.0,5.0
47297,Suriname,2020-07-30,26,Deaths,0.0,3.0
47298,Suriname,2020-07-31,26,Deaths,0.0,3.0
47299,Suriname,2020-08-01,26,Deaths,0.0,3.0
47300,Suriname,2020-08-02,27,Deaths,1.0,4.0
47301,Suriname,2020-08-03,27,Deaths,0.0,3.0
47302,Suriname,2020-08-04,27,Deaths,0.0,3.0
47303,Suriname,2020-08-05,27,Deaths,0.0,1.0
47304,Suriname,2020-08-06,29,Deaths,2.0,3.0
47305,Suriname,2020-08-07,29,Deaths,0.0,3.0
47306,Suriname,2020-08-08,29,Deaths,0.0,3.0
47307,Suriname,2020-08-09,29,Deaths,0.0,2.0
47308,Suriname,2020-08-10,30,Deaths,1.0,3.0
47309,Suriname,2020-08-11,39,Deaths,9.0,12.0
47310,Suriname,2020-08-12,39,Deaths,0.0,12.0
47311,Suriname,2020-08-13,40,Deaths,1.0,11.0
47312,Suriname,2020-08-14,41,Deaths,1.0,12.0
47313,Suriname,2020-08-15,42,Deaths,1.0,13.0
47314,Suriname,2020-08-16,47,Deaths,5.0,18.0
47315,Suriname,2020-08-17,48,Deaths,1.0,18.0
47316,Suriname,2020-08-18,54,Deaths,6.0,15.0
47317,Suriname,2020-08-19,54,Deaths,0.0,15.0
47318,Suriname,2020-08-20,55,Deaths,1.0,15.0
47319,Suriname,2020-08-21,56,Deaths,1.0,15.0
47320,Suriname,2020-08-22,57,Deaths,1.0,15.0
47321,Suriname,2020-08-23,58,Deaths,1.0,11.0
47322,Suriname,2020-08-24,60,Deaths,2.0,12.0
47323,Suriname,2020-08-25,61,Deaths,1.0,7.0
47324,Suriname,2020-08-26,62,Deaths,1.0,8.0
47325,Suriname,2020-08-27,66,Deaths,4.0,11.0
47326,Suriname,2020-08-28,66,Deaths,0.0,10.0
47327,Suriname,2020-08-29,67,Deaths,1.0,10.0
47328,Suriname,2020-08-30,67,Deaths,0.0,9.0
47329,Suriname,2020-08-31,71,Deaths,4.0,11.0
47330,Suriname,2020-09-01,72,Deaths,1.0,11.0
47331,Suriname,2020-09-02,72,Deaths,0.0,10.0
47332,Suriname,2020-09-03,73,Deaths,1.0,7.0
47333,Suriname,2020-09-04,75,Deaths,2.0,9.0
47334,Suriname,2020-09-05,76,Deaths,1.0,9.0
47335,Suriname,2020-09-06,85,Deaths,9.0,18.0
47336,Suriname,2020-09-07,91,Deaths,6.0,20.0
47337,Suriname,2020-09-08,91,Deaths,0.0,19.0
47338,Suriname,2020-09-09,92,Deaths,1.0,20.0
47339,Suriname,2020-09-10,93,Deaths,1.0,20.0
47340,Suriname,2020-09-11,93,Deaths,0.0,18.0
47341,Suriname,2020-09-12,93,Deaths,0.0,17.0
47342,Suriname,2020-09-13,93,Deaths,0.0,8.0
47343,Suriname,2020-09-14,95,Deaths,2.0,4.0
47344,Suriname,2020-09-15,95,Deaths,0.0,4.0
47345,Suriname,2020-09-16,95,Deaths,0.0,3.0
47346,Suriname,2020-09-17,95,Deaths,0.0,2.0
47347,Suriname,2020-09-18,96,Deaths,1.0,3.0
47348,Suriname,2020-09-19,97,Deaths,1.0,4.0
47349,Suriname,2020-09-20,97,Deaths,0.0,4.0
47350,Suriname,2020-09-21,97,Deaths,0.0,2.0
47351,Suriname,2020-09-22,100,Deaths,3.0,5.0
47352,Suriname,2020-09-23,101,Deaths,1.0,6.0
47353,Suriname,2020-09-24,102,Deaths,1.0,7.0
47354,Suriname,2020-09-25,102,Deaths,0.0,6.0
47355,Suriname,2020-09-26,102,Deaths,0.0,5.0
47356,Suriname,2020-09-27,102,Deaths,0.0,5.0
47357,Suriname,2020-09-28,102,Deaths,0.0,5.0
47358,Suriname,2020-09-29,104,Deaths,2.0,4.0
47359,Suriname,2020-09-30,104,Deaths,0.0,3.0
47360,Suriname,2020-10-01,105,Deaths,1.0,3.0
47361,Suriname,2020-10-02,105,Deaths,0.0,3.0
47362,Suriname,2020-10-03,106,Deaths,1.0,4.0
47363,Suriname,2020-10-04,106,Deaths,0.0,4.0
47364,Suriname,2020-10-05,106,Deaths,0.0,4.0
47365,Suriname,2020-10-06,106,Deaths,0.0,2.0
47366,Suriname,2020-10-07,106,Deaths,0.0,2.0
47367,Suriname,2020-10-08,106,Deaths,0.0,1.0
47368,Suriname,2020-10-09,106,Deaths,0.0,1.0
47369,Suriname,2020-10-10,107,Deaths,1.0,1.0
47370,Suriname,2020-10-11,107,Deaths,0.0,1.0
47371,Suriname,2020-10-12,107,Deaths,0.0,1.0
47372,Suriname,2020-10-13,107,Deaths,0.0,1.0
47373,Suriname,2020-10-14,108,Deaths,1.0,2.0
47374,Suriname,2020-10-15,109,Deaths,1.0,3.0
47375,Suriname,2020-10-16,109,Deaths,0.0,3.0
47376,Suriname,2020-10-17,109,Deaths,0.0,2.0
47377,Suriname,2020-10-18,109,Deaths,0.0,2.0
47378,Suriname,2020-10-19,109,Deaths,0.0,2.0
47379,Suriname,2020-10-20,109,Deaths,0.0,2.0
47380,Suriname,2020-10-21,109,Deaths,0.0,1.0
47381,Suriname,2020-10-22,109,Deaths,0.0,0.0
47382,Suriname,2020-10-23,109,Deaths,0.0,0.0
47383,Suriname,2020-10-24,109,Deaths,0.0,0.0
47384,Suriname,2020-10-25,109,Deaths,0.0,0.0
47385,Suriname,2020-10-26,110,Deaths,1.0,1.0
47386,Suriname,2020-10-27,111,Deaths,1.0,2.0
47387,Suriname,2020-10-28,111,Deaths,0.0,2.0
47388,Suriname,2020-10-29,111,Deaths,0.0,2.0
47389,Suriname,2020-10-30,111,Deaths,0.0,2.0
47390,Suriname,2020-10-31,111,Deaths,0.0,2.0
47391,Suriname,2020-11-01,111,Deaths,0.0,2.0
47392,Suriname,2020-11-02,111,Deaths,0.0,1.0
47393,Suriname,2020-11-03,111,Deaths,0.0,0.0
47394,Suriname,2020-11-04,112,Deaths,1.0,1.0
47395,Suriname,2020-11-05,112,Deaths,0.0,1.0
47396,Sweden,2020-01-22,0,Deaths,,
47397,Sweden,2020-01-23,0,Deaths,0.0,
47398,Sweden,2020-01-24,0,Deaths,0.0,
47399,Sweden,2020-01-25,0,Deaths,0.0,
47400,Sweden,2020-01-26,0,Deaths,0.0,
47401,Sweden,2020-01-27,0,Deaths,0.0,
47402,Sweden,2020-01-28,0,Deaths,0.0,
47403,Sweden,2020-01-29,0,Deaths,0.0,0.0
47404,Sweden,2020-01-30,0,Deaths,0.0,0.0
47405,Sweden,2020-01-31,0,Deaths,0.0,0.0
47406,Sweden,2020-02-01,0,Deaths,0.0,0.0
47407,Sweden,2020-02-02,0,Deaths,0.0,0.0
47408,Sweden,2020-02-03,0,Deaths,0.0,0.0
47409,Sweden,2020-02-04,0,Deaths,0.0,0.0
47410,Sweden,2020-02-05,0,Deaths,0.0,0.0
47411,Sweden,2020-02-06,0,Deaths,0.0,0.0
47412,Sweden,2020-02-07,0,Deaths,0.0,0.0
47413,Sweden,2020-02-08,0,Deaths,0.0,0.0
47414,Sweden,2020-02-09,0,Deaths,0.0,0.0
47415,Sweden,2020-02-10,0,Deaths,0.0,0.0
47416,Sweden,2020-02-11,0,Deaths,0.0,0.0
47417,Sweden,2020-02-12,0,Deaths,0.0,0.0
47418,Sweden,2020-02-13,0,Deaths,0.0,0.0
47419,Sweden,2020-02-14,0,Deaths,0.0,0.0
47420,Sweden,2020-02-15,0,Deaths,0.0,0.0
47421,Sweden,2020-02-16,0,Deaths,0.0,0.0
47422,Sweden,2020-02-17,0,Deaths,0.0,0.0
47423,Sweden,2020-02-18,0,Deaths,0.0,0.0
47424,Sweden,2020-02-19,0,Deaths,0.0,0.0
47425,Sweden,2020-02-20,0,Deaths,0.0,0.0
47426,Sweden,2020-02-21,0,Deaths,0.0,0.0
47427,Sweden,2020-02-22,0,Deaths,0.0,0.0
47428,Sweden,2020-02-23,0,Deaths,0.0,0.0
47429,Sweden,2020-02-24,0,Deaths,0.0,0.0
47430,Sweden,2020-02-25,0,Deaths,0.0,0.0
47431,Sweden,2020-02-26,0,Deaths,0.0,0.0
47432,Sweden,2020-02-27,0,Deaths,0.0,0.0
47433,Sweden,2020-02-28,0,Deaths,0.0,0.0
47434,Sweden,2020-02-29,0,Deaths,0.0,0.0
47435,Sweden,2020-03-01,0,Deaths,0.0,0.0
47436,Sweden,2020-03-02,0,Deaths,0.0,0.0
47437,Sweden,2020-03-03,0,Deaths,0.0,0.0
47438,Sweden,2020-03-04,0,Deaths,0.0,0.0
47439,Sweden,2020-03-05,0,Deaths,0.0,0.0
47440,Sweden,2020-03-06,0,Deaths,0.0,0.0
47441,Sweden,2020-03-07,0,Deaths,0.0,0.0
47442,Sweden,2020-03-08,0,Deaths,0.0,0.0
47443,Sweden,2020-03-09,0,Deaths,0.0,0.0
47444,Sweden,2020-03-10,1,Deaths,1.0,1.0
47445,Sweden,2020-03-11,1,Deaths,0.0,1.0
47446,Sweden,2020-03-12,2,Deaths,1.0,2.0
47447,Sweden,2020-03-13,3,Deaths,1.0,3.0
47448,Sweden,2020-03-14,5,Deaths,2.0,5.0
47449,Sweden,2020-03-15,7,Deaths,2.0,7.0
47450,Sweden,2020-03-16,8,Deaths,1.0,8.0
47451,Sweden,2020-03-17,14,Deaths,6.0,13.0
47452,Sweden,2020-03-18,21,Deaths,7.0,20.0
47453,Sweden,2020-03-19,30,Deaths,9.0,28.0
47454,Sweden,2020-03-20,38,Deaths,8.0,35.0
47455,Sweden,2020-03-21,49,Deaths,11.0,44.0
47456,Sweden,2020-03-22,60,Deaths,11.0,53.0
47457,Sweden,2020-03-23,81,Deaths,21.0,73.0
47458,Sweden,2020-03-24,103,Deaths,22.0,89.0
47459,Sweden,2020-03-25,134,Deaths,31.0,113.0
47460,Sweden,2020-03-26,166,Deaths,32.0,136.0
47461,Sweden,2020-03-27,201,Deaths,35.0,163.0
47462,Sweden,2020-03-28,239,Deaths,38.0,190.0
47463,Sweden,2020-03-29,284,Deaths,45.0,224.0
47464,Sweden,2020-03-30,332,Deaths,48.0,251.0
47465,Sweden,2020-03-31,385,Deaths,53.0,282.0
47466,Sweden,2020-04-01,455,Deaths,70.0,321.0
47467,Sweden,2020-04-02,535,Deaths,80.0,369.0
47468,Sweden,2020-04-03,605,Deaths,70.0,404.0
47469,Sweden,2020-04-04,690,Deaths,85.0,451.0
47470,Sweden,2020-04-05,780,Deaths,90.0,496.0
47471,Sweden,2020-04-06,864,Deaths,84.0,532.0
47472,Sweden,2020-04-07,979,Deaths,115.0,594.0
47473,Sweden,2020-04-08,1065,Deaths,86.0,610.0
47474,Sweden,2020-04-09,1155,Deaths,90.0,620.0
47475,Sweden,2020-04-10,1258,Deaths,103.0,653.0
47476,Sweden,2020-04-11,1355,Deaths,97.0,665.0
47477,Sweden,2020-04-12,1440,Deaths,85.0,660.0
47478,Sweden,2020-04-13,1531,Deaths,91.0,667.0
47479,Sweden,2020-04-14,1646,Deaths,115.0,667.0
47480,Sweden,2020-04-15,1757,Deaths,111.0,692.0
47481,Sweden,2020-04-16,1839,Deaths,82.0,684.0
47482,Sweden,2020-04-17,1925,Deaths,86.0,667.0
47483,Sweden,2020-04-18,2013,Deaths,88.0,658.0
47484,Sweden,2020-04-19,2097,Deaths,84.0,657.0
47485,Sweden,2020-04-20,2159,Deaths,62.0,628.0
47486,Sweden,2020-04-21,2236,Deaths,77.0,590.0
47487,Sweden,2020-04-22,2322,Deaths,86.0,565.0
47488,Sweden,2020-04-23,2411,Deaths,89.0,572.0
47489,Sweden,2020-04-24,2484,Deaths,73.0,559.0
47490,Sweden,2020-04-25,2559,Deaths,75.0,546.0
47491,Sweden,2020-04-26,2632,Deaths,73.0,535.0
47492,Sweden,2020-04-27,2714,Deaths,82.0,555.0
47493,Sweden,2020-04-28,2798,Deaths,84.0,562.0
47494,Sweden,2020-04-29,2876,Deaths,78.0,554.0
47495,Sweden,2020-04-30,2954,Deaths,78.0,543.0
47496,Sweden,2020-05-01,3027,Deaths,73.0,543.0
47497,Sweden,2020-05-02,3102,Deaths,75.0,543.0
47498,Sweden,2020-05-03,3186,Deaths,84.0,554.0
47499,Sweden,2020-05-04,3258,Deaths,72.0,544.0
47500,Sweden,2020-05-05,3331,Deaths,73.0,533.0
47501,Sweden,2020-05-06,3411,Deaths,80.0,535.0
47502,Sweden,2020-05-07,3471,Deaths,60.0,517.0
47503,Sweden,2020-05-08,3540,Deaths,69.0,513.0
47504,Sweden,2020-05-09,3614,Deaths,74.0,512.0
47505,Sweden,2020-05-10,3678,Deaths,64.0,492.0
47506,Sweden,2020-05-11,3739,Deaths,61.0,481.0
47507,Sweden,2020-05-12,3789,Deaths,50.0,458.0
47508,Sweden,2020-05-13,3835,Deaths,46.0,424.0
47509,Sweden,2020-05-14,3893,Deaths,58.0,422.0
47510,Sweden,2020-05-15,3942,Deaths,49.0,402.0
47511,Sweden,2020-05-16,3995,Deaths,53.0,381.0
47512,Sweden,2020-05-17,4056,Deaths,61.0,378.0
47513,Sweden,2020-05-18,4096,Deaths,40.0,357.0
47514,Sweden,2020-05-19,4150,Deaths,54.0,361.0
47515,Sweden,2020-05-20,4204,Deaths,54.0,369.0
47516,Sweden,2020-05-21,4260,Deaths,56.0,367.0
47517,Sweden,2020-05-22,4316,Deaths,56.0,374.0
47518,Sweden,2020-05-23,4360,Deaths,44.0,365.0
47519,Sweden,2020-05-24,4402,Deaths,42.0,346.0
47520,Sweden,2020-05-25,4430,Deaths,28.0,334.0
47521,Sweden,2020-05-26,4469,Deaths,39.0,319.0
47522,Sweden,2020-05-27,4509,Deaths,40.0,305.0
47523,Sweden,2020-05-28,4549,Deaths,40.0,289.0
47524,Sweden,2020-05-29,4588,Deaths,39.0,272.0
47525,Sweden,2020-05-30,4633,Deaths,45.0,273.0
47526,Sweden,2020-05-31,4673,Deaths,40.0,271.0
47527,Sweden,2020-06-01,4710,Deaths,37.0,280.0
47528,Sweden,2020-06-02,4736,Deaths,26.0,267.0
47529,Sweden,2020-06-03,4781,Deaths,45.0,272.0
47530,Sweden,2020-06-04,4819,Deaths,38.0,270.0
47531,Sweden,2020-06-05,4850,Deaths,31.0,262.0
47532,Sweden,2020-06-06,4883,Deaths,33.0,250.0
47533,Sweden,2020-06-07,4921,Deaths,38.0,248.0
47534,Sweden,2020-06-08,4954,Deaths,33.0,244.0
47535,Sweden,2020-06-09,4994,Deaths,40.0,258.0
47536,Sweden,2020-06-10,5030,Deaths,36.0,249.0
47537,Sweden,2020-06-11,5060,Deaths,30.0,241.0
47538,Sweden,2020-06-12,5093,Deaths,33.0,243.0
47539,Sweden,2020-06-13,5120,Deaths,27.0,237.0
47540,Sweden,2020-06-14,5151,Deaths,31.0,230.0
47541,Sweden,2020-06-15,5179,Deaths,28.0,225.0
47542,Sweden,2020-06-16,5212,Deaths,33.0,218.0
47543,Sweden,2020-06-17,5241,Deaths,29.0,211.0
47544,Sweden,2020-06-18,5270,Deaths,29.0,210.0
47545,Sweden,2020-06-19,5299,Deaths,29.0,206.0
47546,Sweden,2020-06-20,5320,Deaths,21.0,200.0
47547,Sweden,2020-06-21,5341,Deaths,21.0,190.0
47548,Sweden,2020-06-22,5366,Deaths,25.0,187.0
47549,Sweden,2020-06-23,5388,Deaths,22.0,176.0
47550,Sweden,2020-06-24,5412,Deaths,24.0,171.0
47551,Sweden,2020-06-25,5424,Deaths,12.0,154.0
47552,Sweden,2020-06-26,5438,Deaths,14.0,139.0
47553,Sweden,2020-06-27,5460,Deaths,22.0,140.0
47554,Sweden,2020-06-28,5478,Deaths,18.0,137.0
47555,Sweden,2020-06-29,5498,Deaths,20.0,132.0
47556,Sweden,2020-06-30,5515,Deaths,17.0,127.0
47557,Sweden,2020-07-01,5530,Deaths,15.0,118.0
47558,Sweden,2020-07-02,5538,Deaths,8.0,114.0
47559,Sweden,2020-07-03,5553,Deaths,15.0,115.0
47560,Sweden,2020-07-04,5562,Deaths,9.0,102.0
47561,Sweden,2020-07-05,5578,Deaths,16.0,100.0
47562,Sweden,2020-07-06,5590,Deaths,12.0,92.0
47563,Sweden,2020-07-07,5601,Deaths,11.0,86.0
47564,Sweden,2020-07-08,5616,Deaths,15.0,86.0
47565,Sweden,2020-07-09,5630,Deaths,14.0,92.0
47566,Sweden,2020-07-10,5641,Deaths,11.0,88.0
47567,Sweden,2020-07-11,5650,Deaths,9.0,88.0
47568,Sweden,2020-07-12,5664,Deaths,14.0,86.0
47569,Sweden,2020-07-13,5672,Deaths,8.0,82.0
47570,Sweden,2020-07-14,5678,Deaths,6.0,77.0
47571,Sweden,2020-07-15,5686,Deaths,8.0,70.0
47572,Sweden,2020-07-16,5694,Deaths,8.0,64.0
47573,Sweden,2020-07-17,5705,Deaths,11.0,64.0
47574,Sweden,2020-07-18,5715,Deaths,10.0,65.0
47575,Sweden,2020-07-19,5722,Deaths,7.0,58.0
47576,Sweden,2020-07-20,5729,Deaths,7.0,57.0
47577,Sweden,2020-07-21,5736,Deaths,7.0,58.0
47578,Sweden,2020-07-22,5742,Deaths,6.0,56.0
47579,Sweden,2020-07-23,5746,Deaths,4.0,52.0
47580,Sweden,2020-07-24,5747,Deaths,1.0,42.0
47581,Sweden,2020-07-25,5749,Deaths,2.0,34.0
47582,Sweden,2020-07-26,5755,Deaths,6.0,33.0
47583,Sweden,2020-07-27,5759,Deaths,4.0,30.0
47584,Sweden,2020-07-28,5760,Deaths,1.0,24.0
47585,Sweden,2020-07-29,5760,Deaths,0.0,18.0
47586,Sweden,2020-07-30,5763,Deaths,3.0,17.0
47587,Sweden,2020-07-31,5766,Deaths,3.0,19.0
47588,Sweden,2020-08-01,5767,Deaths,1.0,18.0
47589,Sweden,2020-08-02,5772,Deaths,5.0,17.0
47590,Sweden,2020-08-03,5774,Deaths,2.0,15.0
47591,Sweden,2020-08-04,5775,Deaths,1.0,15.0
47592,Sweden,2020-08-05,5780,Deaths,5.0,20.0
47593,Sweden,2020-08-06,5783,Deaths,3.0,20.0
47594,Sweden,2020-08-07,5785,Deaths,2.0,19.0
47595,Sweden,2020-08-08,5789,Deaths,4.0,22.0
47596,Sweden,2020-08-09,5791,Deaths,2.0,19.0
47597,Sweden,2020-08-10,5795,Deaths,4.0,21.0
47598,Sweden,2020-08-11,5798,Deaths,3.0,23.0
47599,Sweden,2020-08-12,5803,Deaths,5.0,23.0
47600,Sweden,2020-08-13,5803,Deaths,0.0,20.0
47601,Sweden,2020-08-14,5804,Deaths,1.0,19.0
47602,Sweden,2020-08-15,5804,Deaths,0.0,15.0
47603,Sweden,2020-08-16,5806,Deaths,2.0,15.0
47604,Sweden,2020-08-17,5812,Deaths,6.0,17.0
47605,Sweden,2020-08-18,5813,Deaths,1.0,15.0
47606,Sweden,2020-08-19,5814,Deaths,1.0,11.0
47607,Sweden,2020-08-20,5815,Deaths,1.0,12.0
47608,Sweden,2020-08-21,5816,Deaths,1.0,12.0
47609,Sweden,2020-08-22,5816,Deaths,0.0,12.0
47610,Sweden,2020-08-23,5816,Deaths,0.0,10.0
47611,Sweden,2020-08-24,5816,Deaths,0.0,4.0
47612,Sweden,2020-08-25,5816,Deaths,0.0,3.0
47613,Sweden,2020-08-26,5816,Deaths,0.0,2.0
47614,Sweden,2020-08-27,5820,Deaths,4.0,5.0
47615,Sweden,2020-08-28,5821,Deaths,1.0,5.0
47616,Sweden,2020-08-29,5821,Deaths,0.0,5.0
47617,Sweden,2020-08-30,5821,Deaths,0.0,5.0
47618,Sweden,2020-08-31,5808,Deaths,-13.0,-8.0
47619,Sweden,2020-09-01,5813,Deaths,5.0,-3.0
47620,Sweden,2020-09-02,5820,Deaths,7.0,4.0
47621,Sweden,2020-09-03,5832,Deaths,12.0,12.0
47622,Sweden,2020-09-04,5835,Deaths,3.0,14.0
47623,Sweden,2020-09-05,5835,Deaths,0.0,14.0
47624,Sweden,2020-09-06,5835,Deaths,0.0,14.0
47625,Sweden,2020-09-07,5837,Deaths,2.0,29.0
47626,Sweden,2020-09-08,5838,Deaths,1.0,25.0
47627,Sweden,2020-09-09,5842,Deaths,4.0,22.0
47628,Sweden,2020-09-10,5843,Deaths,1.0,11.0
47629,Sweden,2020-09-11,5846,Deaths,3.0,11.0
47630,Sweden,2020-09-12,5846,Deaths,0.0,11.0
47631,Sweden,2020-09-13,5846,Deaths,0.0,11.0
47632,Sweden,2020-09-14,5846,Deaths,0.0,9.0
47633,Sweden,2020-09-15,5851,Deaths,5.0,13.0
47634,Sweden,2020-09-16,5860,Deaths,9.0,18.0
47635,Sweden,2020-09-17,5864,Deaths,4.0,21.0
47636,Sweden,2020-09-18,5865,Deaths,1.0,19.0
47637,Sweden,2020-09-19,5865,Deaths,0.0,19.0
47638,Sweden,2020-09-20,5865,Deaths,0.0,19.0
47639,Sweden,2020-09-21,5865,Deaths,0.0,19.0
47640,Sweden,2020-09-22,5870,Deaths,5.0,19.0
47641,Sweden,2020-09-23,5876,Deaths,6.0,16.0
47642,Sweden,2020-09-24,5878,Deaths,2.0,14.0
47643,Sweden,2020-09-25,5880,Deaths,2.0,15.0
47644,Sweden,2020-09-26,5880,Deaths,0.0,15.0
47645,Sweden,2020-09-27,5880,Deaths,0.0,15.0
47646,Sweden,2020-09-28,5880,Deaths,0.0,15.0
47647,Sweden,2020-09-29,5890,Deaths,10.0,20.0
47648,Sweden,2020-09-30,5893,Deaths,3.0,17.0
47649,Sweden,2020-10-01,5893,Deaths,0.0,15.0
47650,Sweden,2020-10-02,5895,Deaths,2.0,15.0
47651,Sweden,2020-10-03,5895,Deaths,0.0,15.0
47652,Sweden,2020-10-04,5895,Deaths,0.0,15.0
47653,Sweden,2020-10-05,5895,Deaths,0.0,15.0
47654,Sweden,2020-10-06,5883,Deaths,-12.0,-7.0
47655,Sweden,2020-10-07,5892,Deaths,9.0,-1.0
47656,Sweden,2020-10-08,5892,Deaths,0.0,-1.0
47657,Sweden,2020-10-09,5894,Deaths,2.0,-1.0
47658,Sweden,2020-10-10,5894,Deaths,0.0,-1.0
47659,Sweden,2020-10-11,5894,Deaths,0.0,-1.0
47660,Sweden,2020-10-12,5894,Deaths,0.0,-1.0
47661,Sweden,2020-10-13,5899,Deaths,5.0,16.0
47662,Sweden,2020-10-14,5907,Deaths,8.0,15.0
47663,Sweden,2020-10-15,5910,Deaths,3.0,18.0
47664,Sweden,2020-10-16,5918,Deaths,8.0,24.0
47665,Sweden,2020-10-17,5918,Deaths,0.0,24.0
47666,Sweden,2020-10-18,5918,Deaths,0.0,24.0
47667,Sweden,2020-10-19,5918,Deaths,0.0,24.0
47668,Sweden,2020-10-20,5922,Deaths,4.0,23.0
47669,Sweden,2020-10-21,5929,Deaths,7.0,22.0
47670,Sweden,2020-10-22,5930,Deaths,1.0,20.0
47671,Sweden,2020-10-23,5933,Deaths,3.0,15.0
47672,Sweden,2020-10-24,5934,Deaths,1.0,16.0
47673,Sweden,2020-10-25,5941,Deaths,7.0,23.0
47674,Sweden,2020-10-26,5951,Deaths,10.0,33.0
47675,Sweden,2020-10-27,5959,Deaths,8.0,37.0
47676,Sweden,2020-10-28,5963,Deaths,4.0,34.0
47677,Sweden,2020-10-29,5966,Deaths,3.0,36.0
47678,Sweden,2020-10-30,5972,Deaths,6.0,39.0
47679,Sweden,2020-10-31,5977,Deaths,5.0,43.0
47680,Sweden,2020-11-01,5980,Deaths,3.0,39.0
47681,Sweden,2020-11-02,5987,Deaths,7.0,36.0
47682,Sweden,2020-11-03,5989,Deaths,2.0,30.0
47683,Sweden,2020-11-04,5997,Deaths,8.0,34.0
47684,Sweden,2020-11-05,6002,Deaths,5.0,36.0
47685,Switzerland,2020-01-22,0,Deaths,,
47686,Switzerland,2020-01-23,0,Deaths,0.0,
47687,Switzerland,2020-01-24,0,Deaths,0.0,
47688,Switzerland,2020-01-25,0,Deaths,0.0,
47689,Switzerland,2020-01-26,0,Deaths,0.0,
47690,Switzerland,2020-01-27,0,Deaths,0.0,
47691,Switzerland,2020-01-28,0,Deaths,0.0,
47692,Switzerland,2020-01-29,0,Deaths,0.0,0.0
47693,Switzerland,2020-01-30,0,Deaths,0.0,0.0
47694,Switzerland,2020-01-31,0,Deaths,0.0,0.0
47695,Switzerland,2020-02-01,0,Deaths,0.0,0.0
47696,Switzerland,2020-02-02,0,Deaths,0.0,0.0
47697,Switzerland,2020-02-03,0,Deaths,0.0,0.0
47698,Switzerland,2020-02-04,0,Deaths,0.0,0.0
47699,Switzerland,2020-02-05,0,Deaths,0.0,0.0
47700,Switzerland,2020-02-06,0,Deaths,0.0,0.0
47701,Switzerland,2020-02-07,0,Deaths,0.0,0.0
47702,Switzerland,2020-02-08,0,Deaths,0.0,0.0
47703,Switzerland,2020-02-09,0,Deaths,0.0,0.0
47704,Switzerland,2020-02-10,0,Deaths,0.0,0.0
47705,Switzerland,2020-02-11,0,Deaths,0.0,0.0
47706,Switzerland,2020-02-12,0,Deaths,0.0,0.0
47707,Switzerland,2020-02-13,0,Deaths,0.0,0.0
47708,Switzerland,2020-02-14,0,Deaths,0.0,0.0
47709,Switzerland,2020-02-15,0,Deaths,0.0,0.0
47710,Switzerland,2020-02-16,0,Deaths,0.0,0.0
47711,Switzerland,2020-02-17,0,Deaths,0.0,0.0
47712,Switzerland,2020-02-18,0,Deaths,0.0,0.0
47713,Switzerland,2020-02-19,0,Deaths,0.0,0.0
47714,Switzerland,2020-02-20,0,Deaths,0.0,0.0
47715,Switzerland,2020-02-21,0,Deaths,0.0,0.0
47716,Switzerland,2020-02-22,0,Deaths,0.0,0.0
47717,Switzerland,2020-02-23,0,Deaths,0.0,0.0
47718,Switzerland,2020-02-24,0,Deaths,0.0,0.0
47719,Switzerland,2020-02-25,0,Deaths,0.0,0.0
47720,Switzerland,2020-02-26,0,Deaths,0.0,0.0
47721,Switzerland,2020-02-27,0,Deaths,0.0,0.0
47722,Switzerland,2020-02-28,0,Deaths,0.0,0.0
47723,Switzerland,2020-02-29,0,Deaths,0.0,0.0
47724,Switzerland,2020-03-01,0,Deaths,0.0,0.0
47725,Switzerland,2020-03-02,0,Deaths,0.0,0.0
47726,Switzerland,2020-03-03,0,Deaths,0.0,0.0
47727,Switzerland,2020-03-04,0,Deaths,0.0,0.0
47728,Switzerland,2020-03-05,1,Deaths,1.0,1.0
47729,Switzerland,2020-03-06,1,Deaths,0.0,1.0
47730,Switzerland,2020-03-07,1,Deaths,0.0,1.0
47731,Switzerland,2020-03-08,2,Deaths,1.0,2.0
47732,Switzerland,2020-03-09,2,Deaths,0.0,2.0
47733,Switzerland,2020-03-10,3,Deaths,1.0,3.0
47734,Switzerland,2020-03-11,4,Deaths,1.0,4.0
47735,Switzerland,2020-03-12,4,Deaths,0.0,3.0
47736,Switzerland,2020-03-13,11,Deaths,7.0,10.0
47737,Switzerland,2020-03-14,13,Deaths,2.0,12.0
47738,Switzerland,2020-03-15,14,Deaths,1.0,12.0
47739,Switzerland,2020-03-16,14,Deaths,0.0,12.0
47740,Switzerland,2020-03-17,27,Deaths,13.0,24.0
47741,Switzerland,2020-03-18,28,Deaths,1.0,24.0
47742,Switzerland,2020-03-19,41,Deaths,13.0,37.0
47743,Switzerland,2020-03-20,54,Deaths,13.0,43.0
47744,Switzerland,2020-03-21,75,Deaths,21.0,62.0
47745,Switzerland,2020-03-22,98,Deaths,23.0,84.0
47746,Switzerland,2020-03-23,120,Deaths,22.0,106.0
47747,Switzerland,2020-03-24,122,Deaths,2.0,95.0
47748,Switzerland,2020-03-25,153,Deaths,31.0,125.0
47749,Switzerland,2020-03-26,191,Deaths,38.0,150.0
47750,Switzerland,2020-03-27,231,Deaths,40.0,177.0
47751,Switzerland,2020-03-28,264,Deaths,33.0,189.0
47752,Switzerland,2020-03-29,300,Deaths,36.0,202.0
47753,Switzerland,2020-03-30,359,Deaths,59.0,239.0
47754,Switzerland,2020-03-31,433,Deaths,74.0,311.0
47755,Switzerland,2020-04-01,488,Deaths,55.0,335.0
47756,Switzerland,2020-04-02,536,Deaths,48.0,345.0
47757,Switzerland,2020-04-03,591,Deaths,55.0,360.0
47758,Switzerland,2020-04-04,666,Deaths,75.0,402.0
47759,Switzerland,2020-04-05,715,Deaths,49.0,415.0
47760,Switzerland,2020-04-06,765,Deaths,50.0,406.0
47761,Switzerland,2020-04-07,821,Deaths,56.0,388.0
47762,Switzerland,2020-04-08,895,Deaths,74.0,407.0
47763,Switzerland,2020-04-09,948,Deaths,53.0,412.0
47764,Switzerland,2020-04-10,1002,Deaths,54.0,411.0
47765,Switzerland,2020-04-11,1036,Deaths,34.0,370.0
47766,Switzerland,2020-04-12,1106,Deaths,70.0,391.0
47767,Switzerland,2020-04-13,1138,Deaths,32.0,373.0
47768,Switzerland,2020-04-14,1174,Deaths,36.0,353.0
47769,Switzerland,2020-04-15,1239,Deaths,65.0,344.0
47770,Switzerland,2020-04-16,1281,Deaths,42.0,333.0
47771,Switzerland,2020-04-17,1327,Deaths,46.0,325.0
47772,Switzerland,2020-04-18,1368,Deaths,41.0,332.0
47773,Switzerland,2020-04-19,1393,Deaths,25.0,287.0
47774,Switzerland,2020-04-20,1429,Deaths,36.0,291.0
47775,Switzerland,2020-04-21,1478,Deaths,49.0,304.0
47776,Switzerland,2020-04-22,1509,Deaths,31.0,270.0
47777,Switzerland,2020-04-23,1549,Deaths,40.0,268.0
47778,Switzerland,2020-04-24,1589,Deaths,40.0,262.0
47779,Switzerland,2020-04-25,1599,Deaths,10.0,231.0
47780,Switzerland,2020-04-26,1610,Deaths,11.0,217.0
47781,Switzerland,2020-04-27,1665,Deaths,55.0,236.0
47782,Switzerland,2020-04-28,1699,Deaths,34.0,221.0
47783,Switzerland,2020-04-29,1716,Deaths,17.0,207.0
47784,Switzerland,2020-04-30,1737,Deaths,21.0,188.0
47785,Switzerland,2020-05-01,1754,Deaths,17.0,165.0
47786,Switzerland,2020-05-02,1762,Deaths,8.0,163.0
47787,Switzerland,2020-05-03,1762,Deaths,0.0,152.0
47788,Switzerland,2020-05-04,1784,Deaths,22.0,119.0
47789,Switzerland,2020-05-05,1795,Deaths,11.0,96.0
47790,Switzerland,2020-05-06,1805,Deaths,10.0,89.0
47791,Switzerland,2020-05-07,1810,Deaths,5.0,73.0
47792,Switzerland,2020-05-08,1823,Deaths,13.0,69.0
47793,Switzerland,2020-05-09,1830,Deaths,7.0,68.0
47794,Switzerland,2020-05-10,1833,Deaths,3.0,71.0
47795,Switzerland,2020-05-11,1845,Deaths,12.0,61.0
47796,Switzerland,2020-05-12,1867,Deaths,22.0,72.0
47797,Switzerland,2020-05-13,1870,Deaths,3.0,65.0
47798,Switzerland,2020-05-14,1872,Deaths,2.0,62.0
47799,Switzerland,2020-05-15,1878,Deaths,6.0,55.0
47800,Switzerland,2020-05-16,1879,Deaths,1.0,49.0
47801,Switzerland,2020-05-17,1881,Deaths,2.0,48.0
47802,Switzerland,2020-05-18,1886,Deaths,5.0,41.0
47803,Switzerland,2020-05-19,1891,Deaths,5.0,24.0
47804,Switzerland,2020-05-20,1892,Deaths,1.0,22.0
47805,Switzerland,2020-05-21,1898,Deaths,6.0,26.0
47806,Switzerland,2020-05-22,1903,Deaths,5.0,25.0
47807,Switzerland,2020-05-23,1905,Deaths,2.0,26.0
47808,Switzerland,2020-05-24,1906,Deaths,1.0,25.0
47809,Switzerland,2020-05-25,1913,Deaths,7.0,27.0
47810,Switzerland,2020-05-26,1915,Deaths,2.0,24.0
47811,Switzerland,2020-05-27,1917,Deaths,2.0,25.0
47812,Switzerland,2020-05-28,1919,Deaths,2.0,21.0
47813,Switzerland,2020-05-29,1919,Deaths,0.0,16.0
47814,Switzerland,2020-05-30,1919,Deaths,0.0,14.0
47815,Switzerland,2020-05-31,1920,Deaths,1.0,14.0
47816,Switzerland,2020-06-01,1920,Deaths,0.0,7.0
47817,Switzerland,2020-06-02,1920,Deaths,0.0,5.0
47818,Switzerland,2020-06-03,1921,Deaths,1.0,4.0
47819,Switzerland,2020-06-04,1921,Deaths,0.0,2.0
47820,Switzerland,2020-06-05,1921,Deaths,0.0,2.0
47821,Switzerland,2020-06-06,1921,Deaths,0.0,2.0
47822,Switzerland,2020-06-07,1921,Deaths,0.0,1.0
47823,Switzerland,2020-06-08,1923,Deaths,2.0,3.0
47824,Switzerland,2020-06-09,1934,Deaths,11.0,14.0
47825,Switzerland,2020-06-10,1936,Deaths,2.0,15.0
47826,Switzerland,2020-06-11,1937,Deaths,1.0,16.0
47827,Switzerland,2020-06-12,1938,Deaths,1.0,17.0
47828,Switzerland,2020-06-13,1938,Deaths,0.0,17.0
47829,Switzerland,2020-06-14,1938,Deaths,0.0,17.0
47830,Switzerland,2020-06-15,1939,Deaths,1.0,16.0
47831,Switzerland,2020-06-16,1954,Deaths,15.0,20.0
47832,Switzerland,2020-06-17,1956,Deaths,2.0,20.0
47833,Switzerland,2020-06-18,1956,Deaths,0.0,19.0
47834,Switzerland,2020-06-19,1956,Deaths,0.0,18.0
47835,Switzerland,2020-06-20,1956,Deaths,0.0,18.0
47836,Switzerland,2020-06-21,1956,Deaths,0.0,18.0
47837,Switzerland,2020-06-22,1956,Deaths,0.0,17.0
47838,Switzerland,2020-06-23,1956,Deaths,0.0,2.0
47839,Switzerland,2020-06-24,1958,Deaths,2.0,2.0
47840,Switzerland,2020-06-25,1958,Deaths,0.0,2.0
47841,Switzerland,2020-06-26,1962,Deaths,4.0,6.0
47842,Switzerland,2020-06-27,1962,Deaths,0.0,6.0
47843,Switzerland,2020-06-28,1962,Deaths,0.0,6.0
47844,Switzerland,2020-06-29,1962,Deaths,0.0,6.0
47845,Switzerland,2020-06-30,1963,Deaths,1.0,7.0
47846,Switzerland,2020-07-01,1965,Deaths,2.0,7.0
47847,Switzerland,2020-07-02,1965,Deaths,0.0,7.0
47848,Switzerland,2020-07-03,1965,Deaths,0.0,3.0
47849,Switzerland,2020-07-04,1965,Deaths,0.0,3.0
47850,Switzerland,2020-07-05,1965,Deaths,0.0,3.0
47851,Switzerland,2020-07-06,1965,Deaths,0.0,3.0
47852,Switzerland,2020-07-07,1966,Deaths,1.0,3.0
47853,Switzerland,2020-07-08,1966,Deaths,0.0,1.0
47854,Switzerland,2020-07-09,1966,Deaths,0.0,1.0
47855,Switzerland,2020-07-10,1966,Deaths,0.0,1.0
47856,Switzerland,2020-07-11,1968,Deaths,2.0,3.0
47857,Switzerland,2020-07-12,1968,Deaths,0.0,3.0
47858,Switzerland,2020-07-13,1968,Deaths,0.0,3.0
47859,Switzerland,2020-07-14,1968,Deaths,0.0,2.0
47860,Switzerland,2020-07-15,1968,Deaths,0.0,2.0
47861,Switzerland,2020-07-16,1969,Deaths,1.0,3.0
47862,Switzerland,2020-07-17,1969,Deaths,0.0,3.0
47863,Switzerland,2020-07-18,1969,Deaths,0.0,1.0
47864,Switzerland,2020-07-19,1969,Deaths,0.0,1.0
47865,Switzerland,2020-07-20,1971,Deaths,2.0,3.0
47866,Switzerland,2020-07-21,1972,Deaths,1.0,4.0
47867,Switzerland,2020-07-22,1972,Deaths,0.0,4.0
47868,Switzerland,2020-07-23,1975,Deaths,3.0,6.0
47869,Switzerland,2020-07-24,1977,Deaths,2.0,8.0
47870,Switzerland,2020-07-25,1977,Deaths,0.0,8.0
47871,Switzerland,2020-07-26,1977,Deaths,0.0,8.0
47872,Switzerland,2020-07-27,1978,Deaths,1.0,7.0
47873,Switzerland,2020-07-28,1978,Deaths,0.0,6.0
47874,Switzerland,2020-07-29,1979,Deaths,1.0,7.0
47875,Switzerland,2020-07-30,1980,Deaths,1.0,5.0
47876,Switzerland,2020-07-31,1981,Deaths,1.0,4.0
47877,Switzerland,2020-08-01,1981,Deaths,0.0,4.0
47878,Switzerland,2020-08-02,1981,Deaths,0.0,4.0
47879,Switzerland,2020-08-03,1981,Deaths,0.0,3.0
47880,Switzerland,2020-08-04,1981,Deaths,0.0,3.0
47881,Switzerland,2020-08-05,1984,Deaths,3.0,5.0
47882,Switzerland,2020-08-06,1985,Deaths,1.0,5.0
47883,Switzerland,2020-08-07,1986,Deaths,1.0,5.0
47884,Switzerland,2020-08-08,1986,Deaths,0.0,5.0
47885,Switzerland,2020-08-09,1986,Deaths,0.0,5.0
47886,Switzerland,2020-08-10,1987,Deaths,1.0,6.0
47887,Switzerland,2020-08-11,1990,Deaths,3.0,9.0
47888,Switzerland,2020-08-12,1991,Deaths,1.0,7.0
47889,Switzerland,2020-08-13,1991,Deaths,0.0,6.0
47890,Switzerland,2020-08-14,1991,Deaths,0.0,5.0
47891,Switzerland,2020-08-15,1991,Deaths,0.0,5.0
47892,Switzerland,2020-08-16,1991,Deaths,0.0,5.0
47893,Switzerland,2020-08-17,1991,Deaths,0.0,4.0
47894,Switzerland,2020-08-18,1992,Deaths,1.0,2.0
47895,Switzerland,2020-08-19,1996,Deaths,4.0,5.0
47896,Switzerland,2020-08-20,1998,Deaths,2.0,7.0
47897,Switzerland,2020-08-21,2000,Deaths,2.0,9.0
47898,Switzerland,2020-08-22,2000,Deaths,0.0,9.0
47899,Switzerland,2020-08-23,2001,Deaths,1.0,10.0
47900,Switzerland,2020-08-24,2001,Deaths,0.0,10.0
47901,Switzerland,2020-08-25,2002,Deaths,1.0,10.0
47902,Switzerland,2020-08-26,2003,Deaths,1.0,7.0
47903,Switzerland,2020-08-27,2003,Deaths,0.0,5.0
47904,Switzerland,2020-08-28,2004,Deaths,1.0,4.0
47905,Switzerland,2020-08-29,2005,Deaths,1.0,5.0
47906,Switzerland,2020-08-30,2005,Deaths,0.0,4.0
47907,Switzerland,2020-08-31,2006,Deaths,1.0,5.0
47908,Switzerland,2020-09-01,2011,Deaths,5.0,9.0
47909,Switzerland,2020-09-02,2011,Deaths,0.0,8.0
47910,Switzerland,2020-09-03,2013,Deaths,2.0,10.0
47911,Switzerland,2020-09-04,2013,Deaths,0.0,9.0
47912,Switzerland,2020-09-05,2013,Deaths,0.0,8.0
47913,Switzerland,2020-09-06,2013,Deaths,0.0,8.0
47914,Switzerland,2020-09-07,2014,Deaths,1.0,8.0
47915,Switzerland,2020-09-08,2018,Deaths,4.0,7.0
47916,Switzerland,2020-09-09,2019,Deaths,1.0,8.0
47917,Switzerland,2020-09-10,2020,Deaths,1.0,7.0
47918,Switzerland,2020-09-11,2020,Deaths,0.0,7.0
47919,Switzerland,2020-09-12,2020,Deaths,0.0,7.0
47920,Switzerland,2020-09-13,2021,Deaths,1.0,8.0
47921,Switzerland,2020-09-14,2025,Deaths,4.0,11.0
47922,Switzerland,2020-09-15,2028,Deaths,3.0,10.0
47923,Switzerland,2020-09-16,2039,Deaths,11.0,20.0
47924,Switzerland,2020-09-17,2042,Deaths,3.0,22.0
47925,Switzerland,2020-09-18,2045,Deaths,3.0,25.0
47926,Switzerland,2020-09-19,2045,Deaths,0.0,25.0
47927,Switzerland,2020-09-20,2045,Deaths,0.0,24.0
47928,Switzerland,2020-09-21,2050,Deaths,5.0,25.0
47929,Switzerland,2020-09-22,2054,Deaths,4.0,26.0
47930,Switzerland,2020-09-23,2060,Deaths,6.0,21.0
47931,Switzerland,2020-09-24,2061,Deaths,1.0,19.0
47932,Switzerland,2020-09-25,2064,Deaths,3.0,19.0
47933,Switzerland,2020-09-26,2064,Deaths,0.0,19.0
47934,Switzerland,2020-09-27,2064,Deaths,0.0,19.0
47935,Switzerland,2020-09-28,2065,Deaths,1.0,15.0
47936,Switzerland,2020-09-29,2069,Deaths,4.0,15.0
47937,Switzerland,2020-09-30,2074,Deaths,5.0,14.0
47938,Switzerland,2020-10-01,2074,Deaths,0.0,13.0
47939,Switzerland,2020-10-02,2075,Deaths,1.0,11.0
47940,Switzerland,2020-10-03,2076,Deaths,1.0,12.0
47941,Switzerland,2020-10-04,2077,Deaths,1.0,13.0
47942,Switzerland,2020-10-05,2078,Deaths,1.0,13.0
47943,Switzerland,2020-10-06,2081,Deaths,3.0,12.0
47944,Switzerland,2020-10-07,2082,Deaths,1.0,8.0
47945,Switzerland,2020-10-08,2087,Deaths,5.0,13.0
47946,Switzerland,2020-10-09,2088,Deaths,1.0,13.0
47947,Switzerland,2020-10-10,2088,Deaths,0.0,12.0
47948,Switzerland,2020-10-11,2088,Deaths,0.0,11.0
47949,Switzerland,2020-10-12,2096,Deaths,8.0,18.0
47950,Switzerland,2020-10-13,2103,Deaths,7.0,22.0
47951,Switzerland,2020-10-14,2109,Deaths,6.0,27.0
47952,Switzerland,2020-10-15,2115,Deaths,6.0,28.0
47953,Switzerland,2020-10-16,2122,Deaths,7.0,34.0
47954,Switzerland,2020-10-17,2122,Deaths,0.0,34.0
47955,Switzerland,2020-10-18,2123,Deaths,1.0,35.0
47956,Switzerland,2020-10-19,2138,Deaths,15.0,42.0
47957,Switzerland,2020-10-20,2145,Deaths,7.0,42.0
47958,Switzerland,2020-10-21,2039,Deaths,-106.0,-70.0
47959,Switzerland,2020-10-22,2046,Deaths,7.0,-69.0
47960,Switzerland,2020-10-23,2067,Deaths,21.0,-55.0
47961,Switzerland,2020-10-24,2081,Deaths,14.0,-41.0
47962,Switzerland,2020-10-25,2083,Deaths,2.0,-40.0
47963,Switzerland,2020-10-26,2111,Deaths,28.0,-27.0
47964,Switzerland,2020-10-27,2147,Deaths,36.0,2.0
47965,Switzerland,2020-10-28,2158,Deaths,11.0,119.0
47966,Switzerland,2020-10-29,2200,Deaths,42.0,154.0
47967,Switzerland,2020-10-30,2277,Deaths,77.0,210.0
47968,Switzerland,2020-10-31,2297,Deaths,20.0,216.0
47969,Switzerland,2020-11-01,2326,Deaths,29.0,243.0
47970,Switzerland,2020-11-02,2404,Deaths,78.0,293.0
47971,Switzerland,2020-11-03,2471,Deaths,67.0,324.0
47972,Switzerland,2020-11-04,2555,Deaths,84.0,397.0
47973,Switzerland,2020-11-05,2628,Deaths,73.0,428.0
47974,Syria,2020-01-22,0,Deaths,,
47975,Syria,2020-01-23,0,Deaths,0.0,
47976,Syria,2020-01-24,0,Deaths,0.0,
47977,Syria,2020-01-25,0,Deaths,0.0,
47978,Syria,2020-01-26,0,Deaths,0.0,
47979,Syria,2020-01-27,0,Deaths,0.0,
47980,Syria,2020-01-28,0,Deaths,0.0,
47981,Syria,2020-01-29,0,Deaths,0.0,0.0
47982,Syria,2020-01-30,0,Deaths,0.0,0.0
47983,Syria,2020-01-31,0,Deaths,0.0,0.0
47984,Syria,2020-02-01,0,Deaths,0.0,0.0
47985,Syria,2020-02-02,0,Deaths,0.0,0.0
47986,Syria,2020-02-03,0,Deaths,0.0,0.0
47987,Syria,2020-02-04,0,Deaths,0.0,0.0
47988,Syria,2020-02-05,0,Deaths,0.0,0.0
47989,Syria,2020-02-06,0,Deaths,0.0,0.0
47990,Syria,2020-02-07,0,Deaths,0.0,0.0
47991,Syria,2020-02-08,0,Deaths,0.0,0.0
47992,Syria,2020-02-09,0,Deaths,0.0,0.0
47993,Syria,2020-02-10,0,Deaths,0.0,0.0
47994,Syria,2020-02-11,0,Deaths,0.0,0.0
47995,Syria,2020-02-12,0,Deaths,0.0,0.0
47996,Syria,2020-02-13,0,Deaths,0.0,0.0
47997,Syria,2020-02-14,0,Deaths,0.0,0.0
47998,Syria,2020-02-15,0,Deaths,0.0,0.0
47999,Syria,2020-02-16,0,Deaths,0.0,0.0
48000,Syria,2020-02-17,0,Deaths,0.0,0.0
48001,Syria,2020-02-18,0,Deaths,0.0,0.0
48002,Syria,2020-02-19,0,Deaths,0.0,0.0
48003,Syria,2020-02-20,0,Deaths,0.0,0.0
48004,Syria,2020-02-21,0,Deaths,0.0,0.0
48005,Syria,2020-02-22,0,Deaths,0.0,0.0
48006,Syria,2020-02-23,0,Deaths,0.0,0.0
48007,Syria,2020-02-24,0,Deaths,0.0,0.0
48008,Syria,2020-02-25,0,Deaths,0.0,0.0
48009,Syria,2020-02-26,0,Deaths,0.0,0.0
48010,Syria,2020-02-27,0,Deaths,0.0,0.0
48011,Syria,2020-02-28,0,Deaths,0.0,0.0
48012,Syria,2020-02-29,0,Deaths,0.0,0.0
48013,Syria,2020-03-01,0,Deaths,0.0,0.0
48014,Syria,2020-03-02,0,Deaths,0.0,0.0
48015,Syria,2020-03-03,0,Deaths,0.0,0.0
48016,Syria,2020-03-04,0,Deaths,0.0,0.0
48017,Syria,2020-03-05,0,Deaths,0.0,0.0
48018,Syria,2020-03-06,0,Deaths,0.0,0.0
48019,Syria,2020-03-07,0,Deaths,0.0,0.0
48020,Syria,2020-03-08,0,Deaths,0.0,0.0
48021,Syria,2020-03-09,0,Deaths,0.0,0.0
48022,Syria,2020-03-10,0,Deaths,0.0,0.0
48023,Syria,2020-03-11,0,Deaths,0.0,0.0
48024,Syria,2020-03-12,0,Deaths,0.0,0.0
48025,Syria,2020-03-13,0,Deaths,0.0,0.0
48026,Syria,2020-03-14,0,Deaths,0.0,0.0
48027,Syria,2020-03-15,0,Deaths,0.0,0.0
48028,Syria,2020-03-16,0,Deaths,0.0,0.0
48029,Syria,2020-03-17,0,Deaths,0.0,0.0
48030,Syria,2020-03-18,0,Deaths,0.0,0.0
48031,Syria,2020-03-19,0,Deaths,0.0,0.0
48032,Syria,2020-03-20,0,Deaths,0.0,0.0
48033,Syria,2020-03-21,0,Deaths,0.0,0.0
48034,Syria,2020-03-22,0,Deaths,0.0,0.0
48035,Syria,2020-03-23,0,Deaths,0.0,0.0
48036,Syria,2020-03-24,0,Deaths,0.0,0.0
48037,Syria,2020-03-25,0,Deaths,0.0,0.0
48038,Syria,2020-03-26,0,Deaths,0.0,0.0
48039,Syria,2020-03-27,0,Deaths,0.0,0.0
48040,Syria,2020-03-28,0,Deaths,0.0,0.0
48041,Syria,2020-03-29,1,Deaths,1.0,1.0
48042,Syria,2020-03-30,2,Deaths,1.0,2.0
48043,Syria,2020-03-31,2,Deaths,0.0,2.0
48044,Syria,2020-04-01,2,Deaths,0.0,2.0
48045,Syria,2020-04-02,2,Deaths,0.0,2.0
48046,Syria,2020-04-03,2,Deaths,0.0,2.0
48047,Syria,2020-04-04,2,Deaths,0.0,2.0
48048,Syria,2020-04-05,2,Deaths,0.0,1.0
48049,Syria,2020-04-06,2,Deaths,0.0,0.0
48050,Syria,2020-04-07,2,Deaths,0.0,0.0
48051,Syria,2020-04-08,2,Deaths,0.0,0.0
48052,Syria,2020-04-09,2,Deaths,0.0,0.0
48053,Syria,2020-04-10,2,Deaths,0.0,0.0
48054,Syria,2020-04-11,2,Deaths,0.0,0.0
48055,Syria,2020-04-12,2,Deaths,0.0,0.0
48056,Syria,2020-04-13,2,Deaths,0.0,0.0
48057,Syria,2020-04-14,2,Deaths,0.0,0.0
48058,Syria,2020-04-15,2,Deaths,0.0,0.0
48059,Syria,2020-04-16,2,Deaths,0.0,0.0
48060,Syria,2020-04-17,2,Deaths,0.0,0.0
48061,Syria,2020-04-18,2,Deaths,0.0,0.0
48062,Syria,2020-04-19,3,Deaths,1.0,1.0
48063,Syria,2020-04-20,3,Deaths,0.0,1.0
48064,Syria,2020-04-21,3,Deaths,0.0,1.0
48065,Syria,2020-04-22,3,Deaths,0.0,1.0
48066,Syria,2020-04-23,3,Deaths,0.0,1.0
48067,Syria,2020-04-24,3,Deaths,0.0,1.0
48068,Syria,2020-04-25,3,Deaths,0.0,1.0
48069,Syria,2020-04-26,3,Deaths,0.0,0.0
48070,Syria,2020-04-27,3,Deaths,0.0,0.0
48071,Syria,2020-04-28,3,Deaths,0.0,0.0
48072,Syria,2020-04-29,3,Deaths,0.0,0.0
48073,Syria,2020-04-30,3,Deaths,0.0,0.0
48074,Syria,2020-05-01,3,Deaths,0.0,0.0
48075,Syria,2020-05-02,3,Deaths,0.0,0.0
48076,Syria,2020-05-03,3,Deaths,0.0,0.0
48077,Syria,2020-05-04,3,Deaths,0.0,0.0
48078,Syria,2020-05-05,3,Deaths,0.0,0.0
48079,Syria,2020-05-06,3,Deaths,0.0,0.0
48080,Syria,2020-05-07,3,Deaths,0.0,0.0
48081,Syria,2020-05-08,3,Deaths,0.0,0.0
48082,Syria,2020-05-09,3,Deaths,0.0,0.0
48083,Syria,2020-05-10,3,Deaths,0.0,0.0
48084,Syria,2020-05-11,3,Deaths,0.0,0.0
48085,Syria,2020-05-12,3,Deaths,0.0,0.0
48086,Syria,2020-05-13,3,Deaths,0.0,0.0
48087,Syria,2020-05-14,3,Deaths,0.0,0.0
48088,Syria,2020-05-15,3,Deaths,0.0,0.0
48089,Syria,2020-05-16,3,Deaths,0.0,0.0
48090,Syria,2020-05-17,3,Deaths,0.0,0.0
48091,Syria,2020-05-18,3,Deaths,0.0,0.0
48092,Syria,2020-05-19,3,Deaths,0.0,0.0
48093,Syria,2020-05-20,3,Deaths,0.0,0.0
48094,Syria,2020-05-21,3,Deaths,0.0,0.0
48095,Syria,2020-05-22,4,Deaths,1.0,1.0
48096,Syria,2020-05-23,4,Deaths,0.0,1.0
48097,Syria,2020-05-24,4,Deaths,0.0,1.0
48098,Syria,2020-05-25,4,Deaths,0.0,1.0
48099,Syria,2020-05-26,4,Deaths,0.0,1.0
48100,Syria,2020-05-27,4,Deaths,0.0,1.0
48101,Syria,2020-05-28,4,Deaths,0.0,1.0
48102,Syria,2020-05-29,4,Deaths,0.0,0.0
48103,Syria,2020-05-30,4,Deaths,0.0,0.0
48104,Syria,2020-05-31,5,Deaths,1.0,1.0
48105,Syria,2020-06-01,5,Deaths,0.0,1.0
48106,Syria,2020-06-02,6,Deaths,1.0,2.0
48107,Syria,2020-06-03,6,Deaths,0.0,2.0
48108,Syria,2020-06-04,6,Deaths,0.0,2.0
48109,Syria,2020-06-05,6,Deaths,0.0,2.0
48110,Syria,2020-06-06,6,Deaths,0.0,2.0
48111,Syria,2020-06-07,6,Deaths,0.0,1.0
48112,Syria,2020-06-08,6,Deaths,0.0,1.0
48113,Syria,2020-06-09,6,Deaths,0.0,0.0
48114,Syria,2020-06-10,6,Deaths,0.0,0.0
48115,Syria,2020-06-11,6,Deaths,0.0,0.0
48116,Syria,2020-06-12,6,Deaths,0.0,0.0
48117,Syria,2020-06-13,6,Deaths,0.0,0.0
48118,Syria,2020-06-14,6,Deaths,0.0,0.0
48119,Syria,2020-06-15,6,Deaths,0.0,0.0
48120,Syria,2020-06-16,6,Deaths,0.0,0.0
48121,Syria,2020-06-17,7,Deaths,1.0,1.0
48122,Syria,2020-06-18,7,Deaths,0.0,1.0
48123,Syria,2020-06-19,7,Deaths,0.0,1.0
48124,Syria,2020-06-20,7,Deaths,0.0,1.0
48125,Syria,2020-06-21,7,Deaths,0.0,1.0
48126,Syria,2020-06-22,7,Deaths,0.0,1.0
48127,Syria,2020-06-23,7,Deaths,0.0,1.0
48128,Syria,2020-06-24,7,Deaths,0.0,0.0
48129,Syria,2020-06-25,7,Deaths,0.0,0.0
48130,Syria,2020-06-26,8,Deaths,1.0,1.0
48131,Syria,2020-06-27,9,Deaths,1.0,2.0
48132,Syria,2020-06-28,9,Deaths,0.0,2.0
48133,Syria,2020-06-29,9,Deaths,0.0,2.0
48134,Syria,2020-06-30,9,Deaths,0.0,2.0
48135,Syria,2020-07-01,9,Deaths,0.0,2.0
48136,Syria,2020-07-02,9,Deaths,0.0,2.0
48137,Syria,2020-07-03,10,Deaths,1.0,2.0
48138,Syria,2020-07-04,10,Deaths,0.0,1.0
48139,Syria,2020-07-05,13,Deaths,3.0,4.0
48140,Syria,2020-07-06,14,Deaths,1.0,5.0
48141,Syria,2020-07-07,14,Deaths,0.0,5.0
48142,Syria,2020-07-08,14,Deaths,0.0,5.0
48143,Syria,2020-07-09,14,Deaths,0.0,5.0
48144,Syria,2020-07-10,16,Deaths,2.0,6.0
48145,Syria,2020-07-11,16,Deaths,0.0,6.0
48146,Syria,2020-07-12,16,Deaths,0.0,3.0
48147,Syria,2020-07-13,19,Deaths,3.0,5.0
48148,Syria,2020-07-14,21,Deaths,2.0,7.0
48149,Syria,2020-07-15,22,Deaths,1.0,8.0
48150,Syria,2020-07-16,22,Deaths,0.0,8.0
48151,Syria,2020-07-17,25,Deaths,3.0,9.0
48152,Syria,2020-07-18,25,Deaths,0.0,9.0
48153,Syria,2020-07-19,25,Deaths,0.0,9.0
48154,Syria,2020-07-20,29,Deaths,4.0,10.0
48155,Syria,2020-07-21,31,Deaths,2.0,10.0
48156,Syria,2020-07-22,32,Deaths,1.0,10.0
48157,Syria,2020-07-23,35,Deaths,3.0,13.0
48158,Syria,2020-07-24,35,Deaths,0.0,10.0
48159,Syria,2020-07-25,36,Deaths,1.0,11.0
48160,Syria,2020-07-26,38,Deaths,2.0,13.0
48161,Syria,2020-07-27,40,Deaths,2.0,11.0
48162,Syria,2020-07-28,40,Deaths,0.0,9.0
48163,Syria,2020-07-29,40,Deaths,0.0,8.0
48164,Syria,2020-07-30,41,Deaths,1.0,6.0
48165,Syria,2020-07-31,43,Deaths,2.0,8.0
48166,Syria,2020-08-01,43,Deaths,0.0,7.0
48167,Syria,2020-08-02,44,Deaths,1.0,6.0
48168,Syria,2020-08-03,46,Deaths,2.0,6.0
48169,Syria,2020-08-04,46,Deaths,0.0,6.0
48170,Syria,2020-08-05,48,Deaths,2.0,8.0
48171,Syria,2020-08-06,48,Deaths,0.0,7.0
48172,Syria,2020-08-07,48,Deaths,0.0,5.0
48173,Syria,2020-08-08,50,Deaths,2.0,7.0
48174,Syria,2020-08-09,52,Deaths,2.0,8.0
48175,Syria,2020-08-10,52,Deaths,0.0,6.0
48176,Syria,2020-08-11,53,Deaths,1.0,7.0
48177,Syria,2020-08-12,53,Deaths,0.0,5.0
48178,Syria,2020-08-13,55,Deaths,2.0,7.0
48179,Syria,2020-08-14,58,Deaths,3.0,10.0
48180,Syria,2020-08-15,60,Deaths,2.0,10.0
48181,Syria,2020-08-16,64,Deaths,4.0,12.0
48182,Syria,2020-08-17,68,Deaths,4.0,16.0
48183,Syria,2020-08-18,73,Deaths,5.0,20.0
48184,Syria,2020-08-19,78,Deaths,5.0,25.0
48185,Syria,2020-08-20,82,Deaths,4.0,27.0
48186,Syria,2020-08-21,83,Deaths,1.0,25.0
48187,Syria,2020-08-22,85,Deaths,2.0,25.0
48188,Syria,2020-08-23,89,Deaths,4.0,25.0
48189,Syria,2020-08-24,92,Deaths,3.0,24.0
48190,Syria,2020-08-25,95,Deaths,3.0,22.0
48191,Syria,2020-08-26,98,Deaths,3.0,20.0
48192,Syria,2020-08-27,100,Deaths,2.0,18.0
48193,Syria,2020-08-28,103,Deaths,3.0,20.0
48194,Syria,2020-08-29,106,Deaths,3.0,21.0
48195,Syria,2020-08-30,109,Deaths,3.0,20.0
48196,Syria,2020-08-31,112,Deaths,3.0,20.0
48197,Syria,2020-09-01,116,Deaths,4.0,21.0
48198,Syria,2020-09-02,120,Deaths,4.0,22.0
48199,Syria,2020-09-03,124,Deaths,4.0,24.0
48200,Syria,2020-09-04,127,Deaths,3.0,24.0
48201,Syria,2020-09-05,130,Deaths,3.0,24.0
48202,Syria,2020-09-06,134,Deaths,4.0,25.0
48203,Syria,2020-09-07,137,Deaths,3.0,25.0
48204,Syria,2020-09-08,140,Deaths,3.0,24.0
48205,Syria,2020-09-09,143,Deaths,3.0,23.0
48206,Syria,2020-09-10,147,Deaths,4.0,23.0
48207,Syria,2020-09-11,150,Deaths,3.0,23.0
48208,Syria,2020-09-12,152,Deaths,2.0,22.0
48209,Syria,2020-09-13,155,Deaths,3.0,21.0
48210,Syria,2020-09-14,157,Deaths,2.0,20.0
48211,Syria,2020-09-15,160,Deaths,3.0,20.0
48212,Syria,2020-09-16,163,Deaths,3.0,20.0
48213,Syria,2020-09-17,165,Deaths,2.0,18.0
48214,Syria,2020-09-18,168,Deaths,3.0,18.0
48215,Syria,2020-09-19,170,Deaths,2.0,18.0
48216,Syria,2020-09-20,172,Deaths,2.0,17.0
48217,Syria,2020-09-21,175,Deaths,3.0,18.0
48218,Syria,2020-09-22,178,Deaths,3.0,18.0
48219,Syria,2020-09-23,181,Deaths,3.0,18.0
48220,Syria,2020-09-24,183,Deaths,2.0,18.0
48221,Syria,2020-09-25,185,Deaths,2.0,17.0
48222,Syria,2020-09-26,188,Deaths,3.0,18.0
48223,Syria,2020-09-27,192,Deaths,4.0,20.0
48224,Syria,2020-09-28,194,Deaths,2.0,19.0
48225,Syria,2020-09-29,197,Deaths,3.0,19.0
48226,Syria,2020-09-30,200,Deaths,3.0,19.0
48227,Syria,2020-10-01,202,Deaths,2.0,19.0
48228,Syria,2020-10-02,203,Deaths,1.0,18.0
48229,Syria,2020-10-03,204,Deaths,1.0,16.0
48230,Syria,2020-10-04,205,Deaths,1.0,13.0
48231,Syria,2020-10-05,207,Deaths,2.0,13.0
48232,Syria,2020-10-06,209,Deaths,2.0,12.0
48233,Syria,2020-10-07,212,Deaths,3.0,12.0
48234,Syria,2020-10-08,215,Deaths,3.0,13.0
48235,Syria,2020-10-09,218,Deaths,3.0,15.0
48236,Syria,2020-10-10,221,Deaths,3.0,17.0
48237,Syria,2020-10-11,224,Deaths,3.0,19.0
48238,Syria,2020-10-12,228,Deaths,4.0,21.0
48239,Syria,2020-10-13,231,Deaths,3.0,22.0
48240,Syria,2020-10-14,234,Deaths,3.0,22.0
48241,Syria,2020-10-15,238,Deaths,4.0,23.0
48242,Syria,2020-10-16,241,Deaths,3.0,23.0
48243,Syria,2020-10-17,245,Deaths,4.0,24.0
48244,Syria,2020-10-18,248,Deaths,3.0,24.0
48245,Syria,2020-10-19,251,Deaths,3.0,23.0
48246,Syria,2020-10-20,254,Deaths,3.0,23.0
48247,Syria,2020-10-21,257,Deaths,3.0,23.0
48248,Syria,2020-10-22,260,Deaths,3.0,22.0
48249,Syria,2020-10-23,264,Deaths,4.0,23.0
48250,Syria,2020-10-24,267,Deaths,3.0,22.0
48251,Syria,2020-10-25,269,Deaths,2.0,21.0
48252,Syria,2020-10-26,272,Deaths,3.0,21.0
48253,Syria,2020-10-27,275,Deaths,3.0,21.0
48254,Syria,2020-10-28,278,Deaths,3.0,21.0
48255,Syria,2020-10-29,281,Deaths,3.0,21.0
48256,Syria,2020-10-30,285,Deaths,4.0,21.0
48257,Syria,2020-10-31,288,Deaths,3.0,21.0
48258,Syria,2020-11-01,292,Deaths,4.0,23.0
48259,Syria,2020-11-02,295,Deaths,3.0,23.0
48260,Syria,2020-11-03,298,Deaths,3.0,23.0
48261,Syria,2020-11-04,301,Deaths,3.0,23.0
48262,Syria,2020-11-05,305,Deaths,4.0,24.0
48263,Taiwan*,2020-01-22,0,Deaths,,
48264,Taiwan*,2020-01-23,0,Deaths,0.0,
48265,Taiwan*,2020-01-24,0,Deaths,0.0,
48266,Taiwan*,2020-01-25,0,Deaths,0.0,
48267,Taiwan*,2020-01-26,0,Deaths,0.0,
48268,Taiwan*,2020-01-27,0,Deaths,0.0,
48269,Taiwan*,2020-01-28,0,Deaths,0.0,
48270,Taiwan*,2020-01-29,0,Deaths,0.0,0.0
48271,Taiwan*,2020-01-30,0,Deaths,0.0,0.0
48272,Taiwan*,2020-01-31,0,Deaths,0.0,0.0
48273,Taiwan*,2020-02-01,0,Deaths,0.0,0.0
48274,Taiwan*,2020-02-02,0,Deaths,0.0,0.0
48275,Taiwan*,2020-02-03,0,Deaths,0.0,0.0
48276,Taiwan*,2020-02-04,0,Deaths,0.0,0.0
48277,Taiwan*,2020-02-05,0,Deaths,0.0,0.0
48278,Taiwan*,2020-02-06,0,Deaths,0.0,0.0
48279,Taiwan*,2020-02-07,0,Deaths,0.0,0.0
48280,Taiwan*,2020-02-08,0,Deaths,0.0,0.0
48281,Taiwan*,2020-02-09,0,Deaths,0.0,0.0
48282,Taiwan*,2020-02-10,0,Deaths,0.0,0.0
48283,Taiwan*,2020-02-11,0,Deaths,0.0,0.0
48284,Taiwan*,2020-02-12,0,Deaths,0.0,0.0
48285,Taiwan*,2020-02-13,0,Deaths,0.0,0.0
48286,Taiwan*,2020-02-14,0,Deaths,0.0,0.0
48287,Taiwan*,2020-02-15,0,Deaths,0.0,0.0
48288,Taiwan*,2020-02-16,1,Deaths,1.0,1.0
48289,Taiwan*,2020-02-17,1,Deaths,0.0,1.0
48290,Taiwan*,2020-02-18,1,Deaths,0.0,1.0
48291,Taiwan*,2020-02-19,1,Deaths,0.0,1.0
48292,Taiwan*,2020-02-20,1,Deaths,0.0,1.0
48293,Taiwan*,2020-02-21,1,Deaths,0.0,1.0
48294,Taiwan*,2020-02-22,1,Deaths,0.0,1.0
48295,Taiwan*,2020-02-23,1,Deaths,0.0,0.0
48296,Taiwan*,2020-02-24,1,Deaths,0.0,0.0
48297,Taiwan*,2020-02-25,1,Deaths,0.0,0.0
48298,Taiwan*,2020-02-26,1,Deaths,0.0,0.0
48299,Taiwan*,2020-02-27,1,Deaths,0.0,0.0
48300,Taiwan*,2020-02-28,1,Deaths,0.0,0.0
48301,Taiwan*,2020-02-29,1,Deaths,0.0,0.0
48302,Taiwan*,2020-03-01,1,Deaths,0.0,0.0
48303,Taiwan*,2020-03-02,1,Deaths,0.0,0.0
48304,Taiwan*,2020-03-03,1,Deaths,0.0,0.0
48305,Taiwan*,2020-03-04,1,Deaths,0.0,0.0
48306,Taiwan*,2020-03-05,1,Deaths,0.0,0.0
48307,Taiwan*,2020-03-06,1,Deaths,0.0,0.0
48308,Taiwan*,2020-03-07,1,Deaths,0.0,0.0
48309,Taiwan*,2020-03-08,1,Deaths,0.0,0.0
48310,Taiwan*,2020-03-09,1,Deaths,0.0,0.0
48311,Taiwan*,2020-03-10,1,Deaths,0.0,0.0
48312,Taiwan*,2020-03-11,1,Deaths,0.0,0.0
48313,Taiwan*,2020-03-12,1,Deaths,0.0,0.0
48314,Taiwan*,2020-03-13,1,Deaths,0.0,0.0
48315,Taiwan*,2020-03-14,1,Deaths,0.0,0.0
48316,Taiwan*,2020-03-15,1,Deaths,0.0,0.0
48317,Taiwan*,2020-03-16,1,Deaths,0.0,0.0
48318,Taiwan*,2020-03-17,1,Deaths,0.0,0.0
48319,Taiwan*,2020-03-18,1,Deaths,0.0,0.0
48320,Taiwan*,2020-03-19,1,Deaths,0.0,0.0
48321,Taiwan*,2020-03-20,2,Deaths,1.0,1.0
48322,Taiwan*,2020-03-21,2,Deaths,0.0,1.0
48323,Taiwan*,2020-03-22,2,Deaths,0.0,1.0
48324,Taiwan*,2020-03-23,2,Deaths,0.0,1.0
48325,Taiwan*,2020-03-24,2,Deaths,0.0,1.0
48326,Taiwan*,2020-03-25,2,Deaths,0.0,1.0
48327,Taiwan*,2020-03-26,2,Deaths,0.0,1.0
48328,Taiwan*,2020-03-27,2,Deaths,0.0,0.0
48329,Taiwan*,2020-03-28,2,Deaths,0.0,0.0
48330,Taiwan*,2020-03-29,2,Deaths,0.0,0.0
48331,Taiwan*,2020-03-30,5,Deaths,3.0,3.0
48332,Taiwan*,2020-03-31,5,Deaths,0.0,3.0
48333,Taiwan*,2020-04-01,5,Deaths,0.0,3.0
48334,Taiwan*,2020-04-02,5,Deaths,0.0,3.0
48335,Taiwan*,2020-04-03,5,Deaths,0.0,3.0
48336,Taiwan*,2020-04-04,5,Deaths,0.0,3.0
48337,Taiwan*,2020-04-05,5,Deaths,0.0,3.0
48338,Taiwan*,2020-04-06,5,Deaths,0.0,0.0
48339,Taiwan*,2020-04-07,5,Deaths,0.0,0.0
48340,Taiwan*,2020-04-08,5,Deaths,0.0,0.0
48341,Taiwan*,2020-04-09,5,Deaths,0.0,0.0
48342,Taiwan*,2020-04-10,6,Deaths,1.0,1.0
48343,Taiwan*,2020-04-11,6,Deaths,0.0,1.0
48344,Taiwan*,2020-04-12,6,Deaths,0.0,1.0
48345,Taiwan*,2020-04-13,6,Deaths,0.0,1.0
48346,Taiwan*,2020-04-14,6,Deaths,0.0,1.0
48347,Taiwan*,2020-04-15,6,Deaths,0.0,1.0
48348,Taiwan*,2020-04-16,6,Deaths,0.0,1.0
48349,Taiwan*,2020-04-17,6,Deaths,0.0,0.0
48350,Taiwan*,2020-04-18,6,Deaths,0.0,0.0
48351,Taiwan*,2020-04-19,6,Deaths,0.0,0.0
48352,Taiwan*,2020-04-20,6,Deaths,0.0,0.0
48353,Taiwan*,2020-04-21,6,Deaths,0.0,0.0
48354,Taiwan*,2020-04-22,6,Deaths,0.0,0.0
48355,Taiwan*,2020-04-23,6,Deaths,0.0,0.0
48356,Taiwan*,2020-04-24,6,Deaths,0.0,0.0
48357,Taiwan*,2020-04-25,6,Deaths,0.0,0.0
48358,Taiwan*,2020-04-26,6,Deaths,0.0,0.0
48359,Taiwan*,2020-04-27,6,Deaths,0.0,0.0
48360,Taiwan*,2020-04-28,6,Deaths,0.0,0.0
48361,Taiwan*,2020-04-29,6,Deaths,0.0,0.0
48362,Taiwan*,2020-04-30,6,Deaths,0.0,0.0
48363,Taiwan*,2020-05-01,6,Deaths,0.0,0.0
48364,Taiwan*,2020-05-02,6,Deaths,0.0,0.0
48365,Taiwan*,2020-05-03,6,Deaths,0.0,0.0
48366,Taiwan*,2020-05-04,6,Deaths,0.0,0.0
48367,Taiwan*,2020-05-05,6,Deaths,0.0,0.0
48368,Taiwan*,2020-05-06,6,Deaths,0.0,0.0
48369,Taiwan*,2020-05-07,6,Deaths,0.0,0.0
48370,Taiwan*,2020-05-08,6,Deaths,0.0,0.0
48371,Taiwan*,2020-05-09,6,Deaths,0.0,0.0
48372,Taiwan*,2020-05-10,6,Deaths,0.0,0.0
48373,Taiwan*,2020-05-11,7,Deaths,1.0,1.0
48374,Taiwan*,2020-05-12,7,Deaths,0.0,1.0
48375,Taiwan*,2020-05-13,7,Deaths,0.0,1.0
48376,Taiwan*,2020-05-14,7,Deaths,0.0,1.0
48377,Taiwan*,2020-05-15,7,Deaths,0.0,1.0
48378,Taiwan*,2020-05-16,7,Deaths,0.0,1.0
48379,Taiwan*,2020-05-17,7,Deaths,0.0,1.0
48380,Taiwan*,2020-05-18,7,Deaths,0.0,0.0
48381,Taiwan*,2020-05-19,7,Deaths,0.0,0.0
48382,Taiwan*,2020-05-20,7,Deaths,0.0,0.0
48383,Taiwan*,2020-05-21,7,Deaths,0.0,0.0
48384,Taiwan*,2020-05-22,7,Deaths,0.0,0.0
48385,Taiwan*,2020-05-23,7,Deaths,0.0,0.0
48386,Taiwan*,2020-05-24,7,Deaths,0.0,0.0
48387,Taiwan*,2020-05-25,7,Deaths,0.0,0.0
48388,Taiwan*,2020-05-26,7,Deaths,0.0,0.0
48389,Taiwan*,2020-05-27,7,Deaths,0.0,0.0
48390,Taiwan*,2020-05-28,7,Deaths,0.0,0.0
48391,Taiwan*,2020-05-29,7,Deaths,0.0,0.0
48392,Taiwan*,2020-05-30,7,Deaths,0.0,0.0
48393,Taiwan*,2020-05-31,7,Deaths,0.0,0.0
48394,Taiwan*,2020-06-01,7,Deaths,0.0,0.0
48395,Taiwan*,2020-06-02,7,Deaths,0.0,0.0
48396,Taiwan*,2020-06-03,7,Deaths,0.0,0.0
48397,Taiwan*,2020-06-04,7,Deaths,0.0,0.0
48398,Taiwan*,2020-06-05,7,Deaths,0.0,0.0
48399,Taiwan*,2020-06-06,7,Deaths,0.0,0.0
48400,Taiwan*,2020-06-07,7,Deaths,0.0,0.0
48401,Taiwan*,2020-06-08,7,Deaths,0.0,0.0
48402,Taiwan*,2020-06-09,7,Deaths,0.0,0.0
48403,Taiwan*,2020-06-10,7,Deaths,0.0,0.0
48404,Taiwan*,2020-06-11,7,Deaths,0.0,0.0
48405,Taiwan*,2020-06-12,7,Deaths,0.0,0.0
48406,Taiwan*,2020-06-13,7,Deaths,0.0,0.0
48407,Taiwan*,2020-06-14,7,Deaths,0.0,0.0
48408,Taiwan*,2020-06-15,7,Deaths,0.0,0.0
48409,Taiwan*,2020-06-16,7,Deaths,0.0,0.0
48410,Taiwan*,2020-06-17,7,Deaths,0.0,0.0
48411,Taiwan*,2020-06-18,7,Deaths,0.0,0.0
48412,Taiwan*,2020-06-19,7,Deaths,0.0,0.0
48413,Taiwan*,2020-06-20,7,Deaths,0.0,0.0
48414,Taiwan*,2020-06-21,7,Deaths,0.0,0.0
48415,Taiwan*,2020-06-22,7,Deaths,0.0,0.0
48416,Taiwan*,2020-06-23,7,Deaths,0.0,0.0
48417,Taiwan*,2020-06-24,7,Deaths,0.0,0.0
48418,Taiwan*,2020-06-25,7,Deaths,0.0,0.0
48419,Taiwan*,2020-06-26,7,Deaths,0.0,0.0
48420,Taiwan*,2020-06-27,7,Deaths,0.0,0.0
48421,Taiwan*,2020-06-28,7,Deaths,0.0,0.0
48422,Taiwan*,2020-06-29,7,Deaths,0.0,0.0
48423,Taiwan*,2020-06-30,7,Deaths,0.0,0.0
48424,Taiwan*,2020-07-01,7,Deaths,0.0,0.0
48425,Taiwan*,2020-07-02,7,Deaths,0.0,0.0
48426,Taiwan*,2020-07-03,7,Deaths,0.0,0.0
48427,Taiwan*,2020-07-04,7,Deaths,0.0,0.0
48428,Taiwan*,2020-07-05,7,Deaths,0.0,0.0
48429,Taiwan*,2020-07-06,7,Deaths,0.0,0.0
48430,Taiwan*,2020-07-07,7,Deaths,0.0,0.0
48431,Taiwan*,2020-07-08,7,Deaths,0.0,0.0
48432,Taiwan*,2020-07-09,7,Deaths,0.0,0.0
48433,Taiwan*,2020-07-10,7,Deaths,0.0,0.0
48434,Taiwan*,2020-07-11,7,Deaths,0.0,0.0
48435,Taiwan*,2020-07-12,7,Deaths,0.0,0.0
48436,Taiwan*,2020-07-13,7,Deaths,0.0,0.0
48437,Taiwan*,2020-07-14,7,Deaths,0.0,0.0
48438,Taiwan*,2020-07-15,7,Deaths,0.0,0.0
48439,Taiwan*,2020-07-16,7,Deaths,0.0,0.0
48440,Taiwan*,2020-07-17,7,Deaths,0.0,0.0
48441,Taiwan*,2020-07-18,7,Deaths,0.0,0.0
48442,Taiwan*,2020-07-19,7,Deaths,0.0,0.0
48443,Taiwan*,2020-07-20,7,Deaths,0.0,0.0
48444,Taiwan*,2020-07-21,7,Deaths,0.0,0.0
48445,Taiwan*,2020-07-22,7,Deaths,0.0,0.0
48446,Taiwan*,2020-07-23,7,Deaths,0.0,0.0
48447,Taiwan*,2020-07-24,7,Deaths,0.0,0.0
48448,Taiwan*,2020-07-25,7,Deaths,0.0,0.0
48449,Taiwan*,2020-07-26,7,Deaths,0.0,0.0
48450,Taiwan*,2020-07-27,7,Deaths,0.0,0.0
48451,Taiwan*,2020-07-28,7,Deaths,0.0,0.0
48452,Taiwan*,2020-07-29,7,Deaths,0.0,0.0
48453,Taiwan*,2020-07-30,7,Deaths,0.0,0.0
48454,Taiwan*,2020-07-31,7,Deaths,0.0,0.0
48455,Taiwan*,2020-08-01,7,Deaths,0.0,0.0
48456,Taiwan*,2020-08-02,7,Deaths,0.0,0.0
48457,Taiwan*,2020-08-03,7,Deaths,0.0,0.0
48458,Taiwan*,2020-08-04,7,Deaths,0.0,0.0
48459,Taiwan*,2020-08-05,7,Deaths,0.0,0.0
48460,Taiwan*,2020-08-06,7,Deaths,0.0,0.0
48461,Taiwan*,2020-08-07,7,Deaths,0.0,0.0
48462,Taiwan*,2020-08-08,7,Deaths,0.0,0.0
48463,Taiwan*,2020-08-09,7,Deaths,0.0,0.0
48464,Taiwan*,2020-08-10,7,Deaths,0.0,0.0
48465,Taiwan*,2020-08-11,7,Deaths,0.0,0.0
48466,Taiwan*,2020-08-12,7,Deaths,0.0,0.0
48467,Taiwan*,2020-08-13,7,Deaths,0.0,0.0
48468,Taiwan*,2020-08-14,7,Deaths,0.0,0.0
48469,Taiwan*,2020-08-15,7,Deaths,0.0,0.0
48470,Taiwan*,2020-08-16,7,Deaths,0.0,0.0
48471,Taiwan*,2020-08-17,7,Deaths,0.0,0.0
48472,Taiwan*,2020-08-18,7,Deaths,0.0,0.0
48473,Taiwan*,2020-08-19,7,Deaths,0.0,0.0
48474,Taiwan*,2020-08-20,7,Deaths,0.0,0.0
48475,Taiwan*,2020-08-21,7,Deaths,0.0,0.0
48476,Taiwan*,2020-08-22,7,Deaths,0.0,0.0
48477,Taiwan*,2020-08-23,7,Deaths,0.0,0.0
48478,Taiwan*,2020-08-24,7,Deaths,0.0,0.0
48479,Taiwan*,2020-08-25,7,Deaths,0.0,0.0
48480,Taiwan*,2020-08-26,7,Deaths,0.0,0.0
48481,Taiwan*,2020-08-27,7,Deaths,0.0,0.0
48482,Taiwan*,2020-08-28,7,Deaths,0.0,0.0
48483,Taiwan*,2020-08-29,7,Deaths,0.0,0.0
48484,Taiwan*,2020-08-30,7,Deaths,0.0,0.0
48485,Taiwan*,2020-08-31,7,Deaths,0.0,0.0
48486,Taiwan*,2020-09-01,7,Deaths,0.0,0.0
48487,Taiwan*,2020-09-02,7,Deaths,0.0,0.0
48488,Taiwan*,2020-09-03,7,Deaths,0.0,0.0
48489,Taiwan*,2020-09-04,7,Deaths,0.0,0.0
48490,Taiwan*,2020-09-05,7,Deaths,0.0,0.0
48491,Taiwan*,2020-09-06,7,Deaths,0.0,0.0
48492,Taiwan*,2020-09-07,7,Deaths,0.0,0.0
48493,Taiwan*,2020-09-08,7,Deaths,0.0,0.0
48494,Taiwan*,2020-09-09,7,Deaths,0.0,0.0
48495,Taiwan*,2020-09-10,7,Deaths,0.0,0.0
48496,Taiwan*,2020-09-11,7,Deaths,0.0,0.0
48497,Taiwan*,2020-09-12,7,Deaths,0.0,0.0
48498,Taiwan*,2020-09-13,7,Deaths,0.0,0.0
48499,Taiwan*,2020-09-14,7,Deaths,0.0,0.0
48500,Taiwan*,2020-09-15,7,Deaths,0.0,0.0
48501,Taiwan*,2020-09-16,7,Deaths,0.0,0.0
48502,Taiwan*,2020-09-17,7,Deaths,0.0,0.0
48503,Taiwan*,2020-09-18,7,Deaths,0.0,0.0
48504,Taiwan*,2020-09-19,7,Deaths,0.0,0.0
48505,Taiwan*,2020-09-20,7,Deaths,0.0,0.0
48506,Taiwan*,2020-09-21,7,Deaths,0.0,0.0
48507,Taiwan*,2020-09-22,7,Deaths,0.0,0.0
48508,Taiwan*,2020-09-23,7,Deaths,0.0,0.0
48509,Taiwan*,2020-09-24,7,Deaths,0.0,0.0
48510,Taiwan*,2020-09-25,7,Deaths,0.0,0.0
48511,Taiwan*,2020-09-26,7,Deaths,0.0,0.0
48512,Taiwan*,2020-09-27,7,Deaths,0.0,0.0
48513,Taiwan*,2020-09-28,7,Deaths,0.0,0.0
48514,Taiwan*,2020-09-29,7,Deaths,0.0,0.0
48515,Taiwan*,2020-09-30,7,Deaths,0.0,0.0
48516,Taiwan*,2020-10-01,7,Deaths,0.0,0.0
48517,Taiwan*,2020-10-02,7,Deaths,0.0,0.0
48518,Taiwan*,2020-10-03,7,Deaths,0.0,0.0
48519,Taiwan*,2020-10-04,7,Deaths,0.0,0.0
48520,Taiwan*,2020-10-05,7,Deaths,0.0,0.0
48521,Taiwan*,2020-10-06,7,Deaths,0.0,0.0
48522,Taiwan*,2020-10-07,7,Deaths,0.0,0.0
48523,Taiwan*,2020-10-08,7,Deaths,0.0,0.0
48524,Taiwan*,2020-10-09,7,Deaths,0.0,0.0
48525,Taiwan*,2020-10-10,7,Deaths,0.0,0.0
48526,Taiwan*,2020-10-11,7,Deaths,0.0,0.0
48527,Taiwan*,2020-10-12,7,Deaths,0.0,0.0
48528,Taiwan*,2020-10-13,7,Deaths,0.0,0.0
48529,Taiwan*,2020-10-14,7,Deaths,0.0,0.0
48530,Taiwan*,2020-10-15,7,Deaths,0.0,0.0
48531,Taiwan*,2020-10-16,7,Deaths,0.0,0.0
48532,Taiwan*,2020-10-17,7,Deaths,0.0,0.0
48533,Taiwan*,2020-10-18,7,Deaths,0.0,0.0
48534,Taiwan*,2020-10-19,7,Deaths,0.0,0.0
48535,Taiwan*,2020-10-20,7,Deaths,0.0,0.0
48536,Taiwan*,2020-10-21,7,Deaths,0.0,0.0
48537,Taiwan*,2020-10-22,7,Deaths,0.0,0.0
48538,Taiwan*,2020-10-23,7,Deaths,0.0,0.0
48539,Taiwan*,2020-10-24,7,Deaths,0.0,0.0
48540,Taiwan*,2020-10-25,7,Deaths,0.0,0.0
48541,Taiwan*,2020-10-26,7,Deaths,0.0,0.0
48542,Taiwan*,2020-10-27,7,Deaths,0.0,0.0
48543,Taiwan*,2020-10-28,7,Deaths,0.0,0.0
48544,Taiwan*,2020-10-29,7,Deaths,0.0,0.0
48545,Taiwan*,2020-10-30,7,Deaths,0.0,0.0
48546,Taiwan*,2020-10-31,7,Deaths,0.0,0.0
48547,Taiwan*,2020-11-01,7,Deaths,0.0,0.0
48548,Taiwan*,2020-11-02,7,Deaths,0.0,0.0
48549,Taiwan*,2020-11-03,7,Deaths,0.0,0.0
48550,Taiwan*,2020-11-04,7,Deaths,0.0,0.0
48551,Taiwan*,2020-11-05,7,Deaths,0.0,0.0
48552,Tajikistan,2020-01-22,0,Deaths,,
48553,Tajikistan,2020-01-23,0,Deaths,0.0,
48554,Tajikistan,2020-01-24,0,Deaths,0.0,
48555,Tajikistan,2020-01-25,0,Deaths,0.0,
48556,Tajikistan,2020-01-26,0,Deaths,0.0,
48557,Tajikistan,2020-01-27,0,Deaths,0.0,
48558,Tajikistan,2020-01-28,0,Deaths,0.0,
48559,Tajikistan,2020-01-29,0,Deaths,0.0,0.0
48560,Tajikistan,2020-01-30,0,Deaths,0.0,0.0
48561,Tajikistan,2020-01-31,0,Deaths,0.0,0.0
48562,Tajikistan,2020-02-01,0,Deaths,0.0,0.0
48563,Tajikistan,2020-02-02,0,Deaths,0.0,0.0
48564,Tajikistan,2020-02-03,0,Deaths,0.0,0.0
48565,Tajikistan,2020-02-04,0,Deaths,0.0,0.0
48566,Tajikistan,2020-02-05,0,Deaths,0.0,0.0
48567,Tajikistan,2020-02-06,0,Deaths,0.0,0.0
48568,Tajikistan,2020-02-07,0,Deaths,0.0,0.0
48569,Tajikistan,2020-02-08,0,Deaths,0.0,0.0
48570,Tajikistan,2020-02-09,0,Deaths,0.0,0.0
48571,Tajikistan,2020-02-10,0,Deaths,0.0,0.0
48572,Tajikistan,2020-02-11,0,Deaths,0.0,0.0
48573,Tajikistan,2020-02-12,0,Deaths,0.0,0.0
48574,Tajikistan,2020-02-13,0,Deaths,0.0,0.0
48575,Tajikistan,2020-02-14,0,Deaths,0.0,0.0
48576,Tajikistan,2020-02-15,0,Deaths,0.0,0.0
48577,Tajikistan,2020-02-16,0,Deaths,0.0,0.0
48578,Tajikistan,2020-02-17,0,Deaths,0.0,0.0
48579,Tajikistan,2020-02-18,0,Deaths,0.0,0.0
48580,Tajikistan,2020-02-19,0,Deaths,0.0,0.0
48581,Tajikistan,2020-02-20,0,Deaths,0.0,0.0
48582,Tajikistan,2020-02-21,0,Deaths,0.0,0.0
48583,Tajikistan,2020-02-22,0,Deaths,0.0,0.0
48584,Tajikistan,2020-02-23,0,Deaths,0.0,0.0
48585,Tajikistan,2020-02-24,0,Deaths,0.0,0.0
48586,Tajikistan,2020-02-25,0,Deaths,0.0,0.0
48587,Tajikistan,2020-02-26,0,Deaths,0.0,0.0
48588,Tajikistan,2020-02-27,0,Deaths,0.0,0.0
48589,Tajikistan,2020-02-28,0,Deaths,0.0,0.0
48590,Tajikistan,2020-02-29,0,Deaths,0.0,0.0
48591,Tajikistan,2020-03-01,0,Deaths,0.0,0.0
48592,Tajikistan,2020-03-02,0,Deaths,0.0,0.0
48593,Tajikistan,2020-03-03,0,Deaths,0.0,0.0
48594,Tajikistan,2020-03-04,0,Deaths,0.0,0.0
48595,Tajikistan,2020-03-05,0,Deaths,0.0,0.0
48596,Tajikistan,2020-03-06,0,Deaths,0.0,0.0
48597,Tajikistan,2020-03-07,0,Deaths,0.0,0.0
48598,Tajikistan,2020-03-08,0,Deaths,0.0,0.0
48599,Tajikistan,2020-03-09,0,Deaths,0.0,0.0
48600,Tajikistan,2020-03-10,0,Deaths,0.0,0.0
48601,Tajikistan,2020-03-11,0,Deaths,0.0,0.0
48602,Tajikistan,2020-03-12,0,Deaths,0.0,0.0
48603,Tajikistan,2020-03-13,0,Deaths,0.0,0.0
48604,Tajikistan,2020-03-14,0,Deaths,0.0,0.0
48605,Tajikistan,2020-03-15,0,Deaths,0.0,0.0
48606,Tajikistan,2020-03-16,0,Deaths,0.0,0.0
48607,Tajikistan,2020-03-17,0,Deaths,0.0,0.0
48608,Tajikistan,2020-03-18,0,Deaths,0.0,0.0
48609,Tajikistan,2020-03-19,0,Deaths,0.0,0.0
48610,Tajikistan,2020-03-20,0,Deaths,0.0,0.0
48611,Tajikistan,2020-03-21,0,Deaths,0.0,0.0
48612,Tajikistan,2020-03-22,0,Deaths,0.0,0.0
48613,Tajikistan,2020-03-23,0,Deaths,0.0,0.0
48614,Tajikistan,2020-03-24,0,Deaths,0.0,0.0
48615,Tajikistan,2020-03-25,0,Deaths,0.0,0.0
48616,Tajikistan,2020-03-26,0,Deaths,0.0,0.0
48617,Tajikistan,2020-03-27,0,Deaths,0.0,0.0
48618,Tajikistan,2020-03-28,0,Deaths,0.0,0.0
48619,Tajikistan,2020-03-29,0,Deaths,0.0,0.0
48620,Tajikistan,2020-03-30,0,Deaths,0.0,0.0
48621,Tajikistan,2020-03-31,0,Deaths,0.0,0.0
48622,Tajikistan,2020-04-01,0,Deaths,0.0,0.0
48623,Tajikistan,2020-04-02,0,Deaths,0.0,0.0
48624,Tajikistan,2020-04-03,0,Deaths,0.0,0.0
48625,Tajikistan,2020-04-04,0,Deaths,0.0,0.0
48626,Tajikistan,2020-04-05,0,Deaths,0.0,0.0
48627,Tajikistan,2020-04-06,0,Deaths,0.0,0.0
48628,Tajikistan,2020-04-07,0,Deaths,0.0,0.0
48629,Tajikistan,2020-04-08,0,Deaths,0.0,0.0
48630,Tajikistan,2020-04-09,0,Deaths,0.0,0.0
48631,Tajikistan,2020-04-10,0,Deaths,0.0,0.0
48632,Tajikistan,2020-04-11,0,Deaths,0.0,0.0
48633,Tajikistan,2020-04-12,0,Deaths,0.0,0.0
48634,Tajikistan,2020-04-13,0,Deaths,0.0,0.0
48635,Tajikistan,2020-04-14,0,Deaths,0.0,0.0
48636,Tajikistan,2020-04-15,0,Deaths,0.0,0.0
48637,Tajikistan,2020-04-16,0,Deaths,0.0,0.0
48638,Tajikistan,2020-04-17,0,Deaths,0.0,0.0
48639,Tajikistan,2020-04-18,0,Deaths,0.0,0.0
48640,Tajikistan,2020-04-19,0,Deaths,0.0,0.0
48641,Tajikistan,2020-04-20,0,Deaths,0.0,0.0
48642,Tajikistan,2020-04-21,0,Deaths,0.0,0.0
48643,Tajikistan,2020-04-22,0,Deaths,0.0,0.0
48644,Tajikistan,2020-04-23,0,Deaths,0.0,0.0
48645,Tajikistan,2020-04-24,0,Deaths,0.0,0.0
48646,Tajikistan,2020-04-25,0,Deaths,0.0,0.0
48647,Tajikistan,2020-04-26,0,Deaths,0.0,0.0
48648,Tajikistan,2020-04-27,0,Deaths,0.0,0.0
48649,Tajikistan,2020-04-28,0,Deaths,0.0,0.0
48650,Tajikistan,2020-04-29,0,Deaths,0.0,0.0
48651,Tajikistan,2020-04-30,0,Deaths,0.0,0.0
48652,Tajikistan,2020-05-01,0,Deaths,0.0,0.0
48653,Tajikistan,2020-05-02,2,Deaths,2.0,2.0
48654,Tajikistan,2020-05-03,2,Deaths,0.0,2.0
48655,Tajikistan,2020-05-04,3,Deaths,1.0,3.0
48656,Tajikistan,2020-05-05,5,Deaths,2.0,5.0
48657,Tajikistan,2020-05-06,8,Deaths,3.0,8.0
48658,Tajikistan,2020-05-07,12,Deaths,4.0,12.0
48659,Tajikistan,2020-05-08,12,Deaths,0.0,12.0
48660,Tajikistan,2020-05-09,20,Deaths,8.0,18.0
48661,Tajikistan,2020-05-10,20,Deaths,0.0,18.0
48662,Tajikistan,2020-05-11,21,Deaths,1.0,18.0
48663,Tajikistan,2020-05-12,21,Deaths,0.0,16.0
48664,Tajikistan,2020-05-13,23,Deaths,2.0,15.0
48665,Tajikistan,2020-05-14,29,Deaths,6.0,17.0
48666,Tajikistan,2020-05-15,33,Deaths,4.0,21.0
48667,Tajikistan,2020-05-16,36,Deaths,3.0,16.0
48668,Tajikistan,2020-05-17,39,Deaths,3.0,19.0
48669,Tajikistan,2020-05-18,41,Deaths,2.0,20.0
48670,Tajikistan,2020-05-19,41,Deaths,0.0,20.0
48671,Tajikistan,2020-05-20,41,Deaths,0.0,18.0
48672,Tajikistan,2020-05-21,44,Deaths,3.0,15.0
48673,Tajikistan,2020-05-22,44,Deaths,0.0,11.0
48674,Tajikistan,2020-05-23,44,Deaths,0.0,8.0
48675,Tajikistan,2020-05-24,46,Deaths,2.0,7.0
48676,Tajikistan,2020-05-25,46,Deaths,0.0,5.0
48677,Tajikistan,2020-05-26,47,Deaths,1.0,6.0
48678,Tajikistan,2020-05-27,47,Deaths,0.0,6.0
48679,Tajikistan,2020-05-28,47,Deaths,0.0,3.0
48680,Tajikistan,2020-05-29,47,Deaths,0.0,3.0
48681,Tajikistan,2020-05-30,47,Deaths,0.0,3.0
48682,Tajikistan,2020-05-31,47,Deaths,0.0,1.0
48683,Tajikistan,2020-06-01,47,Deaths,0.0,1.0
48684,Tajikistan,2020-06-02,47,Deaths,0.0,0.0
48685,Tajikistan,2020-06-03,48,Deaths,1.0,1.0
48686,Tajikistan,2020-06-04,48,Deaths,0.0,1.0
48687,Tajikistan,2020-06-05,48,Deaths,0.0,1.0
48688,Tajikistan,2020-06-06,48,Deaths,0.0,1.0
48689,Tajikistan,2020-06-07,48,Deaths,0.0,1.0
48690,Tajikistan,2020-06-08,48,Deaths,0.0,1.0
48691,Tajikistan,2020-06-09,48,Deaths,0.0,1.0
48692,Tajikistan,2020-06-10,48,Deaths,0.0,0.0
48693,Tajikistan,2020-06-11,49,Deaths,1.0,1.0
48694,Tajikistan,2020-06-12,49,Deaths,0.0,1.0
48695,Tajikistan,2020-06-13,50,Deaths,1.0,2.0
48696,Tajikistan,2020-06-14,50,Deaths,0.0,2.0
48697,Tajikistan,2020-06-15,50,Deaths,0.0,2.0
48698,Tajikistan,2020-06-16,50,Deaths,0.0,2.0
48699,Tajikistan,2020-06-17,51,Deaths,1.0,3.0
48700,Tajikistan,2020-06-18,51,Deaths,0.0,2.0
48701,Tajikistan,2020-06-19,51,Deaths,0.0,2.0
48702,Tajikistan,2020-06-20,52,Deaths,1.0,2.0
48703,Tajikistan,2020-06-21,52,Deaths,0.0,2.0
48704,Tajikistan,2020-06-22,52,Deaths,0.0,2.0
48705,Tajikistan,2020-06-23,52,Deaths,0.0,2.0
48706,Tajikistan,2020-06-24,52,Deaths,0.0,1.0
48707,Tajikistan,2020-06-25,52,Deaths,0.0,1.0
48708,Tajikistan,2020-06-26,52,Deaths,0.0,1.0
48709,Tajikistan,2020-06-27,52,Deaths,0.0,0.0
48710,Tajikistan,2020-06-28,52,Deaths,0.0,0.0
48711,Tajikistan,2020-06-29,52,Deaths,0.0,0.0
48712,Tajikistan,2020-06-30,52,Deaths,0.0,0.0
48713,Tajikistan,2020-07-01,52,Deaths,0.0,0.0
48714,Tajikistan,2020-07-02,52,Deaths,0.0,0.0
48715,Tajikistan,2020-07-03,52,Deaths,0.0,0.0
48716,Tajikistan,2020-07-04,52,Deaths,0.0,0.0
48717,Tajikistan,2020-07-05,53,Deaths,1.0,1.0
48718,Tajikistan,2020-07-06,53,Deaths,0.0,1.0
48719,Tajikistan,2020-07-07,53,Deaths,0.0,1.0
48720,Tajikistan,2020-07-08,54,Deaths,1.0,2.0
48721,Tajikistan,2020-07-09,54,Deaths,0.0,2.0
48722,Tajikistan,2020-07-10,55,Deaths,1.0,3.0
48723,Tajikistan,2020-07-11,55,Deaths,0.0,3.0
48724,Tajikistan,2020-07-12,55,Deaths,0.0,2.0
48725,Tajikistan,2020-07-13,55,Deaths,0.0,2.0
48726,Tajikistan,2020-07-14,56,Deaths,1.0,3.0
48727,Tajikistan,2020-07-15,56,Deaths,0.0,2.0
48728,Tajikistan,2020-07-16,56,Deaths,0.0,2.0
48729,Tajikistan,2020-07-17,56,Deaths,0.0,1.0
48730,Tajikistan,2020-07-18,57,Deaths,1.0,2.0
48731,Tajikistan,2020-07-19,57,Deaths,0.0,2.0
48732,Tajikistan,2020-07-20,57,Deaths,0.0,2.0
48733,Tajikistan,2020-07-21,57,Deaths,0.0,1.0
48734,Tajikistan,2020-07-22,58,Deaths,1.0,2.0
48735,Tajikistan,2020-07-23,58,Deaths,0.0,2.0
48736,Tajikistan,2020-07-24,58,Deaths,0.0,2.0
48737,Tajikistan,2020-07-25,59,Deaths,1.0,2.0
48738,Tajikistan,2020-07-26,59,Deaths,0.0,2.0
48739,Tajikistan,2020-07-27,60,Deaths,1.0,3.0
48740,Tajikistan,2020-07-28,60,Deaths,0.0,3.0
48741,Tajikistan,2020-07-29,60,Deaths,0.0,2.0
48742,Tajikistan,2020-07-30,60,Deaths,0.0,2.0
48743,Tajikistan,2020-07-31,60,Deaths,0.0,2.0
48744,Tajikistan,2020-08-01,60,Deaths,0.0,1.0
48745,Tajikistan,2020-08-02,61,Deaths,1.0,2.0
48746,Tajikistan,2020-08-03,61,Deaths,0.0,1.0
48747,Tajikistan,2020-08-04,61,Deaths,0.0,1.0
48748,Tajikistan,2020-08-05,61,Deaths,0.0,1.0
48749,Tajikistan,2020-08-06,62,Deaths,1.0,2.0
48750,Tajikistan,2020-08-07,62,Deaths,0.0,2.0
48751,Tajikistan,2020-08-08,62,Deaths,0.0,2.0
48752,Tajikistan,2020-08-09,62,Deaths,0.0,1.0
48753,Tajikistan,2020-08-10,62,Deaths,0.0,1.0
48754,Tajikistan,2020-08-11,63,Deaths,1.0,2.0
48755,Tajikistan,2020-08-12,63,Deaths,0.0,2.0
48756,Tajikistan,2020-08-13,63,Deaths,0.0,1.0
48757,Tajikistan,2020-08-14,63,Deaths,0.0,1.0
48758,Tajikistan,2020-08-15,64,Deaths,1.0,2.0
48759,Tajikistan,2020-08-16,64,Deaths,0.0,2.0
48760,Tajikistan,2020-08-17,64,Deaths,0.0,2.0
48761,Tajikistan,2020-08-18,65,Deaths,1.0,2.0
48762,Tajikistan,2020-08-19,65,Deaths,0.0,2.0
48763,Tajikistan,2020-08-20,66,Deaths,1.0,3.0
48764,Tajikistan,2020-08-21,66,Deaths,0.0,3.0
48765,Tajikistan,2020-08-22,66,Deaths,0.0,2.0
48766,Tajikistan,2020-08-23,66,Deaths,0.0,2.0
48767,Tajikistan,2020-08-24,67,Deaths,1.0,3.0
48768,Tajikistan,2020-08-25,67,Deaths,0.0,2.0
48769,Tajikistan,2020-08-26,67,Deaths,0.0,2.0
48770,Tajikistan,2020-08-27,68,Deaths,1.0,2.0
48771,Tajikistan,2020-08-28,68,Deaths,0.0,2.0
48772,Tajikistan,2020-08-29,68,Deaths,0.0,2.0
48773,Tajikistan,2020-08-30,68,Deaths,0.0,2.0
48774,Tajikistan,2020-08-31,68,Deaths,0.0,1.0
48775,Tajikistan,2020-09-01,68,Deaths,0.0,1.0
48776,Tajikistan,2020-09-02,69,Deaths,1.0,2.0
48777,Tajikistan,2020-09-03,69,Deaths,0.0,1.0
48778,Tajikistan,2020-09-04,69,Deaths,0.0,1.0
48779,Tajikistan,2020-09-05,70,Deaths,1.0,2.0
48780,Tajikistan,2020-09-06,70,Deaths,0.0,2.0
48781,Tajikistan,2020-09-07,70,Deaths,0.0,2.0
48782,Tajikistan,2020-09-08,70,Deaths,0.0,2.0
48783,Tajikistan,2020-09-09,71,Deaths,1.0,2.0
48784,Tajikistan,2020-09-10,72,Deaths,1.0,3.0
48785,Tajikistan,2020-09-11,72,Deaths,0.0,3.0
48786,Tajikistan,2020-09-12,72,Deaths,0.0,2.0
48787,Tajikistan,2020-09-13,72,Deaths,0.0,2.0
48788,Tajikistan,2020-09-14,72,Deaths,0.0,2.0
48789,Tajikistan,2020-09-15,73,Deaths,1.0,3.0
48790,Tajikistan,2020-09-16,73,Deaths,0.0,2.0
48791,Tajikistan,2020-09-17,73,Deaths,0.0,1.0
48792,Tajikistan,2020-09-18,73,Deaths,0.0,1.0
48793,Tajikistan,2020-09-19,73,Deaths,0.0,1.0
48794,Tajikistan,2020-09-20,73,Deaths,0.0,1.0
48795,Tajikistan,2020-09-21,73,Deaths,0.0,1.0
48796,Tajikistan,2020-09-22,73,Deaths,0.0,0.0
48797,Tajikistan,2020-09-23,74,Deaths,1.0,1.0
48798,Tajikistan,2020-09-24,74,Deaths,0.0,1.0
48799,Tajikistan,2020-09-25,74,Deaths,0.0,1.0
48800,Tajikistan,2020-09-26,75,Deaths,1.0,2.0
48801,Tajikistan,2020-09-27,75,Deaths,0.0,2.0
48802,Tajikistan,2020-09-28,75,Deaths,0.0,2.0
48803,Tajikistan,2020-09-29,75,Deaths,0.0,2.0
48804,Tajikistan,2020-09-30,76,Deaths,1.0,2.0
48805,Tajikistan,2020-10-01,77,Deaths,1.0,3.0
48806,Tajikistan,2020-10-02,77,Deaths,0.0,3.0
48807,Tajikistan,2020-10-03,77,Deaths,0.0,2.0
48808,Tajikistan,2020-10-04,78,Deaths,1.0,3.0
48809,Tajikistan,2020-10-05,78,Deaths,0.0,3.0
48810,Tajikistan,2020-10-06,78,Deaths,0.0,3.0
48811,Tajikistan,2020-10-07,78,Deaths,0.0,2.0
48812,Tajikistan,2020-10-08,78,Deaths,0.0,1.0
48813,Tajikistan,2020-10-09,79,Deaths,1.0,2.0
48814,Tajikistan,2020-10-10,79,Deaths,0.0,2.0
48815,Tajikistan,2020-10-11,79,Deaths,0.0,1.0
48816,Tajikistan,2020-10-12,79,Deaths,0.0,1.0
48817,Tajikistan,2020-10-13,79,Deaths,0.0,1.0
48818,Tajikistan,2020-10-14,79,Deaths,0.0,1.0
48819,Tajikistan,2020-10-15,80,Deaths,1.0,2.0
48820,Tajikistan,2020-10-16,80,Deaths,0.0,1.0
48821,Tajikistan,2020-10-17,80,Deaths,0.0,1.0
48822,Tajikistan,2020-10-18,80,Deaths,0.0,1.0
48823,Tajikistan,2020-10-19,80,Deaths,0.0,1.0
48824,Tajikistan,2020-10-20,80,Deaths,0.0,1.0
48825,Tajikistan,2020-10-21,80,Deaths,0.0,1.0
48826,Tajikistan,2020-10-22,81,Deaths,1.0,1.0
48827,Tajikistan,2020-10-23,81,Deaths,0.0,1.0
48828,Tajikistan,2020-10-24,81,Deaths,0.0,1.0
48829,Tajikistan,2020-10-25,81,Deaths,0.0,1.0
48830,Tajikistan,2020-10-26,81,Deaths,0.0,1.0
48831,Tajikistan,2020-10-27,81,Deaths,0.0,1.0
48832,Tajikistan,2020-10-28,82,Deaths,1.0,2.0
48833,Tajikistan,2020-10-29,82,Deaths,0.0,1.0
48834,Tajikistan,2020-10-30,82,Deaths,0.0,1.0
48835,Tajikistan,2020-10-31,82,Deaths,0.0,1.0
48836,Tajikistan,2020-11-01,82,Deaths,0.0,1.0
48837,Tajikistan,2020-11-02,82,Deaths,0.0,1.0
48838,Tajikistan,2020-11-03,83,Deaths,1.0,2.0
48839,Tajikistan,2020-11-04,83,Deaths,0.0,1.0
48840,Tajikistan,2020-11-05,83,Deaths,0.0,1.0
48841,Tanzania,2020-01-22,0,Deaths,,
48842,Tanzania,2020-01-23,0,Deaths,0.0,
48843,Tanzania,2020-01-24,0,Deaths,0.0,
48844,Tanzania,2020-01-25,0,Deaths,0.0,
48845,Tanzania,2020-01-26,0,Deaths,0.0,
48846,Tanzania,2020-01-27,0,Deaths,0.0,
48847,Tanzania,2020-01-28,0,Deaths,0.0,
48848,Tanzania,2020-01-29,0,Deaths,0.0,0.0
48849,Tanzania,2020-01-30,0,Deaths,0.0,0.0
48850,Tanzania,2020-01-31,0,Deaths,0.0,0.0
48851,Tanzania,2020-02-01,0,Deaths,0.0,0.0
48852,Tanzania,2020-02-02,0,Deaths,0.0,0.0
48853,Tanzania,2020-02-03,0,Deaths,0.0,0.0
48854,Tanzania,2020-02-04,0,Deaths,0.0,0.0
48855,Tanzania,2020-02-05,0,Deaths,0.0,0.0
48856,Tanzania,2020-02-06,0,Deaths,0.0,0.0
48857,Tanzania,2020-02-07,0,Deaths,0.0,0.0
48858,Tanzania,2020-02-08,0,Deaths,0.0,0.0
48859,Tanzania,2020-02-09,0,Deaths,0.0,0.0
48860,Tanzania,2020-02-10,0,Deaths,0.0,0.0
48861,Tanzania,2020-02-11,0,Deaths,0.0,0.0
48862,Tanzania,2020-02-12,0,Deaths,0.0,0.0
48863,Tanzania,2020-02-13,0,Deaths,0.0,0.0
48864,Tanzania,2020-02-14,0,Deaths,0.0,0.0
48865,Tanzania,2020-02-15,0,Deaths,0.0,0.0
48866,Tanzania,2020-02-16,0,Deaths,0.0,0.0
48867,Tanzania,2020-02-17,0,Deaths,0.0,0.0
48868,Tanzania,2020-02-18,0,Deaths,0.0,0.0
48869,Tanzania,2020-02-19,0,Deaths,0.0,0.0
48870,Tanzania,2020-02-20,0,Deaths,0.0,0.0
48871,Tanzania,2020-02-21,0,Deaths,0.0,0.0
48872,Tanzania,2020-02-22,0,Deaths,0.0,0.0
48873,Tanzania,2020-02-23,0,Deaths,0.0,0.0
48874,Tanzania,2020-02-24,0,Deaths,0.0,0.0
48875,Tanzania,2020-02-25,0,Deaths,0.0,0.0
48876,Tanzania,2020-02-26,0,Deaths,0.0,0.0
48877,Tanzania,2020-02-27,0,Deaths,0.0,0.0
48878,Tanzania,2020-02-28,0,Deaths,0.0,0.0
48879,Tanzania,2020-02-29,0,Deaths,0.0,0.0
48880,Tanzania,2020-03-01,0,Deaths,0.0,0.0
48881,Tanzania,2020-03-02,0,Deaths,0.0,0.0
48882,Tanzania,2020-03-03,0,Deaths,0.0,0.0
48883,Tanzania,2020-03-04,0,Deaths,0.0,0.0
48884,Tanzania,2020-03-05,0,Deaths,0.0,0.0
48885,Tanzania,2020-03-06,0,Deaths,0.0,0.0
48886,Tanzania,2020-03-07,0,Deaths,0.0,0.0
48887,Tanzania,2020-03-08,0,Deaths,0.0,0.0
48888,Tanzania,2020-03-09,0,Deaths,0.0,0.0
48889,Tanzania,2020-03-10,0,Deaths,0.0,0.0
48890,Tanzania,2020-03-11,0,Deaths,0.0,0.0
48891,Tanzania,2020-03-12,0,Deaths,0.0,0.0
48892,Tanzania,2020-03-13,0,Deaths,0.0,0.0
48893,Tanzania,2020-03-14,0,Deaths,0.0,0.0
48894,Tanzania,2020-03-15,0,Deaths,0.0,0.0
48895,Tanzania,2020-03-16,0,Deaths,0.0,0.0
48896,Tanzania,2020-03-17,0,Deaths,0.0,0.0
48897,Tanzania,2020-03-18,0,Deaths,0.0,0.0
48898,Tanzania,2020-03-19,0,Deaths,0.0,0.0
48899,Tanzania,2020-03-20,0,Deaths,0.0,0.0
48900,Tanzania,2020-03-21,0,Deaths,0.0,0.0
48901,Tanzania,2020-03-22,0,Deaths,0.0,0.0
48902,Tanzania,2020-03-23,0,Deaths,0.0,0.0
48903,Tanzania,2020-03-24,0,Deaths,0.0,0.0
48904,Tanzania,2020-03-25,0,Deaths,0.0,0.0
48905,Tanzania,2020-03-26,0,Deaths,0.0,0.0
48906,Tanzania,2020-03-27,0,Deaths,0.0,0.0
48907,Tanzania,2020-03-28,0,Deaths,0.0,0.0
48908,Tanzania,2020-03-29,0,Deaths,0.0,0.0
48909,Tanzania,2020-03-30,0,Deaths,0.0,0.0
48910,Tanzania,2020-03-31,1,Deaths,1.0,1.0
48911,Tanzania,2020-04-01,1,Deaths,0.0,1.0
48912,Tanzania,2020-04-02,1,Deaths,0.0,1.0
48913,Tanzania,2020-04-03,1,Deaths,0.0,1.0
48914,Tanzania,2020-04-04,1,Deaths,0.0,1.0
48915,Tanzania,2020-04-05,1,Deaths,0.0,1.0
48916,Tanzania,2020-04-06,1,Deaths,0.0,1.0
48917,Tanzania,2020-04-07,1,Deaths,0.0,0.0
48918,Tanzania,2020-04-08,1,Deaths,0.0,0.0
48919,Tanzania,2020-04-09,1,Deaths,0.0,0.0
48920,Tanzania,2020-04-10,3,Deaths,2.0,2.0
48921,Tanzania,2020-04-11,3,Deaths,0.0,2.0
48922,Tanzania,2020-04-12,3,Deaths,0.0,2.0
48923,Tanzania,2020-04-13,3,Deaths,0.0,2.0
48924,Tanzania,2020-04-14,3,Deaths,0.0,2.0
48925,Tanzania,2020-04-15,4,Deaths,1.0,3.0
48926,Tanzania,2020-04-16,4,Deaths,0.0,3.0
48927,Tanzania,2020-04-17,5,Deaths,1.0,2.0
48928,Tanzania,2020-04-18,5,Deaths,0.0,2.0
48929,Tanzania,2020-04-19,7,Deaths,2.0,4.0
48930,Tanzania,2020-04-20,10,Deaths,3.0,7.0
48931,Tanzania,2020-04-21,10,Deaths,0.0,7.0
48932,Tanzania,2020-04-22,10,Deaths,0.0,6.0
48933,Tanzania,2020-04-23,10,Deaths,0.0,6.0
48934,Tanzania,2020-04-24,10,Deaths,0.0,5.0
48935,Tanzania,2020-04-25,10,Deaths,0.0,5.0
48936,Tanzania,2020-04-26,10,Deaths,0.0,3.0
48937,Tanzania,2020-04-27,10,Deaths,0.0,0.0
48938,Tanzania,2020-04-28,10,Deaths,0.0,0.0
48939,Tanzania,2020-04-29,16,Deaths,6.0,6.0
48940,Tanzania,2020-04-30,16,Deaths,0.0,6.0
48941,Tanzania,2020-05-01,16,Deaths,0.0,6.0
48942,Tanzania,2020-05-02,16,Deaths,0.0,6.0
48943,Tanzania,2020-05-03,16,Deaths,0.0,6.0
48944,Tanzania,2020-05-04,16,Deaths,0.0,6.0
48945,Tanzania,2020-05-05,16,Deaths,0.0,6.0
48946,Tanzania,2020-05-06,16,Deaths,0.0,0.0
48947,Tanzania,2020-05-07,16,Deaths,0.0,0.0
48948,Tanzania,2020-05-08,21,Deaths,5.0,5.0
48949,Tanzania,2020-05-09,21,Deaths,0.0,5.0
48950,Tanzania,2020-05-10,21,Deaths,0.0,5.0
48951,Tanzania,2020-05-11,21,Deaths,0.0,5.0
48952,Tanzania,2020-05-12,21,Deaths,0.0,5.0
48953,Tanzania,2020-05-13,21,Deaths,0.0,5.0
48954,Tanzania,2020-05-14,21,Deaths,0.0,5.0
48955,Tanzania,2020-05-15,21,Deaths,0.0,0.0
48956,Tanzania,2020-05-16,21,Deaths,0.0,0.0
48957,Tanzania,2020-05-17,21,Deaths,0.0,0.0
48958,Tanzania,2020-05-18,21,Deaths,0.0,0.0
48959,Tanzania,2020-05-19,21,Deaths,0.0,0.0
48960,Tanzania,2020-05-20,21,Deaths,0.0,0.0
48961,Tanzania,2020-05-21,21,Deaths,0.0,0.0
48962,Tanzania,2020-05-22,21,Deaths,0.0,0.0
48963,Tanzania,2020-05-23,21,Deaths,0.0,0.0
48964,Tanzania,2020-05-24,21,Deaths,0.0,0.0
48965,Tanzania,2020-05-25,21,Deaths,0.0,0.0
48966,Tanzania,2020-05-26,21,Deaths,0.0,0.0
48967,Tanzania,2020-05-27,21,Deaths,0.0,0.0
48968,Tanzania,2020-05-28,21,Deaths,0.0,0.0
48969,Tanzania,2020-05-29,21,Deaths,0.0,0.0
48970,Tanzania,2020-05-30,21,Deaths,0.0,0.0
48971,Tanzania,2020-05-31,21,Deaths,0.0,0.0
48972,Tanzania,2020-06-01,21,Deaths,0.0,0.0
48973,Tanzania,2020-06-02,21,Deaths,0.0,0.0
48974,Tanzania,2020-06-03,21,Deaths,0.0,0.0
48975,Tanzania,2020-06-04,21,Deaths,0.0,0.0
48976,Tanzania,2020-06-05,21,Deaths,0.0,0.0
48977,Tanzania,2020-06-06,21,Deaths,0.0,0.0
48978,Tanzania,2020-06-07,21,Deaths,0.0,0.0
48979,Tanzania,2020-06-08,21,Deaths,0.0,0.0
48980,Tanzania,2020-06-09,21,Deaths,0.0,0.0
48981,Tanzania,2020-06-10,21,Deaths,0.0,0.0
48982,Tanzania,2020-06-11,21,Deaths,0.0,0.0
48983,Tanzania,2020-06-12,21,Deaths,0.0,0.0
48984,Tanzania,2020-06-13,21,Deaths,0.0,0.0
48985,Tanzania,2020-06-14,21,Deaths,0.0,0.0
48986,Tanzania,2020-06-15,21,Deaths,0.0,0.0
48987,Tanzania,2020-06-16,21,Deaths,0.0,0.0
48988,Tanzania,2020-06-17,21,Deaths,0.0,0.0
48989,Tanzania,2020-06-18,21,Deaths,0.0,0.0
48990,Tanzania,2020-06-19,21,Deaths,0.0,0.0
48991,Tanzania,2020-06-20,21,Deaths,0.0,0.0
48992,Tanzania,2020-06-21,21,Deaths,0.0,0.0
48993,Tanzania,2020-06-22,21,Deaths,0.0,0.0
48994,Tanzania,2020-06-23,21,Deaths,0.0,0.0
48995,Tanzania,2020-06-24,21,Deaths,0.0,0.0
48996,Tanzania,2020-06-25,21,Deaths,0.0,0.0
48997,Tanzania,2020-06-26,21,Deaths,0.0,0.0
48998,Tanzania,2020-06-27,21,Deaths,0.0,0.0
48999,Tanzania,2020-06-28,21,Deaths,0.0,0.0
49000,Tanzania,2020-06-29,21,Deaths,0.0,0.0
49001,Tanzania,2020-06-30,21,Deaths,0.0,0.0
49002,Tanzania,2020-07-01,21,Deaths,0.0,0.0
49003,Tanzania,2020-07-02,21,Deaths,0.0,0.0
49004,Tanzania,2020-07-03,21,Deaths,0.0,0.0
49005,Tanzania,2020-07-04,21,Deaths,0.0,0.0
49006,Tanzania,2020-07-05,21,Deaths,0.0,0.0
49007,Tanzania,2020-07-06,21,Deaths,0.0,0.0
49008,Tanzania,2020-07-07,21,Deaths,0.0,0.0
49009,Tanzania,2020-07-08,21,Deaths,0.0,0.0
49010,Tanzania,2020-07-09,21,Deaths,0.0,0.0
49011,Tanzania,2020-07-10,21,Deaths,0.0,0.0
49012,Tanzania,2020-07-11,21,Deaths,0.0,0.0
49013,Tanzania,2020-07-12,21,Deaths,0.0,0.0
49014,Tanzania,2020-07-13,21,Deaths,0.0,0.0
49015,Tanzania,2020-07-14,21,Deaths,0.0,0.0
49016,Tanzania,2020-07-15,21,Deaths,0.0,0.0
49017,Tanzania,2020-07-16,21,Deaths,0.0,0.0
49018,Tanzania,2020-07-17,21,Deaths,0.0,0.0
49019,Tanzania,2020-07-18,21,Deaths,0.0,0.0
49020,Tanzania,2020-07-19,21,Deaths,0.0,0.0
49021,Tanzania,2020-07-20,21,Deaths,0.0,0.0
49022,Tanzania,2020-07-21,21,Deaths,0.0,0.0
49023,Tanzania,2020-07-22,21,Deaths,0.0,0.0
49024,Tanzania,2020-07-23,21,Deaths,0.0,0.0
49025,Tanzania,2020-07-24,21,Deaths,0.0,0.0
49026,Tanzania,2020-07-25,21,Deaths,0.0,0.0
49027,Tanzania,2020-07-26,21,Deaths,0.0,0.0
49028,Tanzania,2020-07-27,21,Deaths,0.0,0.0
49029,Tanzania,2020-07-28,21,Deaths,0.0,0.0
49030,Tanzania,2020-07-29,21,Deaths,0.0,0.0
49031,Tanzania,2020-07-30,21,Deaths,0.0,0.0
49032,Tanzania,2020-07-31,21,Deaths,0.0,0.0
49033,Tanzania,2020-08-01,21,Deaths,0.0,0.0
49034,Tanzania,2020-08-02,21,Deaths,0.0,0.0
49035,Tanzania,2020-08-03,21,Deaths,0.0,0.0
49036,Tanzania,2020-08-04,21,Deaths,0.0,0.0
49037,Tanzania,2020-08-05,21,Deaths,0.0,0.0
49038,Tanzania,2020-08-06,21,Deaths,0.0,0.0
49039,Tanzania,2020-08-07,21,Deaths,0.0,0.0
49040,Tanzania,2020-08-08,21,Deaths,0.0,0.0
49041,Tanzania,2020-08-09,21,Deaths,0.0,0.0
49042,Tanzania,2020-08-10,21,Deaths,0.0,0.0
49043,Tanzania,2020-08-11,21,Deaths,0.0,0.0
49044,Tanzania,2020-08-12,21,Deaths,0.0,0.0
49045,Tanzania,2020-08-13,21,Deaths,0.0,0.0
49046,Tanzania,2020-08-14,21,Deaths,0.0,0.0
49047,Tanzania,2020-08-15,21,Deaths,0.0,0.0
49048,Tanzania,2020-08-16,21,Deaths,0.0,0.0
49049,Tanzania,2020-08-17,21,Deaths,0.0,0.0
49050,Tanzania,2020-08-18,21,Deaths,0.0,0.0
49051,Tanzania,2020-08-19,21,Deaths,0.0,0.0
49052,Tanzania,2020-08-20,21,Deaths,0.0,0.0
49053,Tanzania,2020-08-21,21,Deaths,0.0,0.0
49054,Tanzania,2020-08-22,21,Deaths,0.0,0.0
49055,Tanzania,2020-08-23,21,Deaths,0.0,0.0
49056,Tanzania,2020-08-24,21,Deaths,0.0,0.0
49057,Tanzania,2020-08-25,21,Deaths,0.0,0.0
49058,Tanzania,2020-08-26,21,Deaths,0.0,0.0
49059,Tanzania,2020-08-27,21,Deaths,0.0,0.0
49060,Tanzania,2020-08-28,21,Deaths,0.0,0.0
49061,Tanzania,2020-08-29,21,Deaths,0.0,0.0
49062,Tanzania,2020-08-30,21,Deaths,0.0,0.0
49063,Tanzania,2020-08-31,21,Deaths,0.0,0.0
49064,Tanzania,2020-09-01,21,Deaths,0.0,0.0
49065,Tanzania,2020-09-02,21,Deaths,0.0,0.0
49066,Tanzania,2020-09-03,21,Deaths,0.0,0.0
49067,Tanzania,2020-09-04,21,Deaths,0.0,0.0
49068,Tanzania,2020-09-05,21,Deaths,0.0,0.0
49069,Tanzania,2020-09-06,21,Deaths,0.0,0.0
49070,Tanzania,2020-09-07,21,Deaths,0.0,0.0
49071,Tanzania,2020-09-08,21,Deaths,0.0,0.0
49072,Tanzania,2020-09-09,21,Deaths,0.0,0.0
49073,Tanzania,2020-09-10,21,Deaths,0.0,0.0
49074,Tanzania,2020-09-11,21,Deaths,0.0,0.0
49075,Tanzania,2020-09-12,21,Deaths,0.0,0.0
49076,Tanzania,2020-09-13,21,Deaths,0.0,0.0
49077,Tanzania,2020-09-14,21,Deaths,0.0,0.0
49078,Tanzania,2020-09-15,21,Deaths,0.0,0.0
49079,Tanzania,2020-09-16,21,Deaths,0.0,0.0
49080,Tanzania,2020-09-17,21,Deaths,0.0,0.0
49081,Tanzania,2020-09-18,21,Deaths,0.0,0.0
49082,Tanzania,2020-09-19,21,Deaths,0.0,0.0
49083,Tanzania,2020-09-20,21,Deaths,0.0,0.0
49084,Tanzania,2020-09-21,21,Deaths,0.0,0.0
49085,Tanzania,2020-09-22,21,Deaths,0.0,0.0
49086,Tanzania,2020-09-23,21,Deaths,0.0,0.0
49087,Tanzania,2020-09-24,21,Deaths,0.0,0.0
49088,Tanzania,2020-09-25,21,Deaths,0.0,0.0
49089,Tanzania,2020-09-26,21,Deaths,0.0,0.0
49090,Tanzania,2020-09-27,21,Deaths,0.0,0.0
49091,Tanzania,2020-09-28,21,Deaths,0.0,0.0
49092,Tanzania,2020-09-29,21,Deaths,0.0,0.0
49093,Tanzania,2020-09-30,21,Deaths,0.0,0.0
49094,Tanzania,2020-10-01,21,Deaths,0.0,0.0
49095,Tanzania,2020-10-02,21,Deaths,0.0,0.0
49096,Tanzania,2020-10-03,21,Deaths,0.0,0.0
49097,Tanzania,2020-10-04,21,Deaths,0.0,0.0
49098,Tanzania,2020-10-05,21,Deaths,0.0,0.0
49099,Tanzania,2020-10-06,21,Deaths,0.0,0.0
49100,Tanzania,2020-10-07,21,Deaths,0.0,0.0
49101,Tanzania,2020-10-08,21,Deaths,0.0,0.0
49102,Tanzania,2020-10-09,21,Deaths,0.0,0.0
49103,Tanzania,2020-10-10,21,Deaths,0.0,0.0
49104,Tanzania,2020-10-11,21,Deaths,0.0,0.0
49105,Tanzania,2020-10-12,21,Deaths,0.0,0.0
49106,Tanzania,2020-10-13,21,Deaths,0.0,0.0
49107,Tanzania,2020-10-14,21,Deaths,0.0,0.0
49108,Tanzania,2020-10-15,21,Deaths,0.0,0.0
49109,Tanzania,2020-10-16,21,Deaths,0.0,0.0
49110,Tanzania,2020-10-17,21,Deaths,0.0,0.0
49111,Tanzania,2020-10-18,21,Deaths,0.0,0.0
49112,Tanzania,2020-10-19,21,Deaths,0.0,0.0
49113,Tanzania,2020-10-20,21,Deaths,0.0,0.0
49114,Tanzania,2020-10-21,21,Deaths,0.0,0.0
49115,Tanzania,2020-10-22,21,Deaths,0.0,0.0
49116,Tanzania,2020-10-23,21,Deaths,0.0,0.0
49117,Tanzania,2020-10-24,21,Deaths,0.0,0.0
49118,Tanzania,2020-10-25,21,Deaths,0.0,0.0
49119,Tanzania,2020-10-26,21,Deaths,0.0,0.0
49120,Tanzania,2020-10-27,21,Deaths,0.0,0.0
49121,Tanzania,2020-10-28,21,Deaths,0.0,0.0
49122,Tanzania,2020-10-29,21,Deaths,0.0,0.0
49123,Tanzania,2020-10-30,21,Deaths,0.0,0.0
49124,Tanzania,2020-10-31,21,Deaths,0.0,0.0
49125,Tanzania,2020-11-01,21,Deaths,0.0,0.0
49126,Tanzania,2020-11-02,21,Deaths,0.0,0.0
49127,Tanzania,2020-11-03,21,Deaths,0.0,0.0
49128,Tanzania,2020-11-04,21,Deaths,0.0,0.0
49129,Tanzania,2020-11-05,21,Deaths,0.0,0.0
49130,Thailand,2020-01-22,0,Deaths,,
49131,Thailand,2020-01-23,0,Deaths,0.0,
49132,Thailand,2020-01-24,0,Deaths,0.0,
49133,Thailand,2020-01-25,0,Deaths,0.0,
49134,Thailand,2020-01-26,0,Deaths,0.0,
49135,Thailand,2020-01-27,0,Deaths,0.0,
49136,Thailand,2020-01-28,0,Deaths,0.0,
49137,Thailand,2020-01-29,0,Deaths,0.0,0.0
49138,Thailand,2020-01-30,0,Deaths,0.0,0.0
49139,Thailand,2020-01-31,0,Deaths,0.0,0.0
49140,Thailand,2020-02-01,0,Deaths,0.0,0.0
49141,Thailand,2020-02-02,0,Deaths,0.0,0.0
49142,Thailand,2020-02-03,0,Deaths,0.0,0.0
49143,Thailand,2020-02-04,0,Deaths,0.0,0.0
49144,Thailand,2020-02-05,0,Deaths,0.0,0.0
49145,Thailand,2020-02-06,0,Deaths,0.0,0.0
49146,Thailand,2020-02-07,0,Deaths,0.0,0.0
49147,Thailand,2020-02-08,0,Deaths,0.0,0.0
49148,Thailand,2020-02-09,0,Deaths,0.0,0.0
49149,Thailand,2020-02-10,0,Deaths,0.0,0.0
49150,Thailand,2020-02-11,0,Deaths,0.0,0.0
49151,Thailand,2020-02-12,0,Deaths,0.0,0.0
49152,Thailand,2020-02-13,0,Deaths,0.0,0.0
49153,Thailand,2020-02-14,0,Deaths,0.0,0.0
49154,Thailand,2020-02-15,0,Deaths,0.0,0.0
49155,Thailand,2020-02-16,0,Deaths,0.0,0.0
49156,Thailand,2020-02-17,0,Deaths,0.0,0.0
49157,Thailand,2020-02-18,0,Deaths,0.0,0.0
49158,Thailand,2020-02-19,0,Deaths,0.0,0.0
49159,Thailand,2020-02-20,0,Deaths,0.0,0.0
49160,Thailand,2020-02-21,0,Deaths,0.0,0.0
49161,Thailand,2020-02-22,0,Deaths,0.0,0.0
49162,Thailand,2020-02-23,0,Deaths,0.0,0.0
49163,Thailand,2020-02-24,0,Deaths,0.0,0.0
49164,Thailand,2020-02-25,0,Deaths,0.0,0.0
49165,Thailand,2020-02-26,0,Deaths,0.0,0.0
49166,Thailand,2020-02-27,0,Deaths,0.0,0.0
49167,Thailand,2020-02-28,0,Deaths,0.0,0.0
49168,Thailand,2020-02-29,0,Deaths,0.0,0.0
49169,Thailand,2020-03-01,1,Deaths,1.0,1.0
49170,Thailand,2020-03-02,1,Deaths,0.0,1.0
49171,Thailand,2020-03-03,1,Deaths,0.0,1.0
49172,Thailand,2020-03-04,1,Deaths,0.0,1.0
49173,Thailand,2020-03-05,1,Deaths,0.0,1.0
49174,Thailand,2020-03-06,1,Deaths,0.0,1.0
49175,Thailand,2020-03-07,1,Deaths,0.0,1.0
49176,Thailand,2020-03-08,1,Deaths,0.0,0.0
49177,Thailand,2020-03-09,1,Deaths,0.0,0.0
49178,Thailand,2020-03-10,1,Deaths,0.0,0.0
49179,Thailand,2020-03-11,1,Deaths,0.0,0.0
49180,Thailand,2020-03-12,1,Deaths,0.0,0.0
49181,Thailand,2020-03-13,1,Deaths,0.0,0.0
49182,Thailand,2020-03-14,1,Deaths,0.0,0.0
49183,Thailand,2020-03-15,1,Deaths,0.0,0.0
49184,Thailand,2020-03-16,1,Deaths,0.0,0.0
49185,Thailand,2020-03-17,1,Deaths,0.0,0.0
49186,Thailand,2020-03-18,1,Deaths,0.0,0.0
49187,Thailand,2020-03-19,1,Deaths,0.0,0.0
49188,Thailand,2020-03-20,1,Deaths,0.0,0.0
49189,Thailand,2020-03-21,1,Deaths,0.0,0.0
49190,Thailand,2020-03-22,1,Deaths,0.0,0.0
49191,Thailand,2020-03-23,1,Deaths,0.0,0.0
49192,Thailand,2020-03-24,4,Deaths,3.0,3.0
49193,Thailand,2020-03-25,4,Deaths,0.0,3.0
49194,Thailand,2020-03-26,4,Deaths,0.0,3.0
49195,Thailand,2020-03-27,5,Deaths,1.0,4.0
49196,Thailand,2020-03-28,6,Deaths,1.0,5.0
49197,Thailand,2020-03-29,7,Deaths,1.0,6.0
49198,Thailand,2020-03-30,9,Deaths,2.0,8.0
49199,Thailand,2020-03-31,10,Deaths,1.0,6.0
49200,Thailand,2020-04-01,12,Deaths,2.0,8.0
49201,Thailand,2020-04-02,15,Deaths,3.0,11.0
49202,Thailand,2020-04-03,19,Deaths,4.0,14.0
49203,Thailand,2020-04-04,20,Deaths,1.0,14.0
49204,Thailand,2020-04-05,23,Deaths,3.0,16.0
49205,Thailand,2020-04-06,26,Deaths,3.0,17.0
49206,Thailand,2020-04-07,27,Deaths,1.0,17.0
49207,Thailand,2020-04-08,30,Deaths,3.0,18.0
49208,Thailand,2020-04-09,32,Deaths,2.0,17.0
49209,Thailand,2020-04-10,33,Deaths,1.0,14.0
49210,Thailand,2020-04-11,35,Deaths,2.0,15.0
49211,Thailand,2020-04-12,38,Deaths,3.0,15.0
49212,Thailand,2020-04-13,40,Deaths,2.0,14.0
49213,Thailand,2020-04-14,41,Deaths,1.0,14.0
49214,Thailand,2020-04-15,43,Deaths,2.0,13.0
49215,Thailand,2020-04-16,46,Deaths,3.0,14.0
49216,Thailand,2020-04-17,47,Deaths,1.0,14.0
49217,Thailand,2020-04-18,47,Deaths,0.0,12.0
49218,Thailand,2020-04-19,47,Deaths,0.0,9.0
49219,Thailand,2020-04-20,47,Deaths,0.0,7.0
49220,Thailand,2020-04-21,48,Deaths,1.0,7.0
49221,Thailand,2020-04-22,49,Deaths,1.0,6.0
49222,Thailand,2020-04-23,50,Deaths,1.0,4.0
49223,Thailand,2020-04-24,51,Deaths,1.0,4.0
49224,Thailand,2020-04-25,51,Deaths,0.0,4.0
49225,Thailand,2020-04-26,51,Deaths,0.0,4.0
49226,Thailand,2020-04-27,52,Deaths,1.0,5.0
49227,Thailand,2020-04-28,54,Deaths,2.0,6.0
49228,Thailand,2020-04-29,54,Deaths,0.0,5.0
49229,Thailand,2020-04-30,54,Deaths,0.0,4.0
49230,Thailand,2020-05-01,54,Deaths,0.0,3.0
49231,Thailand,2020-05-02,54,Deaths,0.0,3.0
49232,Thailand,2020-05-03,54,Deaths,0.0,3.0
49233,Thailand,2020-05-04,54,Deaths,0.0,2.0
49234,Thailand,2020-05-05,54,Deaths,0.0,0.0
49235,Thailand,2020-05-06,55,Deaths,1.0,1.0
49236,Thailand,2020-05-07,55,Deaths,0.0,1.0
49237,Thailand,2020-05-08,55,Deaths,0.0,1.0
49238,Thailand,2020-05-09,56,Deaths,1.0,2.0
49239,Thailand,2020-05-10,56,Deaths,0.0,2.0
49240,Thailand,2020-05-11,56,Deaths,0.0,2.0
49241,Thailand,2020-05-12,56,Deaths,0.0,2.0
49242,Thailand,2020-05-13,56,Deaths,0.0,1.0
49243,Thailand,2020-05-14,56,Deaths,0.0,1.0
49244,Thailand,2020-05-15,56,Deaths,0.0,1.0
49245,Thailand,2020-05-16,56,Deaths,0.0,0.0
49246,Thailand,2020-05-17,56,Deaths,0.0,0.0
49247,Thailand,2020-05-18,56,Deaths,0.0,0.0
49248,Thailand,2020-05-19,56,Deaths,0.0,0.0
49249,Thailand,2020-05-20,56,Deaths,0.0,0.0
49250,Thailand,2020-05-21,56,Deaths,0.0,0.0
49251,Thailand,2020-05-22,56,Deaths,0.0,0.0
49252,Thailand,2020-05-23,56,Deaths,0.0,0.0
49253,Thailand,2020-05-24,56,Deaths,0.0,0.0
49254,Thailand,2020-05-25,57,Deaths,1.0,1.0
49255,Thailand,2020-05-26,57,Deaths,0.0,1.0
49256,Thailand,2020-05-27,57,Deaths,0.0,1.0
49257,Thailand,2020-05-28,57,Deaths,0.0,1.0
49258,Thailand,2020-05-29,57,Deaths,0.0,1.0
49259,Thailand,2020-05-30,57,Deaths,0.0,1.0
49260,Thailand,2020-05-31,57,Deaths,0.0,1.0
49261,Thailand,2020-06-01,57,Deaths,0.0,0.0
49262,Thailand,2020-06-02,58,Deaths,1.0,1.0
49263,Thailand,2020-06-03,58,Deaths,0.0,1.0
49264,Thailand,2020-06-04,58,Deaths,0.0,1.0
49265,Thailand,2020-06-05,58,Deaths,0.0,1.0
49266,Thailand,2020-06-06,58,Deaths,0.0,1.0
49267,Thailand,2020-06-07,58,Deaths,0.0,1.0
49268,Thailand,2020-06-08,58,Deaths,0.0,1.0
49269,Thailand,2020-06-09,58,Deaths,0.0,0.0
49270,Thailand,2020-06-10,58,Deaths,0.0,0.0
49271,Thailand,2020-06-11,58,Deaths,0.0,0.0
49272,Thailand,2020-06-12,58,Deaths,0.0,0.0
49273,Thailand,2020-06-13,58,Deaths,0.0,0.0
49274,Thailand,2020-06-14,58,Deaths,0.0,0.0
49275,Thailand,2020-06-15,58,Deaths,0.0,0.0
49276,Thailand,2020-06-16,58,Deaths,0.0,0.0
49277,Thailand,2020-06-17,58,Deaths,0.0,0.0
49278,Thailand,2020-06-18,58,Deaths,0.0,0.0
49279,Thailand,2020-06-19,58,Deaths,0.0,0.0
49280,Thailand,2020-06-20,58,Deaths,0.0,0.0
49281,Thailand,2020-06-21,58,Deaths,0.0,0.0
49282,Thailand,2020-06-22,58,Deaths,0.0,0.0
49283,Thailand,2020-06-23,58,Deaths,0.0,0.0
49284,Thailand,2020-06-24,58,Deaths,0.0,0.0
49285,Thailand,2020-06-25,58,Deaths,0.0,0.0
49286,Thailand,2020-06-26,58,Deaths,0.0,0.0
49287,Thailand,2020-06-27,58,Deaths,0.0,0.0
49288,Thailand,2020-06-28,58,Deaths,0.0,0.0
49289,Thailand,2020-06-29,58,Deaths,0.0,0.0
49290,Thailand,2020-06-30,58,Deaths,0.0,0.0
49291,Thailand,2020-07-01,58,Deaths,0.0,0.0
49292,Thailand,2020-07-02,58,Deaths,0.0,0.0
49293,Thailand,2020-07-03,58,Deaths,0.0,0.0
49294,Thailand,2020-07-04,58,Deaths,0.0,0.0
49295,Thailand,2020-07-05,58,Deaths,0.0,0.0
49296,Thailand,2020-07-06,58,Deaths,0.0,0.0
49297,Thailand,2020-07-07,58,Deaths,0.0,0.0
49298,Thailand,2020-07-08,58,Deaths,0.0,0.0
49299,Thailand,2020-07-09,58,Deaths,0.0,0.0
49300,Thailand,2020-07-10,58,Deaths,0.0,0.0
49301,Thailand,2020-07-11,58,Deaths,0.0,0.0
49302,Thailand,2020-07-12,58,Deaths,0.0,0.0
49303,Thailand,2020-07-13,58,Deaths,0.0,0.0
49304,Thailand,2020-07-14,58,Deaths,0.0,0.0
49305,Thailand,2020-07-15,58,Deaths,0.0,0.0
49306,Thailand,2020-07-16,58,Deaths,0.0,0.0
49307,Thailand,2020-07-17,58,Deaths,0.0,0.0
49308,Thailand,2020-07-18,58,Deaths,0.0,0.0
49309,Thailand,2020-07-19,58,Deaths,0.0,0.0
49310,Thailand,2020-07-20,58,Deaths,0.0,0.0
49311,Thailand,2020-07-21,58,Deaths,0.0,0.0
49312,Thailand,2020-07-22,58,Deaths,0.0,0.0
49313,Thailand,2020-07-23,58,Deaths,0.0,0.0
49314,Thailand,2020-07-24,58,Deaths,0.0,0.0
49315,Thailand,2020-07-25,58,Deaths,0.0,0.0
49316,Thailand,2020-07-26,58,Deaths,0.0,0.0
49317,Thailand,2020-07-27,58,Deaths,0.0,0.0
49318,Thailand,2020-07-28,58,Deaths,0.0,0.0
49319,Thailand,2020-07-29,58,Deaths,0.0,0.0
49320,Thailand,2020-07-30,58,Deaths,0.0,0.0
49321,Thailand,2020-07-31,58,Deaths,0.0,0.0
49322,Thailand,2020-08-01,58,Deaths,0.0,0.0
49323,Thailand,2020-08-02,58,Deaths,0.0,0.0
49324,Thailand,2020-08-03,58,Deaths,0.0,0.0
49325,Thailand,2020-08-04,58,Deaths,0.0,0.0
49326,Thailand,2020-08-05,58,Deaths,0.0,0.0
49327,Thailand,2020-08-06,58,Deaths,0.0,0.0
49328,Thailand,2020-08-07,58,Deaths,0.0,0.0
49329,Thailand,2020-08-08,58,Deaths,0.0,0.0
49330,Thailand,2020-08-09,58,Deaths,0.0,0.0
49331,Thailand,2020-08-10,58,Deaths,0.0,0.0
49332,Thailand,2020-08-11,58,Deaths,0.0,0.0
49333,Thailand,2020-08-12,58,Deaths,0.0,0.0
49334,Thailand,2020-08-13,58,Deaths,0.0,0.0
49335,Thailand,2020-08-14,58,Deaths,0.0,0.0
49336,Thailand,2020-08-15,58,Deaths,0.0,0.0
49337,Thailand,2020-08-16,58,Deaths,0.0,0.0
49338,Thailand,2020-08-17,58,Deaths,0.0,0.0
49339,Thailand,2020-08-18,58,Deaths,0.0,0.0
49340,Thailand,2020-08-19,58,Deaths,0.0,0.0
49341,Thailand,2020-08-20,58,Deaths,0.0,0.0
49342,Thailand,2020-08-21,58,Deaths,0.0,0.0
49343,Thailand,2020-08-22,58,Deaths,0.0,0.0
49344,Thailand,2020-08-23,58,Deaths,0.0,0.0
49345,Thailand,2020-08-24,58,Deaths,0.0,0.0
49346,Thailand,2020-08-25,58,Deaths,0.0,0.0
49347,Thailand,2020-08-26,58,Deaths,0.0,0.0
49348,Thailand,2020-08-27,58,Deaths,0.0,0.0
49349,Thailand,2020-08-28,58,Deaths,0.0,0.0
49350,Thailand,2020-08-29,58,Deaths,0.0,0.0
49351,Thailand,2020-08-30,58,Deaths,0.0,0.0
49352,Thailand,2020-08-31,58,Deaths,0.0,0.0
49353,Thailand,2020-09-01,58,Deaths,0.0,0.0
49354,Thailand,2020-09-02,58,Deaths,0.0,0.0
49355,Thailand,2020-09-03,58,Deaths,0.0,0.0
49356,Thailand,2020-09-04,58,Deaths,0.0,0.0
49357,Thailand,2020-09-05,58,Deaths,0.0,0.0
49358,Thailand,2020-09-06,58,Deaths,0.0,0.0
49359,Thailand,2020-09-07,58,Deaths,0.0,0.0
49360,Thailand,2020-09-08,58,Deaths,0.0,0.0
49361,Thailand,2020-09-09,58,Deaths,0.0,0.0
49362,Thailand,2020-09-10,58,Deaths,0.0,0.0
49363,Thailand,2020-09-11,58,Deaths,0.0,0.0
49364,Thailand,2020-09-12,58,Deaths,0.0,0.0
49365,Thailand,2020-09-13,58,Deaths,0.0,0.0
49366,Thailand,2020-09-14,58,Deaths,0.0,0.0
49367,Thailand,2020-09-15,58,Deaths,0.0,0.0
49368,Thailand,2020-09-16,58,Deaths,0.0,0.0
49369,Thailand,2020-09-17,58,Deaths,0.0,0.0
49370,Thailand,2020-09-18,58,Deaths,0.0,0.0
49371,Thailand,2020-09-19,59,Deaths,1.0,1.0
49372,Thailand,2020-09-20,59,Deaths,0.0,1.0
49373,Thailand,2020-09-21,59,Deaths,0.0,1.0
49374,Thailand,2020-09-22,59,Deaths,0.0,1.0
49375,Thailand,2020-09-23,59,Deaths,0.0,1.0
49376,Thailand,2020-09-24,59,Deaths,0.0,1.0
49377,Thailand,2020-09-25,59,Deaths,0.0,1.0
49378,Thailand,2020-09-26,59,Deaths,0.0,0.0
49379,Thailand,2020-09-27,59,Deaths,0.0,0.0
49380,Thailand,2020-09-28,59,Deaths,0.0,0.0
49381,Thailand,2020-09-29,59,Deaths,0.0,0.0
49382,Thailand,2020-09-30,59,Deaths,0.0,0.0
49383,Thailand,2020-10-01,59,Deaths,0.0,0.0
49384,Thailand,2020-10-02,59,Deaths,0.0,0.0
49385,Thailand,2020-10-03,59,Deaths,0.0,0.0
49386,Thailand,2020-10-04,59,Deaths,0.0,0.0
49387,Thailand,2020-10-05,59,Deaths,0.0,0.0
49388,Thailand,2020-10-06,59,Deaths,0.0,0.0
49389,Thailand,2020-10-07,59,Deaths,0.0,0.0
49390,Thailand,2020-10-08,59,Deaths,0.0,0.0
49391,Thailand,2020-10-09,59,Deaths,0.0,0.0
49392,Thailand,2020-10-10,59,Deaths,0.0,0.0
49393,Thailand,2020-10-11,59,Deaths,0.0,0.0
49394,Thailand,2020-10-12,59,Deaths,0.0,0.0
49395,Thailand,2020-10-13,59,Deaths,0.0,0.0
49396,Thailand,2020-10-14,59,Deaths,0.0,0.0
49397,Thailand,2020-10-15,59,Deaths,0.0,0.0
49398,Thailand,2020-10-16,59,Deaths,0.0,0.0
49399,Thailand,2020-10-17,59,Deaths,0.0,0.0
49400,Thailand,2020-10-18,59,Deaths,0.0,0.0
49401,Thailand,2020-10-19,59,Deaths,0.0,0.0
49402,Thailand,2020-10-20,59,Deaths,0.0,0.0
49403,Thailand,2020-10-21,59,Deaths,0.0,0.0
49404,Thailand,2020-10-22,59,Deaths,0.0,0.0
49405,Thailand,2020-10-23,59,Deaths,0.0,0.0
49406,Thailand,2020-10-24,59,Deaths,0.0,0.0
49407,Thailand,2020-10-25,59,Deaths,0.0,0.0
49408,Thailand,2020-10-26,59,Deaths,0.0,0.0
49409,Thailand,2020-10-27,59,Deaths,0.0,0.0
49410,Thailand,2020-10-28,59,Deaths,0.0,0.0
49411,Thailand,2020-10-29,59,Deaths,0.0,0.0
49412,Thailand,2020-10-30,59,Deaths,0.0,0.0
49413,Thailand,2020-10-31,59,Deaths,0.0,0.0
49414,Thailand,2020-11-01,59,Deaths,0.0,0.0
49415,Thailand,2020-11-02,59,Deaths,0.0,0.0
49416,Thailand,2020-11-03,59,Deaths,0.0,0.0
49417,Thailand,2020-11-04,59,Deaths,0.0,0.0
49418,Thailand,2020-11-05,60,Deaths,1.0,1.0
49419,Timor-Leste,2020-01-22,0,Deaths,,
49420,Timor-Leste,2020-01-23,0,Deaths,0.0,
49421,Timor-Leste,2020-01-24,0,Deaths,0.0,
49422,Timor-Leste,2020-01-25,0,Deaths,0.0,
49423,Timor-Leste,2020-01-26,0,Deaths,0.0,
49424,Timor-Leste,2020-01-27,0,Deaths,0.0,
49425,Timor-Leste,2020-01-28,0,Deaths,0.0,
49426,Timor-Leste,2020-01-29,0,Deaths,0.0,0.0
49427,Timor-Leste,2020-01-30,0,Deaths,0.0,0.0
49428,Timor-Leste,2020-01-31,0,Deaths,0.0,0.0
49429,Timor-Leste,2020-02-01,0,Deaths,0.0,0.0
49430,Timor-Leste,2020-02-02,0,Deaths,0.0,0.0
49431,Timor-Leste,2020-02-03,0,Deaths,0.0,0.0
49432,Timor-Leste,2020-02-04,0,Deaths,0.0,0.0
49433,Timor-Leste,2020-02-05,0,Deaths,0.0,0.0
49434,Timor-Leste,2020-02-06,0,Deaths,0.0,0.0
49435,Timor-Leste,2020-02-07,0,Deaths,0.0,0.0
49436,Timor-Leste,2020-02-08,0,Deaths,0.0,0.0
49437,Timor-Leste,2020-02-09,0,Deaths,0.0,0.0
49438,Timor-Leste,2020-02-10,0,Deaths,0.0,0.0
49439,Timor-Leste,2020-02-11,0,Deaths,0.0,0.0
49440,Timor-Leste,2020-02-12,0,Deaths,0.0,0.0
49441,Timor-Leste,2020-02-13,0,Deaths,0.0,0.0
49442,Timor-Leste,2020-02-14,0,Deaths,0.0,0.0
49443,Timor-Leste,2020-02-15,0,Deaths,0.0,0.0
49444,Timor-Leste,2020-02-16,0,Deaths,0.0,0.0
49445,Timor-Leste,2020-02-17,0,Deaths,0.0,0.0
49446,Timor-Leste,2020-02-18,0,Deaths,0.0,0.0
49447,Timor-Leste,2020-02-19,0,Deaths,0.0,0.0
49448,Timor-Leste,2020-02-20,0,Deaths,0.0,0.0
49449,Timor-Leste,2020-02-21,0,Deaths,0.0,0.0
49450,Timor-Leste,2020-02-22,0,Deaths,0.0,0.0
49451,Timor-Leste,2020-02-23,0,Deaths,0.0,0.0
49452,Timor-Leste,2020-02-24,0,Deaths,0.0,0.0
49453,Timor-Leste,2020-02-25,0,Deaths,0.0,0.0
49454,Timor-Leste,2020-02-26,0,Deaths,0.0,0.0
49455,Timor-Leste,2020-02-27,0,Deaths,0.0,0.0
49456,Timor-Leste,2020-02-28,0,Deaths,0.0,0.0
49457,Timor-Leste,2020-02-29,0,Deaths,0.0,0.0
49458,Timor-Leste,2020-03-01,0,Deaths,0.0,0.0
49459,Timor-Leste,2020-03-02,0,Deaths,0.0,0.0
49460,Timor-Leste,2020-03-03,0,Deaths,0.0,0.0
49461,Timor-Leste,2020-03-04,0,Deaths,0.0,0.0
49462,Timor-Leste,2020-03-05,0,Deaths,0.0,0.0
49463,Timor-Leste,2020-03-06,0,Deaths,0.0,0.0
49464,Timor-Leste,2020-03-07,0,Deaths,0.0,0.0
49465,Timor-Leste,2020-03-08,0,Deaths,0.0,0.0
49466,Timor-Leste,2020-03-09,0,Deaths,0.0,0.0
49467,Timor-Leste,2020-03-10,0,Deaths,0.0,0.0
49468,Timor-Leste,2020-03-11,0,Deaths,0.0,0.0
49469,Timor-Leste,2020-03-12,0,Deaths,0.0,0.0
49470,Timor-Leste,2020-03-13,0,Deaths,0.0,0.0
49471,Timor-Leste,2020-03-14,0,Deaths,0.0,0.0
49472,Timor-Leste,2020-03-15,0,Deaths,0.0,0.0
49473,Timor-Leste,2020-03-16,0,Deaths,0.0,0.0
49474,Timor-Leste,2020-03-17,0,Deaths,0.0,0.0
49475,Timor-Leste,2020-03-18,0,Deaths,0.0,0.0
49476,Timor-Leste,2020-03-19,0,Deaths,0.0,0.0
49477,Timor-Leste,2020-03-20,0,Deaths,0.0,0.0
49478,Timor-Leste,2020-03-21,0,Deaths,0.0,0.0
49479,Timor-Leste,2020-03-22,0,Deaths,0.0,0.0
49480,Timor-Leste,2020-03-23,0,Deaths,0.0,0.0
49481,Timor-Leste,2020-03-24,0,Deaths,0.0,0.0
49482,Timor-Leste,2020-03-25,0,Deaths,0.0,0.0
49483,Timor-Leste,2020-03-26,0,Deaths,0.0,0.0
49484,Timor-Leste,2020-03-27,0,Deaths,0.0,0.0
49485,Timor-Leste,2020-03-28,0,Deaths,0.0,0.0
49486,Timor-Leste,2020-03-29,0,Deaths,0.0,0.0
49487,Timor-Leste,2020-03-30,0,Deaths,0.0,0.0
49488,Timor-Leste,2020-03-31,0,Deaths,0.0,0.0
49489,Timor-Leste,2020-04-01,0,Deaths,0.0,0.0
49490,Timor-Leste,2020-04-02,0,Deaths,0.0,0.0
49491,Timor-Leste,2020-04-03,0,Deaths,0.0,0.0
49492,Timor-Leste,2020-04-04,0,Deaths,0.0,0.0
49493,Timor-Leste,2020-04-05,0,Deaths,0.0,0.0
49494,Timor-Leste,2020-04-06,0,Deaths,0.0,0.0
49495,Timor-Leste,2020-04-07,0,Deaths,0.0,0.0
49496,Timor-Leste,2020-04-08,0,Deaths,0.0,0.0
49497,Timor-Leste,2020-04-09,0,Deaths,0.0,0.0
49498,Timor-Leste,2020-04-10,0,Deaths,0.0,0.0
49499,Timor-Leste,2020-04-11,0,Deaths,0.0,0.0
49500,Timor-Leste,2020-04-12,0,Deaths,0.0,0.0
49501,Timor-Leste,2020-04-13,0,Deaths,0.0,0.0
49502,Timor-Leste,2020-04-14,0,Deaths,0.0,0.0
49503,Timor-Leste,2020-04-15,0,Deaths,0.0,0.0
49504,Timor-Leste,2020-04-16,0,Deaths,0.0,0.0
49505,Timor-Leste,2020-04-17,0,Deaths,0.0,0.0
49506,Timor-Leste,2020-04-18,0,Deaths,0.0,0.0
49507,Timor-Leste,2020-04-19,0,Deaths,0.0,0.0
49508,Timor-Leste,2020-04-20,0,Deaths,0.0,0.0
49509,Timor-Leste,2020-04-21,0,Deaths,0.0,0.0
49510,Timor-Leste,2020-04-22,0,Deaths,0.0,0.0
49511,Timor-Leste,2020-04-23,0,Deaths,0.0,0.0
49512,Timor-Leste,2020-04-24,0,Deaths,0.0,0.0
49513,Timor-Leste,2020-04-25,0,Deaths,0.0,0.0
49514,Timor-Leste,2020-04-26,0,Deaths,0.0,0.0
49515,Timor-Leste,2020-04-27,0,Deaths,0.0,0.0
49516,Timor-Leste,2020-04-28,0,Deaths,0.0,0.0
49517,Timor-Leste,2020-04-29,0,Deaths,0.0,0.0
49518,Timor-Leste,2020-04-30,0,Deaths,0.0,0.0
49519,Timor-Leste,2020-05-01,0,Deaths,0.0,0.0
49520,Timor-Leste,2020-05-02,0,Deaths,0.0,0.0
49521,Timor-Leste,2020-05-03,0,Deaths,0.0,0.0
49522,Timor-Leste,2020-05-04,0,Deaths,0.0,0.0
49523,Timor-Leste,2020-05-05,0,Deaths,0.0,0.0
49524,Timor-Leste,2020-05-06,0,Deaths,0.0,0.0
49525,Timor-Leste,2020-05-07,0,Deaths,0.0,0.0
49526,Timor-Leste,2020-05-08,0,Deaths,0.0,0.0
49527,Timor-Leste,2020-05-09,0,Deaths,0.0,0.0
49528,Timor-Leste,2020-05-10,0,Deaths,0.0,0.0
49529,Timor-Leste,2020-05-11,0,Deaths,0.0,0.0
49530,Timor-Leste,2020-05-12,0,Deaths,0.0,0.0
49531,Timor-Leste,2020-05-13,0,Deaths,0.0,0.0
49532,Timor-Leste,2020-05-14,0,Deaths,0.0,0.0
49533,Timor-Leste,2020-05-15,0,Deaths,0.0,0.0
49534,Timor-Leste,2020-05-16,0,Deaths,0.0,0.0
49535,Timor-Leste,2020-05-17,0,Deaths,0.0,0.0
49536,Timor-Leste,2020-05-18,0,Deaths,0.0,0.0
49537,Timor-Leste,2020-05-19,0,Deaths,0.0,0.0
49538,Timor-Leste,2020-05-20,0,Deaths,0.0,0.0
49539,Timor-Leste,2020-05-21,0,Deaths,0.0,0.0
49540,Timor-Leste,2020-05-22,0,Deaths,0.0,0.0
49541,Timor-Leste,2020-05-23,0,Deaths,0.0,0.0
49542,Timor-Leste,2020-05-24,0,Deaths,0.0,0.0
49543,Timor-Leste,2020-05-25,0,Deaths,0.0,0.0
49544,Timor-Leste,2020-05-26,0,Deaths,0.0,0.0
49545,Timor-Leste,2020-05-27,0,Deaths,0.0,0.0
49546,Timor-Leste,2020-05-28,0,Deaths,0.0,0.0
49547,Timor-Leste,2020-05-29,0,Deaths,0.0,0.0
49548,Timor-Leste,2020-05-30,0,Deaths,0.0,0.0
49549,Timor-Leste,2020-05-31,0,Deaths,0.0,0.0
49550,Timor-Leste,2020-06-01,0,Deaths,0.0,0.0
49551,Timor-Leste,2020-06-02,0,Deaths,0.0,0.0
49552,Timor-Leste,2020-06-03,0,Deaths,0.0,0.0
49553,Timor-Leste,2020-06-04,0,Deaths,0.0,0.0
49554,Timor-Leste,2020-06-05,0,Deaths,0.0,0.0
49555,Timor-Leste,2020-06-06,0,Deaths,0.0,0.0
49556,Timor-Leste,2020-06-07,0,Deaths,0.0,0.0
49557,Timor-Leste,2020-06-08,0,Deaths,0.0,0.0
49558,Timor-Leste,2020-06-09,0,Deaths,0.0,0.0
49559,Timor-Leste,2020-06-10,0,Deaths,0.0,0.0
49560,Timor-Leste,2020-06-11,0,Deaths,0.0,0.0
49561,Timor-Leste,2020-06-12,0,Deaths,0.0,0.0
49562,Timor-Leste,2020-06-13,0,Deaths,0.0,0.0
49563,Timor-Leste,2020-06-14,0,Deaths,0.0,0.0
49564,Timor-Leste,2020-06-15,0,Deaths,0.0,0.0
49565,Timor-Leste,2020-06-16,0,Deaths,0.0,0.0
49566,Timor-Leste,2020-06-17,0,Deaths,0.0,0.0
49567,Timor-Leste,2020-06-18,0,Deaths,0.0,0.0
49568,Timor-Leste,2020-06-19,0,Deaths,0.0,0.0
49569,Timor-Leste,2020-06-20,0,Deaths,0.0,0.0
49570,Timor-Leste,2020-06-21,0,Deaths,0.0,0.0
49571,Timor-Leste,2020-06-22,0,Deaths,0.0,0.0
49572,Timor-Leste,2020-06-23,0,Deaths,0.0,0.0
49573,Timor-Leste,2020-06-24,0,Deaths,0.0,0.0
49574,Timor-Leste,2020-06-25,0,Deaths,0.0,0.0
49575,Timor-Leste,2020-06-26,0,Deaths,0.0,0.0
49576,Timor-Leste,2020-06-27,0,Deaths,0.0,0.0
49577,Timor-Leste,2020-06-28,0,Deaths,0.0,0.0
49578,Timor-Leste,2020-06-29,0,Deaths,0.0,0.0
49579,Timor-Leste,2020-06-30,0,Deaths,0.0,0.0
49580,Timor-Leste,2020-07-01,0,Deaths,0.0,0.0
49581,Timor-Leste,2020-07-02,0,Deaths,0.0,0.0
49582,Timor-Leste,2020-07-03,0,Deaths,0.0,0.0
49583,Timor-Leste,2020-07-04,0,Deaths,0.0,0.0
49584,Timor-Leste,2020-07-05,0,Deaths,0.0,0.0
49585,Timor-Leste,2020-07-06,0,Deaths,0.0,0.0
49586,Timor-Leste,2020-07-07,0,Deaths,0.0,0.0
49587,Timor-Leste,2020-07-08,0,Deaths,0.0,0.0
49588,Timor-Leste,2020-07-09,0,Deaths,0.0,0.0
49589,Timor-Leste,2020-07-10,0,Deaths,0.0,0.0
49590,Timor-Leste,2020-07-11,0,Deaths,0.0,0.0
49591,Timor-Leste,2020-07-12,0,Deaths,0.0,0.0
49592,Timor-Leste,2020-07-13,0,Deaths,0.0,0.0
49593,Timor-Leste,2020-07-14,0,Deaths,0.0,0.0
49594,Timor-Leste,2020-07-15,0,Deaths,0.0,0.0
49595,Timor-Leste,2020-07-16,0,Deaths,0.0,0.0
49596,Timor-Leste,2020-07-17,0,Deaths,0.0,0.0
49597,Timor-Leste,2020-07-18,0,Deaths,0.0,0.0
49598,Timor-Leste,2020-07-19,0,Deaths,0.0,0.0
49599,Timor-Leste,2020-07-20,0,Deaths,0.0,0.0
49600,Timor-Leste,2020-07-21,0,Deaths,0.0,0.0
49601,Timor-Leste,2020-07-22,0,Deaths,0.0,0.0
49602,Timor-Leste,2020-07-23,0,Deaths,0.0,0.0
49603,Timor-Leste,2020-07-24,0,Deaths,0.0,0.0
49604,Timor-Leste,2020-07-25,0,Deaths,0.0,0.0
49605,Timor-Leste,2020-07-26,0,Deaths,0.0,0.0
49606,Timor-Leste,2020-07-27,0,Deaths,0.0,0.0
49607,Timor-Leste,2020-07-28,0,Deaths,0.0,0.0
49608,Timor-Leste,2020-07-29,0,Deaths,0.0,0.0
49609,Timor-Leste,2020-07-30,0,Deaths,0.0,0.0
49610,Timor-Leste,2020-07-31,0,Deaths,0.0,0.0
49611,Timor-Leste,2020-08-01,0,Deaths,0.0,0.0
49612,Timor-Leste,2020-08-02,0,Deaths,0.0,0.0
49613,Timor-Leste,2020-08-03,0,Deaths,0.0,0.0
49614,Timor-Leste,2020-08-04,0,Deaths,0.0,0.0
49615,Timor-Leste,2020-08-05,0,Deaths,0.0,0.0
49616,Timor-Leste,2020-08-06,0,Deaths,0.0,0.0
49617,Timor-Leste,2020-08-07,0,Deaths,0.0,0.0
49618,Timor-Leste,2020-08-08,0,Deaths,0.0,0.0
49619,Timor-Leste,2020-08-09,0,Deaths,0.0,0.0
49620,Timor-Leste,2020-08-10,0,Deaths,0.0,0.0
49621,Timor-Leste,2020-08-11,0,Deaths,0.0,0.0
49622,Timor-Leste,2020-08-12,0,Deaths,0.0,0.0
49623,Timor-Leste,2020-08-13,0,Deaths,0.0,0.0
49624,Timor-Leste,2020-08-14,0,Deaths,0.0,0.0
49625,Timor-Leste,2020-08-15,0,Deaths,0.0,0.0
49626,Timor-Leste,2020-08-16,0,Deaths,0.0,0.0
49627,Timor-Leste,2020-08-17,0,Deaths,0.0,0.0
49628,Timor-Leste,2020-08-18,0,Deaths,0.0,0.0
49629,Timor-Leste,2020-08-19,0,Deaths,0.0,0.0
49630,Timor-Leste,2020-08-20,0,Deaths,0.0,0.0
49631,Timor-Leste,2020-08-21,0,Deaths,0.0,0.0
49632,Timor-Leste,2020-08-22,0,Deaths,0.0,0.0
49633,Timor-Leste,2020-08-23,0,Deaths,0.0,0.0
49634,Timor-Leste,2020-08-24,0,Deaths,0.0,0.0
49635,Timor-Leste,2020-08-25,0,Deaths,0.0,0.0
49636,Timor-Leste,2020-08-26,0,Deaths,0.0,0.0
49637,Timor-Leste,2020-08-27,0,Deaths,0.0,0.0
49638,Timor-Leste,2020-08-28,0,Deaths,0.0,0.0
49639,Timor-Leste,2020-08-29,0,Deaths,0.0,0.0
49640,Timor-Leste,2020-08-30,0,Deaths,0.0,0.0
49641,Timor-Leste,2020-08-31,0,Deaths,0.0,0.0
49642,Timor-Leste,2020-09-01,0,Deaths,0.0,0.0
49643,Timor-Leste,2020-09-02,0,Deaths,0.0,0.0
49644,Timor-Leste,2020-09-03,0,Deaths,0.0,0.0
49645,Timor-Leste,2020-09-04,0,Deaths,0.0,0.0
49646,Timor-Leste,2020-09-05,0,Deaths,0.0,0.0
49647,Timor-Leste,2020-09-06,0,Deaths,0.0,0.0
49648,Timor-Leste,2020-09-07,0,Deaths,0.0,0.0
49649,Timor-Leste,2020-09-08,0,Deaths,0.0,0.0
49650,Timor-Leste,2020-09-09,0,Deaths,0.0,0.0
49651,Timor-Leste,2020-09-10,0,Deaths,0.0,0.0
49652,Timor-Leste,2020-09-11,0,Deaths,0.0,0.0
49653,Timor-Leste,2020-09-12,0,Deaths,0.0,0.0
49654,Timor-Leste,2020-09-13,0,Deaths,0.0,0.0
49655,Timor-Leste,2020-09-14,0,Deaths,0.0,0.0
49656,Timor-Leste,2020-09-15,0,Deaths,0.0,0.0
49657,Timor-Leste,2020-09-16,0,Deaths,0.0,0.0
49658,Timor-Leste,2020-09-17,0,Deaths,0.0,0.0
49659,Timor-Leste,2020-09-18,0,Deaths,0.0,0.0
49660,Timor-Leste,2020-09-19,0,Deaths,0.0,0.0
49661,Timor-Leste,2020-09-20,0,Deaths,0.0,0.0
49662,Timor-Leste,2020-09-21,0,Deaths,0.0,0.0
49663,Timor-Leste,2020-09-22,0,Deaths,0.0,0.0
49664,Timor-Leste,2020-09-23,0,Deaths,0.0,0.0
49665,Timor-Leste,2020-09-24,0,Deaths,0.0,0.0
49666,Timor-Leste,2020-09-25,0,Deaths,0.0,0.0
49667,Timor-Leste,2020-09-26,0,Deaths,0.0,0.0
49668,Timor-Leste,2020-09-27,0,Deaths,0.0,0.0
49669,Timor-Leste,2020-09-28,0,Deaths,0.0,0.0
49670,Timor-Leste,2020-09-29,0,Deaths,0.0,0.0
49671,Timor-Leste,2020-09-30,0,Deaths,0.0,0.0
49672,Timor-Leste,2020-10-01,0,Deaths,0.0,0.0
49673,Timor-Leste,2020-10-02,0,Deaths,0.0,0.0
49674,Timor-Leste,2020-10-03,0,Deaths,0.0,0.0
49675,Timor-Leste,2020-10-04,0,Deaths,0.0,0.0
49676,Timor-Leste,2020-10-05,0,Deaths,0.0,0.0
49677,Timor-Leste,2020-10-06,0,Deaths,0.0,0.0
49678,Timor-Leste,2020-10-07,0,Deaths,0.0,0.0
49679,Timor-Leste,2020-10-08,0,Deaths,0.0,0.0
49680,Timor-Leste,2020-10-09,0,Deaths,0.0,0.0
49681,Timor-Leste,2020-10-10,0,Deaths,0.0,0.0
49682,Timor-Leste,2020-10-11,0,Deaths,0.0,0.0
49683,Timor-Leste,2020-10-12,0,Deaths,0.0,0.0
49684,Timor-Leste,2020-10-13,0,Deaths,0.0,0.0
49685,Timor-Leste,2020-10-14,0,Deaths,0.0,0.0
49686,Timor-Leste,2020-10-15,0,Deaths,0.0,0.0
49687,Timor-Leste,2020-10-16,0,Deaths,0.0,0.0
49688,Timor-Leste,2020-10-17,0,Deaths,0.0,0.0
49689,Timor-Leste,2020-10-18,0,Deaths,0.0,0.0
49690,Timor-Leste,2020-10-19,0,Deaths,0.0,0.0
49691,Timor-Leste,2020-10-20,0,Deaths,0.0,0.0
49692,Timor-Leste,2020-10-21,0,Deaths,0.0,0.0
49693,Timor-Leste,2020-10-22,0,Deaths,0.0,0.0
49694,Timor-Leste,2020-10-23,0,Deaths,0.0,0.0
49695,Timor-Leste,2020-10-24,0,Deaths,0.0,0.0
49696,Timor-Leste,2020-10-25,0,Deaths,0.0,0.0
49697,Timor-Leste,2020-10-26,0,Deaths,0.0,0.0
49698,Timor-Leste,2020-10-27,0,Deaths,0.0,0.0
49699,Timor-Leste,2020-10-28,0,Deaths,0.0,0.0
49700,Timor-Leste,2020-10-29,0,Deaths,0.0,0.0
49701,Timor-Leste,2020-10-30,0,Deaths,0.0,0.0
49702,Timor-Leste,2020-10-31,0,Deaths,0.0,0.0
49703,Timor-Leste,2020-11-01,0,Deaths,0.0,0.0
49704,Timor-Leste,2020-11-02,0,Deaths,0.0,0.0
49705,Timor-Leste,2020-11-03,0,Deaths,0.0,0.0
49706,Timor-Leste,2020-11-04,0,Deaths,0.0,0.0
49707,Timor-Leste,2020-11-05,0,Deaths,0.0,0.0
49708,Togo,2020-01-22,0,Deaths,,
49709,Togo,2020-01-23,0,Deaths,0.0,
49710,Togo,2020-01-24,0,Deaths,0.0,
49711,Togo,2020-01-25,0,Deaths,0.0,
49712,Togo,2020-01-26,0,Deaths,0.0,
49713,Togo,2020-01-27,0,Deaths,0.0,
49714,Togo,2020-01-28,0,Deaths,0.0,
49715,Togo,2020-01-29,0,Deaths,0.0,0.0
49716,Togo,2020-01-30,0,Deaths,0.0,0.0
49717,Togo,2020-01-31,0,Deaths,0.0,0.0
49718,Togo,2020-02-01,0,Deaths,0.0,0.0
49719,Togo,2020-02-02,0,Deaths,0.0,0.0
49720,Togo,2020-02-03,0,Deaths,0.0,0.0
49721,Togo,2020-02-04,0,Deaths,0.0,0.0
49722,Togo,2020-02-05,0,Deaths,0.0,0.0
49723,Togo,2020-02-06,0,Deaths,0.0,0.0
49724,Togo,2020-02-07,0,Deaths,0.0,0.0
49725,Togo,2020-02-08,0,Deaths,0.0,0.0
49726,Togo,2020-02-09,0,Deaths,0.0,0.0
49727,Togo,2020-02-10,0,Deaths,0.0,0.0
49728,Togo,2020-02-11,0,Deaths,0.0,0.0
49729,Togo,2020-02-12,0,Deaths,0.0,0.0
49730,Togo,2020-02-13,0,Deaths,0.0,0.0
49731,Togo,2020-02-14,0,Deaths,0.0,0.0
49732,Togo,2020-02-15,0,Deaths,0.0,0.0
49733,Togo,2020-02-16,0,Deaths,0.0,0.0
49734,Togo,2020-02-17,0,Deaths,0.0,0.0
49735,Togo,2020-02-18,0,Deaths,0.0,0.0
49736,Togo,2020-02-19,0,Deaths,0.0,0.0
49737,Togo,2020-02-20,0,Deaths,0.0,0.0
49738,Togo,2020-02-21,0,Deaths,0.0,0.0
49739,Togo,2020-02-22,0,Deaths,0.0,0.0
49740,Togo,2020-02-23,0,Deaths,0.0,0.0
49741,Togo,2020-02-24,0,Deaths,0.0,0.0
49742,Togo,2020-02-25,0,Deaths,0.0,0.0
49743,Togo,2020-02-26,0,Deaths,0.0,0.0
49744,Togo,2020-02-27,0,Deaths,0.0,0.0
49745,Togo,2020-02-28,0,Deaths,0.0,0.0
49746,Togo,2020-02-29,0,Deaths,0.0,0.0
49747,Togo,2020-03-01,0,Deaths,0.0,0.0
49748,Togo,2020-03-02,0,Deaths,0.0,0.0
49749,Togo,2020-03-03,0,Deaths,0.0,0.0
49750,Togo,2020-03-04,0,Deaths,0.0,0.0
49751,Togo,2020-03-05,0,Deaths,0.0,0.0
49752,Togo,2020-03-06,0,Deaths,0.0,0.0
49753,Togo,2020-03-07,0,Deaths,0.0,0.0
49754,Togo,2020-03-08,0,Deaths,0.0,0.0
49755,Togo,2020-03-09,0,Deaths,0.0,0.0
49756,Togo,2020-03-10,0,Deaths,0.0,0.0
49757,Togo,2020-03-11,0,Deaths,0.0,0.0
49758,Togo,2020-03-12,0,Deaths,0.0,0.0
49759,Togo,2020-03-13,0,Deaths,0.0,0.0
49760,Togo,2020-03-14,0,Deaths,0.0,0.0
49761,Togo,2020-03-15,0,Deaths,0.0,0.0
49762,Togo,2020-03-16,0,Deaths,0.0,0.0
49763,Togo,2020-03-17,0,Deaths,0.0,0.0
49764,Togo,2020-03-18,0,Deaths,0.0,0.0
49765,Togo,2020-03-19,0,Deaths,0.0,0.0
49766,Togo,2020-03-20,0,Deaths,0.0,0.0
49767,Togo,2020-03-21,0,Deaths,0.0,0.0
49768,Togo,2020-03-22,0,Deaths,0.0,0.0
49769,Togo,2020-03-23,0,Deaths,0.0,0.0
49770,Togo,2020-03-24,0,Deaths,0.0,0.0
49771,Togo,2020-03-25,0,Deaths,0.0,0.0
49772,Togo,2020-03-26,0,Deaths,0.0,0.0
49773,Togo,2020-03-27,1,Deaths,1.0,1.0
49774,Togo,2020-03-28,1,Deaths,0.0,1.0
49775,Togo,2020-03-29,1,Deaths,0.0,1.0
49776,Togo,2020-03-30,1,Deaths,0.0,1.0
49777,Togo,2020-03-31,1,Deaths,0.0,1.0
49778,Togo,2020-04-01,2,Deaths,1.0,2.0
49779,Togo,2020-04-02,2,Deaths,0.0,2.0
49780,Togo,2020-04-03,3,Deaths,1.0,2.0
49781,Togo,2020-04-04,3,Deaths,0.0,2.0
49782,Togo,2020-04-05,3,Deaths,0.0,2.0
49783,Togo,2020-04-06,3,Deaths,0.0,2.0
49784,Togo,2020-04-07,3,Deaths,0.0,2.0
49785,Togo,2020-04-08,3,Deaths,0.0,1.0
49786,Togo,2020-04-09,3,Deaths,0.0,1.0
49787,Togo,2020-04-10,3,Deaths,0.0,0.0
49788,Togo,2020-04-11,3,Deaths,0.0,0.0
49789,Togo,2020-04-12,3,Deaths,0.0,0.0
49790,Togo,2020-04-13,3,Deaths,0.0,0.0
49791,Togo,2020-04-14,3,Deaths,0.0,0.0
49792,Togo,2020-04-15,3,Deaths,0.0,0.0
49793,Togo,2020-04-16,5,Deaths,2.0,2.0
49794,Togo,2020-04-17,5,Deaths,0.0,2.0
49795,Togo,2020-04-18,5,Deaths,0.0,2.0
49796,Togo,2020-04-19,5,Deaths,0.0,2.0
49797,Togo,2020-04-20,6,Deaths,1.0,3.0
49798,Togo,2020-04-21,6,Deaths,0.0,3.0
49799,Togo,2020-04-22,6,Deaths,0.0,3.0
49800,Togo,2020-04-23,6,Deaths,0.0,1.0
49801,Togo,2020-04-24,6,Deaths,0.0,1.0
49802,Togo,2020-04-25,6,Deaths,0.0,1.0
49803,Togo,2020-04-26,6,Deaths,0.0,1.0
49804,Togo,2020-04-27,6,Deaths,0.0,0.0
49805,Togo,2020-04-28,6,Deaths,0.0,0.0
49806,Togo,2020-04-29,7,Deaths,1.0,1.0
49807,Togo,2020-04-30,9,Deaths,2.0,3.0
49808,Togo,2020-05-01,9,Deaths,0.0,3.0
49809,Togo,2020-05-02,9,Deaths,0.0,3.0
49810,Togo,2020-05-03,9,Deaths,0.0,3.0
49811,Togo,2020-05-04,9,Deaths,0.0,3.0
49812,Togo,2020-05-05,9,Deaths,0.0,3.0
49813,Togo,2020-05-06,9,Deaths,0.0,2.0
49814,Togo,2020-05-07,9,Deaths,0.0,0.0
49815,Togo,2020-05-08,10,Deaths,1.0,1.0
49816,Togo,2020-05-09,10,Deaths,0.0,1.0
49817,Togo,2020-05-10,11,Deaths,1.0,2.0
49818,Togo,2020-05-11,11,Deaths,0.0,2.0
49819,Togo,2020-05-12,11,Deaths,0.0,2.0
49820,Togo,2020-05-13,11,Deaths,0.0,2.0
49821,Togo,2020-05-14,11,Deaths,0.0,2.0
49822,Togo,2020-05-15,11,Deaths,0.0,1.0
49823,Togo,2020-05-16,11,Deaths,0.0,1.0
49824,Togo,2020-05-17,11,Deaths,0.0,0.0
49825,Togo,2020-05-18,12,Deaths,1.0,1.0
49826,Togo,2020-05-19,12,Deaths,0.0,1.0
49827,Togo,2020-05-20,12,Deaths,0.0,1.0
49828,Togo,2020-05-21,12,Deaths,0.0,1.0
49829,Togo,2020-05-22,12,Deaths,0.0,1.0
49830,Togo,2020-05-23,12,Deaths,0.0,1.0
49831,Togo,2020-05-24,12,Deaths,0.0,1.0
49832,Togo,2020-05-25,13,Deaths,1.0,1.0
49833,Togo,2020-05-26,13,Deaths,0.0,1.0
49834,Togo,2020-05-27,13,Deaths,0.0,1.0
49835,Togo,2020-05-28,13,Deaths,0.0,1.0
49836,Togo,2020-05-29,13,Deaths,0.0,1.0
49837,Togo,2020-05-30,13,Deaths,0.0,1.0
49838,Togo,2020-05-31,13,Deaths,0.0,1.0
49839,Togo,2020-06-01,13,Deaths,0.0,0.0
49840,Togo,2020-06-02,13,Deaths,0.0,0.0
49841,Togo,2020-06-03,13,Deaths,0.0,0.0
49842,Togo,2020-06-04,13,Deaths,0.0,0.0
49843,Togo,2020-06-05,13,Deaths,0.0,0.0
49844,Togo,2020-06-06,13,Deaths,0.0,0.0
49845,Togo,2020-06-07,13,Deaths,0.0,0.0
49846,Togo,2020-06-08,13,Deaths,0.0,0.0
49847,Togo,2020-06-09,13,Deaths,0.0,0.0
49848,Togo,2020-06-10,13,Deaths,0.0,0.0
49849,Togo,2020-06-11,13,Deaths,0.0,0.0
49850,Togo,2020-06-12,13,Deaths,0.0,0.0
49851,Togo,2020-06-13,13,Deaths,0.0,0.0
49852,Togo,2020-06-14,13,Deaths,0.0,0.0
49853,Togo,2020-06-15,13,Deaths,0.0,0.0
49854,Togo,2020-06-16,13,Deaths,0.0,0.0
49855,Togo,2020-06-17,13,Deaths,0.0,0.0
49856,Togo,2020-06-18,13,Deaths,0.0,0.0
49857,Togo,2020-06-19,13,Deaths,0.0,0.0
49858,Togo,2020-06-20,13,Deaths,0.0,0.0
49859,Togo,2020-06-21,13,Deaths,0.0,0.0
49860,Togo,2020-06-22,13,Deaths,0.0,0.0
49861,Togo,2020-06-23,13,Deaths,0.0,0.0
49862,Togo,2020-06-24,14,Deaths,1.0,1.0
49863,Togo,2020-06-25,14,Deaths,0.0,1.0
49864,Togo,2020-06-26,14,Deaths,0.0,1.0
49865,Togo,2020-06-27,14,Deaths,0.0,1.0
49866,Togo,2020-06-28,14,Deaths,0.0,1.0
49867,Togo,2020-06-29,14,Deaths,0.0,1.0
49868,Togo,2020-06-30,14,Deaths,0.0,1.0
49869,Togo,2020-07-01,14,Deaths,0.0,0.0
49870,Togo,2020-07-02,14,Deaths,0.0,0.0
49871,Togo,2020-07-03,14,Deaths,0.0,0.0
49872,Togo,2020-07-04,15,Deaths,1.0,1.0
49873,Togo,2020-07-05,15,Deaths,0.0,1.0
49874,Togo,2020-07-06,15,Deaths,0.0,1.0
49875,Togo,2020-07-07,15,Deaths,0.0,1.0
49876,Togo,2020-07-08,15,Deaths,0.0,1.0
49877,Togo,2020-07-09,15,Deaths,0.0,1.0
49878,Togo,2020-07-10,15,Deaths,0.0,1.0
49879,Togo,2020-07-11,15,Deaths,0.0,0.0
49880,Togo,2020-07-12,15,Deaths,0.0,0.0
49881,Togo,2020-07-13,15,Deaths,0.0,0.0
49882,Togo,2020-07-14,15,Deaths,0.0,0.0
49883,Togo,2020-07-15,15,Deaths,0.0,0.0
49884,Togo,2020-07-16,15,Deaths,0.0,0.0
49885,Togo,2020-07-17,15,Deaths,0.0,0.0
49886,Togo,2020-07-18,15,Deaths,0.0,0.0
49887,Togo,2020-07-19,15,Deaths,0.0,0.0
49888,Togo,2020-07-20,15,Deaths,0.0,0.0
49889,Togo,2020-07-21,15,Deaths,0.0,0.0
49890,Togo,2020-07-22,16,Deaths,1.0,1.0
49891,Togo,2020-07-23,16,Deaths,0.0,1.0
49892,Togo,2020-07-24,17,Deaths,1.0,2.0
49893,Togo,2020-07-25,17,Deaths,0.0,2.0
49894,Togo,2020-07-26,18,Deaths,1.0,3.0
49895,Togo,2020-07-27,18,Deaths,0.0,3.0
49896,Togo,2020-07-28,18,Deaths,0.0,3.0
49897,Togo,2020-07-29,18,Deaths,0.0,2.0
49898,Togo,2020-07-30,18,Deaths,0.0,2.0
49899,Togo,2020-07-31,19,Deaths,1.0,2.0
49900,Togo,2020-08-01,19,Deaths,0.0,2.0
49901,Togo,2020-08-02,19,Deaths,0.0,1.0
49902,Togo,2020-08-03,19,Deaths,0.0,1.0
49903,Togo,2020-08-04,19,Deaths,0.0,1.0
49904,Togo,2020-08-05,21,Deaths,2.0,3.0
49905,Togo,2020-08-06,22,Deaths,1.0,4.0
49906,Togo,2020-08-07,22,Deaths,0.0,3.0
49907,Togo,2020-08-08,23,Deaths,1.0,4.0
49908,Togo,2020-08-09,23,Deaths,0.0,4.0
49909,Togo,2020-08-10,25,Deaths,2.0,6.0
49910,Togo,2020-08-11,26,Deaths,1.0,7.0
49911,Togo,2020-08-12,26,Deaths,0.0,5.0
49912,Togo,2020-08-13,26,Deaths,0.0,4.0
49913,Togo,2020-08-14,26,Deaths,0.0,4.0
49914,Togo,2020-08-15,27,Deaths,1.0,4.0
49915,Togo,2020-08-16,27,Deaths,0.0,4.0
49916,Togo,2020-08-17,27,Deaths,0.0,2.0
49917,Togo,2020-08-18,27,Deaths,0.0,1.0
49918,Togo,2020-08-19,27,Deaths,0.0,1.0
49919,Togo,2020-08-20,27,Deaths,0.0,1.0
49920,Togo,2020-08-21,27,Deaths,0.0,1.0
49921,Togo,2020-08-22,27,Deaths,0.0,0.0
49922,Togo,2020-08-23,27,Deaths,0.0,0.0
49923,Togo,2020-08-24,27,Deaths,0.0,0.0
49924,Togo,2020-08-25,27,Deaths,0.0,0.0
49925,Togo,2020-08-26,27,Deaths,0.0,0.0
49926,Togo,2020-08-27,27,Deaths,0.0,0.0
49927,Togo,2020-08-28,27,Deaths,0.0,0.0
49928,Togo,2020-08-29,27,Deaths,0.0,0.0
49929,Togo,2020-08-30,27,Deaths,0.0,0.0
49930,Togo,2020-08-31,28,Deaths,1.0,1.0
49931,Togo,2020-09-01,28,Deaths,0.0,1.0
49932,Togo,2020-09-02,30,Deaths,2.0,3.0
49933,Togo,2020-09-03,31,Deaths,1.0,4.0
49934,Togo,2020-09-04,31,Deaths,0.0,4.0
49935,Togo,2020-09-05,32,Deaths,1.0,5.0
49936,Togo,2020-09-06,32,Deaths,0.0,5.0
49937,Togo,2020-09-07,33,Deaths,1.0,5.0
49938,Togo,2020-09-08,34,Deaths,1.0,6.0
49939,Togo,2020-09-09,36,Deaths,2.0,6.0
49940,Togo,2020-09-10,37,Deaths,1.0,6.0
49941,Togo,2020-09-11,37,Deaths,0.0,6.0
49942,Togo,2020-09-12,37,Deaths,0.0,5.0
49943,Togo,2020-09-13,37,Deaths,0.0,5.0
49944,Togo,2020-09-14,40,Deaths,3.0,7.0
49945,Togo,2020-09-15,40,Deaths,0.0,6.0
49946,Togo,2020-09-16,40,Deaths,0.0,4.0
49947,Togo,2020-09-17,41,Deaths,1.0,4.0
49948,Togo,2020-09-18,41,Deaths,0.0,4.0
49949,Togo,2020-09-19,41,Deaths,0.0,4.0
49950,Togo,2020-09-20,41,Deaths,0.0,4.0
49951,Togo,2020-09-21,41,Deaths,0.0,1.0
49952,Togo,2020-09-22,41,Deaths,0.0,1.0
49953,Togo,2020-09-23,41,Deaths,0.0,1.0
49954,Togo,2020-09-24,44,Deaths,3.0,3.0
49955,Togo,2020-09-25,44,Deaths,0.0,3.0
49956,Togo,2020-09-26,46,Deaths,2.0,5.0
49957,Togo,2020-09-27,46,Deaths,0.0,5.0
49958,Togo,2020-09-28,47,Deaths,1.0,6.0
49959,Togo,2020-09-29,48,Deaths,1.0,7.0
49960,Togo,2020-09-30,48,Deaths,0.0,7.0
49961,Togo,2020-10-01,48,Deaths,0.0,4.0
49962,Togo,2020-10-02,48,Deaths,0.0,4.0
49963,Togo,2020-10-03,48,Deaths,0.0,2.0
49964,Togo,2020-10-04,48,Deaths,0.0,2.0
49965,Togo,2020-10-05,48,Deaths,0.0,1.0
49966,Togo,2020-10-06,49,Deaths,1.0,1.0
49967,Togo,2020-10-07,49,Deaths,0.0,1.0
49968,Togo,2020-10-08,49,Deaths,0.0,1.0
49969,Togo,2020-10-09,49,Deaths,0.0,1.0
49970,Togo,2020-10-10,49,Deaths,0.0,1.0
49971,Togo,2020-10-11,49,Deaths,0.0,1.0
49972,Togo,2020-10-12,49,Deaths,0.0,1.0
49973,Togo,2020-10-13,50,Deaths,1.0,1.0
49974,Togo,2020-10-14,51,Deaths,1.0,2.0
49975,Togo,2020-10-15,51,Deaths,0.0,2.0
49976,Togo,2020-10-16,51,Deaths,0.0,2.0
49977,Togo,2020-10-17,51,Deaths,0.0,2.0
49978,Togo,2020-10-18,51,Deaths,0.0,2.0
49979,Togo,2020-10-19,51,Deaths,0.0,2.0
49980,Togo,2020-10-20,51,Deaths,0.0,1.0
49981,Togo,2020-10-21,51,Deaths,0.0,0.0
49982,Togo,2020-10-22,52,Deaths,1.0,1.0
49983,Togo,2020-10-23,52,Deaths,0.0,1.0
49984,Togo,2020-10-24,52,Deaths,0.0,1.0
49985,Togo,2020-10-25,52,Deaths,0.0,1.0
49986,Togo,2020-10-26,53,Deaths,1.0,2.0
49987,Togo,2020-10-27,54,Deaths,1.0,3.0
49988,Togo,2020-10-28,54,Deaths,0.0,3.0
49989,Togo,2020-10-29,55,Deaths,1.0,3.0
49990,Togo,2020-10-30,55,Deaths,0.0,3.0
49991,Togo,2020-10-31,57,Deaths,2.0,5.0
49992,Togo,2020-11-01,57,Deaths,0.0,5.0
49993,Togo,2020-11-02,57,Deaths,0.0,4.0
49994,Togo,2020-11-03,57,Deaths,0.0,3.0
49995,Togo,2020-11-04,57,Deaths,0.0,3.0
49996,Togo,2020-11-05,57,Deaths,0.0,2.0
49997,Trinidad and Tobago,2020-01-22,0,Deaths,,
49998,Trinidad and Tobago,2020-01-23,0,Deaths,0.0,
49999,Trinidad and Tobago,2020-01-24,0,Deaths,0.0,
50000,Trinidad and Tobago,2020-01-25,0,Deaths,0.0,
50001,Trinidad and Tobago,2020-01-26,0,Deaths,0.0,
50002,Trinidad and Tobago,2020-01-27,0,Deaths,0.0,
50003,Trinidad and Tobago,2020-01-28,0,Deaths,0.0,
50004,Trinidad and Tobago,2020-01-29,0,Deaths,0.0,0.0
50005,Trinidad and Tobago,2020-01-30,0,Deaths,0.0,0.0
50006,Trinidad and Tobago,2020-01-31,0,Deaths,0.0,0.0
50007,Trinidad and Tobago,2020-02-01,0,Deaths,0.0,0.0
50008,Trinidad and Tobago,2020-02-02,0,Deaths,0.0,0.0
50009,Trinidad and Tobago,2020-02-03,0,Deaths,0.0,0.0
50010,Trinidad and Tobago,2020-02-04,0,Deaths,0.0,0.0
50011,Trinidad and Tobago,2020-02-05,0,Deaths,0.0,0.0
50012,Trinidad and Tobago,2020-02-06,0,Deaths,0.0,0.0
50013,Trinidad and Tobago,2020-02-07,0,Deaths,0.0,0.0
50014,Trinidad and Tobago,2020-02-08,0,Deaths,0.0,0.0
50015,Trinidad and Tobago,2020-02-09,0,Deaths,0.0,0.0
50016,Trinidad and Tobago,2020-02-10,0,Deaths,0.0,0.0
50017,Trinidad and Tobago,2020-02-11,0,Deaths,0.0,0.0
50018,Trinidad and Tobago,2020-02-12,0,Deaths,0.0,0.0
50019,Trinidad and Tobago,2020-02-13,0,Deaths,0.0,0.0
50020,Trinidad and Tobago,2020-02-14,0,Deaths,0.0,0.0
50021,Trinidad and Tobago,2020-02-15,0,Deaths,0.0,0.0
50022,Trinidad and Tobago,2020-02-16,0,Deaths,0.0,0.0
50023,Trinidad and Tobago,2020-02-17,0,Deaths,0.0,0.0
50024,Trinidad and Tobago,2020-02-18,0,Deaths,0.0,0.0
50025,Trinidad and Tobago,2020-02-19,0,Deaths,0.0,0.0
50026,Trinidad and Tobago,2020-02-20,0,Deaths,0.0,0.0
50027,Trinidad and Tobago,2020-02-21,0,Deaths,0.0,0.0
50028,Trinidad and Tobago,2020-02-22,0,Deaths,0.0,0.0
50029,Trinidad and Tobago,2020-02-23,0,Deaths,0.0,0.0
50030,Trinidad and Tobago,2020-02-24,0,Deaths,0.0,0.0
50031,Trinidad and Tobago,2020-02-25,0,Deaths,0.0,0.0
50032,Trinidad and Tobago,2020-02-26,0,Deaths,0.0,0.0
50033,Trinidad and Tobago,2020-02-27,0,Deaths,0.0,0.0
50034,Trinidad and Tobago,2020-02-28,0,Deaths,0.0,0.0
50035,Trinidad and Tobago,2020-02-29,0,Deaths,0.0,0.0
50036,Trinidad and Tobago,2020-03-01,0,Deaths,0.0,0.0
50037,Trinidad and Tobago,2020-03-02,0,Deaths,0.0,0.0
50038,Trinidad and Tobago,2020-03-03,0,Deaths,0.0,0.0
50039,Trinidad and Tobago,2020-03-04,0,Deaths,0.0,0.0
50040,Trinidad and Tobago,2020-03-05,0,Deaths,0.0,0.0
50041,Trinidad and Tobago,2020-03-06,0,Deaths,0.0,0.0
50042,Trinidad and Tobago,2020-03-07,0,Deaths,0.0,0.0
50043,Trinidad and Tobago,2020-03-08,0,Deaths,0.0,0.0
50044,Trinidad and Tobago,2020-03-09,0,Deaths,0.0,0.0
50045,Trinidad and Tobago,2020-03-10,0,Deaths,0.0,0.0
50046,Trinidad and Tobago,2020-03-11,0,Deaths,0.0,0.0
50047,Trinidad and Tobago,2020-03-12,0,Deaths,0.0,0.0
50048,Trinidad and Tobago,2020-03-13,0,Deaths,0.0,0.0
50049,Trinidad and Tobago,2020-03-14,0,Deaths,0.0,0.0
50050,Trinidad and Tobago,2020-03-15,0,Deaths,0.0,0.0
50051,Trinidad and Tobago,2020-03-16,0,Deaths,0.0,0.0
50052,Trinidad and Tobago,2020-03-17,0,Deaths,0.0,0.0
50053,Trinidad and Tobago,2020-03-18,0,Deaths,0.0,0.0
50054,Trinidad and Tobago,2020-03-19,0,Deaths,0.0,0.0
50055,Trinidad and Tobago,2020-03-20,0,Deaths,0.0,0.0
50056,Trinidad and Tobago,2020-03-21,0,Deaths,0.0,0.0
50057,Trinidad and Tobago,2020-03-22,0,Deaths,0.0,0.0
50058,Trinidad and Tobago,2020-03-23,0,Deaths,0.0,0.0
50059,Trinidad and Tobago,2020-03-24,0,Deaths,0.0,0.0
50060,Trinidad and Tobago,2020-03-25,1,Deaths,1.0,1.0
50061,Trinidad and Tobago,2020-03-26,1,Deaths,0.0,1.0
50062,Trinidad and Tobago,2020-03-27,2,Deaths,1.0,2.0
50063,Trinidad and Tobago,2020-03-28,3,Deaths,1.0,3.0
50064,Trinidad and Tobago,2020-03-29,3,Deaths,0.0,3.0
50065,Trinidad and Tobago,2020-03-30,3,Deaths,0.0,3.0
50066,Trinidad and Tobago,2020-03-31,3,Deaths,0.0,3.0
50067,Trinidad and Tobago,2020-04-01,5,Deaths,2.0,4.0
50068,Trinidad and Tobago,2020-04-02,5,Deaths,0.0,4.0
50069,Trinidad and Tobago,2020-04-03,6,Deaths,1.0,4.0
50070,Trinidad and Tobago,2020-04-04,6,Deaths,0.0,3.0
50071,Trinidad and Tobago,2020-04-05,7,Deaths,1.0,4.0
50072,Trinidad and Tobago,2020-04-06,8,Deaths,1.0,5.0
50073,Trinidad and Tobago,2020-04-07,8,Deaths,0.0,5.0
50074,Trinidad and Tobago,2020-04-08,8,Deaths,0.0,3.0
50075,Trinidad and Tobago,2020-04-09,8,Deaths,0.0,3.0
50076,Trinidad and Tobago,2020-04-10,8,Deaths,0.0,2.0
50077,Trinidad and Tobago,2020-04-11,8,Deaths,0.0,2.0
50078,Trinidad and Tobago,2020-04-12,8,Deaths,0.0,1.0
50079,Trinidad and Tobago,2020-04-13,8,Deaths,0.0,0.0
50080,Trinidad and Tobago,2020-04-14,8,Deaths,0.0,0.0
50081,Trinidad and Tobago,2020-04-15,8,Deaths,0.0,0.0
50082,Trinidad and Tobago,2020-04-16,8,Deaths,0.0,0.0
50083,Trinidad and Tobago,2020-04-17,8,Deaths,0.0,0.0
50084,Trinidad and Tobago,2020-04-18,8,Deaths,0.0,0.0
50085,Trinidad and Tobago,2020-04-19,8,Deaths,0.0,0.0
50086,Trinidad and Tobago,2020-04-20,8,Deaths,0.0,0.0
50087,Trinidad and Tobago,2020-04-21,8,Deaths,0.0,0.0
50088,Trinidad and Tobago,2020-04-22,8,Deaths,0.0,0.0
50089,Trinidad and Tobago,2020-04-23,8,Deaths,0.0,0.0
50090,Trinidad and Tobago,2020-04-24,8,Deaths,0.0,0.0
50091,Trinidad and Tobago,2020-04-25,8,Deaths,0.0,0.0
50092,Trinidad and Tobago,2020-04-26,8,Deaths,0.0,0.0
50093,Trinidad and Tobago,2020-04-27,8,Deaths,0.0,0.0
50094,Trinidad and Tobago,2020-04-28,8,Deaths,0.0,0.0
50095,Trinidad and Tobago,2020-04-29,8,Deaths,0.0,0.0
50096,Trinidad and Tobago,2020-04-30,8,Deaths,0.0,0.0
50097,Trinidad and Tobago,2020-05-01,8,Deaths,0.0,0.0
50098,Trinidad and Tobago,2020-05-02,8,Deaths,0.0,0.0
50099,Trinidad and Tobago,2020-05-03,8,Deaths,0.0,0.0
50100,Trinidad and Tobago,2020-05-04,8,Deaths,0.0,0.0
50101,Trinidad and Tobago,2020-05-05,8,Deaths,0.0,0.0
50102,Trinidad and Tobago,2020-05-06,8,Deaths,0.0,0.0
50103,Trinidad and Tobago,2020-05-07,8,Deaths,0.0,0.0
50104,Trinidad and Tobago,2020-05-08,8,Deaths,0.0,0.0
50105,Trinidad and Tobago,2020-05-09,8,Deaths,0.0,0.0
50106,Trinidad and Tobago,2020-05-10,8,Deaths,0.0,0.0
50107,Trinidad and Tobago,2020-05-11,8,Deaths,0.0,0.0
50108,Trinidad and Tobago,2020-05-12,8,Deaths,0.0,0.0
50109,Trinidad and Tobago,2020-05-13,8,Deaths,0.0,0.0
50110,Trinidad and Tobago,2020-05-14,8,Deaths,0.0,0.0
50111,Trinidad and Tobago,2020-05-15,8,Deaths,0.0,0.0
50112,Trinidad and Tobago,2020-05-16,8,Deaths,0.0,0.0
50113,Trinidad and Tobago,2020-05-17,8,Deaths,0.0,0.0
50114,Trinidad and Tobago,2020-05-18,8,Deaths,0.0,0.0
50115,Trinidad and Tobago,2020-05-19,8,Deaths,0.0,0.0
50116,Trinidad and Tobago,2020-05-20,8,Deaths,0.0,0.0
50117,Trinidad and Tobago,2020-05-21,8,Deaths,0.0,0.0
50118,Trinidad and Tobago,2020-05-22,8,Deaths,0.0,0.0
50119,Trinidad and Tobago,2020-05-23,8,Deaths,0.0,0.0
50120,Trinidad and Tobago,2020-05-24,8,Deaths,0.0,0.0
50121,Trinidad and Tobago,2020-05-25,8,Deaths,0.0,0.0
50122,Trinidad and Tobago,2020-05-26,8,Deaths,0.0,0.0
50123,Trinidad and Tobago,2020-05-27,8,Deaths,0.0,0.0
50124,Trinidad and Tobago,2020-05-28,8,Deaths,0.0,0.0
50125,Trinidad and Tobago,2020-05-29,8,Deaths,0.0,0.0
50126,Trinidad and Tobago,2020-05-30,8,Deaths,0.0,0.0
50127,Trinidad and Tobago,2020-05-31,8,Deaths,0.0,0.0
50128,Trinidad and Tobago,2020-06-01,8,Deaths,0.0,0.0
50129,Trinidad and Tobago,2020-06-02,8,Deaths,0.0,0.0
50130,Trinidad and Tobago,2020-06-03,8,Deaths,0.0,0.0
50131,Trinidad and Tobago,2020-06-04,8,Deaths,0.0,0.0
50132,Trinidad and Tobago,2020-06-05,8,Deaths,0.0,0.0
50133,Trinidad and Tobago,2020-06-06,8,Deaths,0.0,0.0
50134,Trinidad and Tobago,2020-06-07,8,Deaths,0.0,0.0
50135,Trinidad and Tobago,2020-06-08,8,Deaths,0.0,0.0
50136,Trinidad and Tobago,2020-06-09,8,Deaths,0.0,0.0
50137,Trinidad and Tobago,2020-06-10,8,Deaths,0.0,0.0
50138,Trinidad and Tobago,2020-06-11,8,Deaths,0.0,0.0
50139,Trinidad and Tobago,2020-06-12,8,Deaths,0.0,0.0
50140,Trinidad and Tobago,2020-06-13,8,Deaths,0.0,0.0
50141,Trinidad and Tobago,2020-06-14,8,Deaths,0.0,0.0
50142,Trinidad and Tobago,2020-06-15,8,Deaths,0.0,0.0
50143,Trinidad and Tobago,2020-06-16,8,Deaths,0.0,0.0
50144,Trinidad and Tobago,2020-06-17,8,Deaths,0.0,0.0
50145,Trinidad and Tobago,2020-06-18,8,Deaths,0.0,0.0
50146,Trinidad and Tobago,2020-06-19,8,Deaths,0.0,0.0
50147,Trinidad and Tobago,2020-06-20,8,Deaths,0.0,0.0
50148,Trinidad and Tobago,2020-06-21,8,Deaths,0.0,0.0
50149,Trinidad and Tobago,2020-06-22,8,Deaths,0.0,0.0
50150,Trinidad and Tobago,2020-06-23,8,Deaths,0.0,0.0
50151,Trinidad and Tobago,2020-06-24,8,Deaths,0.0,0.0
50152,Trinidad and Tobago,2020-06-25,8,Deaths,0.0,0.0
50153,Trinidad and Tobago,2020-06-26,8,Deaths,0.0,0.0
50154,Trinidad and Tobago,2020-06-27,8,Deaths,0.0,0.0
50155,Trinidad and Tobago,2020-06-28,8,Deaths,0.0,0.0
50156,Trinidad and Tobago,2020-06-29,8,Deaths,0.0,0.0
50157,Trinidad and Tobago,2020-06-30,8,Deaths,0.0,0.0
50158,Trinidad and Tobago,2020-07-01,8,Deaths,0.0,0.0
50159,Trinidad and Tobago,2020-07-02,8,Deaths,0.0,0.0
50160,Trinidad and Tobago,2020-07-03,8,Deaths,0.0,0.0
50161,Trinidad and Tobago,2020-07-04,8,Deaths,0.0,0.0
50162,Trinidad and Tobago,2020-07-05,8,Deaths,0.0,0.0
50163,Trinidad and Tobago,2020-07-06,8,Deaths,0.0,0.0
50164,Trinidad and Tobago,2020-07-07,8,Deaths,0.0,0.0
50165,Trinidad and Tobago,2020-07-08,8,Deaths,0.0,0.0
50166,Trinidad and Tobago,2020-07-09,8,Deaths,0.0,0.0
50167,Trinidad and Tobago,2020-07-10,8,Deaths,0.0,0.0
50168,Trinidad and Tobago,2020-07-11,8,Deaths,0.0,0.0
50169,Trinidad and Tobago,2020-07-12,8,Deaths,0.0,0.0
50170,Trinidad and Tobago,2020-07-13,8,Deaths,0.0,0.0
50171,Trinidad and Tobago,2020-07-14,8,Deaths,0.0,0.0
50172,Trinidad and Tobago,2020-07-15,8,Deaths,0.0,0.0
50173,Trinidad and Tobago,2020-07-16,8,Deaths,0.0,0.0
50174,Trinidad and Tobago,2020-07-17,8,Deaths,0.0,0.0
50175,Trinidad and Tobago,2020-07-18,8,Deaths,0.0,0.0
50176,Trinidad and Tobago,2020-07-19,8,Deaths,0.0,0.0
50177,Trinidad and Tobago,2020-07-20,8,Deaths,0.0,0.0
50178,Trinidad and Tobago,2020-07-21,8,Deaths,0.0,0.0
50179,Trinidad and Tobago,2020-07-22,8,Deaths,0.0,0.0
50180,Trinidad and Tobago,2020-07-23,8,Deaths,0.0,0.0
50181,Trinidad and Tobago,2020-07-24,8,Deaths,0.0,0.0
50182,Trinidad and Tobago,2020-07-25,8,Deaths,0.0,0.0
50183,Trinidad and Tobago,2020-07-26,8,Deaths,0.0,0.0
50184,Trinidad and Tobago,2020-07-27,8,Deaths,0.0,0.0
50185,Trinidad and Tobago,2020-07-28,8,Deaths,0.0,0.0
50186,Trinidad and Tobago,2020-07-29,8,Deaths,0.0,0.0
50187,Trinidad and Tobago,2020-07-30,8,Deaths,0.0,0.0
50188,Trinidad and Tobago,2020-07-31,8,Deaths,0.0,0.0
50189,Trinidad and Tobago,2020-08-01,8,Deaths,0.0,0.0
50190,Trinidad and Tobago,2020-08-02,8,Deaths,0.0,0.0
50191,Trinidad and Tobago,2020-08-03,8,Deaths,0.0,0.0
50192,Trinidad and Tobago,2020-08-04,8,Deaths,0.0,0.0
50193,Trinidad and Tobago,2020-08-05,8,Deaths,0.0,0.0
50194,Trinidad and Tobago,2020-08-06,8,Deaths,0.0,0.0
50195,Trinidad and Tobago,2020-08-07,8,Deaths,0.0,0.0
50196,Trinidad and Tobago,2020-08-08,8,Deaths,0.0,0.0
50197,Trinidad and Tobago,2020-08-09,8,Deaths,0.0,0.0
50198,Trinidad and Tobago,2020-08-10,8,Deaths,0.0,0.0
50199,Trinidad and Tobago,2020-08-11,8,Deaths,0.0,0.0
50200,Trinidad and Tobago,2020-08-12,8,Deaths,0.0,0.0
50201,Trinidad and Tobago,2020-08-13,8,Deaths,0.0,0.0
50202,Trinidad and Tobago,2020-08-14,10,Deaths,2.0,2.0
50203,Trinidad and Tobago,2020-08-15,10,Deaths,0.0,2.0
50204,Trinidad and Tobago,2020-08-16,11,Deaths,1.0,3.0
50205,Trinidad and Tobago,2020-08-17,12,Deaths,1.0,4.0
50206,Trinidad and Tobago,2020-08-18,12,Deaths,0.0,4.0
50207,Trinidad and Tobago,2020-08-19,12,Deaths,0.0,4.0
50208,Trinidad and Tobago,2020-08-20,12,Deaths,0.0,4.0
50209,Trinidad and Tobago,2020-08-21,12,Deaths,0.0,2.0
50210,Trinidad and Tobago,2020-08-22,13,Deaths,1.0,3.0
50211,Trinidad and Tobago,2020-08-23,14,Deaths,1.0,3.0
50212,Trinidad and Tobago,2020-08-24,15,Deaths,1.0,3.0
50213,Trinidad and Tobago,2020-08-25,15,Deaths,0.0,3.0
50214,Trinidad and Tobago,2020-08-26,15,Deaths,0.0,3.0
50215,Trinidad and Tobago,2020-08-27,15,Deaths,0.0,3.0
50216,Trinidad and Tobago,2020-08-28,19,Deaths,4.0,7.0
50217,Trinidad and Tobago,2020-08-29,19,Deaths,0.0,6.0
50218,Trinidad and Tobago,2020-08-30,21,Deaths,2.0,7.0
50219,Trinidad and Tobago,2020-08-31,22,Deaths,1.0,7.0
50220,Trinidad and Tobago,2020-09-01,27,Deaths,5.0,12.0
50221,Trinidad and Tobago,2020-09-02,28,Deaths,1.0,13.0
50222,Trinidad and Tobago,2020-09-03,29,Deaths,1.0,14.0
50223,Trinidad and Tobago,2020-09-04,31,Deaths,2.0,12.0
50224,Trinidad and Tobago,2020-09-05,33,Deaths,2.0,14.0
50225,Trinidad and Tobago,2020-09-06,34,Deaths,1.0,13.0
50226,Trinidad and Tobago,2020-09-07,37,Deaths,3.0,15.0
50227,Trinidad and Tobago,2020-09-08,39,Deaths,2.0,12.0
50228,Trinidad and Tobago,2020-09-09,39,Deaths,0.0,11.0
50229,Trinidad and Tobago,2020-09-10,43,Deaths,4.0,14.0
50230,Trinidad and Tobago,2020-09-11,50,Deaths,7.0,19.0
50231,Trinidad and Tobago,2020-09-12,51,Deaths,1.0,18.0
50232,Trinidad and Tobago,2020-09-13,53,Deaths,2.0,19.0
50233,Trinidad and Tobago,2020-09-14,55,Deaths,2.0,18.0
50234,Trinidad and Tobago,2020-09-15,56,Deaths,1.0,17.0
50235,Trinidad and Tobago,2020-09-16,58,Deaths,2.0,19.0
50236,Trinidad and Tobago,2020-09-17,60,Deaths,2.0,17.0
50237,Trinidad and Tobago,2020-09-18,60,Deaths,0.0,10.0
50238,Trinidad and Tobago,2020-09-19,61,Deaths,1.0,10.0
50239,Trinidad and Tobago,2020-09-20,65,Deaths,4.0,12.0
50240,Trinidad and Tobago,2020-09-21,65,Deaths,0.0,10.0
50241,Trinidad and Tobago,2020-09-22,65,Deaths,0.0,9.0
50242,Trinidad and Tobago,2020-09-23,67,Deaths,2.0,9.0
50243,Trinidad and Tobago,2020-09-24,67,Deaths,0.0,7.0
50244,Trinidad and Tobago,2020-09-25,70,Deaths,3.0,10.0
50245,Trinidad and Tobago,2020-09-26,70,Deaths,0.0,9.0
50246,Trinidad and Tobago,2020-09-27,71,Deaths,1.0,6.0
50247,Trinidad and Tobago,2020-09-28,72,Deaths,1.0,7.0
50248,Trinidad and Tobago,2020-09-29,74,Deaths,2.0,9.0
50249,Trinidad and Tobago,2020-09-30,76,Deaths,2.0,9.0
50250,Trinidad and Tobago,2020-10-01,76,Deaths,0.0,9.0
50251,Trinidad and Tobago,2020-10-02,76,Deaths,0.0,6.0
50252,Trinidad and Tobago,2020-10-03,79,Deaths,3.0,9.0
50253,Trinidad and Tobago,2020-10-04,81,Deaths,2.0,10.0
50254,Trinidad and Tobago,2020-10-05,82,Deaths,1.0,10.0
50255,Trinidad and Tobago,2020-10-06,83,Deaths,1.0,9.0
50256,Trinidad and Tobago,2020-10-07,84,Deaths,1.0,8.0
50257,Trinidad and Tobago,2020-10-08,86,Deaths,2.0,10.0
50258,Trinidad and Tobago,2020-10-09,89,Deaths,3.0,13.0
50259,Trinidad and Tobago,2020-10-10,90,Deaths,1.0,11.0
50260,Trinidad and Tobago,2020-10-11,90,Deaths,0.0,9.0
50261,Trinidad and Tobago,2020-10-12,92,Deaths,2.0,10.0
50262,Trinidad and Tobago,2020-10-13,93,Deaths,1.0,10.0
50263,Trinidad and Tobago,2020-10-14,93,Deaths,0.0,9.0
50264,Trinidad and Tobago,2020-10-15,93,Deaths,0.0,7.0
50265,Trinidad and Tobago,2020-10-16,95,Deaths,2.0,6.0
50266,Trinidad and Tobago,2020-10-17,95,Deaths,0.0,5.0
50267,Trinidad and Tobago,2020-10-18,96,Deaths,1.0,6.0
50268,Trinidad and Tobago,2020-10-19,97,Deaths,1.0,5.0
50269,Trinidad and Tobago,2020-10-20,98,Deaths,1.0,5.0
50270,Trinidad and Tobago,2020-10-21,101,Deaths,3.0,8.0
50271,Trinidad and Tobago,2020-10-22,103,Deaths,2.0,10.0
50272,Trinidad and Tobago,2020-10-23,104,Deaths,1.0,9.0
50273,Trinidad and Tobago,2020-10-24,105,Deaths,1.0,10.0
50274,Trinidad and Tobago,2020-10-25,105,Deaths,0.0,9.0
50275,Trinidad and Tobago,2020-10-26,106,Deaths,1.0,9.0
50276,Trinidad and Tobago,2020-10-27,106,Deaths,0.0,8.0
50277,Trinidad and Tobago,2020-10-28,107,Deaths,1.0,6.0
50278,Trinidad and Tobago,2020-10-29,107,Deaths,0.0,4.0
50279,Trinidad and Tobago,2020-10-30,107,Deaths,0.0,3.0
50280,Trinidad and Tobago,2020-10-31,108,Deaths,1.0,3.0
50281,Trinidad and Tobago,2020-11-01,109,Deaths,1.0,4.0
50282,Trinidad and Tobago,2020-11-02,109,Deaths,0.0,3.0
50283,Trinidad and Tobago,2020-11-03,110,Deaths,1.0,4.0
50284,Trinidad and Tobago,2020-11-04,110,Deaths,0.0,3.0
50285,Trinidad and Tobago,2020-11-05,111,Deaths,1.0,4.0
50286,Tunisia,2020-01-22,0,Deaths,,
50287,Tunisia,2020-01-23,0,Deaths,0.0,
50288,Tunisia,2020-01-24,0,Deaths,0.0,
50289,Tunisia,2020-01-25,0,Deaths,0.0,
50290,Tunisia,2020-01-26,0,Deaths,0.0,
50291,Tunisia,2020-01-27,0,Deaths,0.0,
50292,Tunisia,2020-01-28,0,Deaths,0.0,
50293,Tunisia,2020-01-29,0,Deaths,0.0,0.0
50294,Tunisia,2020-01-30,0,Deaths,0.0,0.0
50295,Tunisia,2020-01-31,0,Deaths,0.0,0.0
50296,Tunisia,2020-02-01,0,Deaths,0.0,0.0
50297,Tunisia,2020-02-02,0,Deaths,0.0,0.0
50298,Tunisia,2020-02-03,0,Deaths,0.0,0.0
50299,Tunisia,2020-02-04,0,Deaths,0.0,0.0
50300,Tunisia,2020-02-05,0,Deaths,0.0,0.0
50301,Tunisia,2020-02-06,0,Deaths,0.0,0.0
50302,Tunisia,2020-02-07,0,Deaths,0.0,0.0
50303,Tunisia,2020-02-08,0,Deaths,0.0,0.0
50304,Tunisia,2020-02-09,0,Deaths,0.0,0.0
50305,Tunisia,2020-02-10,0,Deaths,0.0,0.0
50306,Tunisia,2020-02-11,0,Deaths,0.0,0.0
50307,Tunisia,2020-02-12,0,Deaths,0.0,0.0
50308,Tunisia,2020-02-13,0,Deaths,0.0,0.0
50309,Tunisia,2020-02-14,0,Deaths,0.0,0.0
50310,Tunisia,2020-02-15,0,Deaths,0.0,0.0
50311,Tunisia,2020-02-16,0,Deaths,0.0,0.0
50312,Tunisia,2020-02-17,0,Deaths,0.0,0.0
50313,Tunisia,2020-02-18,0,Deaths,0.0,0.0
50314,Tunisia,2020-02-19,0,Deaths,0.0,0.0
50315,Tunisia,2020-02-20,0,Deaths,0.0,0.0
50316,Tunisia,2020-02-21,0,Deaths,0.0,0.0
50317,Tunisia,2020-02-22,0,Deaths,0.0,0.0
50318,Tunisia,2020-02-23,0,Deaths,0.0,0.0
50319,Tunisia,2020-02-24,0,Deaths,0.0,0.0
50320,Tunisia,2020-02-25,0,Deaths,0.0,0.0
50321,Tunisia,2020-02-26,0,Deaths,0.0,0.0
50322,Tunisia,2020-02-27,0,Deaths,0.0,0.0
50323,Tunisia,2020-02-28,0,Deaths,0.0,0.0
50324,Tunisia,2020-02-29,0,Deaths,0.0,0.0
50325,Tunisia,2020-03-01,0,Deaths,0.0,0.0
50326,Tunisia,2020-03-02,0,Deaths,0.0,0.0
50327,Tunisia,2020-03-03,0,Deaths,0.0,0.0
50328,Tunisia,2020-03-04,0,Deaths,0.0,0.0
50329,Tunisia,2020-03-05,0,Deaths,0.0,0.0
50330,Tunisia,2020-03-06,0,Deaths,0.0,0.0
50331,Tunisia,2020-03-07,0,Deaths,0.0,0.0
50332,Tunisia,2020-03-08,0,Deaths,0.0,0.0
50333,Tunisia,2020-03-09,0,Deaths,0.0,0.0
50334,Tunisia,2020-03-10,0,Deaths,0.0,0.0
50335,Tunisia,2020-03-11,0,Deaths,0.0,0.0
50336,Tunisia,2020-03-12,0,Deaths,0.0,0.0
50337,Tunisia,2020-03-13,0,Deaths,0.0,0.0
50338,Tunisia,2020-03-14,0,Deaths,0.0,0.0
50339,Tunisia,2020-03-15,0,Deaths,0.0,0.0
50340,Tunisia,2020-03-16,0,Deaths,0.0,0.0
50341,Tunisia,2020-03-17,0,Deaths,0.0,0.0
50342,Tunisia,2020-03-18,0,Deaths,0.0,0.0
50343,Tunisia,2020-03-19,1,Deaths,1.0,1.0
50344,Tunisia,2020-03-20,1,Deaths,0.0,1.0
50345,Tunisia,2020-03-21,1,Deaths,0.0,1.0
50346,Tunisia,2020-03-22,3,Deaths,2.0,3.0
50347,Tunisia,2020-03-23,3,Deaths,0.0,3.0
50348,Tunisia,2020-03-24,4,Deaths,1.0,4.0
50349,Tunisia,2020-03-25,5,Deaths,1.0,5.0
50350,Tunisia,2020-03-26,6,Deaths,1.0,5.0
50351,Tunisia,2020-03-27,6,Deaths,0.0,5.0
50352,Tunisia,2020-03-28,8,Deaths,2.0,7.0
50353,Tunisia,2020-03-29,8,Deaths,0.0,5.0
50354,Tunisia,2020-03-30,8,Deaths,0.0,5.0
50355,Tunisia,2020-03-31,10,Deaths,2.0,6.0
50356,Tunisia,2020-04-01,12,Deaths,2.0,7.0
50357,Tunisia,2020-04-02,14,Deaths,2.0,8.0
50358,Tunisia,2020-04-03,18,Deaths,4.0,12.0
50359,Tunisia,2020-04-04,18,Deaths,0.0,10.0
50360,Tunisia,2020-04-05,22,Deaths,4.0,14.0
50361,Tunisia,2020-04-06,22,Deaths,0.0,14.0
50362,Tunisia,2020-04-07,23,Deaths,1.0,13.0
50363,Tunisia,2020-04-08,24,Deaths,1.0,12.0
50364,Tunisia,2020-04-09,25,Deaths,1.0,11.0
50365,Tunisia,2020-04-10,25,Deaths,0.0,7.0
50366,Tunisia,2020-04-11,28,Deaths,3.0,10.0
50367,Tunisia,2020-04-12,31,Deaths,3.0,9.0
50368,Tunisia,2020-04-13,34,Deaths,3.0,12.0
50369,Tunisia,2020-04-14,34,Deaths,0.0,11.0
50370,Tunisia,2020-04-15,35,Deaths,1.0,11.0
50371,Tunisia,2020-04-16,37,Deaths,2.0,12.0
50372,Tunisia,2020-04-17,37,Deaths,0.0,12.0
50373,Tunisia,2020-04-18,37,Deaths,0.0,9.0
50374,Tunisia,2020-04-19,38,Deaths,1.0,7.0
50375,Tunisia,2020-04-20,38,Deaths,0.0,4.0
50376,Tunisia,2020-04-21,38,Deaths,0.0,4.0
50377,Tunisia,2020-04-22,38,Deaths,0.0,3.0
50378,Tunisia,2020-04-23,38,Deaths,0.0,1.0
50379,Tunisia,2020-04-24,38,Deaths,0.0,1.0
50380,Tunisia,2020-04-25,38,Deaths,0.0,1.0
50381,Tunisia,2020-04-26,38,Deaths,0.0,0.0
50382,Tunisia,2020-04-27,39,Deaths,1.0,1.0
50383,Tunisia,2020-04-28,40,Deaths,1.0,2.0
50384,Tunisia,2020-04-29,40,Deaths,0.0,2.0
50385,Tunisia,2020-04-30,41,Deaths,1.0,3.0
50386,Tunisia,2020-05-01,41,Deaths,0.0,3.0
50387,Tunisia,2020-05-02,42,Deaths,1.0,4.0
50388,Tunisia,2020-05-03,42,Deaths,0.0,4.0
50389,Tunisia,2020-05-04,43,Deaths,1.0,4.0
50390,Tunisia,2020-05-05,43,Deaths,0.0,3.0
50391,Tunisia,2020-05-06,43,Deaths,0.0,3.0
50392,Tunisia,2020-05-07,44,Deaths,1.0,3.0
50393,Tunisia,2020-05-08,45,Deaths,1.0,4.0
50394,Tunisia,2020-05-09,45,Deaths,0.0,3.0
50395,Tunisia,2020-05-10,45,Deaths,0.0,3.0
50396,Tunisia,2020-05-11,45,Deaths,0.0,2.0
50397,Tunisia,2020-05-12,45,Deaths,0.0,2.0
50398,Tunisia,2020-05-13,45,Deaths,0.0,2.0
50399,Tunisia,2020-05-14,45,Deaths,0.0,1.0
50400,Tunisia,2020-05-15,45,Deaths,0.0,0.0
50401,Tunisia,2020-05-16,45,Deaths,0.0,0.0
50402,Tunisia,2020-05-17,45,Deaths,0.0,0.0
50403,Tunisia,2020-05-18,46,Deaths,1.0,1.0
50404,Tunisia,2020-05-19,47,Deaths,1.0,2.0
50405,Tunisia,2020-05-20,47,Deaths,0.0,2.0
50406,Tunisia,2020-05-21,47,Deaths,0.0,2.0
50407,Tunisia,2020-05-22,47,Deaths,0.0,2.0
50408,Tunisia,2020-05-23,48,Deaths,1.0,3.0
50409,Tunisia,2020-05-24,48,Deaths,0.0,3.0
50410,Tunisia,2020-05-25,48,Deaths,0.0,2.0
50411,Tunisia,2020-05-26,48,Deaths,0.0,1.0
50412,Tunisia,2020-05-27,48,Deaths,0.0,1.0
50413,Tunisia,2020-05-28,48,Deaths,0.0,1.0
50414,Tunisia,2020-05-29,48,Deaths,0.0,1.0
50415,Tunisia,2020-05-30,48,Deaths,0.0,0.0
50416,Tunisia,2020-05-31,48,Deaths,0.0,0.0
50417,Tunisia,2020-06-01,48,Deaths,0.0,0.0
50418,Tunisia,2020-06-02,48,Deaths,0.0,0.0
50419,Tunisia,2020-06-03,49,Deaths,1.0,1.0
50420,Tunisia,2020-06-04,49,Deaths,0.0,1.0
50421,Tunisia,2020-06-05,49,Deaths,0.0,1.0
50422,Tunisia,2020-06-06,49,Deaths,0.0,1.0
50423,Tunisia,2020-06-07,49,Deaths,0.0,1.0
50424,Tunisia,2020-06-08,49,Deaths,0.0,1.0
50425,Tunisia,2020-06-09,49,Deaths,0.0,1.0
50426,Tunisia,2020-06-10,49,Deaths,0.0,0.0
50427,Tunisia,2020-06-11,49,Deaths,0.0,0.0
50428,Tunisia,2020-06-12,49,Deaths,0.0,0.0
50429,Tunisia,2020-06-13,49,Deaths,0.0,0.0
50430,Tunisia,2020-06-14,49,Deaths,0.0,0.0
50431,Tunisia,2020-06-15,49,Deaths,0.0,0.0
50432,Tunisia,2020-06-16,49,Deaths,0.0,0.0
50433,Tunisia,2020-06-17,50,Deaths,1.0,1.0
50434,Tunisia,2020-06-18,50,Deaths,0.0,1.0
50435,Tunisia,2020-06-19,50,Deaths,0.0,1.0
50436,Tunisia,2020-06-20,50,Deaths,0.0,1.0
50437,Tunisia,2020-06-21,50,Deaths,0.0,1.0
50438,Tunisia,2020-06-22,50,Deaths,0.0,1.0
50439,Tunisia,2020-06-23,50,Deaths,0.0,1.0
50440,Tunisia,2020-06-24,50,Deaths,0.0,0.0
50441,Tunisia,2020-06-25,50,Deaths,0.0,0.0
50442,Tunisia,2020-06-26,50,Deaths,0.0,0.0
50443,Tunisia,2020-06-27,50,Deaths,0.0,0.0
50444,Tunisia,2020-06-28,50,Deaths,0.0,0.0
50445,Tunisia,2020-06-29,50,Deaths,0.0,0.0
50446,Tunisia,2020-06-30,50,Deaths,0.0,0.0
50447,Tunisia,2020-07-01,50,Deaths,0.0,0.0
50448,Tunisia,2020-07-02,50,Deaths,0.0,0.0
50449,Tunisia,2020-07-03,50,Deaths,0.0,0.0
50450,Tunisia,2020-07-04,50,Deaths,0.0,0.0
50451,Tunisia,2020-07-05,50,Deaths,0.0,0.0
50452,Tunisia,2020-07-06,50,Deaths,0.0,0.0
50453,Tunisia,2020-07-07,50,Deaths,0.0,0.0
50454,Tunisia,2020-07-08,50,Deaths,0.0,0.0
50455,Tunisia,2020-07-09,50,Deaths,0.0,0.0
50456,Tunisia,2020-07-10,50,Deaths,0.0,0.0
50457,Tunisia,2020-07-11,50,Deaths,0.0,0.0
50458,Tunisia,2020-07-12,50,Deaths,0.0,0.0
50459,Tunisia,2020-07-13,50,Deaths,0.0,0.0
50460,Tunisia,2020-07-14,50,Deaths,0.0,0.0
50461,Tunisia,2020-07-15,50,Deaths,0.0,0.0
50462,Tunisia,2020-07-16,50,Deaths,0.0,0.0
50463,Tunisia,2020-07-17,50,Deaths,0.0,0.0
50464,Tunisia,2020-07-18,50,Deaths,0.0,0.0
50465,Tunisia,2020-07-19,50,Deaths,0.0,0.0
50466,Tunisia,2020-07-20,50,Deaths,0.0,0.0
50467,Tunisia,2020-07-21,50,Deaths,0.0,0.0
50468,Tunisia,2020-07-22,50,Deaths,0.0,0.0
50469,Tunisia,2020-07-23,50,Deaths,0.0,0.0
50470,Tunisia,2020-07-24,50,Deaths,0.0,0.0
50471,Tunisia,2020-07-25,50,Deaths,0.0,0.0
50472,Tunisia,2020-07-26,50,Deaths,0.0,0.0
50473,Tunisia,2020-07-27,50,Deaths,0.0,0.0
50474,Tunisia,2020-07-28,50,Deaths,0.0,0.0
50475,Tunisia,2020-07-29,50,Deaths,0.0,0.0
50476,Tunisia,2020-07-30,50,Deaths,0.0,0.0
50477,Tunisia,2020-07-31,50,Deaths,0.0,0.0
50478,Tunisia,2020-08-01,51,Deaths,1.0,1.0
50479,Tunisia,2020-08-02,51,Deaths,0.0,1.0
50480,Tunisia,2020-08-03,51,Deaths,0.0,1.0
50481,Tunisia,2020-08-04,51,Deaths,0.0,1.0
50482,Tunisia,2020-08-05,51,Deaths,0.0,1.0
50483,Tunisia,2020-08-06,51,Deaths,0.0,1.0
50484,Tunisia,2020-08-07,51,Deaths,0.0,1.0
50485,Tunisia,2020-08-08,51,Deaths,0.0,0.0
50486,Tunisia,2020-08-09,51,Deaths,0.0,0.0
50487,Tunisia,2020-08-10,51,Deaths,0.0,0.0
50488,Tunisia,2020-08-11,52,Deaths,1.0,1.0
50489,Tunisia,2020-08-12,52,Deaths,0.0,1.0
50490,Tunisia,2020-08-13,53,Deaths,1.0,2.0
50491,Tunisia,2020-08-14,53,Deaths,0.0,2.0
50492,Tunisia,2020-08-15,54,Deaths,1.0,3.0
50493,Tunisia,2020-08-16,54,Deaths,0.0,3.0
50494,Tunisia,2020-08-17,56,Deaths,2.0,5.0
50495,Tunisia,2020-08-18,57,Deaths,1.0,5.0
50496,Tunisia,2020-08-19,60,Deaths,3.0,8.0
50497,Tunisia,2020-08-20,63,Deaths,3.0,10.0
50498,Tunisia,2020-08-21,64,Deaths,1.0,11.0
50499,Tunisia,2020-08-22,68,Deaths,4.0,14.0
50500,Tunisia,2020-08-23,71,Deaths,3.0,17.0
50501,Tunisia,2020-08-24,71,Deaths,0.0,15.0
50502,Tunisia,2020-08-25,71,Deaths,0.0,14.0
50503,Tunisia,2020-08-26,71,Deaths,0.0,11.0
50504,Tunisia,2020-08-27,73,Deaths,2.0,10.0
50505,Tunisia,2020-08-28,74,Deaths,1.0,10.0
50506,Tunisia,2020-08-29,76,Deaths,2.0,8.0
50507,Tunisia,2020-08-30,76,Deaths,0.0,5.0
50508,Tunisia,2020-08-31,77,Deaths,1.0,6.0
50509,Tunisia,2020-09-01,80,Deaths,3.0,9.0
50510,Tunisia,2020-09-02,81,Deaths,1.0,10.0
50511,Tunisia,2020-09-03,84,Deaths,3.0,11.0
50512,Tunisia,2020-09-04,87,Deaths,3.0,13.0
50513,Tunisia,2020-09-05,93,Deaths,6.0,17.0
50514,Tunisia,2020-09-06,93,Deaths,0.0,17.0
50515,Tunisia,2020-09-07,94,Deaths,1.0,17.0
50516,Tunisia,2020-09-08,96,Deaths,2.0,16.0
50517,Tunisia,2020-09-09,96,Deaths,0.0,15.0
50518,Tunisia,2020-09-10,99,Deaths,3.0,15.0
50519,Tunisia,2020-09-11,103,Deaths,4.0,16.0
50520,Tunisia,2020-09-12,107,Deaths,4.0,14.0
50521,Tunisia,2020-09-13,107,Deaths,0.0,14.0
50522,Tunisia,2020-09-14,117,Deaths,10.0,23.0
50523,Tunisia,2020-09-15,123,Deaths,6.0,27.0
50524,Tunisia,2020-09-16,129,Deaths,6.0,33.0
50525,Tunisia,2020-09-17,133,Deaths,4.0,34.0
50526,Tunisia,2020-09-18,133,Deaths,0.0,30.0
50527,Tunisia,2020-09-19,138,Deaths,5.0,31.0
50528,Tunisia,2020-09-20,159,Deaths,21.0,52.0
50529,Tunisia,2020-09-21,164,Deaths,5.0,47.0
50530,Tunisia,2020-09-22,164,Deaths,0.0,41.0
50531,Tunisia,2020-09-23,174,Deaths,10.0,45.0
50532,Tunisia,2020-09-24,180,Deaths,6.0,47.0
50533,Tunisia,2020-09-25,191,Deaths,11.0,58.0
50534,Tunisia,2020-09-26,191,Deaths,0.0,53.0
50535,Tunisia,2020-09-27,214,Deaths,23.0,55.0
50536,Tunisia,2020-09-28,214,Deaths,0.0,50.0
50537,Tunisia,2020-09-29,246,Deaths,32.0,82.0
50538,Tunisia,2020-09-30,265,Deaths,19.0,91.0
50539,Tunisia,2020-10-01,265,Deaths,0.0,85.0
50540,Tunisia,2020-10-02,271,Deaths,6.0,80.0
50541,Tunisia,2020-10-03,276,Deaths,5.0,85.0
50542,Tunisia,2020-10-04,321,Deaths,45.0,107.0
50543,Tunisia,2020-10-05,321,Deaths,0.0,107.0
50544,Tunisia,2020-10-06,321,Deaths,0.0,75.0
50545,Tunisia,2020-10-07,364,Deaths,43.0,99.0
50546,Tunisia,2020-10-08,409,Deaths,45.0,144.0
50547,Tunisia,2020-10-09,409,Deaths,0.0,138.0
50548,Tunisia,2020-10-10,456,Deaths,47.0,180.0
50549,Tunisia,2020-10-11,478,Deaths,22.0,157.0
50550,Tunisia,2020-10-12,478,Deaths,0.0,157.0
50551,Tunisia,2020-10-13,478,Deaths,0.0,157.0
50552,Tunisia,2020-10-14,512,Deaths,34.0,148.0
50553,Tunisia,2020-10-15,512,Deaths,0.0,103.0
50554,Tunisia,2020-10-16,512,Deaths,0.0,103.0
50555,Tunisia,2020-10-17,626,Deaths,114.0,170.0
50556,Tunisia,2020-10-18,626,Deaths,0.0,148.0
50557,Tunisia,2020-10-19,687,Deaths,61.0,209.0
50558,Tunisia,2020-10-20,711,Deaths,24.0,233.0
50559,Tunisia,2020-10-21,740,Deaths,29.0,228.0
50560,Tunisia,2020-10-22,740,Deaths,0.0,228.0
50561,Tunisia,2020-10-23,784,Deaths,44.0,272.0
50562,Tunisia,2020-10-24,819,Deaths,35.0,193.0
50563,Tunisia,2020-10-25,819,Deaths,0.0,193.0
50564,Tunisia,2020-10-26,983,Deaths,164.0,296.0
50565,Tunisia,2020-10-27,983,Deaths,0.0,272.0
50566,Tunisia,2020-10-28,1153,Deaths,170.0,413.0
50567,Tunisia,2020-10-29,1153,Deaths,0.0,413.0
50568,Tunisia,2020-10-30,1253,Deaths,100.0,469.0
50569,Tunisia,2020-10-31,1317,Deaths,64.0,498.0
50570,Tunisia,2020-11-01,1348,Deaths,31.0,529.0
50571,Tunisia,2020-11-02,1381,Deaths,33.0,398.0
50572,Tunisia,2020-11-03,1483,Deaths,102.0,500.0
50573,Tunisia,2020-11-04,1512,Deaths,29.0,359.0
50574,Tunisia,2020-11-05,1577,Deaths,65.0,424.0
50575,Turkey,2020-01-22,0,Deaths,,
50576,Turkey,2020-01-23,0,Deaths,0.0,
50577,Turkey,2020-01-24,0,Deaths,0.0,
50578,Turkey,2020-01-25,0,Deaths,0.0,
50579,Turkey,2020-01-26,0,Deaths,0.0,
50580,Turkey,2020-01-27,0,Deaths,0.0,
50581,Turkey,2020-01-28,0,Deaths,0.0,
50582,Turkey,2020-01-29,0,Deaths,0.0,0.0
50583,Turkey,2020-01-30,0,Deaths,0.0,0.0
50584,Turkey,2020-01-31,0,Deaths,0.0,0.0
50585,Turkey,2020-02-01,0,Deaths,0.0,0.0
50586,Turkey,2020-02-02,0,Deaths,0.0,0.0
50587,Turkey,2020-02-03,0,Deaths,0.0,0.0
50588,Turkey,2020-02-04,0,Deaths,0.0,0.0
50589,Turkey,2020-02-05,0,Deaths,0.0,0.0
50590,Turkey,2020-02-06,0,Deaths,0.0,0.0
50591,Turkey,2020-02-07,0,Deaths,0.0,0.0
50592,Turkey,2020-02-08,0,Deaths,0.0,0.0
50593,Turkey,2020-02-09,0,Deaths,0.0,0.0
50594,Turkey,2020-02-10,0,Deaths,0.0,0.0
50595,Turkey,2020-02-11,0,Deaths,0.0,0.0
50596,Turkey,2020-02-12,0,Deaths,0.0,0.0
50597,Turkey,2020-02-13,0,Deaths,0.0,0.0
50598,Turkey,2020-02-14,0,Deaths,0.0,0.0
50599,Turkey,2020-02-15,0,Deaths,0.0,0.0
50600,Turkey,2020-02-16,0,Deaths,0.0,0.0
50601,Turkey,2020-02-17,0,Deaths,0.0,0.0
50602,Turkey,2020-02-18,0,Deaths,0.0,0.0
50603,Turkey,2020-02-19,0,Deaths,0.0,0.0
50604,Turkey,2020-02-20,0,Deaths,0.0,0.0
50605,Turkey,2020-02-21,0,Deaths,0.0,0.0
50606,Turkey,2020-02-22,0,Deaths,0.0,0.0
50607,Turkey,2020-02-23,0,Deaths,0.0,0.0
50608,Turkey,2020-02-24,0,Deaths,0.0,0.0
50609,Turkey,2020-02-25,0,Deaths,0.0,0.0
50610,Turkey,2020-02-26,0,Deaths,0.0,0.0
50611,Turkey,2020-02-27,0,Deaths,0.0,0.0
50612,Turkey,2020-02-28,0,Deaths,0.0,0.0
50613,Turkey,2020-02-29,0,Deaths,0.0,0.0
50614,Turkey,2020-03-01,0,Deaths,0.0,0.0
50615,Turkey,2020-03-02,0,Deaths,0.0,0.0
50616,Turkey,2020-03-03,0,Deaths,0.0,0.0
50617,Turkey,2020-03-04,0,Deaths,0.0,0.0
50618,Turkey,2020-03-05,0,Deaths,0.0,0.0
50619,Turkey,2020-03-06,0,Deaths,0.0,0.0
50620,Turkey,2020-03-07,0,Deaths,0.0,0.0
50621,Turkey,2020-03-08,0,Deaths,0.0,0.0
50622,Turkey,2020-03-09,0,Deaths,0.0,0.0
50623,Turkey,2020-03-10,0,Deaths,0.0,0.0
50624,Turkey,2020-03-11,0,Deaths,0.0,0.0
50625,Turkey,2020-03-12,0,Deaths,0.0,0.0
50626,Turkey,2020-03-13,0,Deaths,0.0,0.0
50627,Turkey,2020-03-14,0,Deaths,0.0,0.0
50628,Turkey,2020-03-15,0,Deaths,0.0,0.0
50629,Turkey,2020-03-16,0,Deaths,0.0,0.0
50630,Turkey,2020-03-17,1,Deaths,1.0,1.0
50631,Turkey,2020-03-18,1,Deaths,0.0,1.0
50632,Turkey,2020-03-19,3,Deaths,2.0,3.0
50633,Turkey,2020-03-20,4,Deaths,1.0,4.0
50634,Turkey,2020-03-21,9,Deaths,5.0,9.0
50635,Turkey,2020-03-22,30,Deaths,21.0,30.0
50636,Turkey,2020-03-23,37,Deaths,7.0,37.0
50637,Turkey,2020-03-24,44,Deaths,7.0,43.0
50638,Turkey,2020-03-25,59,Deaths,15.0,58.0
50639,Turkey,2020-03-26,75,Deaths,16.0,72.0
50640,Turkey,2020-03-27,92,Deaths,17.0,88.0
50641,Turkey,2020-03-28,108,Deaths,16.0,99.0
50642,Turkey,2020-03-29,131,Deaths,23.0,101.0
50643,Turkey,2020-03-30,168,Deaths,37.0,131.0
50644,Turkey,2020-03-31,214,Deaths,46.0,170.0
50645,Turkey,2020-04-01,277,Deaths,63.0,218.0
50646,Turkey,2020-04-02,356,Deaths,79.0,281.0
50647,Turkey,2020-04-03,425,Deaths,69.0,333.0
50648,Turkey,2020-04-04,501,Deaths,76.0,393.0
50649,Turkey,2020-04-05,574,Deaths,73.0,443.0
50650,Turkey,2020-04-06,649,Deaths,75.0,481.0
50651,Turkey,2020-04-07,725,Deaths,76.0,511.0
50652,Turkey,2020-04-08,812,Deaths,87.0,535.0
50653,Turkey,2020-04-09,908,Deaths,96.0,552.0
50654,Turkey,2020-04-10,1006,Deaths,98.0,581.0
50655,Turkey,2020-04-11,1101,Deaths,95.0,600.0
50656,Turkey,2020-04-12,1198,Deaths,97.0,624.0
50657,Turkey,2020-04-13,1296,Deaths,98.0,647.0
50658,Turkey,2020-04-14,1403,Deaths,107.0,678.0
50659,Turkey,2020-04-15,1518,Deaths,115.0,706.0
50660,Turkey,2020-04-16,1643,Deaths,125.0,735.0
50661,Turkey,2020-04-17,1769,Deaths,126.0,763.0
50662,Turkey,2020-04-18,1890,Deaths,121.0,789.0
50663,Turkey,2020-04-19,2017,Deaths,127.0,819.0
50664,Turkey,2020-04-20,2140,Deaths,123.0,844.0
50665,Turkey,2020-04-21,2259,Deaths,119.0,856.0
50666,Turkey,2020-04-22,2376,Deaths,117.0,858.0
50667,Turkey,2020-04-23,2491,Deaths,115.0,848.0
50668,Turkey,2020-04-24,2600,Deaths,109.0,831.0
50669,Turkey,2020-04-25,2706,Deaths,106.0,816.0
50670,Turkey,2020-04-26,2805,Deaths,99.0,788.0
50671,Turkey,2020-04-27,2900,Deaths,95.0,760.0
50672,Turkey,2020-04-28,2992,Deaths,92.0,733.0
50673,Turkey,2020-04-29,3081,Deaths,89.0,705.0
50674,Turkey,2020-04-30,3174,Deaths,93.0,683.0
50675,Turkey,2020-05-01,3258,Deaths,84.0,658.0
50676,Turkey,2020-05-02,3336,Deaths,78.0,630.0
50677,Turkey,2020-05-03,3397,Deaths,61.0,592.0
50678,Turkey,2020-05-04,3461,Deaths,64.0,561.0
50679,Turkey,2020-05-05,3520,Deaths,59.0,528.0
50680,Turkey,2020-05-06,3584,Deaths,64.0,503.0
50681,Turkey,2020-05-07,3641,Deaths,57.0,467.0
50682,Turkey,2020-05-08,3689,Deaths,48.0,431.0
50683,Turkey,2020-05-09,3739,Deaths,50.0,403.0
50684,Turkey,2020-05-10,3786,Deaths,47.0,389.0
50685,Turkey,2020-05-11,3841,Deaths,55.0,380.0
50686,Turkey,2020-05-12,3894,Deaths,53.0,374.0
50687,Turkey,2020-05-13,3952,Deaths,58.0,368.0
50688,Turkey,2020-05-14,4007,Deaths,55.0,366.0
50689,Turkey,2020-05-15,4055,Deaths,48.0,366.0
50690,Turkey,2020-05-16,4096,Deaths,41.0,357.0
50691,Turkey,2020-05-17,4140,Deaths,44.0,354.0
50692,Turkey,2020-05-18,4171,Deaths,31.0,330.0
50693,Turkey,2020-05-19,4199,Deaths,28.0,305.0
50694,Turkey,2020-05-20,4222,Deaths,23.0,270.0
50695,Turkey,2020-05-21,4249,Deaths,27.0,242.0
50696,Turkey,2020-05-22,4276,Deaths,27.0,221.0
50697,Turkey,2020-05-23,4308,Deaths,32.0,212.0
50698,Turkey,2020-05-24,4340,Deaths,32.0,200.0
50699,Turkey,2020-05-25,4369,Deaths,29.0,198.0
50700,Turkey,2020-05-26,4397,Deaths,28.0,198.0
50701,Turkey,2020-05-27,4431,Deaths,34.0,209.0
50702,Turkey,2020-05-28,4461,Deaths,30.0,212.0
50703,Turkey,2020-05-29,4489,Deaths,28.0,213.0
50704,Turkey,2020-05-30,4515,Deaths,26.0,207.0
50705,Turkey,2020-05-31,4540,Deaths,25.0,200.0
50706,Turkey,2020-06-01,4563,Deaths,23.0,194.0
50707,Turkey,2020-06-02,4585,Deaths,22.0,188.0
50708,Turkey,2020-06-03,4609,Deaths,24.0,178.0
50709,Turkey,2020-06-04,4630,Deaths,21.0,169.0
50710,Turkey,2020-06-05,4648,Deaths,18.0,159.0
50711,Turkey,2020-06-06,4669,Deaths,21.0,154.0
50712,Turkey,2020-06-07,4692,Deaths,23.0,152.0
50713,Turkey,2020-06-08,4711,Deaths,19.0,148.0
50714,Turkey,2020-06-09,4729,Deaths,18.0,144.0
50715,Turkey,2020-06-10,4746,Deaths,17.0,137.0
50716,Turkey,2020-06-11,4763,Deaths,17.0,133.0
50717,Turkey,2020-06-12,4778,Deaths,15.0,130.0
50718,Turkey,2020-06-13,4792,Deaths,14.0,123.0
50719,Turkey,2020-06-14,4807,Deaths,15.0,115.0
50720,Turkey,2020-06-15,4825,Deaths,18.0,114.0
50721,Turkey,2020-06-16,4842,Deaths,17.0,113.0
50722,Turkey,2020-06-17,4861,Deaths,19.0,115.0
50723,Turkey,2020-06-18,4882,Deaths,21.0,119.0
50724,Turkey,2020-06-19,4905,Deaths,23.0,127.0
50725,Turkey,2020-06-20,4927,Deaths,22.0,135.0
50726,Turkey,2020-06-21,4950,Deaths,23.0,143.0
50727,Turkey,2020-06-22,4974,Deaths,24.0,149.0
50728,Turkey,2020-06-23,5001,Deaths,27.0,159.0
50729,Turkey,2020-06-24,5025,Deaths,24.0,164.0
50730,Turkey,2020-06-25,5046,Deaths,21.0,164.0
50731,Turkey,2020-06-26,5065,Deaths,19.0,160.0
50732,Turkey,2020-06-27,5082,Deaths,17.0,155.0
50733,Turkey,2020-06-28,5097,Deaths,15.0,147.0
50734,Turkey,2020-06-29,5115,Deaths,18.0,141.0
50735,Turkey,2020-06-30,5131,Deaths,16.0,130.0
50736,Turkey,2020-07-01,5150,Deaths,19.0,125.0
50737,Turkey,2020-07-02,5167,Deaths,17.0,121.0
50738,Turkey,2020-07-03,5186,Deaths,19.0,121.0
50739,Turkey,2020-07-04,5206,Deaths,20.0,124.0
50740,Turkey,2020-07-05,5225,Deaths,19.0,128.0
50741,Turkey,2020-07-06,5241,Deaths,16.0,126.0
50742,Turkey,2020-07-07,5260,Deaths,19.0,129.0
50743,Turkey,2020-07-08,5282,Deaths,22.0,132.0
50744,Turkey,2020-07-09,5300,Deaths,18.0,133.0
50745,Turkey,2020-07-10,5323,Deaths,23.0,137.0
50746,Turkey,2020-07-11,5344,Deaths,21.0,138.0
50747,Turkey,2020-07-12,5363,Deaths,19.0,138.0
50748,Turkey,2020-07-13,5382,Deaths,19.0,141.0
50749,Turkey,2020-07-14,5402,Deaths,20.0,142.0
50750,Turkey,2020-07-15,5419,Deaths,17.0,137.0
50751,Turkey,2020-07-16,5440,Deaths,21.0,140.0
50752,Turkey,2020-07-17,5458,Deaths,18.0,135.0
50753,Turkey,2020-07-18,5475,Deaths,17.0,131.0
50754,Turkey,2020-07-19,5491,Deaths,16.0,128.0
50755,Turkey,2020-07-20,5508,Deaths,17.0,126.0
50756,Turkey,2020-07-21,5526,Deaths,18.0,124.0
50757,Turkey,2020-07-22,5545,Deaths,19.0,126.0
50758,Turkey,2020-07-23,5563,Deaths,18.0,123.0
50759,Turkey,2020-07-24,5580,Deaths,17.0,122.0
50760,Turkey,2020-07-25,5596,Deaths,16.0,121.0
50761,Turkey,2020-07-26,5613,Deaths,17.0,122.0
50762,Turkey,2020-07-27,5630,Deaths,17.0,122.0
50763,Turkey,2020-07-28,5645,Deaths,15.0,119.0
50764,Turkey,2020-07-29,5659,Deaths,14.0,114.0
50765,Turkey,2020-07-30,5674,Deaths,15.0,111.0
50766,Turkey,2020-07-31,5691,Deaths,17.0,111.0
50767,Turkey,2020-08-01,5710,Deaths,19.0,114.0
50768,Turkey,2020-08-02,5728,Deaths,18.0,115.0
50769,Turkey,2020-08-03,5747,Deaths,19.0,117.0
50770,Turkey,2020-08-04,5765,Deaths,18.0,120.0
50771,Turkey,2020-08-05,5784,Deaths,19.0,125.0
50772,Turkey,2020-08-06,5798,Deaths,14.0,124.0
50773,Turkey,2020-08-07,5813,Deaths,15.0,122.0
50774,Turkey,2020-08-08,5829,Deaths,16.0,119.0
50775,Turkey,2020-08-09,5844,Deaths,15.0,116.0
50776,Turkey,2020-08-10,5858,Deaths,14.0,111.0
50777,Turkey,2020-08-11,5873,Deaths,15.0,108.0
50778,Turkey,2020-08-12,5891,Deaths,18.0,107.0
50779,Turkey,2020-08-13,5912,Deaths,21.0,114.0
50780,Turkey,2020-08-14,5934,Deaths,22.0,121.0
50781,Turkey,2020-08-15,5955,Deaths,21.0,126.0
50782,Turkey,2020-08-16,5974,Deaths,19.0,130.0
50783,Turkey,2020-08-17,5996,Deaths,22.0,138.0
50784,Turkey,2020-08-18,6016,Deaths,20.0,143.0
50785,Turkey,2020-08-19,6039,Deaths,23.0,148.0
50786,Turkey,2020-08-20,6058,Deaths,19.0,146.0
50787,Turkey,2020-08-21,6080,Deaths,22.0,146.0
50788,Turkey,2020-08-22,6102,Deaths,22.0,147.0
50789,Turkey,2020-08-23,6121,Deaths,19.0,147.0
50790,Turkey,2020-08-24,6139,Deaths,18.0,143.0
50791,Turkey,2020-08-25,6163,Deaths,24.0,147.0
50792,Turkey,2020-08-26,6183,Deaths,20.0,144.0
50793,Turkey,2020-08-27,6209,Deaths,26.0,151.0
50794,Turkey,2020-08-28,6245,Deaths,36.0,165.0
50795,Turkey,2020-08-29,6284,Deaths,39.0,182.0
50796,Turkey,2020-08-30,6326,Deaths,42.0,205.0
50797,Turkey,2020-08-31,6370,Deaths,44.0,231.0
50798,Turkey,2020-09-01,6417,Deaths,47.0,254.0
50799,Turkey,2020-09-02,6462,Deaths,45.0,279.0
50800,Turkey,2020-09-03,6511,Deaths,49.0,302.0
50801,Turkey,2020-09-04,6564,Deaths,53.0,319.0
50802,Turkey,2020-09-05,6620,Deaths,56.0,336.0
50803,Turkey,2020-09-06,6673,Deaths,53.0,347.0
50804,Turkey,2020-09-07,6730,Deaths,57.0,360.0
50805,Turkey,2020-09-08,6782,Deaths,52.0,365.0
50806,Turkey,2020-09-09,6837,Deaths,55.0,375.0
50807,Turkey,2020-09-10,6895,Deaths,58.0,384.0
50808,Turkey,2020-09-11,6951,Deaths,56.0,387.0
50809,Turkey,2020-09-12,6999,Deaths,48.0,379.0
50810,Turkey,2020-09-13,7056,Deaths,57.0,383.0
50811,Turkey,2020-09-14,7119,Deaths,63.0,389.0
50812,Turkey,2020-09-15,7186,Deaths,67.0,404.0
50813,Turkey,2020-09-16,7249,Deaths,63.0,412.0
50814,Turkey,2020-09-17,7315,Deaths,66.0,420.0
50815,Turkey,2020-09-18,7377,Deaths,62.0,426.0
50816,Turkey,2020-09-19,7445,Deaths,68.0,446.0
50817,Turkey,2020-09-20,7506,Deaths,61.0,450.0
50818,Turkey,2020-09-21,7574,Deaths,68.0,455.0
50819,Turkey,2020-09-22,7639,Deaths,65.0,453.0
50820,Turkey,2020-09-23,7711,Deaths,72.0,462.0
50821,Turkey,2020-09-24,7785,Deaths,74.0,470.0
50822,Turkey,2020-09-25,7858,Deaths,73.0,481.0
50823,Turkey,2020-09-26,7929,Deaths,71.0,484.0
50824,Turkey,2020-09-27,7997,Deaths,68.0,491.0
50825,Turkey,2020-09-28,8062,Deaths,65.0,488.0
50826,Turkey,2020-09-29,8130,Deaths,68.0,491.0
50827,Turkey,2020-09-30,8195,Deaths,65.0,484.0
50828,Turkey,2020-10-01,8262,Deaths,67.0,477.0
50829,Turkey,2020-10-02,8325,Deaths,63.0,467.0
50830,Turkey,2020-10-03,8384,Deaths,59.0,455.0
50831,Turkey,2020-10-04,8441,Deaths,57.0,444.0
50832,Turkey,2020-10-05,8498,Deaths,57.0,436.0
50833,Turkey,2020-10-06,8553,Deaths,55.0,423.0
50834,Turkey,2020-10-07,8609,Deaths,56.0,414.0
50835,Turkey,2020-10-08,8667,Deaths,58.0,405.0
50836,Turkey,2020-10-09,8722,Deaths,55.0,397.0
50837,Turkey,2020-10-10,8778,Deaths,56.0,394.0
50838,Turkey,2020-10-11,8837,Deaths,59.0,396.0
50839,Turkey,2020-10-12,8895,Deaths,58.0,397.0
50840,Turkey,2020-10-13,8957,Deaths,62.0,404.0
50841,Turkey,2020-10-14,9014,Deaths,57.0,405.0
50842,Turkey,2020-10-15,9080,Deaths,66.0,413.0
50843,Turkey,2020-10-16,9153,Deaths,73.0,431.0
50844,Turkey,2020-10-17,9224,Deaths,71.0,446.0
50845,Turkey,2020-10-18,9296,Deaths,72.0,459.0
50846,Turkey,2020-10-19,9371,Deaths,75.0,476.0
50847,Turkey,2020-10-20,9445,Deaths,74.0,488.0
50848,Turkey,2020-10-21,9513,Deaths,68.0,499.0
50849,Turkey,2020-10-22,9584,Deaths,71.0,504.0
50850,Turkey,2020-10-23,9658,Deaths,74.0,505.0
50851,Turkey,2020-10-24,9727,Deaths,69.0,503.0
50852,Turkey,2020-10-25,9799,Deaths,72.0,503.0
50853,Turkey,2020-10-26,9874,Deaths,75.0,503.0
50854,Turkey,2020-10-27,9950,Deaths,76.0,505.0
50855,Turkey,2020-10-28,10027,Deaths,77.0,514.0
50856,Turkey,2020-10-29,10099,Deaths,72.0,515.0
50857,Turkey,2020-10-30,10177,Deaths,78.0,519.0
50858,Turkey,2020-10-31,10252,Deaths,75.0,525.0
50859,Turkey,2020-11-01,10326,Deaths,74.0,527.0
50860,Turkey,2020-11-02,10402,Deaths,76.0,528.0
50861,Turkey,2020-11-03,10481,Deaths,79.0,531.0
50862,Turkey,2020-11-04,10558,Deaths,77.0,531.0
50863,Turkey,2020-11-05,10639,Deaths,81.0,540.0
50864,US,2020-01-22,0,Deaths,,
50865,US,2020-01-23,0,Deaths,0.0,
50866,US,2020-01-24,0,Deaths,0.0,
50867,US,2020-01-25,0,Deaths,0.0,
50868,US,2020-01-26,0,Deaths,0.0,
50869,US,2020-01-27,0,Deaths,0.0,
50870,US,2020-01-28,0,Deaths,0.0,
50871,US,2020-01-29,0,Deaths,0.0,0.0
50872,US,2020-01-30,0,Deaths,0.0,0.0
50873,US,2020-01-31,0,Deaths,0.0,0.0
50874,US,2020-02-01,0,Deaths,0.0,0.0
50875,US,2020-02-02,0,Deaths,0.0,0.0
50876,US,2020-02-03,0,Deaths,0.0,0.0
50877,US,2020-02-04,0,Deaths,0.0,0.0
50878,US,2020-02-05,0,Deaths,0.0,0.0
50879,US,2020-02-06,0,Deaths,0.0,0.0
50880,US,2020-02-07,0,Deaths,0.0,0.0
50881,US,2020-02-08,0,Deaths,0.0,0.0
50882,US,2020-02-09,0,Deaths,0.0,0.0
50883,US,2020-02-10,0,Deaths,0.0,0.0
50884,US,2020-02-11,0,Deaths,0.0,0.0
50885,US,2020-02-12,0,Deaths,0.0,0.0
50886,US,2020-02-13,0,Deaths,0.0,0.0
50887,US,2020-02-14,0,Deaths,0.0,0.0
50888,US,2020-02-15,0,Deaths,0.0,0.0
50889,US,2020-02-16,0,Deaths,0.0,0.0
50890,US,2020-02-17,0,Deaths,0.0,0.0
50891,US,2020-02-18,0,Deaths,0.0,0.0
50892,US,2020-02-19,0,Deaths,0.0,0.0
50893,US,2020-02-20,0,Deaths,0.0,0.0
50894,US,2020-02-21,0,Deaths,0.0,0.0
50895,US,2020-02-22,0,Deaths,0.0,0.0
50896,US,2020-02-23,0,Deaths,0.0,0.0
50897,US,2020-02-24,0,Deaths,0.0,0.0
50898,US,2020-02-25,0,Deaths,0.0,0.0
50899,US,2020-02-26,0,Deaths,0.0,0.0
50900,US,2020-02-27,0,Deaths,0.0,0.0
50901,US,2020-02-28,0,Deaths,0.0,0.0
50902,US,2020-02-29,1,Deaths,1.0,1.0
50903,US,2020-03-01,1,Deaths,0.0,1.0
50904,US,2020-03-02,6,Deaths,5.0,6.0
50905,US,2020-03-03,7,Deaths,1.0,7.0
50906,US,2020-03-04,11,Deaths,4.0,11.0
50907,US,2020-03-05,12,Deaths,1.0,12.0
50908,US,2020-03-06,14,Deaths,2.0,14.0
50909,US,2020-03-07,17,Deaths,3.0,16.0
50910,US,2020-03-08,21,Deaths,4.0,20.0
50911,US,2020-03-09,22,Deaths,1.0,16.0
50912,US,2020-03-10,28,Deaths,6.0,21.0
50913,US,2020-03-11,33,Deaths,5.0,22.0
50914,US,2020-03-12,43,Deaths,10.0,31.0
50915,US,2020-03-13,51,Deaths,8.0,37.0
50916,US,2020-03-14,58,Deaths,7.0,41.0
50917,US,2020-03-15,70,Deaths,12.0,49.0
50918,US,2020-03-16,97,Deaths,27.0,75.0
50919,US,2020-03-17,132,Deaths,35.0,104.0
50920,US,2020-03-18,191,Deaths,59.0,158.0
50921,US,2020-03-19,265,Deaths,74.0,222.0
50922,US,2020-03-20,364,Deaths,99.0,313.0
50923,US,2020-03-21,464,Deaths,100.0,406.0
50924,US,2020-03-22,574,Deaths,110.0,504.0
50925,US,2020-03-23,763,Deaths,189.0,666.0
50926,US,2020-03-24,1002,Deaths,239.0,870.0
50927,US,2020-03-25,1326,Deaths,324.0,1135.0
50928,US,2020-03-26,1734,Deaths,408.0,1469.0
50929,US,2020-03-27,2254,Deaths,520.0,1890.0
50930,US,2020-03-28,2886,Deaths,632.0,2422.0
50931,US,2020-03-29,3472,Deaths,586.0,2898.0
50932,US,2020-03-30,4164,Deaths,692.0,3401.0
50933,US,2020-03-31,5252,Deaths,1088.0,4250.0
50934,US,2020-04-01,6422,Deaths,1170.0,5096.0
50935,US,2020-04-02,7924,Deaths,1502.0,6190.0
50936,US,2020-04-03,9313,Deaths,1389.0,7059.0
50937,US,2020-04-04,10843,Deaths,1530.0,7957.0
50938,US,2020-04-05,12426,Deaths,1583.0,8954.0
50939,US,2020-04-06,14196,Deaths,1770.0,10032.0
50940,US,2020-04-07,16767,Deaths,2571.0,11515.0
50941,US,2020-04-08,18913,Deaths,2146.0,12491.0
50942,US,2020-04-09,21141,Deaths,2228.0,13217.0
50943,US,2020-04-10,23359,Deaths,2218.0,14046.0
50944,US,2020-04-11,25488,Deaths,2129.0,14645.0
50945,US,2020-04-12,27294,Deaths,1806.0,14868.0
50946,US,2020-04-13,29240,Deaths,1946.0,15044.0
50947,US,2020-04-14,31692,Deaths,2452.0,14925.0
50948,US,2020-04-15,34301,Deaths,2609.0,15388.0
50949,US,2020-04-16,36477,Deaths,2176.0,15336.0
50950,US,2020-04-17,38570,Deaths,2093.0,15211.0
50951,US,2020-04-18,40530,Deaths,1960.0,15042.0
50952,US,2020-04-19,42461,Deaths,1931.0,15167.0
50953,US,2020-04-20,44647,Deaths,2186.0,15407.0
50954,US,2020-04-21,47195,Deaths,2548.0,15503.0
50955,US,2020-04-22,49629,Deaths,2434.0,15328.0
50956,US,2020-04-23,52101,Deaths,2472.0,15624.0
50957,US,2020-04-24,54255,Deaths,2154.0,15685.0
50958,US,2020-04-25,55953,Deaths,1698.0,15423.0
50959,US,2020-04-26,57282,Deaths,1329.0,14821.0
50960,US,2020-04-27,58748,Deaths,1466.0,14101.0
50961,US,2020-04-28,60989,Deaths,2241.0,13794.0
50962,US,2020-04-29,63510,Deaths,2521.0,13881.0
50963,US,2020-04-30,65930,Deaths,2420.0,13829.0
50964,US,2020-05-01,67808,Deaths,1878.0,13553.0
50965,US,2020-05-02,69495,Deaths,1687.0,13542.0
50966,US,2020-05-03,70591,Deaths,1096.0,13309.0
50967,US,2020-05-04,71903,Deaths,1312.0,13155.0
50968,US,2020-05-05,74207,Deaths,2304.0,13218.0
50969,US,2020-05-06,76556,Deaths,2349.0,13046.0
50970,US,2020-05-07,78484,Deaths,1928.0,12554.0
50971,US,2020-05-08,80231,Deaths,1747.0,12423.0
50972,US,2020-05-09,81781,Deaths,1550.0,12286.0
50973,US,2020-05-10,82670,Deaths,889.0,12079.0
50974,US,2020-05-11,83676,Deaths,1006.0,11773.0
50975,US,2020-05-12,85289,Deaths,1613.0,11082.0
50976,US,2020-05-13,87035,Deaths,1746.0,10479.0
50977,US,2020-05-14,88812,Deaths,1777.0,10328.0
50978,US,2020-05-15,90482,Deaths,1670.0,10251.0
50979,US,2020-05-16,91756,Deaths,1274.0,9975.0
50980,US,2020-05-17,92504,Deaths,748.0,9834.0
50981,US,2020-05-18,93669,Deaths,1165.0,9993.0
50982,US,2020-05-19,95195,Deaths,1526.0,9906.0
50983,US,2020-05-20,96715,Deaths,1520.0,9680.0
50984,US,2020-05-21,97922,Deaths,1207.0,9110.0
50985,US,2020-05-22,99166,Deaths,1244.0,8684.0
50986,US,2020-05-23,100297,Deaths,1131.0,8541.0
50987,US,2020-05-24,100908,Deaths,611.0,8404.0
50988,US,2020-05-25,101456,Deaths,548.0,7787.0
50989,US,2020-05-26,102107,Deaths,651.0,6912.0
50990,US,2020-05-27,103625,Deaths,1518.0,6910.0
50991,US,2020-05-28,104803,Deaths,1178.0,6881.0
50992,US,2020-05-29,105963,Deaths,1160.0,6797.0
50993,US,2020-05-30,106926,Deaths,963.0,6629.0
50994,US,2020-05-31,107614,Deaths,688.0,6706.0
50995,US,2020-06-01,108388,Deaths,774.0,6932.0
50996,US,2020-06-02,109444,Deaths,1056.0,7337.0
50997,US,2020-06-03,110441,Deaths,997.0,6816.0
50998,US,2020-06-04,111450,Deaths,1009.0,6647.0
50999,US,2020-06-05,112348,Deaths,898.0,6385.0
51000,US,2020-06-06,113054,Deaths,706.0,6128.0
51001,US,2020-06-07,113492,Deaths,438.0,5878.0
51002,US,2020-06-08,113984,Deaths,492.0,5596.0
51003,US,2020-06-09,114925,Deaths,941.0,5481.0
51004,US,2020-06-10,115822,Deaths,897.0,5381.0
51005,US,2020-06-11,116682,Deaths,860.0,5232.0
51006,US,2020-06-12,117500,Deaths,818.0,5152.0
51007,US,2020-06-13,118270,Deaths,770.0,5216.0
51008,US,2020-06-14,118578,Deaths,308.0,5086.0
51009,US,2020-06-15,118954,Deaths,376.0,4970.0
51010,US,2020-06-16,119778,Deaths,824.0,4853.0
51011,US,2020-06-17,120511,Deaths,733.0,4689.0
51012,US,2020-06-18,121222,Deaths,711.0,4540.0
51013,US,2020-06-19,121892,Deaths,670.0,4392.0
51014,US,2020-06-20,122510,Deaths,618.0,4240.0
51015,US,2020-06-21,122795,Deaths,285.0,4217.0
51016,US,2020-06-22,123175,Deaths,380.0,4221.0
51017,US,2020-06-23,124019,Deaths,844.0,4241.0
51018,US,2020-06-24,124776,Deaths,757.0,4265.0
51019,US,2020-06-25,125327,Deaths,551.0,4105.0
51020,US,2020-06-26,125944,Deaths,617.0,4052.0
51021,US,2020-06-27,126448,Deaths,504.0,3938.0
51022,US,2020-06-28,126721,Deaths,273.0,3926.0
51023,US,2020-06-29,127098,Deaths,377.0,3923.0
51024,US,2020-06-30,127753,Deaths,655.0,3734.0
51025,US,2020-07-01,128441,Deaths,688.0,3665.0
51026,US,2020-07-02,129165,Deaths,724.0,3838.0
51027,US,2020-07-03,129824,Deaths,659.0,3880.0
51028,US,2020-07-04,130089,Deaths,265.0,3641.0
51029,US,2020-07-05,130377,Deaths,288.0,3656.0
51030,US,2020-07-06,130732,Deaths,355.0,3634.0
51031,US,2020-07-07,131945,Deaths,1213.0,4192.0
51032,US,2020-07-08,132806,Deaths,861.0,4365.0
51033,US,2020-07-09,133806,Deaths,1000.0,4641.0
51034,US,2020-07-10,134628,Deaths,822.0,4804.0
51035,US,2020-07-11,135325,Deaths,697.0,5236.0
51036,US,2020-07-12,135784,Deaths,459.0,5407.0
51037,US,2020-07-13,136143,Deaths,359.0,5411.0
51038,US,2020-07-14,137068,Deaths,925.0,5123.0
51039,US,2020-07-15,138034,Deaths,966.0,5228.0
51040,US,2020-07-16,138977,Deaths,943.0,5171.0
51041,US,2020-07-17,139907,Deaths,930.0,5279.0
51042,US,2020-07-18,140776,Deaths,869.0,5451.0
51043,US,2020-07-19,141223,Deaths,447.0,5439.0
51044,US,2020-07-20,141736,Deaths,513.0,5593.0
51045,US,2020-07-21,142843,Deaths,1107.0,5775.0
51046,US,2020-07-22,144059,Deaths,1216.0,6025.0
51047,US,2020-07-23,145153,Deaths,1094.0,6176.0
51048,US,2020-07-24,146285,Deaths,1132.0,6378.0
51049,US,2020-07-25,147184,Deaths,899.0,6408.0
51050,US,2020-07-26,147656,Deaths,472.0,6433.0
51051,US,2020-07-27,148776,Deaths,1120.0,7040.0
51052,US,2020-07-28,150150,Deaths,1374.0,7307.0
51053,US,2020-07-29,151582,Deaths,1432.0,7523.0
51054,US,2020-07-30,152791,Deaths,1209.0,7638.0
51055,US,2020-07-31,154047,Deaths,1256.0,7762.0
51056,US,2020-08-01,155162,Deaths,1115.0,7978.0
51057,US,2020-08-02,155565,Deaths,403.0,7909.0
51058,US,2020-08-03,156092,Deaths,527.0,7316.0
51059,US,2020-08-04,157469,Deaths,1377.0,7319.0
51060,US,2020-08-05,158844,Deaths,1375.0,7262.0
51061,US,2020-08-06,160095,Deaths,1251.0,7304.0
51062,US,2020-08-07,161337,Deaths,1242.0,7290.0
51063,US,2020-08-08,162419,Deaths,1082.0,7257.0
51064,US,2020-08-09,162930,Deaths,511.0,7365.0
51065,US,2020-08-10,163456,Deaths,526.0,7364.0
51066,US,2020-08-11,164519,Deaths,1063.0,7050.0
51067,US,2020-08-12,166022,Deaths,1503.0,7178.0
51068,US,2020-08-13,167091,Deaths,1069.0,6996.0
51069,US,2020-08-14,168427,Deaths,1336.0,7090.0
51070,US,2020-08-15,169463,Deaths,1036.0,7044.0
51071,US,2020-08-16,170034,Deaths,571.0,7104.0
51072,US,2020-08-17,170478,Deaths,444.0,7022.0
51073,US,2020-08-18,171802,Deaths,1324.0,7283.0
51074,US,2020-08-19,173152,Deaths,1350.0,7130.0
51075,US,2020-08-20,174231,Deaths,1079.0,7140.0
51076,US,2020-08-21,175336,Deaths,1105.0,6909.0
51077,US,2020-08-22,176326,Deaths,990.0,6863.0
51078,US,2020-08-23,176776,Deaths,450.0,6742.0
51079,US,2020-08-24,177213,Deaths,437.0,6735.0
51080,US,2020-08-25,178449,Deaths,1236.0,6647.0
51081,US,2020-08-26,179674,Deaths,1225.0,6522.0
51082,US,2020-08-27,180785,Deaths,1111.0,6554.0
51083,US,2020-08-28,181756,Deaths,971.0,6420.0
51084,US,2020-08-29,182714,Deaths,958.0,6388.0
51085,US,2020-08-30,183024,Deaths,310.0,6248.0
51086,US,2020-08-31,183616,Deaths,592.0,6403.0
51087,US,2020-09-01,184681,Deaths,1065.0,6232.0
51088,US,2020-09-02,185736,Deaths,1055.0,6062.0
51089,US,2020-09-03,186802,Deaths,1066.0,6017.0
51090,US,2020-09-04,187767,Deaths,965.0,6011.0
51091,US,2020-09-05,188552,Deaths,785.0,5838.0
51092,US,2020-09-06,188955,Deaths,403.0,5931.0
51093,US,2020-09-07,189222,Deaths,267.0,5606.0
51094,US,2020-09-08,189663,Deaths,441.0,4982.0
51095,US,2020-09-09,190853,Deaths,1190.0,5117.0
51096,US,2020-09-10,191768,Deaths,915.0,4966.0
51097,US,2020-09-11,192979,Deaths,1211.0,5212.0
51098,US,2020-09-12,193693,Deaths,714.0,5141.0
51099,US,2020-09-13,194071,Deaths,378.0,5116.0
51100,US,2020-09-14,194493,Deaths,422.0,5271.0
51101,US,2020-09-15,195783,Deaths,1290.0,6120.0
51102,US,2020-09-16,196766,Deaths,983.0,5913.0
51103,US,2020-09-17,197636,Deaths,870.0,5868.0
51104,US,2020-09-18,198572,Deaths,936.0,5593.0
51105,US,2020-09-19,199284,Deaths,712.0,5591.0
51106,US,2020-09-20,199511,Deaths,227.0,5440.0
51107,US,2020-09-21,199867,Deaths,356.0,5374.0
51108,US,2020-09-22,200788,Deaths,921.0,5005.0
51109,US,2020-09-23,201887,Deaths,1099.0,5121.0
51110,US,2020-09-24,202800,Deaths,913.0,5164.0
51111,US,2020-09-25,203752,Deaths,952.0,5180.0
51112,US,2020-09-26,204492,Deaths,740.0,5208.0
51113,US,2020-09-27,204758,Deaths,266.0,5247.0
51114,US,2020-09-28,205074,Deaths,316.0,5207.0
51115,US,2020-09-29,205988,Deaths,914.0,5200.0
51116,US,2020-09-30,206935,Deaths,947.0,5048.0
51117,US,2020-10-01,207793,Deaths,858.0,4993.0
51118,US,2020-10-02,208700,Deaths,907.0,4948.0
51119,US,2020-10-03,209387,Deaths,687.0,4895.0
51120,US,2020-10-04,209724,Deaths,337.0,4966.0
51121,US,2020-10-05,210184,Deaths,460.0,5110.0
51122,US,2020-10-06,210889,Deaths,705.0,4901.0
51123,US,2020-10-07,211804,Deaths,915.0,4869.0
51124,US,2020-10-08,212765,Deaths,961.0,4972.0
51125,US,2020-10-09,213755,Deaths,990.0,5055.0
51126,US,2020-10-10,214373,Deaths,618.0,4986.0
51127,US,2020-10-11,214771,Deaths,398.0,5047.0
51128,US,2020-10-12,215088,Deaths,317.0,4904.0
51129,US,2020-10-13,215890,Deaths,802.0,5001.0
51130,US,2020-10-14,216875,Deaths,985.0,5071.0
51131,US,2020-10-15,217695,Deaths,820.0,4930.0
51132,US,2020-10-16,218578,Deaths,883.0,4823.0
51133,US,2020-10-17,219289,Deaths,711.0,4916.0
51134,US,2020-10-18,219677,Deaths,388.0,4906.0
51135,US,2020-10-19,220122,Deaths,445.0,5034.0
51136,US,2020-10-20,221055,Deaths,933.0,5165.0
51137,US,2020-10-21,222180,Deaths,1125.0,5305.0
51138,US,2020-10-22,223036,Deaths,856.0,5341.0
51139,US,2020-10-23,223983,Deaths,947.0,5405.0
51140,US,2020-10-24,224897,Deaths,914.0,5608.0
51141,US,2020-10-25,225237,Deaths,340.0,5560.0
51142,US,2020-10-26,225714,Deaths,477.0,5592.0
51143,US,2020-10-27,226700,Deaths,986.0,5645.0
51144,US,2020-10-28,227689,Deaths,989.0,5509.0
51145,US,2020-10-29,228660,Deaths,971.0,5624.0
51146,US,2020-10-30,229690,Deaths,1030.0,5707.0
51147,US,2020-10-31,230598,Deaths,908.0,5701.0
51148,US,2020-11-01,230999,Deaths,401.0,5762.0
51149,US,2020-11-02,231490,Deaths,491.0,5776.0
51150,US,2020-11-03,232620,Deaths,1130.0,5920.0
51151,US,2020-11-04,233717,Deaths,1097.0,6028.0
51152,US,2020-11-05,234927,Deaths,1210.0,6267.0
51153,Uganda,2020-01-22,0,Deaths,,
51154,Uganda,2020-01-23,0,Deaths,0.0,
51155,Uganda,2020-01-24,0,Deaths,0.0,
51156,Uganda,2020-01-25,0,Deaths,0.0,
51157,Uganda,2020-01-26,0,Deaths,0.0,
51158,Uganda,2020-01-27,0,Deaths,0.0,
51159,Uganda,2020-01-28,0,Deaths,0.0,
51160,Uganda,2020-01-29,0,Deaths,0.0,0.0
51161,Uganda,2020-01-30,0,Deaths,0.0,0.0
51162,Uganda,2020-01-31,0,Deaths,0.0,0.0
51163,Uganda,2020-02-01,0,Deaths,0.0,0.0
51164,Uganda,2020-02-02,0,Deaths,0.0,0.0
51165,Uganda,2020-02-03,0,Deaths,0.0,0.0
51166,Uganda,2020-02-04,0,Deaths,0.0,0.0
51167,Uganda,2020-02-05,0,Deaths,0.0,0.0
51168,Uganda,2020-02-06,0,Deaths,0.0,0.0
51169,Uganda,2020-02-07,0,Deaths,0.0,0.0
51170,Uganda,2020-02-08,0,Deaths,0.0,0.0
51171,Uganda,2020-02-09,0,Deaths,0.0,0.0
51172,Uganda,2020-02-10,0,Deaths,0.0,0.0
51173,Uganda,2020-02-11,0,Deaths,0.0,0.0
51174,Uganda,2020-02-12,0,Deaths,0.0,0.0
51175,Uganda,2020-02-13,0,Deaths,0.0,0.0
51176,Uganda,2020-02-14,0,Deaths,0.0,0.0
51177,Uganda,2020-02-15,0,Deaths,0.0,0.0
51178,Uganda,2020-02-16,0,Deaths,0.0,0.0
51179,Uganda,2020-02-17,0,Deaths,0.0,0.0
51180,Uganda,2020-02-18,0,Deaths,0.0,0.0
51181,Uganda,2020-02-19,0,Deaths,0.0,0.0
51182,Uganda,2020-02-20,0,Deaths,0.0,0.0
51183,Uganda,2020-02-21,0,Deaths,0.0,0.0
51184,Uganda,2020-02-22,0,Deaths,0.0,0.0
51185,Uganda,2020-02-23,0,Deaths,0.0,0.0
51186,Uganda,2020-02-24,0,Deaths,0.0,0.0
51187,Uganda,2020-02-25,0,Deaths,0.0,0.0
51188,Uganda,2020-02-26,0,Deaths,0.0,0.0
51189,Uganda,2020-02-27,0,Deaths,0.0,0.0
51190,Uganda,2020-02-28,0,Deaths,0.0,0.0
51191,Uganda,2020-02-29,0,Deaths,0.0,0.0
51192,Uganda,2020-03-01,0,Deaths,0.0,0.0
51193,Uganda,2020-03-02,0,Deaths,0.0,0.0
51194,Uganda,2020-03-03,0,Deaths,0.0,0.0
51195,Uganda,2020-03-04,0,Deaths,0.0,0.0
51196,Uganda,2020-03-05,0,Deaths,0.0,0.0
51197,Uganda,2020-03-06,0,Deaths,0.0,0.0
51198,Uganda,2020-03-07,0,Deaths,0.0,0.0
51199,Uganda,2020-03-08,0,Deaths,0.0,0.0
51200,Uganda,2020-03-09,0,Deaths,0.0,0.0
51201,Uganda,2020-03-10,0,Deaths,0.0,0.0
51202,Uganda,2020-03-11,0,Deaths,0.0,0.0
51203,Uganda,2020-03-12,0,Deaths,0.0,0.0
51204,Uganda,2020-03-13,0,Deaths,0.0,0.0
51205,Uganda,2020-03-14,0,Deaths,0.0,0.0
51206,Uganda,2020-03-15,0,Deaths,0.0,0.0
51207,Uganda,2020-03-16,0,Deaths,0.0,0.0
51208,Uganda,2020-03-17,0,Deaths,0.0,0.0
51209,Uganda,2020-03-18,0,Deaths,0.0,0.0
51210,Uganda,2020-03-19,0,Deaths,0.0,0.0
51211,Uganda,2020-03-20,0,Deaths,0.0,0.0
51212,Uganda,2020-03-21,0,Deaths,0.0,0.0
51213,Uganda,2020-03-22,0,Deaths,0.0,0.0
51214,Uganda,2020-03-23,0,Deaths,0.0,0.0
51215,Uganda,2020-03-24,0,Deaths,0.0,0.0
51216,Uganda,2020-03-25,0,Deaths,0.0,0.0
51217,Uganda,2020-03-26,0,Deaths,0.0,0.0
51218,Uganda,2020-03-27,0,Deaths,0.0,0.0
51219,Uganda,2020-03-28,0,Deaths,0.0,0.0
51220,Uganda,2020-03-29,0,Deaths,0.0,0.0
51221,Uganda,2020-03-30,0,Deaths,0.0,0.0
51222,Uganda,2020-03-31,0,Deaths,0.0,0.0
51223,Uganda,2020-04-01,0,Deaths,0.0,0.0
51224,Uganda,2020-04-02,0,Deaths,0.0,0.0
51225,Uganda,2020-04-03,0,Deaths,0.0,0.0
51226,Uganda,2020-04-04,0,Deaths,0.0,0.0
51227,Uganda,2020-04-05,0,Deaths,0.0,0.0
51228,Uganda,2020-04-06,0,Deaths,0.0,0.0
51229,Uganda,2020-04-07,0,Deaths,0.0,0.0
51230,Uganda,2020-04-08,0,Deaths,0.0,0.0
51231,Uganda,2020-04-09,0,Deaths,0.0,0.0
51232,Uganda,2020-04-10,0,Deaths,0.0,0.0
51233,Uganda,2020-04-11,0,Deaths,0.0,0.0
51234,Uganda,2020-04-12,0,Deaths,0.0,0.0
51235,Uganda,2020-04-13,0,Deaths,0.0,0.0
51236,Uganda,2020-04-14,0,Deaths,0.0,0.0
51237,Uganda,2020-04-15,0,Deaths,0.0,0.0
51238,Uganda,2020-04-16,0,Deaths,0.0,0.0
51239,Uganda,2020-04-17,0,Deaths,0.0,0.0
51240,Uganda,2020-04-18,0,Deaths,0.0,0.0
51241,Uganda,2020-04-19,0,Deaths,0.0,0.0
51242,Uganda,2020-04-20,0,Deaths,0.0,0.0
51243,Uganda,2020-04-21,0,Deaths,0.0,0.0
51244,Uganda,2020-04-22,0,Deaths,0.0,0.0
51245,Uganda,2020-04-23,0,Deaths,0.0,0.0
51246,Uganda,2020-04-24,0,Deaths,0.0,0.0
51247,Uganda,2020-04-25,0,Deaths,0.0,0.0
51248,Uganda,2020-04-26,0,Deaths,0.0,0.0
51249,Uganda,2020-04-27,0,Deaths,0.0,0.0
51250,Uganda,2020-04-28,0,Deaths,0.0,0.0
51251,Uganda,2020-04-29,0,Deaths,0.0,0.0
51252,Uganda,2020-04-30,0,Deaths,0.0,0.0
51253,Uganda,2020-05-01,0,Deaths,0.0,0.0
51254,Uganda,2020-05-02,0,Deaths,0.0,0.0
51255,Uganda,2020-05-03,0,Deaths,0.0,0.0
51256,Uganda,2020-05-04,0,Deaths,0.0,0.0
51257,Uganda,2020-05-05,0,Deaths,0.0,0.0
51258,Uganda,2020-05-06,0,Deaths,0.0,0.0
51259,Uganda,2020-05-07,0,Deaths,0.0,0.0
51260,Uganda,2020-05-08,0,Deaths,0.0,0.0
51261,Uganda,2020-05-09,0,Deaths,0.0,0.0
51262,Uganda,2020-05-10,0,Deaths,0.0,0.0
51263,Uganda,2020-05-11,0,Deaths,0.0,0.0
51264,Uganda,2020-05-12,0,Deaths,0.0,0.0
51265,Uganda,2020-05-13,0,Deaths,0.0,0.0
51266,Uganda,2020-05-14,0,Deaths,0.0,0.0
51267,Uganda,2020-05-15,0,Deaths,0.0,0.0
51268,Uganda,2020-05-16,0,Deaths,0.0,0.0
51269,Uganda,2020-05-17,0,Deaths,0.0,0.0
51270,Uganda,2020-05-18,0,Deaths,0.0,0.0
51271,Uganda,2020-05-19,0,Deaths,0.0,0.0
51272,Uganda,2020-05-20,0,Deaths,0.0,0.0
51273,Uganda,2020-05-21,0,Deaths,0.0,0.0
51274,Uganda,2020-05-22,0,Deaths,0.0,0.0
51275,Uganda,2020-05-23,0,Deaths,0.0,0.0
51276,Uganda,2020-05-24,0,Deaths,0.0,0.0
51277,Uganda,2020-05-25,0,Deaths,0.0,0.0
51278,Uganda,2020-05-26,0,Deaths,0.0,0.0
51279,Uganda,2020-05-27,0,Deaths,0.0,0.0
51280,Uganda,2020-05-28,0,Deaths,0.0,0.0
51281,Uganda,2020-05-29,0,Deaths,0.0,0.0
51282,Uganda,2020-05-30,0,Deaths,0.0,0.0
51283,Uganda,2020-05-31,0,Deaths,0.0,0.0
51284,Uganda,2020-06-01,0,Deaths,0.0,0.0
51285,Uganda,2020-06-02,0,Deaths,0.0,0.0
51286,Uganda,2020-06-03,0,Deaths,0.0,0.0
51287,Uganda,2020-06-04,0,Deaths,0.0,0.0
51288,Uganda,2020-06-05,0,Deaths,0.0,0.0
51289,Uganda,2020-06-06,0,Deaths,0.0,0.0
51290,Uganda,2020-06-07,0,Deaths,0.0,0.0
51291,Uganda,2020-06-08,0,Deaths,0.0,0.0
51292,Uganda,2020-06-09,0,Deaths,0.0,0.0
51293,Uganda,2020-06-10,0,Deaths,0.0,0.0
51294,Uganda,2020-06-11,0,Deaths,0.0,0.0
51295,Uganda,2020-06-12,0,Deaths,0.0,0.0
51296,Uganda,2020-06-13,0,Deaths,0.0,0.0
51297,Uganda,2020-06-14,0,Deaths,0.0,0.0
51298,Uganda,2020-06-15,0,Deaths,0.0,0.0
51299,Uganda,2020-06-16,0,Deaths,0.0,0.0
51300,Uganda,2020-06-17,0,Deaths,0.0,0.0
51301,Uganda,2020-06-18,0,Deaths,0.0,0.0
51302,Uganda,2020-06-19,0,Deaths,0.0,0.0
51303,Uganda,2020-06-20,0,Deaths,0.0,0.0
51304,Uganda,2020-06-21,0,Deaths,0.0,0.0
51305,Uganda,2020-06-22,0,Deaths,0.0,0.0
51306,Uganda,2020-06-23,0,Deaths,0.0,0.0
51307,Uganda,2020-06-24,0,Deaths,0.0,0.0
51308,Uganda,2020-06-25,0,Deaths,0.0,0.0
51309,Uganda,2020-06-26,0,Deaths,0.0,0.0
51310,Uganda,2020-06-27,0,Deaths,0.0,0.0
51311,Uganda,2020-06-28,0,Deaths,0.0,0.0
51312,Uganda,2020-06-29,0,Deaths,0.0,0.0
51313,Uganda,2020-06-30,0,Deaths,0.0,0.0
51314,Uganda,2020-07-01,0,Deaths,0.0,0.0
51315,Uganda,2020-07-02,0,Deaths,0.0,0.0
51316,Uganda,2020-07-03,0,Deaths,0.0,0.0
51317,Uganda,2020-07-04,0,Deaths,0.0,0.0
51318,Uganda,2020-07-05,0,Deaths,0.0,0.0
51319,Uganda,2020-07-06,0,Deaths,0.0,0.0
51320,Uganda,2020-07-07,0,Deaths,0.0,0.0
51321,Uganda,2020-07-08,0,Deaths,0.0,0.0
51322,Uganda,2020-07-09,0,Deaths,0.0,0.0
51323,Uganda,2020-07-10,0,Deaths,0.0,0.0
51324,Uganda,2020-07-11,0,Deaths,0.0,0.0
51325,Uganda,2020-07-12,0,Deaths,0.0,0.0
51326,Uganda,2020-07-13,0,Deaths,0.0,0.0
51327,Uganda,2020-07-14,0,Deaths,0.0,0.0
51328,Uganda,2020-07-15,0,Deaths,0.0,0.0
51329,Uganda,2020-07-16,0,Deaths,0.0,0.0
51330,Uganda,2020-07-17,0,Deaths,0.0,0.0
51331,Uganda,2020-07-18,0,Deaths,0.0,0.0
51332,Uganda,2020-07-19,0,Deaths,0.0,0.0
51333,Uganda,2020-07-20,0,Deaths,0.0,0.0
51334,Uganda,2020-07-21,0,Deaths,0.0,0.0
51335,Uganda,2020-07-22,0,Deaths,0.0,0.0
51336,Uganda,2020-07-23,0,Deaths,0.0,0.0
51337,Uganda,2020-07-24,1,Deaths,1.0,1.0
51338,Uganda,2020-07-25,1,Deaths,0.0,1.0
51339,Uganda,2020-07-26,2,Deaths,1.0,2.0
51340,Uganda,2020-07-27,2,Deaths,0.0,2.0
51341,Uganda,2020-07-28,2,Deaths,0.0,2.0
51342,Uganda,2020-07-29,2,Deaths,0.0,2.0
51343,Uganda,2020-07-30,2,Deaths,0.0,2.0
51344,Uganda,2020-07-31,3,Deaths,1.0,2.0
51345,Uganda,2020-08-01,4,Deaths,1.0,3.0
51346,Uganda,2020-08-02,4,Deaths,0.0,2.0
51347,Uganda,2020-08-03,5,Deaths,1.0,3.0
51348,Uganda,2020-08-04,5,Deaths,0.0,3.0
51349,Uganda,2020-08-05,5,Deaths,0.0,3.0
51350,Uganda,2020-08-06,5,Deaths,0.0,3.0
51351,Uganda,2020-08-07,6,Deaths,1.0,3.0
51352,Uganda,2020-08-08,6,Deaths,0.0,2.0
51353,Uganda,2020-08-09,7,Deaths,1.0,3.0
51354,Uganda,2020-08-10,9,Deaths,2.0,4.0
51355,Uganda,2020-08-11,9,Deaths,0.0,4.0
51356,Uganda,2020-08-12,9,Deaths,0.0,4.0
51357,Uganda,2020-08-13,11,Deaths,2.0,6.0
51358,Uganda,2020-08-14,12,Deaths,1.0,6.0
51359,Uganda,2020-08-15,13,Deaths,1.0,7.0
51360,Uganda,2020-08-16,13,Deaths,0.0,6.0
51361,Uganda,2020-08-17,15,Deaths,2.0,6.0
51362,Uganda,2020-08-18,15,Deaths,0.0,6.0
51363,Uganda,2020-08-19,16,Deaths,1.0,7.0
51364,Uganda,2020-08-20,19,Deaths,3.0,8.0
51365,Uganda,2020-08-21,19,Deaths,0.0,7.0
51366,Uganda,2020-08-22,20,Deaths,1.0,7.0
51367,Uganda,2020-08-23,20,Deaths,0.0,7.0
51368,Uganda,2020-08-24,22,Deaths,2.0,7.0
51369,Uganda,2020-08-25,25,Deaths,3.0,10.0
51370,Uganda,2020-08-26,26,Deaths,1.0,10.0
51371,Uganda,2020-08-27,28,Deaths,2.0,9.0
51372,Uganda,2020-08-28,28,Deaths,0.0,9.0
51373,Uganda,2020-08-29,29,Deaths,1.0,9.0
51374,Uganda,2020-08-30,30,Deaths,1.0,10.0
51375,Uganda,2020-08-31,32,Deaths,2.0,10.0
51376,Uganda,2020-09-01,32,Deaths,0.0,7.0
51377,Uganda,2020-09-02,32,Deaths,0.0,6.0
51378,Uganda,2020-09-03,33,Deaths,1.0,5.0
51379,Uganda,2020-09-04,35,Deaths,2.0,7.0
51380,Uganda,2020-09-05,39,Deaths,4.0,10.0
51381,Uganda,2020-09-06,41,Deaths,2.0,11.0
51382,Uganda,2020-09-07,44,Deaths,3.0,12.0
51383,Uganda,2020-09-08,46,Deaths,2.0,14.0
51384,Uganda,2020-09-09,46,Deaths,0.0,14.0
51385,Uganda,2020-09-10,48,Deaths,2.0,15.0
51386,Uganda,2020-09-11,49,Deaths,1.0,14.0
51387,Uganda,2020-09-12,52,Deaths,3.0,13.0
51388,Uganda,2020-09-13,55,Deaths,3.0,14.0
51389,Uganda,2020-09-14,56,Deaths,1.0,12.0
51390,Uganda,2020-09-15,58,Deaths,2.0,12.0
51391,Uganda,2020-09-16,60,Deaths,2.0,14.0
51392,Uganda,2020-09-17,60,Deaths,0.0,12.0
51393,Uganda,2020-09-18,61,Deaths,1.0,12.0
51394,Uganda,2020-09-19,63,Deaths,2.0,11.0
51395,Uganda,2020-09-20,63,Deaths,0.0,8.0
51396,Uganda,2020-09-21,63,Deaths,0.0,7.0
51397,Uganda,2020-09-22,64,Deaths,1.0,6.0
51398,Uganda,2020-09-23,69,Deaths,5.0,9.0
51399,Uganda,2020-09-24,70,Deaths,1.0,10.0
51400,Uganda,2020-09-25,71,Deaths,1.0,10.0
51401,Uganda,2020-09-26,71,Deaths,0.0,8.0
51402,Uganda,2020-09-27,73,Deaths,2.0,10.0
51403,Uganda,2020-09-28,75,Deaths,2.0,12.0
51404,Uganda,2020-09-29,75,Deaths,0.0,11.0
51405,Uganda,2020-09-30,75,Deaths,0.0,6.0
51406,Uganda,2020-10-01,75,Deaths,0.0,5.0
51407,Uganda,2020-10-02,79,Deaths,4.0,8.0
51408,Uganda,2020-10-03,79,Deaths,0.0,8.0
51409,Uganda,2020-10-04,81,Deaths,2.0,8.0
51410,Uganda,2020-10-05,82,Deaths,1.0,7.0
51411,Uganda,2020-10-06,84,Deaths,2.0,9.0
51412,Uganda,2020-10-07,85,Deaths,1.0,10.0
51413,Uganda,2020-10-08,85,Deaths,0.0,10.0
51414,Uganda,2020-10-09,86,Deaths,1.0,7.0
51415,Uganda,2020-10-10,93,Deaths,7.0,14.0
51416,Uganda,2020-10-11,93,Deaths,0.0,12.0
51417,Uganda,2020-10-12,94,Deaths,1.0,12.0
51418,Uganda,2020-10-13,95,Deaths,1.0,11.0
51419,Uganda,2020-10-14,95,Deaths,0.0,10.0
51420,Uganda,2020-10-15,96,Deaths,1.0,11.0
51421,Uganda,2020-10-16,96,Deaths,0.0,10.0
51422,Uganda,2020-10-17,96,Deaths,0.0,3.0
51423,Uganda,2020-10-18,97,Deaths,1.0,4.0
51424,Uganda,2020-10-19,97,Deaths,0.0,3.0
51425,Uganda,2020-10-20,97,Deaths,0.0,2.0
51426,Uganda,2020-10-21,98,Deaths,1.0,3.0
51427,Uganda,2020-10-22,98,Deaths,0.0,2.0
51428,Uganda,2020-10-23,99,Deaths,1.0,3.0
51429,Uganda,2020-10-24,99,Deaths,0.0,3.0
51430,Uganda,2020-10-25,101,Deaths,2.0,4.0
51431,Uganda,2020-10-26,101,Deaths,0.0,4.0
51432,Uganda,2020-10-27,103,Deaths,2.0,6.0
51433,Uganda,2020-10-28,106,Deaths,3.0,8.0
51434,Uganda,2020-10-29,108,Deaths,2.0,10.0
51435,Uganda,2020-10-30,110,Deaths,2.0,11.0
51436,Uganda,2020-10-31,111,Deaths,1.0,12.0
51437,Uganda,2020-11-01,112,Deaths,1.0,11.0
51438,Uganda,2020-11-02,114,Deaths,2.0,13.0
51439,Uganda,2020-11-03,115,Deaths,1.0,12.0
51440,Uganda,2020-11-04,117,Deaths,2.0,11.0
51441,Uganda,2020-11-05,117,Deaths,0.0,9.0
51442,Ukraine,2020-01-22,0,Deaths,,
51443,Ukraine,2020-01-23,0,Deaths,0.0,
51444,Ukraine,2020-01-24,0,Deaths,0.0,
51445,Ukraine,2020-01-25,0,Deaths,0.0,
51446,Ukraine,2020-01-26,0,Deaths,0.0,
51447,Ukraine,2020-01-27,0,Deaths,0.0,
51448,Ukraine,2020-01-28,0,Deaths,0.0,
51449,Ukraine,2020-01-29,0,Deaths,0.0,0.0
51450,Ukraine,2020-01-30,0,Deaths,0.0,0.0
51451,Ukraine,2020-01-31,0,Deaths,0.0,0.0
51452,Ukraine,2020-02-01,0,Deaths,0.0,0.0
51453,Ukraine,2020-02-02,0,Deaths,0.0,0.0
51454,Ukraine,2020-02-03,0,Deaths,0.0,0.0
51455,Ukraine,2020-02-04,0,Deaths,0.0,0.0
51456,Ukraine,2020-02-05,0,Deaths,0.0,0.0
51457,Ukraine,2020-02-06,0,Deaths,0.0,0.0
51458,Ukraine,2020-02-07,0,Deaths,0.0,0.0
51459,Ukraine,2020-02-08,0,Deaths,0.0,0.0
51460,Ukraine,2020-02-09,0,Deaths,0.0,0.0
51461,Ukraine,2020-02-10,0,Deaths,0.0,0.0
51462,Ukraine,2020-02-11,0,Deaths,0.0,0.0
51463,Ukraine,2020-02-12,0,Deaths,0.0,0.0
51464,Ukraine,2020-02-13,0,Deaths,0.0,0.0
51465,Ukraine,2020-02-14,0,Deaths,0.0,0.0
51466,Ukraine,2020-02-15,0,Deaths,0.0,0.0
51467,Ukraine,2020-02-16,0,Deaths,0.0,0.0
51468,Ukraine,2020-02-17,0,Deaths,0.0,0.0
51469,Ukraine,2020-02-18,0,Deaths,0.0,0.0
51470,Ukraine,2020-02-19,0,Deaths,0.0,0.0
51471,Ukraine,2020-02-20,0,Deaths,0.0,0.0
51472,Ukraine,2020-02-21,0,Deaths,0.0,0.0
51473,Ukraine,2020-02-22,0,Deaths,0.0,0.0
51474,Ukraine,2020-02-23,0,Deaths,0.0,0.0
51475,Ukraine,2020-02-24,0,Deaths,0.0,0.0
51476,Ukraine,2020-02-25,0,Deaths,0.0,0.0
51477,Ukraine,2020-02-26,0,Deaths,0.0,0.0
51478,Ukraine,2020-02-27,0,Deaths,0.0,0.0
51479,Ukraine,2020-02-28,0,Deaths,0.0,0.0
51480,Ukraine,2020-02-29,0,Deaths,0.0,0.0
51481,Ukraine,2020-03-01,0,Deaths,0.0,0.0
51482,Ukraine,2020-03-02,0,Deaths,0.0,0.0
51483,Ukraine,2020-03-03,0,Deaths,0.0,0.0
51484,Ukraine,2020-03-04,0,Deaths,0.0,0.0
51485,Ukraine,2020-03-05,0,Deaths,0.0,0.0
51486,Ukraine,2020-03-06,0,Deaths,0.0,0.0
51487,Ukraine,2020-03-07,0,Deaths,0.0,0.0
51488,Ukraine,2020-03-08,0,Deaths,0.0,0.0
51489,Ukraine,2020-03-09,0,Deaths,0.0,0.0
51490,Ukraine,2020-03-10,0,Deaths,0.0,0.0
51491,Ukraine,2020-03-11,0,Deaths,0.0,0.0
51492,Ukraine,2020-03-12,0,Deaths,0.0,0.0
51493,Ukraine,2020-03-13,1,Deaths,1.0,1.0
51494,Ukraine,2020-03-14,1,Deaths,0.0,1.0
51495,Ukraine,2020-03-15,1,Deaths,0.0,1.0
51496,Ukraine,2020-03-16,1,Deaths,0.0,1.0
51497,Ukraine,2020-03-17,2,Deaths,1.0,2.0
51498,Ukraine,2020-03-18,2,Deaths,0.0,2.0
51499,Ukraine,2020-03-19,2,Deaths,0.0,2.0
51500,Ukraine,2020-03-20,3,Deaths,1.0,2.0
51501,Ukraine,2020-03-21,3,Deaths,0.0,2.0
51502,Ukraine,2020-03-22,3,Deaths,0.0,2.0
51503,Ukraine,2020-03-23,3,Deaths,0.0,2.0
51504,Ukraine,2020-03-24,3,Deaths,0.0,1.0
51505,Ukraine,2020-03-25,5,Deaths,2.0,3.0
51506,Ukraine,2020-03-26,5,Deaths,0.0,3.0
51507,Ukraine,2020-03-27,5,Deaths,0.0,2.0
51508,Ukraine,2020-03-28,9,Deaths,4.0,6.0
51509,Ukraine,2020-03-29,10,Deaths,1.0,7.0
51510,Ukraine,2020-03-30,13,Deaths,3.0,10.0
51511,Ukraine,2020-03-31,17,Deaths,4.0,14.0
51512,Ukraine,2020-04-01,20,Deaths,3.0,15.0
51513,Ukraine,2020-04-02,22,Deaths,2.0,17.0
51514,Ukraine,2020-04-03,27,Deaths,5.0,22.0
51515,Ukraine,2020-04-04,32,Deaths,5.0,23.0
51516,Ukraine,2020-04-05,37,Deaths,5.0,27.0
51517,Ukraine,2020-04-06,38,Deaths,1.0,25.0
51518,Ukraine,2020-04-07,45,Deaths,7.0,28.0
51519,Ukraine,2020-04-08,52,Deaths,7.0,32.0
51520,Ukraine,2020-04-09,57,Deaths,5.0,35.0
51521,Ukraine,2020-04-10,69,Deaths,12.0,42.0
51522,Ukraine,2020-04-11,73,Deaths,4.0,41.0
51523,Ukraine,2020-04-12,83,Deaths,10.0,46.0
51524,Ukraine,2020-04-13,93,Deaths,10.0,55.0
51525,Ukraine,2020-04-14,98,Deaths,5.0,53.0
51526,Ukraine,2020-04-15,108,Deaths,10.0,56.0
51527,Ukraine,2020-04-16,116,Deaths,8.0,59.0
51528,Ukraine,2020-04-17,125,Deaths,9.0,56.0
51529,Ukraine,2020-04-18,133,Deaths,8.0,60.0
51530,Ukraine,2020-04-19,141,Deaths,8.0,58.0
51531,Ukraine,2020-04-20,151,Deaths,10.0,58.0
51532,Ukraine,2020-04-21,161,Deaths,10.0,63.0
51533,Ukraine,2020-04-22,174,Deaths,13.0,66.0
51534,Ukraine,2020-04-23,187,Deaths,13.0,71.0
51535,Ukraine,2020-04-24,201,Deaths,14.0,76.0
51536,Ukraine,2020-04-25,201,Deaths,0.0,68.0
51537,Ukraine,2020-04-26,209,Deaths,8.0,68.0
51538,Ukraine,2020-04-27,220,Deaths,11.0,69.0
51539,Ukraine,2020-04-28,239,Deaths,19.0,78.0
51540,Ukraine,2020-04-29,250,Deaths,11.0,76.0
51541,Ukraine,2020-04-30,261,Deaths,11.0,74.0
51542,Ukraine,2020-05-01,272,Deaths,11.0,71.0
51543,Ukraine,2020-05-02,279,Deaths,7.0,78.0
51544,Ukraine,2020-05-03,288,Deaths,9.0,79.0
51545,Ukraine,2020-05-04,303,Deaths,15.0,83.0
51546,Ukraine,2020-05-05,316,Deaths,13.0,77.0
51547,Ukraine,2020-05-06,327,Deaths,11.0,77.0
51548,Ukraine,2020-05-07,340,Deaths,13.0,79.0
51549,Ukraine,2020-05-08,361,Deaths,21.0,89.0
51550,Ukraine,2020-05-09,376,Deaths,15.0,97.0
51551,Ukraine,2020-05-10,391,Deaths,15.0,103.0
51552,Ukraine,2020-05-11,408,Deaths,17.0,105.0
51553,Ukraine,2020-05-12,425,Deaths,17.0,109.0
51554,Ukraine,2020-05-13,439,Deaths,14.0,112.0
51555,Ukraine,2020-05-14,456,Deaths,17.0,116.0
51556,Ukraine,2020-05-15,476,Deaths,20.0,115.0
51557,Ukraine,2020-05-16,497,Deaths,21.0,121.0
51558,Ukraine,2020-05-17,514,Deaths,17.0,123.0
51559,Ukraine,2020-05-18,535,Deaths,21.0,127.0
51560,Ukraine,2020-05-19,548,Deaths,13.0,123.0
51561,Ukraine,2020-05-20,564,Deaths,16.0,125.0
51562,Ukraine,2020-05-21,579,Deaths,15.0,123.0
51563,Ukraine,2020-05-22,588,Deaths,9.0,112.0
51564,Ukraine,2020-05-23,605,Deaths,17.0,108.0
51565,Ukraine,2020-05-24,617,Deaths,12.0,103.0
51566,Ukraine,2020-05-25,623,Deaths,6.0,88.0
51567,Ukraine,2020-05-26,644,Deaths,21.0,96.0
51568,Ukraine,2020-05-27,658,Deaths,14.0,94.0
51569,Ukraine,2020-05-28,669,Deaths,11.0,90.0
51570,Ukraine,2020-05-29,679,Deaths,10.0,91.0
51571,Ukraine,2020-05-30,696,Deaths,17.0,91.0
51572,Ukraine,2020-05-31,708,Deaths,12.0,91.0
51573,Ukraine,2020-06-01,724,Deaths,16.0,101.0
51574,Ukraine,2020-06-02,733,Deaths,9.0,89.0
51575,Ukraine,2020-06-03,742,Deaths,9.0,84.0
51576,Ukraine,2020-06-04,755,Deaths,13.0,86.0
51577,Ukraine,2020-06-05,770,Deaths,15.0,91.0
51578,Ukraine,2020-06-06,785,Deaths,15.0,89.0
51579,Ukraine,2020-06-07,796,Deaths,11.0,88.0
51580,Ukraine,2020-06-08,805,Deaths,9.0,81.0
51581,Ukraine,2020-06-09,818,Deaths,13.0,85.0
51582,Ukraine,2020-06-10,841,Deaths,23.0,99.0
51583,Ukraine,2020-06-11,864,Deaths,23.0,109.0
51584,Ukraine,2020-06-12,880,Deaths,16.0,110.0
51585,Ukraine,2020-06-13,890,Deaths,10.0,105.0
51586,Ukraine,2020-06-14,899,Deaths,9.0,103.0
51587,Ukraine,2020-06-15,911,Deaths,12.0,106.0
51588,Ukraine,2020-06-16,922,Deaths,11.0,104.0
51589,Ukraine,2020-06-17,953,Deaths,31.0,112.0
51590,Ukraine,2020-06-18,976,Deaths,23.0,112.0
51591,Ukraine,2020-06-19,995,Deaths,19.0,115.0
51592,Ukraine,2020-06-20,1004,Deaths,9.0,114.0
51593,Ukraine,2020-06-21,1012,Deaths,8.0,113.0
51594,Ukraine,2020-06-22,1022,Deaths,10.0,111.0
51595,Ukraine,2020-06-23,1045,Deaths,23.0,123.0
51596,Ukraine,2020-06-24,1061,Deaths,16.0,108.0
51597,Ukraine,2020-06-25,1078,Deaths,17.0,102.0
51598,Ukraine,2020-06-26,1097,Deaths,19.0,102.0
51599,Ukraine,2020-06-27,1121,Deaths,24.0,117.0
51600,Ukraine,2020-06-28,1142,Deaths,21.0,130.0
51601,Ukraine,2020-06-29,1161,Deaths,19.0,139.0
51602,Ukraine,2020-06-30,1173,Deaths,12.0,128.0
51603,Ukraine,2020-07-01,1188,Deaths,15.0,127.0
51604,Ukraine,2020-07-02,1200,Deaths,12.0,122.0
51605,Ukraine,2020-07-03,1227,Deaths,27.0,130.0
51606,Ukraine,2020-07-04,1243,Deaths,16.0,122.0
51607,Ukraine,2020-07-05,1265,Deaths,22.0,123.0
51608,Ukraine,2020-07-06,1278,Deaths,13.0,117.0
51609,Ukraine,2020-07-07,1299,Deaths,21.0,126.0
51610,Ukraine,2020-07-08,1323,Deaths,24.0,135.0
51611,Ukraine,2020-07-09,1344,Deaths,21.0,144.0
51612,Ukraine,2020-07-10,1362,Deaths,18.0,135.0
51613,Ukraine,2020-07-11,1389,Deaths,27.0,146.0
51614,Ukraine,2020-07-12,1400,Deaths,11.0,135.0
51615,Ukraine,2020-07-13,1415,Deaths,15.0,137.0
51616,Ukraine,2020-07-14,1429,Deaths,14.0,130.0
51617,Ukraine,2020-07-15,1444,Deaths,15.0,121.0
51618,Ukraine,2020-07-16,1462,Deaths,18.0,118.0
51619,Ukraine,2020-07-17,1473,Deaths,11.0,111.0
51620,Ukraine,2020-07-18,1496,Deaths,23.0,107.0
51621,Ukraine,2020-07-19,1504,Deaths,8.0,104.0
51622,Ukraine,2020-07-20,1517,Deaths,13.0,102.0
51623,Ukraine,2020-07-21,1537,Deaths,20.0,108.0
51624,Ukraine,2020-07-22,1553,Deaths,16.0,109.0
51625,Ukraine,2020-07-23,1570,Deaths,17.0,108.0
51626,Ukraine,2020-07-24,1591,Deaths,21.0,118.0
51627,Ukraine,2020-07-25,1610,Deaths,19.0,114.0
51628,Ukraine,2020-07-26,1625,Deaths,15.0,121.0
51629,Ukraine,2020-07-27,1636,Deaths,11.0,119.0
51630,Ukraine,2020-07-28,1650,Deaths,14.0,113.0
51631,Ukraine,2020-07-29,1673,Deaths,23.0,120.0
51632,Ukraine,2020-07-30,1697,Deaths,24.0,127.0
51633,Ukraine,2020-07-31,1717,Deaths,20.0,126.0
51634,Ukraine,2020-08-01,1733,Deaths,16.0,123.0
51635,Ukraine,2020-08-02,1749,Deaths,16.0,124.0
51636,Ukraine,2020-08-03,1762,Deaths,13.0,126.0
51637,Ukraine,2020-08-04,1788,Deaths,26.0,138.0
51638,Ukraine,2020-08-05,1813,Deaths,25.0,140.0
51639,Ukraine,2020-08-06,1846,Deaths,33.0,149.0
51640,Ukraine,2020-08-07,1879,Deaths,33.0,162.0
51641,Ukraine,2020-08-08,1906,Deaths,27.0,173.0
51642,Ukraine,2020-08-09,1925,Deaths,19.0,176.0
51643,Ukraine,2020-08-10,1950,Deaths,25.0,188.0
51644,Ukraine,2020-08-11,1979,Deaths,29.0,191.0
51645,Ukraine,2020-08-12,1999,Deaths,20.0,186.0
51646,Ukraine,2020-08-13,2023,Deaths,24.0,177.0
51647,Ukraine,2020-08-14,2042,Deaths,19.0,163.0
51648,Ukraine,2020-08-15,2076,Deaths,34.0,170.0
51649,Ukraine,2020-08-16,2100,Deaths,24.0,175.0
51650,Ukraine,2020-08-17,2122,Deaths,22.0,172.0
51651,Ukraine,2020-08-18,2152,Deaths,30.0,173.0
51652,Ukraine,2020-08-19,2182,Deaths,30.0,183.0
51653,Ukraine,2020-08-20,2225,Deaths,43.0,202.0
51654,Ukraine,2020-08-21,2248,Deaths,23.0,206.0
51655,Ukraine,2020-08-22,2286,Deaths,38.0,210.0
51656,Ukraine,2020-08-23,2313,Deaths,27.0,213.0
51657,Ukraine,2020-08-24,2335,Deaths,22.0,213.0
51658,Ukraine,2020-08-25,2362,Deaths,27.0,210.0
51659,Ukraine,2020-08-26,2399,Deaths,37.0,217.0
51660,Ukraine,2020-08-27,2449,Deaths,50.0,224.0
51661,Ukraine,2020-08-28,2499,Deaths,50.0,251.0
51662,Ukraine,2020-08-29,2540,Deaths,41.0,254.0
51663,Ukraine,2020-08-30,2575,Deaths,35.0,262.0
51664,Ukraine,2020-08-31,2605,Deaths,30.0,270.0
51665,Ukraine,2020-09-01,2654,Deaths,49.0,292.0
51666,Ukraine,2020-09-02,2705,Deaths,51.0,306.0
51667,Ukraine,2020-09-03,2759,Deaths,54.0,310.0
51668,Ukraine,2020-09-04,2812,Deaths,53.0,313.0
51669,Ukraine,2020-09-05,2863,Deaths,51.0,323.0
51670,Ukraine,2020-09-06,2898,Deaths,35.0,323.0
51671,Ukraine,2020-09-07,2930,Deaths,32.0,325.0
51672,Ukraine,2020-09-08,2988,Deaths,58.0,334.0
51673,Ukraine,2020-09-09,3034,Deaths,46.0,329.0
51674,Ukraine,2020-09-10,3079,Deaths,45.0,320.0
51675,Ukraine,2020-09-11,3132,Deaths,53.0,320.0
51676,Ukraine,2020-09-12,3206,Deaths,74.0,343.0
51677,Ukraine,2020-09-13,3239,Deaths,33.0,341.0
51678,Ukraine,2020-09-14,3273,Deaths,34.0,343.0
51679,Ukraine,2020-09-15,3326,Deaths,53.0,338.0
51680,Ukraine,2020-09-16,3404,Deaths,78.0,370.0
51681,Ukraine,2020-09-17,3465,Deaths,61.0,386.0
51682,Ukraine,2020-09-18,3535,Deaths,70.0,403.0
51683,Ukraine,2020-09-19,3585,Deaths,50.0,379.0
51684,Ukraine,2020-09-20,3626,Deaths,41.0,387.0
51685,Ukraine,2020-09-21,3652,Deaths,26.0,379.0
51686,Ukraine,2020-09-22,3716,Deaths,64.0,390.0
51687,Ukraine,2020-09-23,3784,Deaths,68.0,380.0
51688,Ukraine,2020-09-24,3838,Deaths,54.0,373.0
51689,Ukraine,2020-09-25,3910,Deaths,72.0,375.0
51690,Ukraine,2020-09-26,3988,Deaths,78.0,403.0
51691,Ukraine,2020-09-27,4044,Deaths,56.0,418.0
51692,Ukraine,2020-09-28,4082,Deaths,38.0,430.0
51693,Ukraine,2020-09-29,4154,Deaths,72.0,438.0
51694,Ukraine,2020-09-30,4221,Deaths,67.0,437.0
51695,Ukraine,2020-10-01,4288,Deaths,67.0,450.0
51696,Ukraine,2020-10-02,4357,Deaths,69.0,447.0
51697,Ukraine,2020-10-03,4451,Deaths,94.0,463.0
51698,Ukraine,2020-10-04,4495,Deaths,44.0,451.0
51699,Ukraine,2020-10-05,4530,Deaths,35.0,448.0
51700,Ukraine,2020-10-06,4624,Deaths,94.0,470.0
51701,Ukraine,2020-10-07,4707,Deaths,83.0,486.0
51702,Ukraine,2020-10-08,4807,Deaths,100.0,519.0
51703,Ukraine,2020-10-09,4899,Deaths,92.0,542.0
51704,Ukraine,2020-10-10,5010,Deaths,111.0,559.0
51705,Ukraine,2020-10-11,5098,Deaths,88.0,603.0
51706,Ukraine,2020-10-12,5143,Deaths,45.0,613.0
51707,Ukraine,2020-10-13,5254,Deaths,111.0,630.0
51708,Ukraine,2020-10-14,5365,Deaths,111.0,658.0
51709,Ukraine,2020-10-15,5443,Deaths,78.0,636.0
51710,Ukraine,2020-10-16,5551,Deaths,108.0,652.0
51711,Ukraine,2020-10-17,5669,Deaths,118.0,659.0
51712,Ukraine,2020-10-18,5762,Deaths,93.0,664.0
51713,Ukraine,2020-10-19,5834,Deaths,72.0,691.0
51714,Ukraine,2020-10-20,5948,Deaths,114.0,694.0
51715,Ukraine,2020-10-21,6093,Deaths,145.0,728.0
51716,Ukraine,2020-10-22,6213,Deaths,120.0,770.0
51717,Ukraine,2020-10-23,6336,Deaths,123.0,785.0
51718,Ukraine,2020-10-24,6463,Deaths,127.0,794.0
51719,Ukraine,2020-10-25,6566,Deaths,103.0,804.0
51720,Ukraine,2020-10-26,6641,Deaths,75.0,807.0
51721,Ukraine,2020-10-27,6770,Deaths,129.0,822.0
51722,Ukraine,2020-10-28,6938,Deaths,168.0,845.0
51723,Ukraine,2020-10-29,7058,Deaths,120.0,845.0
51724,Ukraine,2020-10-30,7235,Deaths,177.0,899.0
51725,Ukraine,2020-10-31,7399,Deaths,164.0,936.0
51726,Ukraine,2020-11-01,7515,Deaths,116.0,949.0
51727,Ukraine,2020-11-02,7584,Deaths,69.0,943.0
51728,Ukraine,2020-11-03,7749,Deaths,165.0,979.0
51729,Ukraine,2020-11-04,7952,Deaths,203.0,1014.0
51730,Ukraine,2020-11-05,8148,Deaths,196.0,1090.0
51731,United Arab Emirates,2020-01-22,0,Deaths,,
51732,United Arab Emirates,2020-01-23,0,Deaths,0.0,
51733,United Arab Emirates,2020-01-24,0,Deaths,0.0,
51734,United Arab Emirates,2020-01-25,0,Deaths,0.0,
51735,United Arab Emirates,2020-01-26,0,Deaths,0.0,
51736,United Arab Emirates,2020-01-27,0,Deaths,0.0,
51737,United Arab Emirates,2020-01-28,0,Deaths,0.0,
51738,United Arab Emirates,2020-01-29,0,Deaths,0.0,0.0
51739,United Arab Emirates,2020-01-30,0,Deaths,0.0,0.0
51740,United Arab Emirates,2020-01-31,0,Deaths,0.0,0.0
51741,United Arab Emirates,2020-02-01,0,Deaths,0.0,0.0
51742,United Arab Emirates,2020-02-02,0,Deaths,0.0,0.0
51743,United Arab Emirates,2020-02-03,0,Deaths,0.0,0.0
51744,United Arab Emirates,2020-02-04,0,Deaths,0.0,0.0
51745,United Arab Emirates,2020-02-05,0,Deaths,0.0,0.0
51746,United Arab Emirates,2020-02-06,0,Deaths,0.0,0.0
51747,United Arab Emirates,2020-02-07,0,Deaths,0.0,0.0
51748,United Arab Emirates,2020-02-08,0,Deaths,0.0,0.0
51749,United Arab Emirates,2020-02-09,0,Deaths,0.0,0.0
51750,United Arab Emirates,2020-02-10,0,Deaths,0.0,0.0
51751,United Arab Emirates,2020-02-11,0,Deaths,0.0,0.0
51752,United Arab Emirates,2020-02-12,0,Deaths,0.0,0.0
51753,United Arab Emirates,2020-02-13,0,Deaths,0.0,0.0
51754,United Arab Emirates,2020-02-14,0,Deaths,0.0,0.0
51755,United Arab Emirates,2020-02-15,0,Deaths,0.0,0.0
51756,United Arab Emirates,2020-02-16,0,Deaths,0.0,0.0
51757,United Arab Emirates,2020-02-17,0,Deaths,0.0,0.0
51758,United Arab Emirates,2020-02-18,0,Deaths,0.0,0.0
51759,United Arab Emirates,2020-02-19,0,Deaths,0.0,0.0
51760,United Arab Emirates,2020-02-20,0,Deaths,0.0,0.0
51761,United Arab Emirates,2020-02-21,0,Deaths,0.0,0.0
51762,United Arab Emirates,2020-02-22,0,Deaths,0.0,0.0
51763,United Arab Emirates,2020-02-23,0,Deaths,0.0,0.0
51764,United Arab Emirates,2020-02-24,0,Deaths,0.0,0.0
51765,United Arab Emirates,2020-02-25,0,Deaths,0.0,0.0
51766,United Arab Emirates,2020-02-26,0,Deaths,0.0,0.0
51767,United Arab Emirates,2020-02-27,0,Deaths,0.0,0.0
51768,United Arab Emirates,2020-02-28,0,Deaths,0.0,0.0
51769,United Arab Emirates,2020-02-29,0,Deaths,0.0,0.0
51770,United Arab Emirates,2020-03-01,0,Deaths,0.0,0.0
51771,United Arab Emirates,2020-03-02,0,Deaths,0.0,0.0
51772,United Arab Emirates,2020-03-03,0,Deaths,0.0,0.0
51773,United Arab Emirates,2020-03-04,0,Deaths,0.0,0.0
51774,United Arab Emirates,2020-03-05,0,Deaths,0.0,0.0
51775,United Arab Emirates,2020-03-06,0,Deaths,0.0,0.0
51776,United Arab Emirates,2020-03-07,0,Deaths,0.0,0.0
51777,United Arab Emirates,2020-03-08,0,Deaths,0.0,0.0
51778,United Arab Emirates,2020-03-09,0,Deaths,0.0,0.0
51779,United Arab Emirates,2020-03-10,0,Deaths,0.0,0.0
51780,United Arab Emirates,2020-03-11,0,Deaths,0.0,0.0
51781,United Arab Emirates,2020-03-12,0,Deaths,0.0,0.0
51782,United Arab Emirates,2020-03-13,0,Deaths,0.0,0.0
51783,United Arab Emirates,2020-03-14,0,Deaths,0.0,0.0
51784,United Arab Emirates,2020-03-15,0,Deaths,0.0,0.0
51785,United Arab Emirates,2020-03-16,0,Deaths,0.0,0.0
51786,United Arab Emirates,2020-03-17,0,Deaths,0.0,0.0
51787,United Arab Emirates,2020-03-18,0,Deaths,0.0,0.0
51788,United Arab Emirates,2020-03-19,0,Deaths,0.0,0.0
51789,United Arab Emirates,2020-03-20,2,Deaths,2.0,2.0
51790,United Arab Emirates,2020-03-21,2,Deaths,0.0,2.0
51791,United Arab Emirates,2020-03-22,2,Deaths,0.0,2.0
51792,United Arab Emirates,2020-03-23,2,Deaths,0.0,2.0
51793,United Arab Emirates,2020-03-24,2,Deaths,0.0,2.0
51794,United Arab Emirates,2020-03-25,2,Deaths,0.0,2.0
51795,United Arab Emirates,2020-03-26,2,Deaths,0.0,2.0
51796,United Arab Emirates,2020-03-27,2,Deaths,0.0,0.0
51797,United Arab Emirates,2020-03-28,2,Deaths,0.0,0.0
51798,United Arab Emirates,2020-03-29,3,Deaths,1.0,1.0
51799,United Arab Emirates,2020-03-30,5,Deaths,2.0,3.0
51800,United Arab Emirates,2020-03-31,6,Deaths,1.0,4.0
51801,United Arab Emirates,2020-04-01,8,Deaths,2.0,6.0
51802,United Arab Emirates,2020-04-02,8,Deaths,0.0,6.0
51803,United Arab Emirates,2020-04-03,9,Deaths,1.0,7.0
51804,United Arab Emirates,2020-04-04,10,Deaths,1.0,8.0
51805,United Arab Emirates,2020-04-05,10,Deaths,0.0,7.0
51806,United Arab Emirates,2020-04-06,11,Deaths,1.0,6.0
51807,United Arab Emirates,2020-04-07,12,Deaths,1.0,6.0
51808,United Arab Emirates,2020-04-08,12,Deaths,0.0,4.0
51809,United Arab Emirates,2020-04-09,14,Deaths,2.0,6.0
51810,United Arab Emirates,2020-04-10,16,Deaths,2.0,7.0
51811,United Arab Emirates,2020-04-11,20,Deaths,4.0,10.0
51812,United Arab Emirates,2020-04-12,22,Deaths,2.0,12.0
51813,United Arab Emirates,2020-04-13,25,Deaths,3.0,14.0
51814,United Arab Emirates,2020-04-14,28,Deaths,3.0,16.0
51815,United Arab Emirates,2020-04-15,33,Deaths,5.0,21.0
51816,United Arab Emirates,2020-04-16,35,Deaths,2.0,21.0
51817,United Arab Emirates,2020-04-17,37,Deaths,2.0,21.0
51818,United Arab Emirates,2020-04-18,37,Deaths,0.0,17.0
51819,United Arab Emirates,2020-04-19,41,Deaths,4.0,19.0
51820,United Arab Emirates,2020-04-20,43,Deaths,2.0,18.0
51821,United Arab Emirates,2020-04-21,46,Deaths,3.0,18.0
51822,United Arab Emirates,2020-04-22,52,Deaths,6.0,19.0
51823,United Arab Emirates,2020-04-23,56,Deaths,4.0,21.0
51824,United Arab Emirates,2020-04-24,64,Deaths,8.0,27.0
51825,United Arab Emirates,2020-04-25,71,Deaths,7.0,34.0
51826,United Arab Emirates,2020-04-26,76,Deaths,5.0,35.0
51827,United Arab Emirates,2020-04-27,82,Deaths,6.0,39.0
51828,United Arab Emirates,2020-04-28,89,Deaths,7.0,43.0
51829,United Arab Emirates,2020-04-29,98,Deaths,9.0,46.0
51830,United Arab Emirates,2020-04-30,105,Deaths,7.0,49.0
51831,United Arab Emirates,2020-05-01,111,Deaths,6.0,47.0
51832,United Arab Emirates,2020-05-02,119,Deaths,8.0,48.0
51833,United Arab Emirates,2020-05-03,126,Deaths,7.0,50.0
51834,United Arab Emirates,2020-05-04,137,Deaths,11.0,55.0
51835,United Arab Emirates,2020-05-05,146,Deaths,9.0,57.0
51836,United Arab Emirates,2020-05-06,157,Deaths,11.0,59.0
51837,United Arab Emirates,2020-05-07,165,Deaths,8.0,60.0
51838,United Arab Emirates,2020-05-08,174,Deaths,9.0,63.0
51839,United Arab Emirates,2020-05-09,185,Deaths,11.0,66.0
51840,United Arab Emirates,2020-05-10,198,Deaths,13.0,72.0
51841,United Arab Emirates,2020-05-11,201,Deaths,3.0,64.0
51842,United Arab Emirates,2020-05-12,203,Deaths,2.0,57.0
51843,United Arab Emirates,2020-05-13,206,Deaths,3.0,49.0
51844,United Arab Emirates,2020-05-14,208,Deaths,2.0,43.0
51845,United Arab Emirates,2020-05-15,210,Deaths,2.0,36.0
51846,United Arab Emirates,2020-05-16,214,Deaths,4.0,29.0
51847,United Arab Emirates,2020-05-17,220,Deaths,6.0,22.0
51848,United Arab Emirates,2020-05-18,224,Deaths,4.0,23.0
51849,United Arab Emirates,2020-05-19,227,Deaths,3.0,24.0
51850,United Arab Emirates,2020-05-20,233,Deaths,6.0,27.0
51851,United Arab Emirates,2020-05-21,237,Deaths,4.0,29.0
51852,United Arab Emirates,2020-05-22,241,Deaths,4.0,31.0
51853,United Arab Emirates,2020-05-23,244,Deaths,3.0,30.0
51854,United Arab Emirates,2020-05-24,245,Deaths,1.0,25.0
51855,United Arab Emirates,2020-05-25,248,Deaths,3.0,24.0
51856,United Arab Emirates,2020-05-26,253,Deaths,5.0,26.0
51857,United Arab Emirates,2020-05-27,255,Deaths,2.0,22.0
51858,United Arab Emirates,2020-05-28,258,Deaths,3.0,21.0
51859,United Arab Emirates,2020-05-29,260,Deaths,2.0,19.0
51860,United Arab Emirates,2020-05-30,262,Deaths,2.0,18.0
51861,United Arab Emirates,2020-05-31,264,Deaths,2.0,19.0
51862,United Arab Emirates,2020-06-01,266,Deaths,2.0,18.0
51863,United Arab Emirates,2020-06-02,269,Deaths,3.0,16.0
51864,United Arab Emirates,2020-06-03,270,Deaths,1.0,15.0
51865,United Arab Emirates,2020-06-04,273,Deaths,3.0,15.0
51866,United Arab Emirates,2020-06-05,274,Deaths,1.0,14.0
51867,United Arab Emirates,2020-06-06,275,Deaths,1.0,13.0
51868,United Arab Emirates,2020-06-07,276,Deaths,1.0,12.0
51869,United Arab Emirates,2020-06-08,281,Deaths,5.0,15.0
51870,United Arab Emirates,2020-06-09,283,Deaths,2.0,14.0
51871,United Arab Emirates,2020-06-10,284,Deaths,1.0,14.0
51872,United Arab Emirates,2020-06-11,286,Deaths,2.0,13.0
51873,United Arab Emirates,2020-06-12,287,Deaths,1.0,13.0
51874,United Arab Emirates,2020-06-13,288,Deaths,1.0,13.0
51875,United Arab Emirates,2020-06-14,289,Deaths,1.0,13.0
51876,United Arab Emirates,2020-06-15,291,Deaths,2.0,10.0
51877,United Arab Emirates,2020-06-16,293,Deaths,2.0,10.0
51878,United Arab Emirates,2020-06-17,295,Deaths,2.0,11.0
51879,United Arab Emirates,2020-06-18,298,Deaths,3.0,12.0
51880,United Arab Emirates,2020-06-19,300,Deaths,2.0,13.0
51881,United Arab Emirates,2020-06-20,301,Deaths,1.0,13.0
51882,United Arab Emirates,2020-06-21,302,Deaths,1.0,13.0
51883,United Arab Emirates,2020-06-22,303,Deaths,1.0,12.0
51884,United Arab Emirates,2020-06-23,305,Deaths,2.0,12.0
51885,United Arab Emirates,2020-06-24,307,Deaths,2.0,12.0
51886,United Arab Emirates,2020-06-25,308,Deaths,1.0,10.0
51887,United Arab Emirates,2020-06-26,310,Deaths,2.0,10.0
51888,United Arab Emirates,2020-06-27,311,Deaths,1.0,10.0
51889,United Arab Emirates,2020-06-28,313,Deaths,2.0,11.0
51890,United Arab Emirates,2020-06-29,314,Deaths,1.0,11.0
51891,United Arab Emirates,2020-06-30,315,Deaths,1.0,10.0
51892,United Arab Emirates,2020-07-01,316,Deaths,1.0,9.0
51893,United Arab Emirates,2020-07-02,317,Deaths,1.0,9.0
51894,United Arab Emirates,2020-07-03,318,Deaths,1.0,8.0
51895,United Arab Emirates,2020-07-04,321,Deaths,3.0,10.0
51896,United Arab Emirates,2020-07-05,323,Deaths,2.0,10.0
51897,United Arab Emirates,2020-07-06,324,Deaths,1.0,10.0
51898,United Arab Emirates,2020-07-07,326,Deaths,2.0,11.0
51899,United Arab Emirates,2020-07-08,327,Deaths,1.0,11.0
51900,United Arab Emirates,2020-07-09,328,Deaths,1.0,11.0
51901,United Arab Emirates,2020-07-10,330,Deaths,2.0,12.0
51902,United Arab Emirates,2020-07-11,331,Deaths,1.0,10.0
51903,United Arab Emirates,2020-07-12,333,Deaths,2.0,10.0
51904,United Arab Emirates,2020-07-13,334,Deaths,1.0,10.0
51905,United Arab Emirates,2020-07-14,335,Deaths,1.0,9.0
51906,United Arab Emirates,2020-07-15,335,Deaths,0.0,8.0
51907,United Arab Emirates,2020-07-16,335,Deaths,0.0,7.0
51908,United Arab Emirates,2020-07-17,337,Deaths,2.0,7.0
51909,United Arab Emirates,2020-07-18,338,Deaths,1.0,7.0
51910,United Arab Emirates,2020-07-19,339,Deaths,1.0,6.0
51911,United Arab Emirates,2020-07-20,340,Deaths,1.0,6.0
51912,United Arab Emirates,2020-07-21,341,Deaths,1.0,6.0
51913,United Arab Emirates,2020-07-22,342,Deaths,1.0,7.0
51914,United Arab Emirates,2020-07-23,342,Deaths,0.0,7.0
51915,United Arab Emirates,2020-07-24,343,Deaths,1.0,6.0
51916,United Arab Emirates,2020-07-25,343,Deaths,0.0,5.0
51917,United Arab Emirates,2020-07-26,344,Deaths,1.0,5.0
51918,United Arab Emirates,2020-07-27,345,Deaths,1.0,5.0
51919,United Arab Emirates,2020-07-28,347,Deaths,2.0,6.0
51920,United Arab Emirates,2020-07-29,347,Deaths,0.0,5.0
51921,United Arab Emirates,2020-07-30,349,Deaths,2.0,7.0
51922,United Arab Emirates,2020-07-31,351,Deaths,2.0,8.0
51923,United Arab Emirates,2020-08-01,351,Deaths,0.0,8.0
51924,United Arab Emirates,2020-08-02,351,Deaths,0.0,7.0
51925,United Arab Emirates,2020-08-03,351,Deaths,0.0,6.0
51926,United Arab Emirates,2020-08-04,351,Deaths,0.0,4.0
51927,United Arab Emirates,2020-08-05,353,Deaths,2.0,6.0
51928,United Arab Emirates,2020-08-06,354,Deaths,1.0,5.0
51929,United Arab Emirates,2020-08-07,356,Deaths,2.0,5.0
51930,United Arab Emirates,2020-08-08,356,Deaths,0.0,5.0
51931,United Arab Emirates,2020-08-09,357,Deaths,1.0,6.0
51932,United Arab Emirates,2020-08-10,357,Deaths,0.0,6.0
51933,United Arab Emirates,2020-08-11,358,Deaths,1.0,7.0
51934,United Arab Emirates,2020-08-12,358,Deaths,0.0,5.0
51935,United Arab Emirates,2020-08-13,358,Deaths,0.0,4.0
51936,United Arab Emirates,2020-08-14,359,Deaths,1.0,3.0
51937,United Arab Emirates,2020-08-15,361,Deaths,2.0,5.0
51938,United Arab Emirates,2020-08-16,364,Deaths,3.0,7.0
51939,United Arab Emirates,2020-08-17,364,Deaths,0.0,7.0
51940,United Arab Emirates,2020-08-18,366,Deaths,2.0,8.0
51941,United Arab Emirates,2020-08-19,367,Deaths,1.0,9.0
51942,United Arab Emirates,2020-08-20,369,Deaths,2.0,11.0
51943,United Arab Emirates,2020-08-21,370,Deaths,1.0,11.0
51944,United Arab Emirates,2020-08-22,372,Deaths,2.0,11.0
51945,United Arab Emirates,2020-08-23,375,Deaths,3.0,11.0
51946,United Arab Emirates,2020-08-24,376,Deaths,1.0,12.0
51947,United Arab Emirates,2020-08-25,377,Deaths,1.0,11.0
51948,United Arab Emirates,2020-08-26,378,Deaths,1.0,11.0
51949,United Arab Emirates,2020-08-27,378,Deaths,0.0,9.0
51950,United Arab Emirates,2020-08-28,379,Deaths,1.0,9.0
51951,United Arab Emirates,2020-08-29,379,Deaths,0.0,7.0
51952,United Arab Emirates,2020-08-30,382,Deaths,3.0,7.0
51953,United Arab Emirates,2020-08-31,384,Deaths,2.0,8.0
51954,United Arab Emirates,2020-09-01,384,Deaths,0.0,7.0
51955,United Arab Emirates,2020-09-02,387,Deaths,3.0,9.0
51956,United Arab Emirates,2020-09-03,387,Deaths,0.0,9.0
51957,United Arab Emirates,2020-09-04,387,Deaths,0.0,8.0
51958,United Arab Emirates,2020-09-05,388,Deaths,1.0,9.0
51959,United Arab Emirates,2020-09-06,388,Deaths,0.0,6.0
51960,United Arab Emirates,2020-09-07,390,Deaths,2.0,6.0
51961,United Arab Emirates,2020-09-08,391,Deaths,1.0,7.0
51962,United Arab Emirates,2020-09-09,393,Deaths,2.0,6.0
51963,United Arab Emirates,2020-09-10,398,Deaths,5.0,11.0
51964,United Arab Emirates,2020-09-11,398,Deaths,0.0,11.0
51965,United Arab Emirates,2020-09-12,399,Deaths,1.0,11.0
51966,United Arab Emirates,2020-09-13,399,Deaths,0.0,11.0
51967,United Arab Emirates,2020-09-14,399,Deaths,0.0,9.0
51968,United Arab Emirates,2020-09-15,401,Deaths,2.0,10.0
51969,United Arab Emirates,2020-09-16,402,Deaths,1.0,9.0
51970,United Arab Emirates,2020-09-17,402,Deaths,0.0,4.0
51971,United Arab Emirates,2020-09-18,403,Deaths,1.0,5.0
51972,United Arab Emirates,2020-09-19,404,Deaths,1.0,5.0
51973,United Arab Emirates,2020-09-20,404,Deaths,0.0,5.0
51974,United Arab Emirates,2020-09-21,405,Deaths,1.0,6.0
51975,United Arab Emirates,2020-09-22,405,Deaths,0.0,4.0
51976,United Arab Emirates,2020-09-23,406,Deaths,1.0,4.0
51977,United Arab Emirates,2020-09-24,407,Deaths,1.0,5.0
51978,United Arab Emirates,2020-09-25,409,Deaths,2.0,6.0
51979,United Arab Emirates,2020-09-26,411,Deaths,2.0,7.0
51980,United Arab Emirates,2020-09-27,412,Deaths,1.0,8.0
51981,United Arab Emirates,2020-09-28,413,Deaths,1.0,8.0
51982,United Arab Emirates,2020-09-29,416,Deaths,3.0,11.0
51983,United Arab Emirates,2020-09-30,419,Deaths,3.0,13.0
51984,United Arab Emirates,2020-10-01,421,Deaths,2.0,14.0
51985,United Arab Emirates,2020-10-02,424,Deaths,3.0,15.0
51986,United Arab Emirates,2020-10-03,426,Deaths,2.0,15.0
51987,United Arab Emirates,2020-10-04,426,Deaths,0.0,14.0
51988,United Arab Emirates,2020-10-05,429,Deaths,3.0,16.0
51989,United Arab Emirates,2020-10-06,435,Deaths,6.0,19.0
51990,United Arab Emirates,2020-10-07,436,Deaths,1.0,17.0
51991,United Arab Emirates,2020-10-08,438,Deaths,2.0,17.0
51992,United Arab Emirates,2020-10-09,442,Deaths,4.0,18.0
51993,United Arab Emirates,2020-10-10,443,Deaths,1.0,17.0
51994,United Arab Emirates,2020-10-11,445,Deaths,2.0,19.0
51995,United Arab Emirates,2020-10-12,446,Deaths,1.0,17.0
51996,United Arab Emirates,2020-10-13,448,Deaths,2.0,13.0
51997,United Arab Emirates,2020-10-14,450,Deaths,2.0,14.0
51998,United Arab Emirates,2020-10-15,452,Deaths,2.0,14.0
51999,United Arab Emirates,2020-10-16,455,Deaths,3.0,13.0
52000,United Arab Emirates,2020-10-17,459,Deaths,4.0,16.0
52001,United Arab Emirates,2020-10-18,463,Deaths,4.0,18.0
52002,United Arab Emirates,2020-10-19,466,Deaths,3.0,20.0
52003,United Arab Emirates,2020-10-20,470,Deaths,4.0,22.0
52004,United Arab Emirates,2020-10-21,472,Deaths,2.0,22.0
52005,United Arab Emirates,2020-10-22,474,Deaths,2.0,22.0
52006,United Arab Emirates,2020-10-23,475,Deaths,1.0,20.0
52007,United Arab Emirates,2020-10-24,475,Deaths,0.0,16.0
52008,United Arab Emirates,2020-10-25,477,Deaths,2.0,14.0
52009,United Arab Emirates,2020-10-26,480,Deaths,3.0,14.0
52010,United Arab Emirates,2020-10-27,482,Deaths,2.0,12.0
52011,United Arab Emirates,2020-10-28,485,Deaths,3.0,13.0
52012,United Arab Emirates,2020-10-29,488,Deaths,3.0,14.0
52013,United Arab Emirates,2020-10-30,490,Deaths,2.0,15.0
52014,United Arab Emirates,2020-10-31,495,Deaths,5.0,20.0
52015,United Arab Emirates,2020-11-01,496,Deaths,1.0,19.0
52016,United Arab Emirates,2020-11-02,497,Deaths,1.0,17.0
52017,United Arab Emirates,2020-11-03,503,Deaths,6.0,21.0
52018,United Arab Emirates,2020-11-04,505,Deaths,2.0,20.0
52019,United Arab Emirates,2020-11-05,508,Deaths,3.0,20.0
52020,United Kingdom,2020-01-22,0,Deaths,,
52021,United Kingdom,2020-01-23,0,Deaths,0.0,
52022,United Kingdom,2020-01-24,0,Deaths,0.0,
52023,United Kingdom,2020-01-25,0,Deaths,0.0,
52024,United Kingdom,2020-01-26,0,Deaths,0.0,
52025,United Kingdom,2020-01-27,0,Deaths,0.0,
52026,United Kingdom,2020-01-28,0,Deaths,0.0,
52027,United Kingdom,2020-01-29,0,Deaths,0.0,0.0
52028,United Kingdom,2020-01-30,0,Deaths,0.0,0.0
52029,United Kingdom,2020-01-31,0,Deaths,0.0,0.0
52030,United Kingdom,2020-02-01,0,Deaths,0.0,0.0
52031,United Kingdom,2020-02-02,0,Deaths,0.0,0.0
52032,United Kingdom,2020-02-03,0,Deaths,0.0,0.0
52033,United Kingdom,2020-02-04,0,Deaths,0.0,0.0
52034,United Kingdom,2020-02-05,0,Deaths,0.0,0.0
52035,United Kingdom,2020-02-06,0,Deaths,0.0,0.0
52036,United Kingdom,2020-02-07,0,Deaths,0.0,0.0
52037,United Kingdom,2020-02-08,0,Deaths,0.0,0.0
52038,United Kingdom,2020-02-09,0,Deaths,0.0,0.0
52039,United Kingdom,2020-02-10,0,Deaths,0.0,0.0
52040,United Kingdom,2020-02-11,0,Deaths,0.0,0.0
52041,United Kingdom,2020-02-12,0,Deaths,0.0,0.0
52042,United Kingdom,2020-02-13,0,Deaths,0.0,0.0
52043,United Kingdom,2020-02-14,0,Deaths,0.0,0.0
52044,United Kingdom,2020-02-15,0,Deaths,0.0,0.0
52045,United Kingdom,2020-02-16,0,Deaths,0.0,0.0
52046,United Kingdom,2020-02-17,0,Deaths,0.0,0.0
52047,United Kingdom,2020-02-18,0,Deaths,0.0,0.0
52048,United Kingdom,2020-02-19,0,Deaths,0.0,0.0
52049,United Kingdom,2020-02-20,0,Deaths,0.0,0.0
52050,United Kingdom,2020-02-21,0,Deaths,0.0,0.0
52051,United Kingdom,2020-02-22,0,Deaths,0.0,0.0
52052,United Kingdom,2020-02-23,0,Deaths,0.0,0.0
52053,United Kingdom,2020-02-24,0,Deaths,0.0,0.0
52054,United Kingdom,2020-02-25,0,Deaths,0.0,0.0
52055,United Kingdom,2020-02-26,0,Deaths,0.0,0.0
52056,United Kingdom,2020-02-27,0,Deaths,0.0,0.0
52057,United Kingdom,2020-02-28,0,Deaths,0.0,0.0
52058,United Kingdom,2020-02-29,0,Deaths,0.0,0.0
52059,United Kingdom,2020-03-01,0,Deaths,0.0,0.0
52060,United Kingdom,2020-03-02,0,Deaths,0.0,0.0
52061,United Kingdom,2020-03-03,0,Deaths,0.0,0.0
52062,United Kingdom,2020-03-04,0,Deaths,0.0,0.0
52063,United Kingdom,2020-03-05,0,Deaths,0.0,0.0
52064,United Kingdom,2020-03-06,1,Deaths,1.0,1.0
52065,United Kingdom,2020-03-07,2,Deaths,1.0,2.0
52066,United Kingdom,2020-03-08,2,Deaths,0.0,2.0
52067,United Kingdom,2020-03-09,3,Deaths,1.0,3.0
52068,United Kingdom,2020-03-10,7,Deaths,4.0,7.0
52069,United Kingdom,2020-03-11,7,Deaths,0.0,7.0
52070,United Kingdom,2020-03-12,9,Deaths,2.0,9.0
52071,United Kingdom,2020-03-13,10,Deaths,1.0,9.0
52072,United Kingdom,2020-03-14,29,Deaths,19.0,27.0
52073,United Kingdom,2020-03-15,43,Deaths,14.0,41.0
52074,United Kingdom,2020-03-16,66,Deaths,23.0,63.0
52075,United Kingdom,2020-03-17,83,Deaths,17.0,76.0
52076,United Kingdom,2020-03-18,117,Deaths,34.0,110.0
52077,United Kingdom,2020-03-19,163,Deaths,46.0,154.0
52078,United Kingdom,2020-03-20,195,Deaths,32.0,185.0
52079,United Kingdom,2020-03-21,253,Deaths,58.0,224.0
52080,United Kingdom,2020-03-22,289,Deaths,36.0,246.0
52081,United Kingdom,2020-03-23,365,Deaths,76.0,299.0
52082,United Kingdom,2020-03-24,513,Deaths,148.0,430.0
52083,United Kingdom,2020-03-25,704,Deaths,191.0,587.0
52084,United Kingdom,2020-03-26,886,Deaths,182.0,723.0
52085,United Kingdom,2020-03-27,1174,Deaths,288.0,979.0
52086,United Kingdom,2020-03-28,1466,Deaths,292.0,1213.0
52087,United Kingdom,2020-03-29,1679,Deaths,213.0,1390.0
52088,United Kingdom,2020-03-30,2053,Deaths,374.0,1688.0
52089,United Kingdom,2020-03-31,2457,Deaths,404.0,1944.0
52090,United Kingdom,2020-04-01,3130,Deaths,673.0,2426.0
52091,United Kingdom,2020-04-02,3787,Deaths,657.0,2901.0
52092,United Kingdom,2020-04-03,4524,Deaths,737.0,3350.0
52093,United Kingdom,2020-04-04,5281,Deaths,757.0,3815.0
52094,United Kingdom,2020-04-05,5882,Deaths,601.0,4203.0
52095,United Kingdom,2020-04-06,6452,Deaths,570.0,4399.0
52096,United Kingdom,2020-04-07,7557,Deaths,1105.0,5100.0
52097,United Kingdom,2020-04-08,8589,Deaths,1032.0,5459.0
52098,United Kingdom,2020-04-09,9706,Deaths,1117.0,5919.0
52099,United Kingdom,2020-04-10,10829,Deaths,1123.0,6305.0
52100,United Kingdom,2020-04-11,11673,Deaths,844.0,6392.0
52101,United Kingdom,2020-04-12,12330,Deaths,657.0,6448.0
52102,United Kingdom,2020-04-13,13055,Deaths,725.0,6603.0
52103,United Kingdom,2020-04-14,14135,Deaths,1080.0,6578.0
52104,United Kingdom,2020-04-15,15019,Deaths,884.0,6430.0
52105,United Kingdom,2020-04-16,16059,Deaths,1040.0,6353.0
52106,United Kingdom,2020-04-17,16973,Deaths,914.0,6144.0
52107,United Kingdom,2020-04-18,18081,Deaths,1108.0,6408.0
52108,United Kingdom,2020-04-19,18514,Deaths,433.0,6184.0
52109,United Kingdom,2020-04-20,19090,Deaths,576.0,6035.0
52110,United Kingdom,2020-04-21,20314,Deaths,1224.0,6179.0
52111,United Kingdom,2020-04-22,21171,Deaths,857.0,6152.0
52112,United Kingdom,2020-04-23,21855,Deaths,684.0,5796.0
52113,United Kingdom,2020-04-24,22873,Deaths,1018.0,5900.0
52114,United Kingdom,2020-04-25,23689,Deaths,816.0,5608.0
52115,United Kingdom,2020-04-26,24053,Deaths,364.0,5539.0
52116,United Kingdom,2020-04-27,24376,Deaths,323.0,5286.0
52117,United Kingdom,2020-04-28,25347,Deaths,971.0,5033.0
52118,United Kingdom,2020-04-29,26118,Deaths,771.0,4947.0
52119,United Kingdom,2020-04-30,26754,Deaths,636.0,4899.0
52120,United Kingdom,2020-05-01,27454,Deaths,700.0,4581.0
52121,United Kingdom,2020-05-02,28039,Deaths,585.0,4350.0
52122,United Kingdom,2020-05-03,28292,Deaths,253.0,4239.0
52123,United Kingdom,2020-05-04,28565,Deaths,273.0,4189.0
52124,United Kingdom,2020-05-05,29290,Deaths,725.0,3943.0
52125,United Kingdom,2020-05-06,29937,Deaths,647.0,3819.0
52126,United Kingdom,2020-05-07,30395,Deaths,458.0,3641.0
52127,United Kingdom,2020-05-08,30975,Deaths,580.0,3521.0
52128,United Kingdom,2020-05-09,31250,Deaths,275.0,3211.0
52129,United Kingdom,2020-05-10,31467,Deaths,217.0,3175.0
52130,United Kingdom,2020-05-11,31655,Deaths,188.0,3090.0
52131,United Kingdom,2020-05-12,32270,Deaths,615.0,2980.0
52132,United Kingdom,2020-05-13,32718,Deaths,448.0,2781.0
52133,United Kingdom,2020-05-14,33071,Deaths,353.0,2676.0
52134,United Kingdom,2020-05-15,33422,Deaths,351.0,2447.0
52135,United Kingdom,2020-05-16,33833,Deaths,411.0,2583.0
52136,United Kingdom,2020-05-17,33900,Deaths,67.0,2433.0
52137,United Kingdom,2020-05-18,34046,Deaths,146.0,2391.0
52138,United Kingdom,2020-05-19,34547,Deaths,501.0,2277.0
52139,United Kingdom,2020-05-20,34876,Deaths,329.0,2158.0
52140,United Kingdom,2020-05-21,35149,Deaths,273.0,2078.0
52141,United Kingdom,2020-05-22,35440,Deaths,291.0,2018.0
52142,United Kingdom,2020-05-23,35660,Deaths,220.0,1827.0
52143,United Kingdom,2020-05-24,36039,Deaths,379.0,2139.0
52144,United Kingdom,2020-05-25,36143,Deaths,104.0,2097.0
52145,United Kingdom,2020-05-26,36274,Deaths,131.0,1727.0
52146,United Kingdom,2020-05-27,36696,Deaths,422.0,1820.0
52147,United Kingdom,2020-05-28,37039,Deaths,343.0,1890.0
52148,United Kingdom,2020-05-29,37313,Deaths,274.0,1873.0
52149,United Kingdom,2020-05-30,37467,Deaths,154.0,1807.0
52150,United Kingdom,2020-05-31,37527,Deaths,60.0,1488.0
52151,United Kingdom,2020-06-01,37613,Deaths,86.0,1470.0
52152,United Kingdom,2020-06-02,37863,Deaths,250.0,1589.0
52153,United Kingdom,2020-06-03,38117,Deaths,254.0,1421.0
52154,United Kingdom,2020-06-04,38247,Deaths,130.0,1208.0
52155,United Kingdom,2020-06-05,38505,Deaths,258.0,1192.0
52156,United Kingdom,2020-06-06,38648,Deaths,143.0,1181.0
52157,United Kingdom,2020-06-07,38702,Deaths,54.0,1175.0
52158,United Kingdom,2020-06-08,38749,Deaths,47.0,1136.0
52159,United Kingdom,2020-06-09,38946,Deaths,197.0,1083.0
52160,United Kingdom,2020-06-10,39110,Deaths,164.0,993.0
52161,United Kingdom,2020-06-11,39186,Deaths,76.0,939.0
52162,United Kingdom,2020-06-12,39317,Deaths,131.0,812.0
52163,United Kingdom,2020-06-13,39424,Deaths,107.0,776.0
52164,United Kingdom,2020-06-14,39451,Deaths,27.0,749.0
52165,United Kingdom,2020-06-15,39480,Deaths,29.0,731.0
52166,United Kingdom,2020-06-16,39600,Deaths,120.0,654.0
52167,United Kingdom,2020-06-17,39710,Deaths,110.0,600.0
52168,United Kingdom,2020-06-18,39777,Deaths,67.0,591.0
52169,United Kingdom,2020-06-19,39861,Deaths,84.0,544.0
52170,United Kingdom,2020-06-20,39932,Deaths,71.0,508.0
52171,United Kingdom,2020-06-21,39963,Deaths,31.0,512.0
52172,United Kingdom,2020-06-22,39976,Deaths,13.0,496.0
52173,United Kingdom,2020-06-23,40070,Deaths,94.0,470.0
52174,United Kingdom,2020-06-24,40157,Deaths,87.0,447.0
52175,United Kingdom,2020-06-25,40256,Deaths,99.0,479.0
52176,United Kingdom,2020-06-26,40333,Deaths,77.0,472.0
52177,United Kingdom,2020-06-27,40373,Deaths,40.0,441.0
52178,United Kingdom,2020-06-28,40404,Deaths,31.0,441.0
52179,United Kingdom,2020-06-29,40425,Deaths,21.0,449.0
52180,United Kingdom,2020-06-30,40479,Deaths,54.0,409.0
52181,United Kingdom,2020-07-01,40576,Deaths,97.0,419.0
52182,United Kingdom,2020-07-02,40617,Deaths,41.0,361.0
52183,United Kingdom,2020-07-03,40666,Deaths,49.0,333.0
52184,United Kingdom,2020-07-04,40698,Deaths,32.0,325.0
52185,United Kingdom,2020-07-05,40717,Deaths,19.0,313.0
52186,United Kingdom,2020-07-06,40728,Deaths,11.0,303.0
52187,United Kingdom,2020-07-07,40782,Deaths,54.0,303.0
52188,United Kingdom,2020-07-08,40839,Deaths,57.0,263.0
52189,United Kingdom,2020-07-09,40870,Deaths,31.0,253.0
52190,United Kingdom,2020-07-10,40904,Deaths,34.0,238.0
52191,United Kingdom,2020-07-11,40921,Deaths,17.0,223.0
52192,United Kingdom,2020-07-12,40930,Deaths,9.0,213.0
52193,United Kingdom,2020-07-13,40940,Deaths,10.0,212.0
52194,United Kingdom,2020-07-14,40984,Deaths,44.0,202.0
52195,United Kingdom,2020-07-15,41010,Deaths,26.0,171.0
52196,United Kingdom,2020-07-16,41034,Deaths,24.0,164.0
52197,United Kingdom,2020-07-17,41060,Deaths,26.0,156.0
52198,United Kingdom,2020-07-18,41069,Deaths,9.0,148.0
52199,United Kingdom,2020-07-19,41080,Deaths,11.0,150.0
52200,United Kingdom,2020-07-20,41090,Deaths,10.0,150.0
52201,United Kingdom,2020-07-21,41115,Deaths,25.0,131.0
52202,United Kingdom,2020-07-22,41132,Deaths,17.0,122.0
52203,United Kingdom,2020-07-23,41141,Deaths,9.0,107.0
52204,United Kingdom,2020-07-24,41173,Deaths,32.0,113.0
52205,United Kingdom,2020-07-25,41188,Deaths,15.0,119.0
52206,United Kingdom,2020-07-26,41196,Deaths,8.0,116.0
52207,United Kingdom,2020-07-27,41199,Deaths,3.0,109.0
52208,United Kingdom,2020-07-28,41220,Deaths,21.0,105.0
52209,United Kingdom,2020-07-29,41254,Deaths,34.0,122.0
52210,United Kingdom,2020-07-30,41254,Deaths,0.0,113.0
52211,United Kingdom,2020-07-31,41274,Deaths,20.0,101.0
52212,United Kingdom,2020-08-01,41287,Deaths,13.0,99.0
52213,United Kingdom,2020-08-02,41292,Deaths,5.0,96.0
52214,United Kingdom,2020-08-03,41293,Deaths,1.0,94.0
52215,United Kingdom,2020-08-04,41311,Deaths,18.0,91.0
52216,United Kingdom,2020-08-05,41325,Deaths,14.0,71.0
52217,United Kingdom,2020-08-06,41343,Deaths,18.0,89.0
52218,United Kingdom,2020-08-07,41355,Deaths,12.0,81.0
52219,United Kingdom,2020-08-08,41358,Deaths,3.0,71.0
52220,United Kingdom,2020-08-09,41363,Deaths,5.0,71.0
52221,United Kingdom,2020-08-10,41381,Deaths,18.0,88.0
52222,United Kingdom,2020-08-11,41394,Deaths,13.0,83.0
52223,United Kingdom,2020-08-12,41414,Deaths,20.0,89.0
52224,United Kingdom,2020-08-13,41432,Deaths,18.0,89.0
52225,United Kingdom,2020-08-14,41443,Deaths,11.0,88.0
52226,United Kingdom,2020-08-15,41446,Deaths,3.0,88.0
52227,United Kingdom,2020-08-16,41451,Deaths,5.0,88.0
52228,United Kingdom,2020-08-17,41454,Deaths,3.0,73.0
52229,United Kingdom,2020-08-18,41466,Deaths,12.0,72.0
52230,United Kingdom,2020-08-19,41483,Deaths,17.0,69.0
52231,United Kingdom,2020-08-20,41489,Deaths,6.0,57.0
52232,United Kingdom,2020-08-21,41491,Deaths,2.0,48.0
52233,United Kingdom,2020-08-22,41509,Deaths,18.0,63.0
52234,United Kingdom,2020-08-23,41515,Deaths,6.0,64.0
52235,United Kingdom,2020-08-24,41519,Deaths,4.0,65.0
52236,United Kingdom,2020-08-25,41535,Deaths,16.0,69.0
52237,United Kingdom,2020-08-26,41552,Deaths,17.0,69.0
52238,United Kingdom,2020-08-27,41564,Deaths,12.0,75.0
52239,United Kingdom,2020-08-28,41573,Deaths,9.0,82.0
52240,United Kingdom,2020-08-29,41585,Deaths,12.0,76.0
52241,United Kingdom,2020-08-30,41586,Deaths,1.0,71.0
52242,United Kingdom,2020-08-31,41589,Deaths,3.0,70.0
52243,United Kingdom,2020-09-01,41592,Deaths,3.0,57.0
52244,United Kingdom,2020-09-02,41602,Deaths,10.0,50.0
52245,United Kingdom,2020-09-03,41616,Deaths,14.0,52.0
52246,United Kingdom,2020-09-04,41626,Deaths,10.0,53.0
52247,United Kingdom,2020-09-05,41638,Deaths,12.0,53.0
52248,United Kingdom,2020-09-06,41640,Deaths,2.0,54.0
52249,United Kingdom,2020-09-07,41643,Deaths,3.0,54.0
52250,United Kingdom,2020-09-08,41675,Deaths,32.0,83.0
52251,United Kingdom,2020-09-09,41683,Deaths,8.0,81.0
52252,United Kingdom,2020-09-10,41697,Deaths,14.0,81.0
52253,United Kingdom,2020-09-11,41703,Deaths,6.0,77.0
52254,United Kingdom,2020-09-12,41712,Deaths,9.0,74.0
52255,United Kingdom,2020-09-13,41717,Deaths,5.0,77.0
52256,United Kingdom,2020-09-14,41726,Deaths,9.0,83.0
52257,United Kingdom,2020-09-15,41753,Deaths,27.0,78.0
52258,United Kingdom,2020-09-16,41773,Deaths,20.0,90.0
52259,United Kingdom,2020-09-17,41794,Deaths,21.0,97.0
52260,United Kingdom,2020-09-18,41821,Deaths,27.0,118.0
52261,United Kingdom,2020-09-19,41848,Deaths,27.0,136.0
52262,United Kingdom,2020-09-20,41866,Deaths,18.0,149.0
52263,United Kingdom,2020-09-21,41877,Deaths,11.0,151.0
52264,United Kingdom,2020-09-22,41914,Deaths,37.0,161.0
52265,United Kingdom,2020-09-23,41951,Deaths,37.0,178.0
52266,United Kingdom,2020-09-24,41991,Deaths,40.0,197.0
52267,United Kingdom,2020-09-25,42025,Deaths,34.0,204.0
52268,United Kingdom,2020-09-26,42060,Deaths,35.0,212.0
52269,United Kingdom,2020-09-27,42077,Deaths,17.0,211.0
52270,United Kingdom,2020-09-28,42090,Deaths,13.0,213.0
52271,United Kingdom,2020-09-29,42162,Deaths,72.0,248.0
52272,United Kingdom,2020-09-30,42233,Deaths,71.0,282.0
52273,United Kingdom,2020-10-01,42292,Deaths,59.0,301.0
52274,United Kingdom,2020-10-02,42358,Deaths,66.0,333.0
52275,United Kingdom,2020-10-03,42407,Deaths,49.0,347.0
52276,United Kingdom,2020-10-04,42440,Deaths,33.0,363.0
52277,United Kingdom,2020-10-05,42459,Deaths,19.0,369.0
52278,United Kingdom,2020-10-06,42535,Deaths,76.0,373.0
52279,United Kingdom,2020-10-07,42605,Deaths,70.0,372.0
52280,United Kingdom,2020-10-08,42682,Deaths,77.0,390.0
52281,United Kingdom,2020-10-09,42769,Deaths,87.0,411.0
52282,United Kingdom,2020-10-10,42850,Deaths,81.0,443.0
52283,United Kingdom,2020-10-11,42915,Deaths,65.0,475.0
52284,United Kingdom,2020-10-12,42965,Deaths,50.0,506.0
52285,United Kingdom,2020-10-13,43108,Deaths,143.0,573.0
52286,United Kingdom,2020-10-14,43245,Deaths,137.0,640.0
52287,United Kingdom,2020-10-15,43383,Deaths,138.0,701.0
52288,United Kingdom,2020-10-16,43519,Deaths,136.0,750.0
52289,United Kingdom,2020-10-17,43669,Deaths,150.0,819.0
52290,United Kingdom,2020-10-18,43736,Deaths,67.0,821.0
52291,United Kingdom,2020-10-19,43816,Deaths,80.0,851.0
52292,United Kingdom,2020-10-20,44057,Deaths,241.0,949.0
52293,United Kingdom,2020-10-21,44248,Deaths,191.0,1003.0
52294,United Kingdom,2020-10-22,44437,Deaths,189.0,1054.0
52295,United Kingdom,2020-10-23,44661,Deaths,224.0,1142.0
52296,United Kingdom,2020-10-24,44835,Deaths,174.0,1166.0
52297,United Kingdom,2020-10-25,44986,Deaths,151.0,1250.0
52298,United Kingdom,2020-10-26,45088,Deaths,102.0,1272.0
52299,United Kingdom,2020-10-27,45455,Deaths,367.0,1398.0
52300,United Kingdom,2020-10-28,45765,Deaths,310.0,1517.0
52301,United Kingdom,2020-10-29,46045,Deaths,280.0,1608.0
52302,United Kingdom,2020-10-30,46319,Deaths,274.0,1658.0
52303,United Kingdom,2020-10-31,46645,Deaths,326.0,1810.0
52304,United Kingdom,2020-11-01,46807,Deaths,162.0,1821.0
52305,United Kingdom,2020-11-02,46943,Deaths,136.0,1855.0
52306,United Kingdom,2020-11-03,47340,Deaths,397.0,1885.0
52307,United Kingdom,2020-11-04,47832,Deaths,492.0,2067.0
52308,United Kingdom,2020-11-05,48210,Deaths,378.0,2165.0
52309,Uruguay,2020-01-22,0,Deaths,,
52310,Uruguay,2020-01-23,0,Deaths,0.0,
52311,Uruguay,2020-01-24,0,Deaths,0.0,
52312,Uruguay,2020-01-25,0,Deaths,0.0,
52313,Uruguay,2020-01-26,0,Deaths,0.0,
52314,Uruguay,2020-01-27,0,Deaths,0.0,
52315,Uruguay,2020-01-28,0,Deaths,0.0,
52316,Uruguay,2020-01-29,0,Deaths,0.0,0.0
52317,Uruguay,2020-01-30,0,Deaths,0.0,0.0
52318,Uruguay,2020-01-31,0,Deaths,0.0,0.0
52319,Uruguay,2020-02-01,0,Deaths,0.0,0.0
52320,Uruguay,2020-02-02,0,Deaths,0.0,0.0
52321,Uruguay,2020-02-03,0,Deaths,0.0,0.0
52322,Uruguay,2020-02-04,0,Deaths,0.0,0.0
52323,Uruguay,2020-02-05,0,Deaths,0.0,0.0
52324,Uruguay,2020-02-06,0,Deaths,0.0,0.0
52325,Uruguay,2020-02-07,0,Deaths,0.0,0.0
52326,Uruguay,2020-02-08,0,Deaths,0.0,0.0
52327,Uruguay,2020-02-09,0,Deaths,0.0,0.0
52328,Uruguay,2020-02-10,0,Deaths,0.0,0.0
52329,Uruguay,2020-02-11,0,Deaths,0.0,0.0
52330,Uruguay,2020-02-12,0,Deaths,0.0,0.0
52331,Uruguay,2020-02-13,0,Deaths,0.0,0.0
52332,Uruguay,2020-02-14,0,Deaths,0.0,0.0
52333,Uruguay,2020-02-15,0,Deaths,0.0,0.0
52334,Uruguay,2020-02-16,0,Deaths,0.0,0.0
52335,Uruguay,2020-02-17,0,Deaths,0.0,0.0
52336,Uruguay,2020-02-18,0,Deaths,0.0,0.0
52337,Uruguay,2020-02-19,0,Deaths,0.0,0.0
52338,Uruguay,2020-02-20,0,Deaths,0.0,0.0
52339,Uruguay,2020-02-21,0,Deaths,0.0,0.0
52340,Uruguay,2020-02-22,0,Deaths,0.0,0.0
52341,Uruguay,2020-02-23,0,Deaths,0.0,0.0
52342,Uruguay,2020-02-24,0,Deaths,0.0,0.0
52343,Uruguay,2020-02-25,0,Deaths,0.0,0.0
52344,Uruguay,2020-02-26,0,Deaths,0.0,0.0
52345,Uruguay,2020-02-27,0,Deaths,0.0,0.0
52346,Uruguay,2020-02-28,0,Deaths,0.0,0.0
52347,Uruguay,2020-02-29,0,Deaths,0.0,0.0
52348,Uruguay,2020-03-01,0,Deaths,0.0,0.0
52349,Uruguay,2020-03-02,0,Deaths,0.0,0.0
52350,Uruguay,2020-03-03,0,Deaths,0.0,0.0
52351,Uruguay,2020-03-04,0,Deaths,0.0,0.0
52352,Uruguay,2020-03-05,0,Deaths,0.0,0.0
52353,Uruguay,2020-03-06,0,Deaths,0.0,0.0
52354,Uruguay,2020-03-07,0,Deaths,0.0,0.0
52355,Uruguay,2020-03-08,0,Deaths,0.0,0.0
52356,Uruguay,2020-03-09,0,Deaths,0.0,0.0
52357,Uruguay,2020-03-10,0,Deaths,0.0,0.0
52358,Uruguay,2020-03-11,0,Deaths,0.0,0.0
52359,Uruguay,2020-03-12,0,Deaths,0.0,0.0
52360,Uruguay,2020-03-13,0,Deaths,0.0,0.0
52361,Uruguay,2020-03-14,0,Deaths,0.0,0.0
52362,Uruguay,2020-03-15,0,Deaths,0.0,0.0
52363,Uruguay,2020-03-16,0,Deaths,0.0,0.0
52364,Uruguay,2020-03-17,0,Deaths,0.0,0.0
52365,Uruguay,2020-03-18,0,Deaths,0.0,0.0
52366,Uruguay,2020-03-19,0,Deaths,0.0,0.0
52367,Uruguay,2020-03-20,0,Deaths,0.0,0.0
52368,Uruguay,2020-03-21,0,Deaths,0.0,0.0
52369,Uruguay,2020-03-22,0,Deaths,0.0,0.0
52370,Uruguay,2020-03-23,0,Deaths,0.0,0.0
52371,Uruguay,2020-03-24,0,Deaths,0.0,0.0
52372,Uruguay,2020-03-25,0,Deaths,0.0,0.0
52373,Uruguay,2020-03-26,0,Deaths,0.0,0.0
52374,Uruguay,2020-03-27,0,Deaths,0.0,0.0
52375,Uruguay,2020-03-28,1,Deaths,1.0,1.0
52376,Uruguay,2020-03-29,1,Deaths,0.0,1.0
52377,Uruguay,2020-03-30,1,Deaths,0.0,1.0
52378,Uruguay,2020-03-31,1,Deaths,0.0,1.0
52379,Uruguay,2020-04-01,2,Deaths,1.0,2.0
52380,Uruguay,2020-04-02,4,Deaths,2.0,4.0
52381,Uruguay,2020-04-03,4,Deaths,0.0,4.0
52382,Uruguay,2020-04-04,5,Deaths,1.0,4.0
52383,Uruguay,2020-04-05,6,Deaths,1.0,5.0
52384,Uruguay,2020-04-06,6,Deaths,0.0,5.0
52385,Uruguay,2020-04-07,7,Deaths,1.0,6.0
52386,Uruguay,2020-04-08,7,Deaths,0.0,5.0
52387,Uruguay,2020-04-09,7,Deaths,0.0,3.0
52388,Uruguay,2020-04-10,7,Deaths,0.0,3.0
52389,Uruguay,2020-04-11,7,Deaths,0.0,2.0
52390,Uruguay,2020-04-12,7,Deaths,0.0,1.0
52391,Uruguay,2020-04-13,8,Deaths,1.0,2.0
52392,Uruguay,2020-04-14,8,Deaths,0.0,1.0
52393,Uruguay,2020-04-15,9,Deaths,1.0,2.0
52394,Uruguay,2020-04-16,9,Deaths,0.0,2.0
52395,Uruguay,2020-04-17,9,Deaths,0.0,2.0
52396,Uruguay,2020-04-18,9,Deaths,0.0,2.0
52397,Uruguay,2020-04-19,10,Deaths,1.0,3.0
52398,Uruguay,2020-04-20,10,Deaths,0.0,2.0
52399,Uruguay,2020-04-21,12,Deaths,2.0,4.0
52400,Uruguay,2020-04-22,12,Deaths,0.0,3.0
52401,Uruguay,2020-04-23,12,Deaths,0.0,3.0
52402,Uruguay,2020-04-24,12,Deaths,0.0,3.0
52403,Uruguay,2020-04-25,14,Deaths,2.0,5.0
52404,Uruguay,2020-04-26,15,Deaths,1.0,5.0
52405,Uruguay,2020-04-27,15,Deaths,0.0,5.0
52406,Uruguay,2020-04-28,15,Deaths,0.0,3.0
52407,Uruguay,2020-04-29,15,Deaths,0.0,3.0
52408,Uruguay,2020-04-30,17,Deaths,2.0,5.0
52409,Uruguay,2020-05-01,17,Deaths,0.0,5.0
52410,Uruguay,2020-05-02,17,Deaths,0.0,3.0
52411,Uruguay,2020-05-03,17,Deaths,0.0,2.0
52412,Uruguay,2020-05-04,17,Deaths,0.0,2.0
52413,Uruguay,2020-05-05,17,Deaths,0.0,2.0
52414,Uruguay,2020-05-06,17,Deaths,0.0,2.0
52415,Uruguay,2020-05-07,17,Deaths,0.0,0.0
52416,Uruguay,2020-05-08,18,Deaths,1.0,1.0
52417,Uruguay,2020-05-09,18,Deaths,0.0,1.0
52418,Uruguay,2020-05-10,19,Deaths,1.0,2.0
52419,Uruguay,2020-05-11,19,Deaths,0.0,2.0
52420,Uruguay,2020-05-12,19,Deaths,0.0,2.0
52421,Uruguay,2020-05-13,19,Deaths,0.0,2.0
52422,Uruguay,2020-05-14,19,Deaths,0.0,2.0
52423,Uruguay,2020-05-15,19,Deaths,0.0,1.0
52424,Uruguay,2020-05-16,19,Deaths,0.0,1.0
52425,Uruguay,2020-05-17,20,Deaths,1.0,1.0
52426,Uruguay,2020-05-18,20,Deaths,0.0,1.0
52427,Uruguay,2020-05-19,20,Deaths,0.0,1.0
52428,Uruguay,2020-05-20,20,Deaths,0.0,1.0
52429,Uruguay,2020-05-21,20,Deaths,0.0,1.0
52430,Uruguay,2020-05-22,20,Deaths,0.0,1.0
52431,Uruguay,2020-05-23,22,Deaths,2.0,3.0
52432,Uruguay,2020-05-24,22,Deaths,0.0,2.0
52433,Uruguay,2020-05-25,22,Deaths,0.0,2.0
52434,Uruguay,2020-05-26,22,Deaths,0.0,2.0
52435,Uruguay,2020-05-27,22,Deaths,0.0,2.0
52436,Uruguay,2020-05-28,22,Deaths,0.0,2.0
52437,Uruguay,2020-05-29,22,Deaths,0.0,2.0
52438,Uruguay,2020-05-30,22,Deaths,0.0,0.0
52439,Uruguay,2020-05-31,22,Deaths,0.0,0.0
52440,Uruguay,2020-06-01,23,Deaths,1.0,1.0
52441,Uruguay,2020-06-02,23,Deaths,0.0,1.0
52442,Uruguay,2020-06-03,23,Deaths,0.0,1.0
52443,Uruguay,2020-06-04,23,Deaths,0.0,1.0
52444,Uruguay,2020-06-05,23,Deaths,0.0,1.0
52445,Uruguay,2020-06-06,23,Deaths,0.0,1.0
52446,Uruguay,2020-06-07,23,Deaths,0.0,1.0
52447,Uruguay,2020-06-08,23,Deaths,0.0,0.0
52448,Uruguay,2020-06-09,23,Deaths,0.0,0.0
52449,Uruguay,2020-06-10,23,Deaths,0.0,0.0
52450,Uruguay,2020-06-11,23,Deaths,0.0,0.0
52451,Uruguay,2020-06-12,23,Deaths,0.0,0.0
52452,Uruguay,2020-06-13,23,Deaths,0.0,0.0
52453,Uruguay,2020-06-14,23,Deaths,0.0,0.0
52454,Uruguay,2020-06-15,23,Deaths,0.0,0.0
52455,Uruguay,2020-06-16,24,Deaths,1.0,1.0
52456,Uruguay,2020-06-17,24,Deaths,0.0,1.0
52457,Uruguay,2020-06-18,24,Deaths,0.0,1.0
52458,Uruguay,2020-06-19,24,Deaths,0.0,1.0
52459,Uruguay,2020-06-20,25,Deaths,1.0,2.0
52460,Uruguay,2020-06-21,25,Deaths,0.0,2.0
52461,Uruguay,2020-06-22,25,Deaths,0.0,2.0
52462,Uruguay,2020-06-23,25,Deaths,0.0,1.0
52463,Uruguay,2020-06-24,26,Deaths,1.0,2.0
52464,Uruguay,2020-06-25,26,Deaths,0.0,2.0
52465,Uruguay,2020-06-26,26,Deaths,0.0,2.0
52466,Uruguay,2020-06-27,26,Deaths,0.0,1.0
52467,Uruguay,2020-06-28,27,Deaths,1.0,2.0
52468,Uruguay,2020-06-29,27,Deaths,0.0,2.0
52469,Uruguay,2020-06-30,27,Deaths,0.0,2.0
52470,Uruguay,2020-07-01,28,Deaths,1.0,2.0
52471,Uruguay,2020-07-02,28,Deaths,0.0,2.0
52472,Uruguay,2020-07-03,28,Deaths,0.0,2.0
52473,Uruguay,2020-07-04,28,Deaths,0.0,2.0
52474,Uruguay,2020-07-05,28,Deaths,0.0,1.0
52475,Uruguay,2020-07-06,29,Deaths,1.0,2.0
52476,Uruguay,2020-07-07,29,Deaths,0.0,2.0
52477,Uruguay,2020-07-08,29,Deaths,0.0,1.0
52478,Uruguay,2020-07-09,29,Deaths,0.0,1.0
52479,Uruguay,2020-07-10,29,Deaths,0.0,1.0
52480,Uruguay,2020-07-11,30,Deaths,1.0,2.0
52481,Uruguay,2020-07-12,31,Deaths,1.0,3.0
52482,Uruguay,2020-07-13,31,Deaths,0.0,2.0
52483,Uruguay,2020-07-14,31,Deaths,0.0,2.0
52484,Uruguay,2020-07-15,31,Deaths,0.0,2.0
52485,Uruguay,2020-07-16,32,Deaths,1.0,3.0
52486,Uruguay,2020-07-17,32,Deaths,0.0,3.0
52487,Uruguay,2020-07-18,33,Deaths,1.0,3.0
52488,Uruguay,2020-07-19,33,Deaths,0.0,2.0
52489,Uruguay,2020-07-20,33,Deaths,0.0,2.0
52490,Uruguay,2020-07-21,33,Deaths,0.0,2.0
52491,Uruguay,2020-07-22,34,Deaths,1.0,3.0
52492,Uruguay,2020-07-23,34,Deaths,0.0,2.0
52493,Uruguay,2020-07-24,34,Deaths,0.0,2.0
52494,Uruguay,2020-07-25,34,Deaths,0.0,1.0
52495,Uruguay,2020-07-26,34,Deaths,0.0,1.0
52496,Uruguay,2020-07-27,35,Deaths,1.0,2.0
52497,Uruguay,2020-07-28,35,Deaths,0.0,2.0
52498,Uruguay,2020-07-29,35,Deaths,0.0,1.0
52499,Uruguay,2020-07-30,35,Deaths,0.0,1.0
52500,Uruguay,2020-07-31,35,Deaths,0.0,1.0
52501,Uruguay,2020-08-01,35,Deaths,0.0,1.0
52502,Uruguay,2020-08-02,36,Deaths,1.0,2.0
52503,Uruguay,2020-08-03,36,Deaths,0.0,1.0
52504,Uruguay,2020-08-04,37,Deaths,1.0,2.0
52505,Uruguay,2020-08-05,37,Deaths,0.0,2.0
52506,Uruguay,2020-08-06,37,Deaths,0.0,2.0
52507,Uruguay,2020-08-07,37,Deaths,0.0,2.0
52508,Uruguay,2020-08-08,37,Deaths,0.0,2.0
52509,Uruguay,2020-08-09,37,Deaths,0.0,1.0
52510,Uruguay,2020-08-10,37,Deaths,0.0,1.0
52511,Uruguay,2020-08-11,37,Deaths,0.0,0.0
52512,Uruguay,2020-08-12,37,Deaths,0.0,0.0
52513,Uruguay,2020-08-13,37,Deaths,0.0,0.0
52514,Uruguay,2020-08-14,38,Deaths,1.0,1.0
52515,Uruguay,2020-08-15,38,Deaths,0.0,1.0
52516,Uruguay,2020-08-16,38,Deaths,0.0,1.0
52517,Uruguay,2020-08-17,40,Deaths,2.0,3.0
52518,Uruguay,2020-08-18,40,Deaths,0.0,3.0
52519,Uruguay,2020-08-19,40,Deaths,0.0,3.0
52520,Uruguay,2020-08-20,41,Deaths,1.0,4.0
52521,Uruguay,2020-08-21,42,Deaths,1.0,4.0
52522,Uruguay,2020-08-22,42,Deaths,0.0,4.0
52523,Uruguay,2020-08-23,42,Deaths,0.0,4.0
52524,Uruguay,2020-08-24,42,Deaths,0.0,2.0
52525,Uruguay,2020-08-25,43,Deaths,1.0,3.0
52526,Uruguay,2020-08-26,43,Deaths,0.0,3.0
52527,Uruguay,2020-08-27,43,Deaths,0.0,2.0
52528,Uruguay,2020-08-28,43,Deaths,0.0,1.0
52529,Uruguay,2020-08-29,44,Deaths,1.0,2.0
52530,Uruguay,2020-08-30,44,Deaths,0.0,2.0
52531,Uruguay,2020-08-31,44,Deaths,0.0,2.0
52532,Uruguay,2020-09-01,44,Deaths,0.0,1.0
52533,Uruguay,2020-09-02,44,Deaths,0.0,1.0
52534,Uruguay,2020-09-03,44,Deaths,0.0,1.0
52535,Uruguay,2020-09-04,45,Deaths,1.0,2.0
52536,Uruguay,2020-09-05,45,Deaths,0.0,1.0
52537,Uruguay,2020-09-06,45,Deaths,0.0,1.0
52538,Uruguay,2020-09-07,45,Deaths,0.0,1.0
52539,Uruguay,2020-09-08,45,Deaths,0.0,1.0
52540,Uruguay,2020-09-09,45,Deaths,0.0,1.0
52541,Uruguay,2020-09-10,45,Deaths,0.0,1.0
52542,Uruguay,2020-09-11,45,Deaths,0.0,0.0
52543,Uruguay,2020-09-12,45,Deaths,0.0,0.0
52544,Uruguay,2020-09-13,45,Deaths,0.0,0.0
52545,Uruguay,2020-09-14,45,Deaths,0.0,0.0
52546,Uruguay,2020-09-15,45,Deaths,0.0,0.0
52547,Uruguay,2020-09-16,45,Deaths,0.0,0.0
52548,Uruguay,2020-09-17,46,Deaths,1.0,1.0
52549,Uruguay,2020-09-18,46,Deaths,0.0,1.0
52550,Uruguay,2020-09-19,46,Deaths,0.0,1.0
52551,Uruguay,2020-09-20,46,Deaths,0.0,1.0
52552,Uruguay,2020-09-21,46,Deaths,0.0,1.0
52553,Uruguay,2020-09-22,46,Deaths,0.0,1.0
52554,Uruguay,2020-09-23,47,Deaths,1.0,2.0
52555,Uruguay,2020-09-24,47,Deaths,0.0,1.0
52556,Uruguay,2020-09-25,47,Deaths,0.0,1.0
52557,Uruguay,2020-09-26,47,Deaths,0.0,1.0
52558,Uruguay,2020-09-27,47,Deaths,0.0,1.0
52559,Uruguay,2020-09-28,47,Deaths,0.0,1.0
52560,Uruguay,2020-09-29,48,Deaths,1.0,2.0
52561,Uruguay,2020-09-30,48,Deaths,0.0,1.0
52562,Uruguay,2020-10-01,48,Deaths,0.0,1.0
52563,Uruguay,2020-10-02,48,Deaths,0.0,1.0
52564,Uruguay,2020-10-03,48,Deaths,0.0,1.0
52565,Uruguay,2020-10-04,48,Deaths,0.0,1.0
52566,Uruguay,2020-10-05,48,Deaths,0.0,1.0
52567,Uruguay,2020-10-06,49,Deaths,1.0,1.0
52568,Uruguay,2020-10-07,49,Deaths,0.0,1.0
52569,Uruguay,2020-10-08,49,Deaths,0.0,1.0
52570,Uruguay,2020-10-09,49,Deaths,0.0,1.0
52571,Uruguay,2020-10-10,50,Deaths,1.0,2.0
52572,Uruguay,2020-10-11,50,Deaths,0.0,2.0
52573,Uruguay,2020-10-12,51,Deaths,1.0,3.0
52574,Uruguay,2020-10-13,51,Deaths,0.0,2.0
52575,Uruguay,2020-10-14,51,Deaths,0.0,2.0
52576,Uruguay,2020-10-15,51,Deaths,0.0,2.0
52577,Uruguay,2020-10-16,51,Deaths,0.0,2.0
52578,Uruguay,2020-10-17,51,Deaths,0.0,1.0
52579,Uruguay,2020-10-18,51,Deaths,0.0,1.0
52580,Uruguay,2020-10-19,51,Deaths,0.0,0.0
52581,Uruguay,2020-10-20,52,Deaths,1.0,1.0
52582,Uruguay,2020-10-21,53,Deaths,1.0,2.0
52583,Uruguay,2020-10-22,53,Deaths,0.0,2.0
52584,Uruguay,2020-10-23,53,Deaths,0.0,2.0
52585,Uruguay,2020-10-24,53,Deaths,0.0,2.0
52586,Uruguay,2020-10-25,53,Deaths,0.0,2.0
52587,Uruguay,2020-10-26,54,Deaths,1.0,3.0
52588,Uruguay,2020-10-27,54,Deaths,0.0,2.0
52589,Uruguay,2020-10-28,55,Deaths,1.0,2.0
52590,Uruguay,2020-10-29,57,Deaths,2.0,4.0
52591,Uruguay,2020-10-30,58,Deaths,1.0,5.0
52592,Uruguay,2020-10-31,58,Deaths,0.0,5.0
52593,Uruguay,2020-11-01,59,Deaths,1.0,6.0
52594,Uruguay,2020-11-02,60,Deaths,1.0,6.0
52595,Uruguay,2020-11-03,61,Deaths,1.0,7.0
52596,Uruguay,2020-11-04,61,Deaths,0.0,6.0
52597,Uruguay,2020-11-05,61,Deaths,0.0,4.0
52598,Uzbekistan,2020-01-22,0,Deaths,,
52599,Uzbekistan,2020-01-23,0,Deaths,0.0,
52600,Uzbekistan,2020-01-24,0,Deaths,0.0,
52601,Uzbekistan,2020-01-25,0,Deaths,0.0,
52602,Uzbekistan,2020-01-26,0,Deaths,0.0,
52603,Uzbekistan,2020-01-27,0,Deaths,0.0,
52604,Uzbekistan,2020-01-28,0,Deaths,0.0,
52605,Uzbekistan,2020-01-29,0,Deaths,0.0,0.0
52606,Uzbekistan,2020-01-30,0,Deaths,0.0,0.0
52607,Uzbekistan,2020-01-31,0,Deaths,0.0,0.0
52608,Uzbekistan,2020-02-01,0,Deaths,0.0,0.0
52609,Uzbekistan,2020-02-02,0,Deaths,0.0,0.0
52610,Uzbekistan,2020-02-03,0,Deaths,0.0,0.0
52611,Uzbekistan,2020-02-04,0,Deaths,0.0,0.0
52612,Uzbekistan,2020-02-05,0,Deaths,0.0,0.0
52613,Uzbekistan,2020-02-06,0,Deaths,0.0,0.0
52614,Uzbekistan,2020-02-07,0,Deaths,0.0,0.0
52615,Uzbekistan,2020-02-08,0,Deaths,0.0,0.0
52616,Uzbekistan,2020-02-09,0,Deaths,0.0,0.0
52617,Uzbekistan,2020-02-10,0,Deaths,0.0,0.0
52618,Uzbekistan,2020-02-11,0,Deaths,0.0,0.0
52619,Uzbekistan,2020-02-12,0,Deaths,0.0,0.0
52620,Uzbekistan,2020-02-13,0,Deaths,0.0,0.0
52621,Uzbekistan,2020-02-14,0,Deaths,0.0,0.0
52622,Uzbekistan,2020-02-15,0,Deaths,0.0,0.0
52623,Uzbekistan,2020-02-16,0,Deaths,0.0,0.0
52624,Uzbekistan,2020-02-17,0,Deaths,0.0,0.0
52625,Uzbekistan,2020-02-18,0,Deaths,0.0,0.0
52626,Uzbekistan,2020-02-19,0,Deaths,0.0,0.0
52627,Uzbekistan,2020-02-20,0,Deaths,0.0,0.0
52628,Uzbekistan,2020-02-21,0,Deaths,0.0,0.0
52629,Uzbekistan,2020-02-22,0,Deaths,0.0,0.0
52630,Uzbekistan,2020-02-23,0,Deaths,0.0,0.0
52631,Uzbekistan,2020-02-24,0,Deaths,0.0,0.0
52632,Uzbekistan,2020-02-25,0,Deaths,0.0,0.0
52633,Uzbekistan,2020-02-26,0,Deaths,0.0,0.0
52634,Uzbekistan,2020-02-27,0,Deaths,0.0,0.0
52635,Uzbekistan,2020-02-28,0,Deaths,0.0,0.0
52636,Uzbekistan,2020-02-29,0,Deaths,0.0,0.0
52637,Uzbekistan,2020-03-01,0,Deaths,0.0,0.0
52638,Uzbekistan,2020-03-02,0,Deaths,0.0,0.0
52639,Uzbekistan,2020-03-03,0,Deaths,0.0,0.0
52640,Uzbekistan,2020-03-04,0,Deaths,0.0,0.0
52641,Uzbekistan,2020-03-05,0,Deaths,0.0,0.0
52642,Uzbekistan,2020-03-06,0,Deaths,0.0,0.0
52643,Uzbekistan,2020-03-07,0,Deaths,0.0,0.0
52644,Uzbekistan,2020-03-08,0,Deaths,0.0,0.0
52645,Uzbekistan,2020-03-09,0,Deaths,0.0,0.0
52646,Uzbekistan,2020-03-10,0,Deaths,0.0,0.0
52647,Uzbekistan,2020-03-11,0,Deaths,0.0,0.0
52648,Uzbekistan,2020-03-12,0,Deaths,0.0,0.0
52649,Uzbekistan,2020-03-13,0,Deaths,0.0,0.0
52650,Uzbekistan,2020-03-14,0,Deaths,0.0,0.0
52651,Uzbekistan,2020-03-15,0,Deaths,0.0,0.0
52652,Uzbekistan,2020-03-16,0,Deaths,0.0,0.0
52653,Uzbekistan,2020-03-17,0,Deaths,0.0,0.0
52654,Uzbekistan,2020-03-18,0,Deaths,0.0,0.0
52655,Uzbekistan,2020-03-19,0,Deaths,0.0,0.0
52656,Uzbekistan,2020-03-20,0,Deaths,0.0,0.0
52657,Uzbekistan,2020-03-21,0,Deaths,0.0,0.0
52658,Uzbekistan,2020-03-22,0,Deaths,0.0,0.0
52659,Uzbekistan,2020-03-23,0,Deaths,0.0,0.0
52660,Uzbekistan,2020-03-24,0,Deaths,0.0,0.0
52661,Uzbekistan,2020-03-25,0,Deaths,0.0,0.0
52662,Uzbekistan,2020-03-26,0,Deaths,0.0,0.0
52663,Uzbekistan,2020-03-27,1,Deaths,1.0,1.0
52664,Uzbekistan,2020-03-28,2,Deaths,1.0,2.0
52665,Uzbekistan,2020-03-29,2,Deaths,0.0,2.0
52666,Uzbekistan,2020-03-30,2,Deaths,0.0,2.0
52667,Uzbekistan,2020-03-31,2,Deaths,0.0,2.0
52668,Uzbekistan,2020-04-01,2,Deaths,0.0,2.0
52669,Uzbekistan,2020-04-02,2,Deaths,0.0,2.0
52670,Uzbekistan,2020-04-03,2,Deaths,0.0,1.0
52671,Uzbekistan,2020-04-04,2,Deaths,0.0,0.0
52672,Uzbekistan,2020-04-05,2,Deaths,0.0,0.0
52673,Uzbekistan,2020-04-06,2,Deaths,0.0,0.0
52674,Uzbekistan,2020-04-07,2,Deaths,0.0,0.0
52675,Uzbekistan,2020-04-08,3,Deaths,1.0,1.0
52676,Uzbekistan,2020-04-09,3,Deaths,0.0,1.0
52677,Uzbekistan,2020-04-10,3,Deaths,0.0,1.0
52678,Uzbekistan,2020-04-11,4,Deaths,1.0,2.0
52679,Uzbekistan,2020-04-12,4,Deaths,0.0,2.0
52680,Uzbekistan,2020-04-13,4,Deaths,0.0,2.0
52681,Uzbekistan,2020-04-14,4,Deaths,0.0,2.0
52682,Uzbekistan,2020-04-15,4,Deaths,0.0,1.0
52683,Uzbekistan,2020-04-16,4,Deaths,0.0,1.0
52684,Uzbekistan,2020-04-17,4,Deaths,0.0,1.0
52685,Uzbekistan,2020-04-18,5,Deaths,1.0,1.0
52686,Uzbekistan,2020-04-19,5,Deaths,0.0,1.0
52687,Uzbekistan,2020-04-20,5,Deaths,0.0,1.0
52688,Uzbekistan,2020-04-21,6,Deaths,1.0,2.0
52689,Uzbekistan,2020-04-22,7,Deaths,1.0,3.0
52690,Uzbekistan,2020-04-23,7,Deaths,0.0,3.0
52691,Uzbekistan,2020-04-24,8,Deaths,1.0,4.0
52692,Uzbekistan,2020-04-25,8,Deaths,0.0,3.0
52693,Uzbekistan,2020-04-26,8,Deaths,0.0,3.0
52694,Uzbekistan,2020-04-27,8,Deaths,0.0,3.0
52695,Uzbekistan,2020-04-28,8,Deaths,0.0,2.0
52696,Uzbekistan,2020-04-29,9,Deaths,1.0,2.0
52697,Uzbekistan,2020-04-30,9,Deaths,0.0,2.0
52698,Uzbekistan,2020-05-01,9,Deaths,0.0,1.0
52699,Uzbekistan,2020-05-02,9,Deaths,0.0,1.0
52700,Uzbekistan,2020-05-03,10,Deaths,1.0,2.0
52701,Uzbekistan,2020-05-04,10,Deaths,0.0,2.0
52702,Uzbekistan,2020-05-05,10,Deaths,0.0,2.0
52703,Uzbekistan,2020-05-06,10,Deaths,0.0,1.0
52704,Uzbekistan,2020-05-07,10,Deaths,0.0,1.0
52705,Uzbekistan,2020-05-08,10,Deaths,0.0,1.0
52706,Uzbekistan,2020-05-09,10,Deaths,0.0,1.0
52707,Uzbekistan,2020-05-10,10,Deaths,0.0,0.0
52708,Uzbekistan,2020-05-11,10,Deaths,0.0,0.0
52709,Uzbekistan,2020-05-12,10,Deaths,0.0,0.0
52710,Uzbekistan,2020-05-13,11,Deaths,1.0,1.0
52711,Uzbekistan,2020-05-14,11,Deaths,0.0,1.0
52712,Uzbekistan,2020-05-15,11,Deaths,0.0,1.0
52713,Uzbekistan,2020-05-16,11,Deaths,0.0,1.0
52714,Uzbekistan,2020-05-17,12,Deaths,1.0,2.0
52715,Uzbekistan,2020-05-18,13,Deaths,1.0,3.0
52716,Uzbekistan,2020-05-19,13,Deaths,0.0,3.0
52717,Uzbekistan,2020-05-20,13,Deaths,0.0,2.0
52718,Uzbekistan,2020-05-21,13,Deaths,0.0,2.0
52719,Uzbekistan,2020-05-22,13,Deaths,0.0,2.0
52720,Uzbekistan,2020-05-23,13,Deaths,0.0,2.0
52721,Uzbekistan,2020-05-24,13,Deaths,0.0,1.0
52722,Uzbekistan,2020-05-25,13,Deaths,0.0,0.0
52723,Uzbekistan,2020-05-26,14,Deaths,1.0,1.0
52724,Uzbekistan,2020-05-27,14,Deaths,0.0,1.0
52725,Uzbekistan,2020-05-28,14,Deaths,0.0,1.0
52726,Uzbekistan,2020-05-29,14,Deaths,0.0,1.0
52727,Uzbekistan,2020-05-30,14,Deaths,0.0,1.0
52728,Uzbekistan,2020-05-31,15,Deaths,1.0,2.0
52729,Uzbekistan,2020-06-01,15,Deaths,0.0,2.0
52730,Uzbekistan,2020-06-02,15,Deaths,0.0,1.0
52731,Uzbekistan,2020-06-03,16,Deaths,1.0,2.0
52732,Uzbekistan,2020-06-04,16,Deaths,0.0,2.0
52733,Uzbekistan,2020-06-05,16,Deaths,0.0,2.0
52734,Uzbekistan,2020-06-06,17,Deaths,1.0,3.0
52735,Uzbekistan,2020-06-07,17,Deaths,0.0,2.0
52736,Uzbekistan,2020-06-08,18,Deaths,1.0,3.0
52737,Uzbekistan,2020-06-09,18,Deaths,0.0,3.0
52738,Uzbekistan,2020-06-10,19,Deaths,1.0,3.0
52739,Uzbekistan,2020-06-11,19,Deaths,0.0,3.0
52740,Uzbekistan,2020-06-12,19,Deaths,0.0,3.0
52741,Uzbekistan,2020-06-13,19,Deaths,0.0,2.0
52742,Uzbekistan,2020-06-14,19,Deaths,0.0,2.0
52743,Uzbekistan,2020-06-15,19,Deaths,0.0,1.0
52744,Uzbekistan,2020-06-16,19,Deaths,0.0,1.0
52745,Uzbekistan,2020-06-17,19,Deaths,0.0,0.0
52746,Uzbekistan,2020-06-18,19,Deaths,0.0,0.0
52747,Uzbekistan,2020-06-19,19,Deaths,0.0,0.0
52748,Uzbekistan,2020-06-20,19,Deaths,0.0,0.0
52749,Uzbekistan,2020-06-21,19,Deaths,0.0,0.0
52750,Uzbekistan,2020-06-22,19,Deaths,0.0,0.0
52751,Uzbekistan,2020-06-23,19,Deaths,0.0,0.0
52752,Uzbekistan,2020-06-24,19,Deaths,0.0,0.0
52753,Uzbekistan,2020-06-25,20,Deaths,1.0,1.0
52754,Uzbekistan,2020-06-26,20,Deaths,0.0,1.0
52755,Uzbekistan,2020-06-27,20,Deaths,0.0,1.0
52756,Uzbekistan,2020-06-28,22,Deaths,2.0,3.0
52757,Uzbekistan,2020-06-29,23,Deaths,1.0,4.0
52758,Uzbekistan,2020-06-30,26,Deaths,3.0,7.0
52759,Uzbekistan,2020-07-01,26,Deaths,0.0,7.0
52760,Uzbekistan,2020-07-02,27,Deaths,1.0,7.0
52761,Uzbekistan,2020-07-03,29,Deaths,2.0,9.0
52762,Uzbekistan,2020-07-04,31,Deaths,2.0,11.0
52763,Uzbekistan,2020-07-05,34,Deaths,3.0,12.0
52764,Uzbekistan,2020-07-06,37,Deaths,3.0,14.0
52765,Uzbekistan,2020-07-07,41,Deaths,4.0,15.0
52766,Uzbekistan,2020-07-08,45,Deaths,4.0,19.0
52767,Uzbekistan,2020-07-09,51,Deaths,6.0,24.0
52768,Uzbekistan,2020-07-10,54,Deaths,3.0,25.0
52769,Uzbekistan,2020-07-11,57,Deaths,3.0,26.0
52770,Uzbekistan,2020-07-12,60,Deaths,3.0,26.0
52771,Uzbekistan,2020-07-13,64,Deaths,4.0,27.0
52772,Uzbekistan,2020-07-14,67,Deaths,3.0,26.0
52773,Uzbekistan,2020-07-15,71,Deaths,4.0,26.0
52774,Uzbekistan,2020-07-16,75,Deaths,4.0,24.0
52775,Uzbekistan,2020-07-17,79,Deaths,4.0,25.0
52776,Uzbekistan,2020-07-18,83,Deaths,4.0,26.0
52777,Uzbekistan,2020-07-19,87,Deaths,4.0,27.0
52778,Uzbekistan,2020-07-20,90,Deaths,3.0,26.0
52779,Uzbekistan,2020-07-21,95,Deaths,5.0,28.0
52780,Uzbekistan,2020-07-22,98,Deaths,3.0,27.0
52781,Uzbekistan,2020-07-23,103,Deaths,5.0,28.0
52782,Uzbekistan,2020-07-24,106,Deaths,3.0,27.0
52783,Uzbekistan,2020-07-25,111,Deaths,5.0,28.0
52784,Uzbekistan,2020-07-26,116,Deaths,5.0,29.0
52785,Uzbekistan,2020-07-27,121,Deaths,5.0,31.0
52786,Uzbekistan,2020-07-28,124,Deaths,3.0,29.0
52787,Uzbekistan,2020-07-29,131,Deaths,7.0,33.0
52788,Uzbekistan,2020-07-30,136,Deaths,5.0,33.0
52789,Uzbekistan,2020-07-31,141,Deaths,5.0,35.0
52790,Uzbekistan,2020-08-01,147,Deaths,6.0,36.0
52791,Uzbekistan,2020-08-02,151,Deaths,4.0,35.0
52792,Uzbekistan,2020-08-03,157,Deaths,6.0,36.0
52793,Uzbekistan,2020-08-04,165,Deaths,8.0,41.0
52794,Uzbekistan,2020-08-05,171,Deaths,6.0,40.0
52795,Uzbekistan,2020-08-06,175,Deaths,4.0,39.0
52796,Uzbekistan,2020-08-07,181,Deaths,6.0,40.0
52797,Uzbekistan,2020-08-08,187,Deaths,6.0,40.0
52798,Uzbekistan,2020-08-09,194,Deaths,7.0,43.0
52799,Uzbekistan,2020-08-10,200,Deaths,6.0,43.0
52800,Uzbekistan,2020-08-11,204,Deaths,4.0,39.0
52801,Uzbekistan,2020-08-12,211,Deaths,7.0,40.0
52802,Uzbekistan,2020-08-13,216,Deaths,5.0,41.0
52803,Uzbekistan,2020-08-14,220,Deaths,4.0,39.0
52804,Uzbekistan,2020-08-15,225,Deaths,5.0,38.0
52805,Uzbekistan,2020-08-16,232,Deaths,7.0,38.0
52806,Uzbekistan,2020-08-17,236,Deaths,4.0,36.0
52807,Uzbekistan,2020-08-18,242,Deaths,6.0,38.0
52808,Uzbekistan,2020-08-19,248,Deaths,6.0,37.0
52809,Uzbekistan,2020-08-20,252,Deaths,4.0,36.0
52810,Uzbekistan,2020-08-21,260,Deaths,8.0,40.0
52811,Uzbekistan,2020-08-22,267,Deaths,7.0,42.0
52812,Uzbekistan,2020-08-23,273,Deaths,6.0,41.0
52813,Uzbekistan,2020-08-24,280,Deaths,7.0,44.0
52814,Uzbekistan,2020-08-25,284,Deaths,4.0,42.0
52815,Uzbekistan,2020-08-26,291,Deaths,7.0,43.0
52816,Uzbekistan,2020-08-27,298,Deaths,7.0,46.0
52817,Uzbekistan,2020-08-28,302,Deaths,4.0,42.0
52818,Uzbekistan,2020-08-29,307,Deaths,5.0,40.0
52819,Uzbekistan,2020-08-30,313,Deaths,6.0,40.0
52820,Uzbekistan,2020-08-31,320,Deaths,7.0,40.0
52821,Uzbekistan,2020-09-01,323,Deaths,3.0,39.0
52822,Uzbekistan,2020-09-02,327,Deaths,4.0,36.0
52823,Uzbekistan,2020-09-03,331,Deaths,4.0,33.0
52824,Uzbekistan,2020-09-04,338,Deaths,7.0,36.0
52825,Uzbekistan,2020-09-05,343,Deaths,5.0,36.0
52826,Uzbekistan,2020-09-06,347,Deaths,4.0,34.0
52827,Uzbekistan,2020-09-07,352,Deaths,5.0,32.0
52828,Uzbekistan,2020-09-08,358,Deaths,6.0,35.0
52829,Uzbekistan,2020-09-09,366,Deaths,8.0,39.0
52830,Uzbekistan,2020-09-10,370,Deaths,4.0,39.0
52831,Uzbekistan,2020-09-11,377,Deaths,7.0,39.0
52832,Uzbekistan,2020-09-12,384,Deaths,7.0,41.0
52833,Uzbekistan,2020-09-13,390,Deaths,6.0,43.0
52834,Uzbekistan,2020-09-14,396,Deaths,6.0,44.0
52835,Uzbekistan,2020-09-15,402,Deaths,6.0,44.0
52836,Uzbekistan,2020-09-16,407,Deaths,5.0,41.0
52837,Uzbekistan,2020-09-17,413,Deaths,6.0,43.0
52838,Uzbekistan,2020-09-18,419,Deaths,6.0,42.0
52839,Uzbekistan,2020-09-19,427,Deaths,8.0,43.0
52840,Uzbekistan,2020-09-20,433,Deaths,6.0,43.0
52841,Uzbekistan,2020-09-21,437,Deaths,4.0,41.0
52842,Uzbekistan,2020-09-22,442,Deaths,5.0,40.0
52843,Uzbekistan,2020-09-23,444,Deaths,2.0,37.0
52844,Uzbekistan,2020-09-24,446,Deaths,2.0,33.0
52845,Uzbekistan,2020-09-25,449,Deaths,3.0,30.0
52846,Uzbekistan,2020-09-26,452,Deaths,3.0,25.0
52847,Uzbekistan,2020-09-27,458,Deaths,6.0,25.0
52848,Uzbekistan,2020-09-28,460,Deaths,2.0,23.0
52849,Uzbekistan,2020-09-29,466,Deaths,6.0,24.0
52850,Uzbekistan,2020-09-30,470,Deaths,4.0,26.0
52851,Uzbekistan,2020-10-01,471,Deaths,1.0,25.0
52852,Uzbekistan,2020-10-02,472,Deaths,1.0,23.0
52853,Uzbekistan,2020-10-03,477,Deaths,5.0,25.0
52854,Uzbekistan,2020-10-04,480,Deaths,3.0,22.0
52855,Uzbekistan,2020-10-05,485,Deaths,5.0,25.0
52856,Uzbekistan,2020-10-06,489,Deaths,4.0,23.0
52857,Uzbekistan,2020-10-07,491,Deaths,2.0,21.0
52858,Uzbekistan,2020-10-08,496,Deaths,5.0,25.0
52859,Uzbekistan,2020-10-09,498,Deaths,2.0,26.0
52860,Uzbekistan,2020-10-10,502,Deaths,4.0,25.0
52861,Uzbekistan,2020-10-11,505,Deaths,3.0,25.0
52862,Uzbekistan,2020-10-12,509,Deaths,4.0,24.0
52863,Uzbekistan,2020-10-13,511,Deaths,2.0,22.0
52864,Uzbekistan,2020-10-14,514,Deaths,3.0,23.0
52865,Uzbekistan,2020-10-15,518,Deaths,4.0,22.0
52866,Uzbekistan,2020-10-16,520,Deaths,2.0,22.0
52867,Uzbekistan,2020-10-17,522,Deaths,2.0,20.0
52868,Uzbekistan,2020-10-18,525,Deaths,3.0,20.0
52869,Uzbekistan,2020-10-19,531,Deaths,6.0,22.0
52870,Uzbekistan,2020-10-20,534,Deaths,3.0,23.0
52871,Uzbekistan,2020-10-21,534,Deaths,0.0,20.0
52872,Uzbekistan,2020-10-22,540,Deaths,6.0,22.0
52873,Uzbekistan,2020-10-23,542,Deaths,2.0,22.0
52874,Uzbekistan,2020-10-24,544,Deaths,2.0,22.0
52875,Uzbekistan,2020-10-25,549,Deaths,5.0,24.0
52876,Uzbekistan,2020-10-26,552,Deaths,3.0,21.0
52877,Uzbekistan,2020-10-27,556,Deaths,4.0,22.0
52878,Uzbekistan,2020-10-28,558,Deaths,2.0,24.0
52879,Uzbekistan,2020-10-29,561,Deaths,3.0,21.0
52880,Uzbekistan,2020-10-30,563,Deaths,2.0,21.0
52881,Uzbekistan,2020-10-31,566,Deaths,3.0,22.0
52882,Uzbekistan,2020-11-01,570,Deaths,4.0,21.0
52883,Uzbekistan,2020-11-02,571,Deaths,1.0,19.0
52884,Uzbekistan,2020-11-03,574,Deaths,3.0,18.0
52885,Uzbekistan,2020-11-04,577,Deaths,3.0,19.0
52886,Uzbekistan,2020-11-05,579,Deaths,2.0,18.0
52887,Venezuela,2020-01-22,0,Deaths,,
52888,Venezuela,2020-01-23,0,Deaths,0.0,
52889,Venezuela,2020-01-24,0,Deaths,0.0,
52890,Venezuela,2020-01-25,0,Deaths,0.0,
52891,Venezuela,2020-01-26,0,Deaths,0.0,
52892,Venezuela,2020-01-27,0,Deaths,0.0,
52893,Venezuela,2020-01-28,0,Deaths,0.0,
52894,Venezuela,2020-01-29,0,Deaths,0.0,0.0
52895,Venezuela,2020-01-30,0,Deaths,0.0,0.0
52896,Venezuela,2020-01-31,0,Deaths,0.0,0.0
52897,Venezuela,2020-02-01,0,Deaths,0.0,0.0
52898,Venezuela,2020-02-02,0,Deaths,0.0,0.0
52899,Venezuela,2020-02-03,0,Deaths,0.0,0.0
52900,Venezuela,2020-02-04,0,Deaths,0.0,0.0
52901,Venezuela,2020-02-05,0,Deaths,0.0,0.0
52902,Venezuela,2020-02-06,0,Deaths,0.0,0.0
52903,Venezuela,2020-02-07,0,Deaths,0.0,0.0
52904,Venezuela,2020-02-08,0,Deaths,0.0,0.0
52905,Venezuela,2020-02-09,0,Deaths,0.0,0.0
52906,Venezuela,2020-02-10,0,Deaths,0.0,0.0
52907,Venezuela,2020-02-11,0,Deaths,0.0,0.0
52908,Venezuela,2020-02-12,0,Deaths,0.0,0.0
52909,Venezuela,2020-02-13,0,Deaths,0.0,0.0
52910,Venezuela,2020-02-14,0,Deaths,0.0,0.0
52911,Venezuela,2020-02-15,0,Deaths,0.0,0.0
52912,Venezuela,2020-02-16,0,Deaths,0.0,0.0
52913,Venezuela,2020-02-17,0,Deaths,0.0,0.0
52914,Venezuela,2020-02-18,0,Deaths,0.0,0.0
52915,Venezuela,2020-02-19,0,Deaths,0.0,0.0
52916,Venezuela,2020-02-20,0,Deaths,0.0,0.0
52917,Venezuela,2020-02-21,0,Deaths,0.0,0.0
52918,Venezuela,2020-02-22,0,Deaths,0.0,0.0
52919,Venezuela,2020-02-23,0,Deaths,0.0,0.0
52920,Venezuela,2020-02-24,0,Deaths,0.0,0.0
52921,Venezuela,2020-02-25,0,Deaths,0.0,0.0
52922,Venezuela,2020-02-26,0,Deaths,0.0,0.0
52923,Venezuela,2020-02-27,0,Deaths,0.0,0.0
52924,Venezuela,2020-02-28,0,Deaths,0.0,0.0
52925,Venezuela,2020-02-29,0,Deaths,0.0,0.0
52926,Venezuela,2020-03-01,0,Deaths,0.0,0.0
52927,Venezuela,2020-03-02,0,Deaths,0.0,0.0
52928,Venezuela,2020-03-03,0,Deaths,0.0,0.0
52929,Venezuela,2020-03-04,0,Deaths,0.0,0.0
52930,Venezuela,2020-03-05,0,Deaths,0.0,0.0
52931,Venezuela,2020-03-06,0,Deaths,0.0,0.0
52932,Venezuela,2020-03-07,0,Deaths,0.0,0.0
52933,Venezuela,2020-03-08,0,Deaths,0.0,0.0
52934,Venezuela,2020-03-09,0,Deaths,0.0,0.0
52935,Venezuela,2020-03-10,0,Deaths,0.0,0.0
52936,Venezuela,2020-03-11,0,Deaths,0.0,0.0
52937,Venezuela,2020-03-12,0,Deaths,0.0,0.0
52938,Venezuela,2020-03-13,0,Deaths,0.0,0.0
52939,Venezuela,2020-03-14,0,Deaths,0.0,0.0
52940,Venezuela,2020-03-15,0,Deaths,0.0,0.0
52941,Venezuela,2020-03-16,0,Deaths,0.0,0.0
52942,Venezuela,2020-03-17,0,Deaths,0.0,0.0
52943,Venezuela,2020-03-18,0,Deaths,0.0,0.0
52944,Venezuela,2020-03-19,0,Deaths,0.0,0.0
52945,Venezuela,2020-03-20,0,Deaths,0.0,0.0
52946,Venezuela,2020-03-21,0,Deaths,0.0,0.0
52947,Venezuela,2020-03-22,0,Deaths,0.0,0.0
52948,Venezuela,2020-03-23,0,Deaths,0.0,0.0
52949,Venezuela,2020-03-24,0,Deaths,0.0,0.0
52950,Venezuela,2020-03-25,0,Deaths,0.0,0.0
52951,Venezuela,2020-03-26,0,Deaths,0.0,0.0
52952,Venezuela,2020-03-27,1,Deaths,1.0,1.0
52953,Venezuela,2020-03-28,2,Deaths,1.0,2.0
52954,Venezuela,2020-03-29,2,Deaths,0.0,2.0
52955,Venezuela,2020-03-30,3,Deaths,1.0,3.0
52956,Venezuela,2020-03-31,3,Deaths,0.0,3.0
52957,Venezuela,2020-04-01,3,Deaths,0.0,3.0
52958,Venezuela,2020-04-02,5,Deaths,2.0,5.0
52959,Venezuela,2020-04-03,7,Deaths,2.0,6.0
52960,Venezuela,2020-04-04,7,Deaths,0.0,5.0
52961,Venezuela,2020-04-05,7,Deaths,0.0,5.0
52962,Venezuela,2020-04-06,7,Deaths,0.0,4.0
52963,Venezuela,2020-04-07,7,Deaths,0.0,4.0
52964,Venezuela,2020-04-08,9,Deaths,2.0,6.0
52965,Venezuela,2020-04-09,9,Deaths,0.0,4.0
52966,Venezuela,2020-04-10,9,Deaths,0.0,2.0
52967,Venezuela,2020-04-11,9,Deaths,0.0,2.0
52968,Venezuela,2020-04-12,9,Deaths,0.0,2.0
52969,Venezuela,2020-04-13,9,Deaths,0.0,2.0
52970,Venezuela,2020-04-14,9,Deaths,0.0,2.0
52971,Venezuela,2020-04-15,9,Deaths,0.0,0.0
52972,Venezuela,2020-04-16,9,Deaths,0.0,0.0
52973,Venezuela,2020-04-17,9,Deaths,0.0,0.0
52974,Venezuela,2020-04-18,9,Deaths,0.0,0.0
52975,Venezuela,2020-04-19,9,Deaths,0.0,0.0
52976,Venezuela,2020-04-20,9,Deaths,0.0,0.0
52977,Venezuela,2020-04-21,10,Deaths,1.0,1.0
52978,Venezuela,2020-04-22,10,Deaths,0.0,1.0
52979,Venezuela,2020-04-23,10,Deaths,0.0,1.0
52980,Venezuela,2020-04-24,10,Deaths,0.0,1.0
52981,Venezuela,2020-04-25,10,Deaths,0.0,1.0
52982,Venezuela,2020-04-26,10,Deaths,0.0,1.0
52983,Venezuela,2020-04-27,10,Deaths,0.0,1.0
52984,Venezuela,2020-04-28,10,Deaths,0.0,0.0
52985,Venezuela,2020-04-29,10,Deaths,0.0,0.0
52986,Venezuela,2020-04-30,16,Deaths,6.0,6.0
52987,Venezuela,2020-05-01,10,Deaths,-6.0,0.0
52988,Venezuela,2020-05-02,10,Deaths,0.0,0.0
52989,Venezuela,2020-05-03,10,Deaths,0.0,0.0
52990,Venezuela,2020-05-04,10,Deaths,0.0,0.0
52991,Venezuela,2020-05-05,10,Deaths,0.0,0.0
52992,Venezuela,2020-05-06,10,Deaths,0.0,0.0
52993,Venezuela,2020-05-07,10,Deaths,0.0,-6.0
52994,Venezuela,2020-05-08,10,Deaths,0.0,0.0
52995,Venezuela,2020-05-09,10,Deaths,0.0,0.0
52996,Venezuela,2020-05-10,10,Deaths,0.0,0.0
52997,Venezuela,2020-05-11,10,Deaths,0.0,0.0
52998,Venezuela,2020-05-12,10,Deaths,0.0,0.0
52999,Venezuela,2020-05-13,10,Deaths,0.0,0.0
53000,Venezuela,2020-05-14,10,Deaths,0.0,0.0
53001,Venezuela,2020-05-15,10,Deaths,0.0,0.0
53002,Venezuela,2020-05-16,10,Deaths,0.0,0.0
53003,Venezuela,2020-05-17,10,Deaths,0.0,0.0
53004,Venezuela,2020-05-18,10,Deaths,0.0,0.0
53005,Venezuela,2020-05-19,10,Deaths,0.0,0.0
53006,Venezuela,2020-05-20,10,Deaths,0.0,0.0
53007,Venezuela,2020-05-21,10,Deaths,0.0,0.0
53008,Venezuela,2020-05-22,10,Deaths,0.0,0.0
53009,Venezuela,2020-05-23,10,Deaths,0.0,0.0
53010,Venezuela,2020-05-24,10,Deaths,0.0,0.0
53011,Venezuela,2020-05-25,10,Deaths,0.0,0.0
53012,Venezuela,2020-05-26,11,Deaths,1.0,1.0
53013,Venezuela,2020-05-27,11,Deaths,0.0,1.0
53014,Venezuela,2020-05-28,11,Deaths,0.0,1.0
53015,Venezuela,2020-05-29,14,Deaths,3.0,4.0
53016,Venezuela,2020-05-30,14,Deaths,0.0,4.0
53017,Venezuela,2020-05-31,14,Deaths,0.0,4.0
53018,Venezuela,2020-06-01,17,Deaths,3.0,7.0
53019,Venezuela,2020-06-02,18,Deaths,1.0,7.0
53020,Venezuela,2020-06-03,20,Deaths,2.0,9.0
53021,Venezuela,2020-06-04,20,Deaths,0.0,9.0
53022,Venezuela,2020-06-05,20,Deaths,0.0,6.0
53023,Venezuela,2020-06-06,22,Deaths,2.0,8.0
53024,Venezuela,2020-06-07,22,Deaths,0.0,8.0
53025,Venezuela,2020-06-08,22,Deaths,0.0,5.0
53026,Venezuela,2020-06-09,23,Deaths,1.0,5.0
53027,Venezuela,2020-06-10,23,Deaths,0.0,3.0
53028,Venezuela,2020-06-11,23,Deaths,0.0,3.0
53029,Venezuela,2020-06-12,23,Deaths,0.0,3.0
53030,Venezuela,2020-06-13,24,Deaths,1.0,2.0
53031,Venezuela,2020-06-14,25,Deaths,1.0,3.0
53032,Venezuela,2020-06-15,26,Deaths,1.0,4.0
53033,Venezuela,2020-06-16,27,Deaths,1.0,4.0
53034,Venezuela,2020-06-17,28,Deaths,1.0,5.0
53035,Venezuela,2020-06-18,28,Deaths,0.0,5.0
53036,Venezuela,2020-06-19,30,Deaths,2.0,7.0
53037,Venezuela,2020-06-20,33,Deaths,3.0,9.0
53038,Venezuela,2020-06-21,33,Deaths,0.0,8.0
53039,Venezuela,2020-06-22,35,Deaths,2.0,9.0
53040,Venezuela,2020-06-23,35,Deaths,0.0,8.0
53041,Venezuela,2020-06-24,38,Deaths,3.0,10.0
53042,Venezuela,2020-06-25,39,Deaths,1.0,11.0
53043,Venezuela,2020-06-26,41,Deaths,2.0,11.0
53044,Venezuela,2020-06-27,42,Deaths,1.0,9.0
53045,Venezuela,2020-06-28,44,Deaths,2.0,11.0
53046,Venezuela,2020-06-29,48,Deaths,4.0,13.0
53047,Venezuela,2020-06-30,51,Deaths,3.0,16.0
53048,Venezuela,2020-07-01,54,Deaths,3.0,16.0
53049,Venezuela,2020-07-02,57,Deaths,3.0,18.0
53050,Venezuela,2020-07-03,59,Deaths,2.0,18.0
53051,Venezuela,2020-07-04,62,Deaths,3.0,20.0
53052,Venezuela,2020-07-05,65,Deaths,3.0,21.0
53053,Venezuela,2020-07-06,68,Deaths,3.0,20.0
53054,Venezuela,2020-07-07,71,Deaths,3.0,20.0
53055,Venezuela,2020-07-08,75,Deaths,4.0,21.0
53056,Venezuela,2020-07-09,80,Deaths,5.0,23.0
53057,Venezuela,2020-07-10,83,Deaths,3.0,24.0
53058,Venezuela,2020-07-11,85,Deaths,2.0,23.0
53059,Venezuela,2020-07-12,89,Deaths,4.0,24.0
53060,Venezuela,2020-07-13,93,Deaths,4.0,25.0
53061,Venezuela,2020-07-14,96,Deaths,3.0,25.0
53062,Venezuela,2020-07-15,100,Deaths,4.0,25.0
53063,Venezuela,2020-07-16,104,Deaths,4.0,24.0
53064,Venezuela,2020-07-17,107,Deaths,3.0,24.0
53065,Venezuela,2020-07-18,110,Deaths,3.0,25.0
53066,Venezuela,2020-07-19,112,Deaths,2.0,23.0
53067,Venezuela,2020-07-20,116,Deaths,4.0,23.0
53068,Venezuela,2020-07-21,120,Deaths,4.0,24.0
53069,Venezuela,2020-07-22,124,Deaths,4.0,24.0
53070,Venezuela,2020-07-23,129,Deaths,5.0,25.0
53071,Venezuela,2020-07-24,134,Deaths,5.0,27.0
53072,Venezuela,2020-07-25,138,Deaths,4.0,28.0
53073,Venezuela,2020-07-26,142,Deaths,4.0,30.0
53074,Venezuela,2020-07-27,146,Deaths,4.0,30.0
53075,Venezuela,2020-07-28,151,Deaths,5.0,31.0
53076,Venezuela,2020-07-29,156,Deaths,5.0,32.0
53077,Venezuela,2020-07-30,158,Deaths,2.0,29.0
53078,Venezuela,2020-07-31,164,Deaths,6.0,30.0
53079,Venezuela,2020-08-01,169,Deaths,5.0,31.0
53080,Venezuela,2020-08-02,174,Deaths,5.0,32.0
53081,Venezuela,2020-08-03,180,Deaths,6.0,34.0
53082,Venezuela,2020-08-04,187,Deaths,7.0,36.0
53083,Venezuela,2020-08-05,195,Deaths,8.0,39.0
53084,Venezuela,2020-08-06,202,Deaths,7.0,44.0
53085,Venezuela,2020-08-07,208,Deaths,6.0,44.0
53086,Venezuela,2020-08-08,215,Deaths,7.0,46.0
53087,Venezuela,2020-08-09,223,Deaths,8.0,49.0
53088,Venezuela,2020-08-10,229,Deaths,6.0,49.0
53089,Venezuela,2020-08-11,238,Deaths,9.0,51.0
53090,Venezuela,2020-08-12,247,Deaths,9.0,52.0
53091,Venezuela,2020-08-13,259,Deaths,12.0,57.0
53092,Venezuela,2020-08-14,266,Deaths,7.0,58.0
53093,Venezuela,2020-08-15,276,Deaths,10.0,61.0
53094,Venezuela,2020-08-16,281,Deaths,5.0,58.0
53095,Venezuela,2020-08-17,288,Deaths,7.0,59.0
53096,Venezuela,2020-08-18,297,Deaths,9.0,59.0
53097,Venezuela,2020-08-19,303,Deaths,6.0,56.0
53098,Venezuela,2020-08-20,311,Deaths,8.0,52.0
53099,Venezuela,2020-08-21,317,Deaths,6.0,51.0
53100,Venezuela,2020-08-22,323,Deaths,6.0,47.0
53101,Venezuela,2020-08-23,329,Deaths,6.0,48.0
53102,Venezuela,2020-08-24,337,Deaths,8.0,49.0
53103,Venezuela,2020-08-25,343,Deaths,6.0,46.0
53104,Venezuela,2020-08-26,351,Deaths,8.0,48.0
53105,Venezuela,2020-08-27,358,Deaths,7.0,47.0
53106,Venezuela,2020-08-28,366,Deaths,8.0,49.0
53107,Venezuela,2020-08-29,375,Deaths,9.0,52.0
53108,Venezuela,2020-08-30,381,Deaths,6.0,52.0
53109,Venezuela,2020-08-31,386,Deaths,5.0,49.0
53110,Venezuela,2020-09-01,391,Deaths,5.0,48.0
53111,Venezuela,2020-09-02,398,Deaths,7.0,47.0
53112,Venezuela,2020-09-03,402,Deaths,4.0,44.0
53113,Venezuela,2020-09-04,412,Deaths,10.0,46.0
53114,Venezuela,2020-09-05,420,Deaths,8.0,45.0
53115,Venezuela,2020-09-06,428,Deaths,8.0,47.0
53116,Venezuela,2020-09-07,436,Deaths,8.0,50.0
53117,Venezuela,2020-09-08,444,Deaths,8.0,53.0
53118,Venezuela,2020-09-09,452,Deaths,8.0,54.0
53119,Venezuela,2020-09-10,460,Deaths,8.0,58.0
53120,Venezuela,2020-09-11,468,Deaths,8.0,56.0
53121,Venezuela,2020-09-12,477,Deaths,9.0,57.0
53122,Venezuela,2020-09-13,485,Deaths,8.0,57.0
53123,Venezuela,2020-09-14,494,Deaths,9.0,58.0
53124,Venezuela,2020-09-15,502,Deaths,8.0,58.0
53125,Venezuela,2020-09-16,511,Deaths,9.0,59.0
53126,Venezuela,2020-09-17,520,Deaths,9.0,60.0
53127,Venezuela,2020-09-18,530,Deaths,10.0,62.0
53128,Venezuela,2020-09-19,539,Deaths,9.0,62.0
53129,Venezuela,2020-09-20,547,Deaths,8.0,62.0
53130,Venezuela,2020-09-21,555,Deaths,8.0,61.0
53131,Venezuela,2020-09-22,564,Deaths,9.0,62.0
53132,Venezuela,2020-09-23,574,Deaths,10.0,63.0
53133,Venezuela,2020-09-24,581,Deaths,7.0,61.0
53134,Venezuela,2020-09-25,591,Deaths,10.0,61.0
53135,Venezuela,2020-09-26,600,Deaths,9.0,61.0
53136,Venezuela,2020-09-27,606,Deaths,6.0,59.0
53137,Venezuela,2020-09-28,614,Deaths,8.0,59.0
53138,Venezuela,2020-09-29,621,Deaths,7.0,57.0
53139,Venezuela,2020-09-30,628,Deaths,7.0,54.0
53140,Venezuela,2020-10-01,635,Deaths,7.0,54.0
53141,Venezuela,2020-10-02,643,Deaths,8.0,52.0
53142,Venezuela,2020-10-03,649,Deaths,6.0,49.0
53143,Venezuela,2020-10-04,653,Deaths,4.0,47.0
53144,Venezuela,2020-10-05,658,Deaths,5.0,44.0
53145,Venezuela,2020-10-06,665,Deaths,7.0,44.0
53146,Venezuela,2020-10-07,671,Deaths,6.0,43.0
53147,Venezuela,2020-10-08,678,Deaths,7.0,43.0
53148,Venezuela,2020-10-09,684,Deaths,6.0,41.0
53149,Venezuela,2020-10-10,691,Deaths,7.0,42.0
53150,Venezuela,2020-10-11,697,Deaths,6.0,44.0
53151,Venezuela,2020-10-12,704,Deaths,7.0,46.0
53152,Venezuela,2020-10-13,710,Deaths,6.0,45.0
53153,Venezuela,2020-10-14,714,Deaths,4.0,43.0
53154,Venezuela,2020-10-15,720,Deaths,6.0,42.0
53155,Venezuela,2020-10-16,725,Deaths,5.0,41.0
53156,Venezuela,2020-10-17,731,Deaths,6.0,40.0
53157,Venezuela,2020-10-18,736,Deaths,5.0,39.0
53158,Venezuela,2020-10-19,736,Deaths,0.0,32.0
53159,Venezuela,2020-10-20,747,Deaths,11.0,37.0
53160,Venezuela,2020-10-21,753,Deaths,6.0,39.0
53161,Venezuela,2020-10-22,759,Deaths,6.0,39.0
53162,Venezuela,2020-10-23,764,Deaths,5.0,39.0
53163,Venezuela,2020-10-24,770,Deaths,6.0,39.0
53164,Venezuela,2020-10-25,773,Deaths,3.0,37.0
53165,Venezuela,2020-10-26,777,Deaths,4.0,41.0
53166,Venezuela,2020-10-27,780,Deaths,3.0,33.0
53167,Venezuela,2020-10-28,784,Deaths,4.0,31.0
53168,Venezuela,2020-10-29,789,Deaths,5.0,30.0
53169,Venezuela,2020-10-30,793,Deaths,4.0,29.0
53170,Venezuela,2020-10-31,798,Deaths,5.0,28.0
53171,Venezuela,2020-11-01,801,Deaths,3.0,28.0
53172,Venezuela,2020-11-02,806,Deaths,5.0,29.0
53173,Venezuela,2020-11-03,810,Deaths,4.0,30.0
53174,Venezuela,2020-11-04,814,Deaths,4.0,30.0
53175,Venezuela,2020-11-05,819,Deaths,5.0,30.0
53176,Vietnam,2020-01-22,0,Deaths,,
53177,Vietnam,2020-01-23,0,Deaths,0.0,
53178,Vietnam,2020-01-24,0,Deaths,0.0,
53179,Vietnam,2020-01-25,0,Deaths,0.0,
53180,Vietnam,2020-01-26,0,Deaths,0.0,
53181,Vietnam,2020-01-27,0,Deaths,0.0,
53182,Vietnam,2020-01-28,0,Deaths,0.0,
53183,Vietnam,2020-01-29,0,Deaths,0.0,0.0
53184,Vietnam,2020-01-30,0,Deaths,0.0,0.0
53185,Vietnam,2020-01-31,0,Deaths,0.0,0.0
53186,Vietnam,2020-02-01,0,Deaths,0.0,0.0
53187,Vietnam,2020-02-02,0,Deaths,0.0,0.0
53188,Vietnam,2020-02-03,0,Deaths,0.0,0.0
53189,Vietnam,2020-02-04,0,Deaths,0.0,0.0
53190,Vietnam,2020-02-05,0,Deaths,0.0,0.0
53191,Vietnam,2020-02-06,0,Deaths,0.0,0.0
53192,Vietnam,2020-02-07,0,Deaths,0.0,0.0
53193,Vietnam,2020-02-08,0,Deaths,0.0,0.0
53194,Vietnam,2020-02-09,0,Deaths,0.0,0.0
53195,Vietnam,2020-02-10,0,Deaths,0.0,0.0
53196,Vietnam,2020-02-11,0,Deaths,0.0,0.0
53197,Vietnam,2020-02-12,0,Deaths,0.0,0.0
53198,Vietnam,2020-02-13,0,Deaths,0.0,0.0
53199,Vietnam,2020-02-14,0,Deaths,0.0,0.0
53200,Vietnam,2020-02-15,0,Deaths,0.0,0.0
53201,Vietnam,2020-02-16,0,Deaths,0.0,0.0
53202,Vietnam,2020-02-17,0,Deaths,0.0,0.0
53203,Vietnam,2020-02-18,0,Deaths,0.0,0.0
53204,Vietnam,2020-02-19,0,Deaths,0.0,0.0
53205,Vietnam,2020-02-20,0,Deaths,0.0,0.0
53206,Vietnam,2020-02-21,0,Deaths,0.0,0.0
53207,Vietnam,2020-02-22,0,Deaths,0.0,0.0
53208,Vietnam,2020-02-23,0,Deaths,0.0,0.0
53209,Vietnam,2020-02-24,0,Deaths,0.0,0.0
53210,Vietnam,2020-02-25,0,Deaths,0.0,0.0
53211,Vietnam,2020-02-26,0,Deaths,0.0,0.0
53212,Vietnam,2020-02-27,0,Deaths,0.0,0.0
53213,Vietnam,2020-02-28,0,Deaths,0.0,0.0
53214,Vietnam,2020-02-29,0,Deaths,0.0,0.0
53215,Vietnam,2020-03-01,0,Deaths,0.0,0.0
53216,Vietnam,2020-03-02,0,Deaths,0.0,0.0
53217,Vietnam,2020-03-03,0,Deaths,0.0,0.0
53218,Vietnam,2020-03-04,0,Deaths,0.0,0.0
53219,Vietnam,2020-03-05,0,Deaths,0.0,0.0
53220,Vietnam,2020-03-06,0,Deaths,0.0,0.0
53221,Vietnam,2020-03-07,0,Deaths,0.0,0.0
53222,Vietnam,2020-03-08,0,Deaths,0.0,0.0
53223,Vietnam,2020-03-09,0,Deaths,0.0,0.0
53224,Vietnam,2020-03-10,0,Deaths,0.0,0.0
53225,Vietnam,2020-03-11,0,Deaths,0.0,0.0
53226,Vietnam,2020-03-12,0,Deaths,0.0,0.0
53227,Vietnam,2020-03-13,0,Deaths,0.0,0.0
53228,Vietnam,2020-03-14,0,Deaths,0.0,0.0
53229,Vietnam,2020-03-15,0,Deaths,0.0,0.0
53230,Vietnam,2020-03-16,0,Deaths,0.0,0.0
53231,Vietnam,2020-03-17,0,Deaths,0.0,0.0
53232,Vietnam,2020-03-18,0,Deaths,0.0,0.0
53233,Vietnam,2020-03-19,0,Deaths,0.0,0.0
53234,Vietnam,2020-03-20,0,Deaths,0.0,0.0
53235,Vietnam,2020-03-21,0,Deaths,0.0,0.0
53236,Vietnam,2020-03-22,0,Deaths,0.0,0.0
53237,Vietnam,2020-03-23,0,Deaths,0.0,0.0
53238,Vietnam,2020-03-24,0,Deaths,0.0,0.0
53239,Vietnam,2020-03-25,0,Deaths,0.0,0.0
53240,Vietnam,2020-03-26,0,Deaths,0.0,0.0
53241,Vietnam,2020-03-27,0,Deaths,0.0,0.0
53242,Vietnam,2020-03-28,0,Deaths,0.0,0.0
53243,Vietnam,2020-03-29,0,Deaths,0.0,0.0
53244,Vietnam,2020-03-30,0,Deaths,0.0,0.0
53245,Vietnam,2020-03-31,0,Deaths,0.0,0.0
53246,Vietnam,2020-04-01,0,Deaths,0.0,0.0
53247,Vietnam,2020-04-02,0,Deaths,0.0,0.0
53248,Vietnam,2020-04-03,0,Deaths,0.0,0.0
53249,Vietnam,2020-04-04,0,Deaths,0.0,0.0
53250,Vietnam,2020-04-05,0,Deaths,0.0,0.0
53251,Vietnam,2020-04-06,0,Deaths,0.0,0.0
53252,Vietnam,2020-04-07,0,Deaths,0.0,0.0
53253,Vietnam,2020-04-08,0,Deaths,0.0,0.0
53254,Vietnam,2020-04-09,0,Deaths,0.0,0.0
53255,Vietnam,2020-04-10,0,Deaths,0.0,0.0
53256,Vietnam,2020-04-11,0,Deaths,0.0,0.0
53257,Vietnam,2020-04-12,0,Deaths,0.0,0.0
53258,Vietnam,2020-04-13,0,Deaths,0.0,0.0
53259,Vietnam,2020-04-14,0,Deaths,0.0,0.0
53260,Vietnam,2020-04-15,0,Deaths,0.0,0.0
53261,Vietnam,2020-04-16,0,Deaths,0.0,0.0
53262,Vietnam,2020-04-17,0,Deaths,0.0,0.0
53263,Vietnam,2020-04-18,0,Deaths,0.0,0.0
53264,Vietnam,2020-04-19,0,Deaths,0.0,0.0
53265,Vietnam,2020-04-20,0,Deaths,0.0,0.0
53266,Vietnam,2020-04-21,0,Deaths,0.0,0.0
53267,Vietnam,2020-04-22,0,Deaths,0.0,0.0
53268,Vietnam,2020-04-23,0,Deaths,0.0,0.0
53269,Vietnam,2020-04-24,0,Deaths,0.0,0.0
53270,Vietnam,2020-04-25,0,Deaths,0.0,0.0
53271,Vietnam,2020-04-26,0,Deaths,0.0,0.0
53272,Vietnam,2020-04-27,0,Deaths,0.0,0.0
53273,Vietnam,2020-04-28,0,Deaths,0.0,0.0
53274,Vietnam,2020-04-29,0,Deaths,0.0,0.0
53275,Vietnam,2020-04-30,0,Deaths,0.0,0.0
53276,Vietnam,2020-05-01,0,Deaths,0.0,0.0
53277,Vietnam,2020-05-02,0,Deaths,0.0,0.0
53278,Vietnam,2020-05-03,0,Deaths,0.0,0.0
53279,Vietnam,2020-05-04,0,Deaths,0.0,0.0
53280,Vietnam,2020-05-05,0,Deaths,0.0,0.0
53281,Vietnam,2020-05-06,0,Deaths,0.0,0.0
53282,Vietnam,2020-05-07,0,Deaths,0.0,0.0
53283,Vietnam,2020-05-08,0,Deaths,0.0,0.0
53284,Vietnam,2020-05-09,0,Deaths,0.0,0.0
53285,Vietnam,2020-05-10,0,Deaths,0.0,0.0
53286,Vietnam,2020-05-11,0,Deaths,0.0,0.0
53287,Vietnam,2020-05-12,0,Deaths,0.0,0.0
53288,Vietnam,2020-05-13,0,Deaths,0.0,0.0
53289,Vietnam,2020-05-14,0,Deaths,0.0,0.0
53290,Vietnam,2020-05-15,0,Deaths,0.0,0.0
53291,Vietnam,2020-05-16,0,Deaths,0.0,0.0
53292,Vietnam,2020-05-17,0,Deaths,0.0,0.0
53293,Vietnam,2020-05-18,0,Deaths,0.0,0.0
53294,Vietnam,2020-05-19,0,Deaths,0.0,0.0
53295,Vietnam,2020-05-20,0,Deaths,0.0,0.0
53296,Vietnam,2020-05-21,0,Deaths,0.0,0.0
53297,Vietnam,2020-05-22,0,Deaths,0.0,0.0
53298,Vietnam,2020-05-23,0,Deaths,0.0,0.0
53299,Vietnam,2020-05-24,0,Deaths,0.0,0.0
53300,Vietnam,2020-05-25,0,Deaths,0.0,0.0
53301,Vietnam,2020-05-26,0,Deaths,0.0,0.0
53302,Vietnam,2020-05-27,0,Deaths,0.0,0.0
53303,Vietnam,2020-05-28,0,Deaths,0.0,0.0
53304,Vietnam,2020-05-29,0,Deaths,0.0,0.0
53305,Vietnam,2020-05-30,0,Deaths,0.0,0.0
53306,Vietnam,2020-05-31,0,Deaths,0.0,0.0
53307,Vietnam,2020-06-01,0,Deaths,0.0,0.0
53308,Vietnam,2020-06-02,0,Deaths,0.0,0.0
53309,Vietnam,2020-06-03,0,Deaths,0.0,0.0
53310,Vietnam,2020-06-04,0,Deaths,0.0,0.0
53311,Vietnam,2020-06-05,0,Deaths,0.0,0.0
53312,Vietnam,2020-06-06,0,Deaths,0.0,0.0
53313,Vietnam,2020-06-07,0,Deaths,0.0,0.0
53314,Vietnam,2020-06-08,0,Deaths,0.0,0.0
53315,Vietnam,2020-06-09,0,Deaths,0.0,0.0
53316,Vietnam,2020-06-10,0,Deaths,0.0,0.0
53317,Vietnam,2020-06-11,0,Deaths,0.0,0.0
53318,Vietnam,2020-06-12,0,Deaths,0.0,0.0
53319,Vietnam,2020-06-13,0,Deaths,0.0,0.0
53320,Vietnam,2020-06-14,0,Deaths,0.0,0.0
53321,Vietnam,2020-06-15,0,Deaths,0.0,0.0
53322,Vietnam,2020-06-16,0,Deaths,0.0,0.0
53323,Vietnam,2020-06-17,0,Deaths,0.0,0.0
53324,Vietnam,2020-06-18,0,Deaths,0.0,0.0
53325,Vietnam,2020-06-19,0,Deaths,0.0,0.0
53326,Vietnam,2020-06-20,0,Deaths,0.0,0.0
53327,Vietnam,2020-06-21,0,Deaths,0.0,0.0
53328,Vietnam,2020-06-22,0,Deaths,0.0,0.0
53329,Vietnam,2020-06-23,0,Deaths,0.0,0.0
53330,Vietnam,2020-06-24,0,Deaths,0.0,0.0
53331,Vietnam,2020-06-25,0,Deaths,0.0,0.0
53332,Vietnam,2020-06-26,0,Deaths,0.0,0.0
53333,Vietnam,2020-06-27,0,Deaths,0.0,0.0
53334,Vietnam,2020-06-28,0,Deaths,0.0,0.0
53335,Vietnam,2020-06-29,0,Deaths,0.0,0.0
53336,Vietnam,2020-06-30,0,Deaths,0.0,0.0
53337,Vietnam,2020-07-01,0,Deaths,0.0,0.0
53338,Vietnam,2020-07-02,0,Deaths,0.0,0.0
53339,Vietnam,2020-07-03,0,Deaths,0.0,0.0
53340,Vietnam,2020-07-04,0,Deaths,0.0,0.0
53341,Vietnam,2020-07-05,0,Deaths,0.0,0.0
53342,Vietnam,2020-07-06,0,Deaths,0.0,0.0
53343,Vietnam,2020-07-07,0,Deaths,0.0,0.0
53344,Vietnam,2020-07-08,0,Deaths,0.0,0.0
53345,Vietnam,2020-07-09,0,Deaths,0.0,0.0
53346,Vietnam,2020-07-10,0,Deaths,0.0,0.0
53347,Vietnam,2020-07-11,0,Deaths,0.0,0.0
53348,Vietnam,2020-07-12,0,Deaths,0.0,0.0
53349,Vietnam,2020-07-13,0,Deaths,0.0,0.0
53350,Vietnam,2020-07-14,0,Deaths,0.0,0.0
53351,Vietnam,2020-07-15,0,Deaths,0.0,0.0
53352,Vietnam,2020-07-16,0,Deaths,0.0,0.0
53353,Vietnam,2020-07-17,0,Deaths,0.0,0.0
53354,Vietnam,2020-07-18,0,Deaths,0.0,0.0
53355,Vietnam,2020-07-19,0,Deaths,0.0,0.0
53356,Vietnam,2020-07-20,0,Deaths,0.0,0.0
53357,Vietnam,2020-07-21,0,Deaths,0.0,0.0
53358,Vietnam,2020-07-22,0,Deaths,0.0,0.0
53359,Vietnam,2020-07-23,0,Deaths,0.0,0.0
53360,Vietnam,2020-07-24,0,Deaths,0.0,0.0
53361,Vietnam,2020-07-25,0,Deaths,0.0,0.0
53362,Vietnam,2020-07-26,0,Deaths,0.0,0.0
53363,Vietnam,2020-07-27,0,Deaths,0.0,0.0
53364,Vietnam,2020-07-28,0,Deaths,0.0,0.0
53365,Vietnam,2020-07-29,0,Deaths,0.0,0.0
53366,Vietnam,2020-07-30,0,Deaths,0.0,0.0
53367,Vietnam,2020-07-31,3,Deaths,3.0,3.0
53368,Vietnam,2020-08-01,3,Deaths,0.0,3.0
53369,Vietnam,2020-08-02,6,Deaths,3.0,6.0
53370,Vietnam,2020-08-03,7,Deaths,1.0,7.0
53371,Vietnam,2020-08-04,8,Deaths,1.0,8.0
53372,Vietnam,2020-08-05,9,Deaths,1.0,9.0
53373,Vietnam,2020-08-06,10,Deaths,1.0,10.0
53374,Vietnam,2020-08-07,10,Deaths,0.0,7.0
53375,Vietnam,2020-08-08,10,Deaths,0.0,7.0
53376,Vietnam,2020-08-09,13,Deaths,3.0,7.0
53377,Vietnam,2020-08-10,15,Deaths,2.0,8.0
53378,Vietnam,2020-08-11,16,Deaths,1.0,8.0
53379,Vietnam,2020-08-12,18,Deaths,2.0,9.0
53380,Vietnam,2020-08-13,21,Deaths,3.0,11.0
53381,Vietnam,2020-08-14,22,Deaths,1.0,12.0
53382,Vietnam,2020-08-15,24,Deaths,2.0,14.0
53383,Vietnam,2020-08-16,24,Deaths,0.0,11.0
53384,Vietnam,2020-08-17,25,Deaths,1.0,10.0
53385,Vietnam,2020-08-18,26,Deaths,1.0,10.0
53386,Vietnam,2020-08-19,25,Deaths,-1.0,7.0
53387,Vietnam,2020-08-20,25,Deaths,0.0,4.0
53388,Vietnam,2020-08-21,25,Deaths,0.0,3.0
53389,Vietnam,2020-08-22,26,Deaths,1.0,2.0
53390,Vietnam,2020-08-23,27,Deaths,1.0,3.0
53391,Vietnam,2020-08-24,27,Deaths,0.0,2.0
53392,Vietnam,2020-08-25,27,Deaths,0.0,1.0
53393,Vietnam,2020-08-26,30,Deaths,3.0,5.0
53394,Vietnam,2020-08-27,30,Deaths,0.0,5.0
53395,Vietnam,2020-08-28,30,Deaths,0.0,5.0
53396,Vietnam,2020-08-29,32,Deaths,2.0,6.0
53397,Vietnam,2020-08-30,32,Deaths,0.0,5.0
53398,Vietnam,2020-08-31,34,Deaths,2.0,7.0
53399,Vietnam,2020-09-01,34,Deaths,0.0,7.0
53400,Vietnam,2020-09-02,34,Deaths,0.0,4.0
53401,Vietnam,2020-09-03,35,Deaths,1.0,5.0
53402,Vietnam,2020-09-04,35,Deaths,0.0,5.0
53403,Vietnam,2020-09-05,35,Deaths,0.0,3.0
53404,Vietnam,2020-09-06,35,Deaths,0.0,3.0
53405,Vietnam,2020-09-07,35,Deaths,0.0,1.0
53406,Vietnam,2020-09-08,35,Deaths,0.0,1.0
53407,Vietnam,2020-09-09,35,Deaths,0.0,1.0
53408,Vietnam,2020-09-10,35,Deaths,0.0,0.0
53409,Vietnam,2020-09-11,35,Deaths,0.0,0.0
53410,Vietnam,2020-09-12,35,Deaths,0.0,0.0
53411,Vietnam,2020-09-13,35,Deaths,0.0,0.0
53412,Vietnam,2020-09-14,35,Deaths,0.0,0.0
53413,Vietnam,2020-09-15,35,Deaths,0.0,0.0
53414,Vietnam,2020-09-16,35,Deaths,0.0,0.0
53415,Vietnam,2020-09-17,35,Deaths,0.0,0.0
53416,Vietnam,2020-09-18,35,Deaths,0.0,0.0
53417,Vietnam,2020-09-19,35,Deaths,0.0,0.0
53418,Vietnam,2020-09-20,35,Deaths,0.0,0.0
53419,Vietnam,2020-09-21,35,Deaths,0.0,0.0
53420,Vietnam,2020-09-22,35,Deaths,0.0,0.0
53421,Vietnam,2020-09-23,35,Deaths,0.0,0.0
53422,Vietnam,2020-09-24,35,Deaths,0.0,0.0
53423,Vietnam,2020-09-25,35,Deaths,0.0,0.0
53424,Vietnam,2020-09-26,35,Deaths,0.0,0.0
53425,Vietnam,2020-09-27,35,Deaths,0.0,0.0
53426,Vietnam,2020-09-28,35,Deaths,0.0,0.0
53427,Vietnam,2020-09-29,35,Deaths,0.0,0.0
53428,Vietnam,2020-09-30,35,Deaths,0.0,0.0
53429,Vietnam,2020-10-01,35,Deaths,0.0,0.0
53430,Vietnam,2020-10-02,35,Deaths,0.0,0.0
53431,Vietnam,2020-10-03,35,Deaths,0.0,0.0
53432,Vietnam,2020-10-04,35,Deaths,0.0,0.0
53433,Vietnam,2020-10-05,35,Deaths,0.0,0.0
53434,Vietnam,2020-10-06,35,Deaths,0.0,0.0
53435,Vietnam,2020-10-07,35,Deaths,0.0,0.0
53436,Vietnam,2020-10-08,35,Deaths,0.0,0.0
53437,Vietnam,2020-10-09,35,Deaths,0.0,0.0
53438,Vietnam,2020-10-10,35,Deaths,0.0,0.0
53439,Vietnam,2020-10-11,35,Deaths,0.0,0.0
53440,Vietnam,2020-10-12,35,Deaths,0.0,0.0
53441,Vietnam,2020-10-13,35,Deaths,0.0,0.0
53442,Vietnam,2020-10-14,35,Deaths,0.0,0.0
53443,Vietnam,2020-10-15,35,Deaths,0.0,0.0
53444,Vietnam,2020-10-16,35,Deaths,0.0,0.0
53445,Vietnam,2020-10-17,35,Deaths,0.0,0.0
53446,Vietnam,2020-10-18,35,Deaths,0.0,0.0
53447,Vietnam,2020-10-19,35,Deaths,0.0,0.0
53448,Vietnam,2020-10-20,35,Deaths,0.0,0.0
53449,Vietnam,2020-10-21,35,Deaths,0.0,0.0
53450,Vietnam,2020-10-22,35,Deaths,0.0,0.0
53451,Vietnam,2020-10-23,35,Deaths,0.0,0.0
53452,Vietnam,2020-10-24,35,Deaths,0.0,0.0
53453,Vietnam,2020-10-25,35,Deaths,0.0,0.0
53454,Vietnam,2020-10-26,35,Deaths,0.0,0.0
53455,Vietnam,2020-10-27,35,Deaths,0.0,0.0
53456,Vietnam,2020-10-28,35,Deaths,0.0,0.0
53457,Vietnam,2020-10-29,35,Deaths,0.0,0.0
53458,Vietnam,2020-10-30,35,Deaths,0.0,0.0
53459,Vietnam,2020-10-31,35,Deaths,0.0,0.0
53460,Vietnam,2020-11-01,35,Deaths,0.0,0.0
53461,Vietnam,2020-11-02,35,Deaths,0.0,0.0
53462,Vietnam,2020-11-03,35,Deaths,0.0,0.0
53463,Vietnam,2020-11-04,35,Deaths,0.0,0.0
53464,Vietnam,2020-11-05,35,Deaths,0.0,0.0
53465,West Bank and Gaza,2020-01-22,0,Deaths,,
53466,West Bank and Gaza,2020-01-23,0,Deaths,0.0,
53467,West Bank and Gaza,2020-01-24,0,Deaths,0.0,
53468,West Bank and Gaza,2020-01-25,0,Deaths,0.0,
53469,West Bank and Gaza,2020-01-26,0,Deaths,0.0,
53470,West Bank and Gaza,2020-01-27,0,Deaths,0.0,
53471,West Bank and Gaza,2020-01-28,0,Deaths,0.0,
53472,West Bank and Gaza,2020-01-29,0,Deaths,0.0,0.0
53473,West Bank and Gaza,2020-01-30,0,Deaths,0.0,0.0
53474,West Bank and Gaza,2020-01-31,0,Deaths,0.0,0.0
53475,West Bank and Gaza,2020-02-01,0,Deaths,0.0,0.0
53476,West Bank and Gaza,2020-02-02,0,Deaths,0.0,0.0
53477,West Bank and Gaza,2020-02-03,0,Deaths,0.0,0.0
53478,West Bank and Gaza,2020-02-04,0,Deaths,0.0,0.0
53479,West Bank and Gaza,2020-02-05,0,Deaths,0.0,0.0
53480,West Bank and Gaza,2020-02-06,0,Deaths,0.0,0.0
53481,West Bank and Gaza,2020-02-07,0,Deaths,0.0,0.0
53482,West Bank and Gaza,2020-02-08,0,Deaths,0.0,0.0
53483,West Bank and Gaza,2020-02-09,0,Deaths,0.0,0.0
53484,West Bank and Gaza,2020-02-10,0,Deaths,0.0,0.0
53485,West Bank and Gaza,2020-02-11,0,Deaths,0.0,0.0
53486,West Bank and Gaza,2020-02-12,0,Deaths,0.0,0.0
53487,West Bank and Gaza,2020-02-13,0,Deaths,0.0,0.0
53488,West Bank and Gaza,2020-02-14,0,Deaths,0.0,0.0
53489,West Bank and Gaza,2020-02-15,0,Deaths,0.0,0.0
53490,West Bank and Gaza,2020-02-16,0,Deaths,0.0,0.0
53491,West Bank and Gaza,2020-02-17,0,Deaths,0.0,0.0
53492,West Bank and Gaza,2020-02-18,0,Deaths,0.0,0.0
53493,West Bank and Gaza,2020-02-19,0,Deaths,0.0,0.0
53494,West Bank and Gaza,2020-02-20,0,Deaths,0.0,0.0
53495,West Bank and Gaza,2020-02-21,0,Deaths,0.0,0.0
53496,West Bank and Gaza,2020-02-22,0,Deaths,0.0,0.0
53497,West Bank and Gaza,2020-02-23,0,Deaths,0.0,0.0
53498,West Bank and Gaza,2020-02-24,0,Deaths,0.0,0.0
53499,West Bank and Gaza,2020-02-25,0,Deaths,0.0,0.0
53500,West Bank and Gaza,2020-02-26,0,Deaths,0.0,0.0
53501,West Bank and Gaza,2020-02-27,0,Deaths,0.0,0.0
53502,West Bank and Gaza,2020-02-28,0,Deaths,0.0,0.0
53503,West Bank and Gaza,2020-02-29,0,Deaths,0.0,0.0
53504,West Bank and Gaza,2020-03-01,0,Deaths,0.0,0.0
53505,West Bank and Gaza,2020-03-02,0,Deaths,0.0,0.0
53506,West Bank and Gaza,2020-03-03,0,Deaths,0.0,0.0
53507,West Bank and Gaza,2020-03-04,0,Deaths,0.0,0.0
53508,West Bank and Gaza,2020-03-05,0,Deaths,0.0,0.0
53509,West Bank and Gaza,2020-03-06,0,Deaths,0.0,0.0
53510,West Bank and Gaza,2020-03-07,0,Deaths,0.0,0.0
53511,West Bank and Gaza,2020-03-08,0,Deaths,0.0,0.0
53512,West Bank and Gaza,2020-03-09,0,Deaths,0.0,0.0
53513,West Bank and Gaza,2020-03-10,0,Deaths,0.0,0.0
53514,West Bank and Gaza,2020-03-11,0,Deaths,0.0,0.0
53515,West Bank and Gaza,2020-03-12,0,Deaths,0.0,0.0
53516,West Bank and Gaza,2020-03-13,0,Deaths,0.0,0.0
53517,West Bank and Gaza,2020-03-14,0,Deaths,0.0,0.0
53518,West Bank and Gaza,2020-03-15,0,Deaths,0.0,0.0
53519,West Bank and Gaza,2020-03-16,0,Deaths,0.0,0.0
53520,West Bank and Gaza,2020-03-17,0,Deaths,0.0,0.0
53521,West Bank and Gaza,2020-03-18,0,Deaths,0.0,0.0
53522,West Bank and Gaza,2020-03-19,0,Deaths,0.0,0.0
53523,West Bank and Gaza,2020-03-20,0,Deaths,0.0,0.0
53524,West Bank and Gaza,2020-03-21,0,Deaths,0.0,0.0
53525,West Bank and Gaza,2020-03-22,0,Deaths,0.0,0.0
53526,West Bank and Gaza,2020-03-23,0,Deaths,0.0,0.0
53527,West Bank and Gaza,2020-03-24,0,Deaths,0.0,0.0
53528,West Bank and Gaza,2020-03-25,0,Deaths,0.0,0.0
53529,West Bank and Gaza,2020-03-26,1,Deaths,1.0,1.0
53530,West Bank and Gaza,2020-03-27,1,Deaths,0.0,1.0
53531,West Bank and Gaza,2020-03-28,1,Deaths,0.0,1.0
53532,West Bank and Gaza,2020-03-29,1,Deaths,0.0,1.0
53533,West Bank and Gaza,2020-03-30,1,Deaths,0.0,1.0
53534,West Bank and Gaza,2020-03-31,1,Deaths,0.0,1.0
53535,West Bank and Gaza,2020-04-01,1,Deaths,0.0,1.0
53536,West Bank and Gaza,2020-04-02,1,Deaths,0.0,0.0
53537,West Bank and Gaza,2020-04-03,1,Deaths,0.0,0.0
53538,West Bank and Gaza,2020-04-04,1,Deaths,0.0,0.0
53539,West Bank and Gaza,2020-04-05,1,Deaths,0.0,0.0
53540,West Bank and Gaza,2020-04-06,1,Deaths,0.0,0.0
53541,West Bank and Gaza,2020-04-07,1,Deaths,0.0,0.0
53542,West Bank and Gaza,2020-04-08,1,Deaths,0.0,0.0
53543,West Bank and Gaza,2020-04-09,1,Deaths,0.0,0.0
53544,West Bank and Gaza,2020-04-10,2,Deaths,1.0,1.0
53545,West Bank and Gaza,2020-04-11,2,Deaths,0.0,1.0
53546,West Bank and Gaza,2020-04-12,2,Deaths,0.0,1.0
53547,West Bank and Gaza,2020-04-13,2,Deaths,0.0,1.0
53548,West Bank and Gaza,2020-04-14,2,Deaths,0.0,1.0
53549,West Bank and Gaza,2020-04-15,2,Deaths,0.0,1.0
53550,West Bank and Gaza,2020-04-16,2,Deaths,0.0,1.0
53551,West Bank and Gaza,2020-04-17,2,Deaths,0.0,0.0
53552,West Bank and Gaza,2020-04-18,2,Deaths,0.0,0.0
53553,West Bank and Gaza,2020-04-19,2,Deaths,0.0,0.0
53554,West Bank and Gaza,2020-04-20,2,Deaths,0.0,0.0
53555,West Bank and Gaza,2020-04-21,2,Deaths,0.0,0.0
53556,West Bank and Gaza,2020-04-22,2,Deaths,0.0,0.0
53557,West Bank and Gaza,2020-04-23,2,Deaths,0.0,0.0
53558,West Bank and Gaza,2020-04-24,2,Deaths,0.0,0.0
53559,West Bank and Gaza,2020-04-25,2,Deaths,0.0,0.0
53560,West Bank and Gaza,2020-04-26,2,Deaths,0.0,0.0
53561,West Bank and Gaza,2020-04-27,2,Deaths,0.0,0.0
53562,West Bank and Gaza,2020-04-28,2,Deaths,0.0,0.0
53563,West Bank and Gaza,2020-04-29,2,Deaths,0.0,0.0
53564,West Bank and Gaza,2020-04-30,2,Deaths,0.0,0.0
53565,West Bank and Gaza,2020-05-01,2,Deaths,0.0,0.0
53566,West Bank and Gaza,2020-05-02,2,Deaths,0.0,0.0
53567,West Bank and Gaza,2020-05-03,2,Deaths,0.0,0.0
53568,West Bank and Gaza,2020-05-04,2,Deaths,0.0,0.0
53569,West Bank and Gaza,2020-05-05,2,Deaths,0.0,0.0
53570,West Bank and Gaza,2020-05-06,2,Deaths,0.0,0.0
53571,West Bank and Gaza,2020-05-07,2,Deaths,0.0,0.0
53572,West Bank and Gaza,2020-05-08,2,Deaths,0.0,0.0
53573,West Bank and Gaza,2020-05-09,2,Deaths,0.0,0.0
53574,West Bank and Gaza,2020-05-10,2,Deaths,0.0,0.0
53575,West Bank and Gaza,2020-05-11,2,Deaths,0.0,0.0
53576,West Bank and Gaza,2020-05-12,2,Deaths,0.0,0.0
53577,West Bank and Gaza,2020-05-13,2,Deaths,0.0,0.0
53578,West Bank and Gaza,2020-05-14,2,Deaths,0.0,0.0
53579,West Bank and Gaza,2020-05-15,2,Deaths,0.0,0.0
53580,West Bank and Gaza,2020-05-16,2,Deaths,0.0,0.0
53581,West Bank and Gaza,2020-05-17,2,Deaths,0.0,0.0
53582,West Bank and Gaza,2020-05-18,2,Deaths,0.0,0.0
53583,West Bank and Gaza,2020-05-19,2,Deaths,0.0,0.0
53584,West Bank and Gaza,2020-05-20,2,Deaths,0.0,0.0
53585,West Bank and Gaza,2020-05-21,2,Deaths,0.0,0.0
53586,West Bank and Gaza,2020-05-22,2,Deaths,0.0,0.0
53587,West Bank and Gaza,2020-05-23,3,Deaths,1.0,1.0
53588,West Bank and Gaza,2020-05-24,3,Deaths,0.0,1.0
53589,West Bank and Gaza,2020-05-25,3,Deaths,0.0,1.0
53590,West Bank and Gaza,2020-05-26,3,Deaths,0.0,1.0
53591,West Bank and Gaza,2020-05-27,3,Deaths,0.0,1.0
53592,West Bank and Gaza,2020-05-28,3,Deaths,0.0,1.0
53593,West Bank and Gaza,2020-05-29,3,Deaths,0.0,1.0
53594,West Bank and Gaza,2020-05-30,3,Deaths,0.0,0.0
53595,West Bank and Gaza,2020-05-31,3,Deaths,0.0,0.0
53596,West Bank and Gaza,2020-06-01,3,Deaths,0.0,0.0
53597,West Bank and Gaza,2020-06-02,3,Deaths,0.0,0.0
53598,West Bank and Gaza,2020-06-03,3,Deaths,0.0,0.0
53599,West Bank and Gaza,2020-06-04,3,Deaths,0.0,0.0
53600,West Bank and Gaza,2020-06-05,3,Deaths,0.0,0.0
53601,West Bank and Gaza,2020-06-06,3,Deaths,0.0,0.0
53602,West Bank and Gaza,2020-06-07,3,Deaths,0.0,0.0
53603,West Bank and Gaza,2020-06-08,3,Deaths,0.0,0.0
53604,West Bank and Gaza,2020-06-09,3,Deaths,0.0,0.0
53605,West Bank and Gaza,2020-06-10,3,Deaths,0.0,0.0
53606,West Bank and Gaza,2020-06-11,3,Deaths,0.0,0.0
53607,West Bank and Gaza,2020-06-12,3,Deaths,0.0,0.0
53608,West Bank and Gaza,2020-06-13,3,Deaths,0.0,0.0
53609,West Bank and Gaza,2020-06-14,3,Deaths,0.0,0.0
53610,West Bank and Gaza,2020-06-15,3,Deaths,0.0,0.0
53611,West Bank and Gaza,2020-06-16,3,Deaths,0.0,0.0
53612,West Bank and Gaza,2020-06-17,3,Deaths,0.0,0.0
53613,West Bank and Gaza,2020-06-18,3,Deaths,0.0,0.0
53614,West Bank and Gaza,2020-06-19,3,Deaths,0.0,0.0
53615,West Bank and Gaza,2020-06-20,3,Deaths,0.0,0.0
53616,West Bank and Gaza,2020-06-21,3,Deaths,0.0,0.0
53617,West Bank and Gaza,2020-06-22,3,Deaths,0.0,0.0
53618,West Bank and Gaza,2020-06-23,3,Deaths,0.0,0.0
53619,West Bank and Gaza,2020-06-24,3,Deaths,0.0,0.0
53620,West Bank and Gaza,2020-06-25,3,Deaths,0.0,0.0
53621,West Bank and Gaza,2020-06-26,3,Deaths,0.0,0.0
53622,West Bank and Gaza,2020-06-27,4,Deaths,1.0,1.0
53623,West Bank and Gaza,2020-06-28,4,Deaths,0.0,1.0
53624,West Bank and Gaza,2020-06-29,5,Deaths,1.0,2.0
53625,West Bank and Gaza,2020-06-30,8,Deaths,3.0,5.0
53626,West Bank and Gaza,2020-07-01,8,Deaths,0.0,5.0
53627,West Bank and Gaza,2020-07-02,9,Deaths,1.0,6.0
53628,West Bank and Gaza,2020-07-03,11,Deaths,2.0,8.0
53629,West Bank and Gaza,2020-07-04,13,Deaths,2.0,9.0
53630,West Bank and Gaza,2020-07-05,16,Deaths,3.0,12.0
53631,West Bank and Gaza,2020-07-06,17,Deaths,1.0,12.0
53632,West Bank and Gaza,2020-07-07,18,Deaths,1.0,10.0
53633,West Bank and Gaza,2020-07-08,20,Deaths,2.0,12.0
53634,West Bank and Gaza,2020-07-09,24,Deaths,4.0,15.0
53635,West Bank and Gaza,2020-07-10,27,Deaths,3.0,16.0
53636,West Bank and Gaza,2020-07-11,33,Deaths,6.0,20.0
53637,West Bank and Gaza,2020-07-12,36,Deaths,3.0,20.0
53638,West Bank and Gaza,2020-07-13,39,Deaths,3.0,22.0
53639,West Bank and Gaza,2020-07-14,44,Deaths,5.0,26.0
53640,West Bank and Gaza,2020-07-15,44,Deaths,0.0,24.0
53641,West Bank and Gaza,2020-07-16,51,Deaths,7.0,27.0
53642,West Bank and Gaza,2020-07-17,53,Deaths,2.0,26.0
53643,West Bank and Gaza,2020-07-18,59,Deaths,6.0,26.0
53644,West Bank and Gaza,2020-07-19,62,Deaths,3.0,26.0
53645,West Bank and Gaza,2020-07-20,63,Deaths,1.0,24.0
53646,West Bank and Gaza,2020-07-21,64,Deaths,1.0,20.0
53647,West Bank and Gaza,2020-07-22,66,Deaths,2.0,22.0
53648,West Bank and Gaza,2020-07-23,67,Deaths,1.0,16.0
53649,West Bank and Gaza,2020-07-24,70,Deaths,3.0,17.0
53650,West Bank and Gaza,2020-07-25,75,Deaths,5.0,16.0
53651,West Bank and Gaza,2020-07-26,76,Deaths,1.0,14.0
53652,West Bank and Gaza,2020-07-27,78,Deaths,2.0,15.0
53653,West Bank and Gaza,2020-07-28,79,Deaths,1.0,15.0
53654,West Bank and Gaza,2020-07-29,80,Deaths,1.0,14.0
53655,West Bank and Gaza,2020-07-30,81,Deaths,1.0,14.0
53656,West Bank and Gaza,2020-07-31,82,Deaths,1.0,12.0
53657,West Bank and Gaza,2020-08-01,83,Deaths,1.0,8.0
53658,West Bank and Gaza,2020-08-02,84,Deaths,1.0,8.0
53659,West Bank and Gaza,2020-08-03,84,Deaths,0.0,6.0
53660,West Bank and Gaza,2020-08-04,86,Deaths,2.0,7.0
53661,West Bank and Gaza,2020-08-05,89,Deaths,3.0,9.0
53662,West Bank and Gaza,2020-08-06,92,Deaths,3.0,11.0
53663,West Bank and Gaza,2020-08-07,94,Deaths,2.0,12.0
53664,West Bank and Gaza,2020-08-08,96,Deaths,2.0,13.0
53665,West Bank and Gaza,2020-08-09,97,Deaths,1.0,13.0
53666,West Bank and Gaza,2020-08-10,100,Deaths,3.0,16.0
53667,West Bank and Gaza,2020-08-11,104,Deaths,4.0,18.0
53668,West Bank and Gaza,2020-08-12,105,Deaths,1.0,16.0
53669,West Bank and Gaza,2020-08-13,106,Deaths,1.0,14.0
53670,West Bank and Gaza,2020-08-14,106,Deaths,0.0,12.0
53671,West Bank and Gaza,2020-08-15,108,Deaths,2.0,12.0
53672,West Bank and Gaza,2020-08-16,110,Deaths,2.0,13.0
53673,West Bank and Gaza,2020-08-17,113,Deaths,3.0,13.0
53674,West Bank and Gaza,2020-08-18,113,Deaths,0.0,9.0
53675,West Bank and Gaza,2020-08-19,119,Deaths,6.0,14.0
53676,West Bank and Gaza,2020-08-20,120,Deaths,1.0,14.0
53677,West Bank and Gaza,2020-08-21,122,Deaths,2.0,16.0
53678,West Bank and Gaza,2020-08-22,125,Deaths,3.0,17.0
53679,West Bank and Gaza,2020-08-23,128,Deaths,3.0,18.0
53680,West Bank and Gaza,2020-08-24,133,Deaths,5.0,20.0
53681,West Bank and Gaza,2020-08-25,133,Deaths,0.0,20.0
53682,West Bank and Gaza,2020-08-26,137,Deaths,4.0,18.0
53683,West Bank and Gaza,2020-08-27,141,Deaths,4.0,21.0
53684,West Bank and Gaza,2020-08-28,145,Deaths,4.0,23.0
53685,West Bank and Gaza,2020-08-29,147,Deaths,2.0,22.0
53686,West Bank and Gaza,2020-08-30,152,Deaths,5.0,24.0
53687,West Bank and Gaza,2020-08-31,152,Deaths,0.0,19.0
53688,West Bank and Gaza,2020-09-01,159,Deaths,7.0,26.0
53689,West Bank and Gaza,2020-09-02,162,Deaths,3.0,25.0
53690,West Bank and Gaza,2020-09-03,167,Deaths,5.0,26.0
53691,West Bank and Gaza,2020-09-04,170,Deaths,3.0,25.0
53692,West Bank and Gaza,2020-09-05,177,Deaths,7.0,30.0
53693,West Bank and Gaza,2020-09-06,181,Deaths,4.0,29.0
53694,West Bank and Gaza,2020-09-07,184,Deaths,3.0,32.0
53695,West Bank and Gaza,2020-09-08,190,Deaths,6.0,31.0
53696,West Bank and Gaza,2020-09-09,192,Deaths,2.0,30.0
53697,West Bank and Gaza,2020-09-10,198,Deaths,6.0,31.0
53698,West Bank and Gaza,2020-09-11,204,Deaths,6.0,34.0
53699,West Bank and Gaza,2020-09-12,210,Deaths,6.0,33.0
53700,West Bank and Gaza,2020-09-13,221,Deaths,11.0,40.0
53701,West Bank and Gaza,2020-09-14,226,Deaths,5.0,42.0
53702,West Bank and Gaza,2020-09-15,229,Deaths,3.0,39.0
53703,West Bank and Gaza,2020-09-16,243,Deaths,14.0,51.0
53704,West Bank and Gaza,2020-09-17,244,Deaths,1.0,46.0
53705,West Bank and Gaza,2020-09-18,250,Deaths,6.0,46.0
53706,West Bank and Gaza,2020-09-19,253,Deaths,3.0,43.0
53707,West Bank and Gaza,2020-09-20,262,Deaths,9.0,41.0
53708,West Bank and Gaza,2020-09-21,265,Deaths,3.0,39.0
53709,West Bank and Gaza,2020-09-22,269,Deaths,4.0,40.0
53710,West Bank and Gaza,2020-09-23,272,Deaths,3.0,29.0
53711,West Bank and Gaza,2020-09-24,274,Deaths,2.0,30.0
53712,West Bank and Gaza,2020-09-25,278,Deaths,4.0,28.0
53713,West Bank and Gaza,2020-09-26,285,Deaths,7.0,32.0
53714,West Bank and Gaza,2020-09-27,291,Deaths,6.0,29.0
53715,West Bank and Gaza,2020-09-28,299,Deaths,8.0,34.0
53716,West Bank and Gaza,2020-09-29,306,Deaths,7.0,37.0
53717,West Bank and Gaza,2020-09-30,311,Deaths,5.0,39.0
53718,West Bank and Gaza,2020-10-01,318,Deaths,7.0,44.0
53719,West Bank and Gaza,2020-10-02,321,Deaths,3.0,43.0
53720,West Bank and Gaza,2020-10-03,329,Deaths,8.0,44.0
53721,West Bank and Gaza,2020-10-04,330,Deaths,1.0,39.0
53722,West Bank and Gaza,2020-10-05,339,Deaths,9.0,40.0
53723,West Bank and Gaza,2020-10-06,349,Deaths,10.0,43.0
53724,West Bank and Gaza,2020-10-07,355,Deaths,6.0,44.0
53725,West Bank and Gaza,2020-10-08,359,Deaths,4.0,41.0
53726,West Bank and Gaza,2020-10-09,367,Deaths,8.0,46.0
53727,West Bank and Gaza,2020-10-10,378,Deaths,11.0,49.0
53728,West Bank and Gaza,2020-10-11,381,Deaths,3.0,51.0
53729,West Bank and Gaza,2020-10-12,387,Deaths,6.0,48.0
53730,West Bank and Gaza,2020-10-13,391,Deaths,4.0,42.0
53731,West Bank and Gaza,2020-10-14,393,Deaths,2.0,38.0
53732,West Bank and Gaza,2020-10-15,401,Deaths,8.0,42.0
53733,West Bank and Gaza,2020-10-16,402,Deaths,1.0,35.0
53734,West Bank and Gaza,2020-10-17,402,Deaths,0.0,24.0
53735,West Bank and Gaza,2020-10-18,408,Deaths,6.0,27.0
53736,West Bank and Gaza,2020-10-19,413,Deaths,5.0,26.0
53737,West Bank and Gaza,2020-10-20,421,Deaths,8.0,30.0
53738,West Bank and Gaza,2020-10-21,427,Deaths,6.0,34.0
53739,West Bank and Gaza,2020-10-22,435,Deaths,8.0,34.0
53740,West Bank and Gaza,2020-10-23,439,Deaths,4.0,37.0
53741,West Bank and Gaza,2020-10-24,443,Deaths,4.0,41.0
53742,West Bank and Gaza,2020-10-25,448,Deaths,5.0,40.0
53743,West Bank and Gaza,2020-10-26,454,Deaths,6.0,41.0
53744,West Bank and Gaza,2020-10-27,458,Deaths,4.0,37.0
53745,West Bank and Gaza,2020-10-28,465,Deaths,7.0,38.0
53746,West Bank and Gaza,2020-10-29,473,Deaths,8.0,38.0
53747,West Bank and Gaza,2020-10-30,481,Deaths,8.0,42.0
53748,West Bank and Gaza,2020-10-31,483,Deaths,2.0,40.0
53749,West Bank and Gaza,2020-11-01,489,Deaths,6.0,41.0
53750,West Bank and Gaza,2020-11-02,493,Deaths,4.0,39.0
53751,West Bank and Gaza,2020-11-03,501,Deaths,8.0,43.0
53752,West Bank and Gaza,2020-11-04,504,Deaths,3.0,39.0
53753,West Bank and Gaza,2020-11-05,508,Deaths,4.0,35.0
53754,Western Sahara,2020-01-22,0,Deaths,,
53755,Western Sahara,2020-01-23,0,Deaths,0.0,
53756,Western Sahara,2020-01-24,0,Deaths,0.0,
53757,Western Sahara,2020-01-25,0,Deaths,0.0,
53758,Western Sahara,2020-01-26,0,Deaths,0.0,
53759,Western Sahara,2020-01-27,0,Deaths,0.0,
53760,Western Sahara,2020-01-28,0,Deaths,0.0,
53761,Western Sahara,2020-01-29,0,Deaths,0.0,0.0
53762,Western Sahara,2020-01-30,0,Deaths,0.0,0.0
53763,Western Sahara,2020-01-31,0,Deaths,0.0,0.0
53764,Western Sahara,2020-02-01,0,Deaths,0.0,0.0
53765,Western Sahara,2020-02-02,0,Deaths,0.0,0.0
53766,Western Sahara,2020-02-03,0,Deaths,0.0,0.0
53767,Western Sahara,2020-02-04,0,Deaths,0.0,0.0
53768,Western Sahara,2020-02-05,0,Deaths,0.0,0.0
53769,Western Sahara,2020-02-06,0,Deaths,0.0,0.0
53770,Western Sahara,2020-02-07,0,Deaths,0.0,0.0
53771,Western Sahara,2020-02-08,0,Deaths,0.0,0.0
53772,Western Sahara,2020-02-09,0,Deaths,0.0,0.0
53773,Western Sahara,2020-02-10,0,Deaths,0.0,0.0
53774,Western Sahara,2020-02-11,0,Deaths,0.0,0.0
53775,Western Sahara,2020-02-12,0,Deaths,0.0,0.0
53776,Western Sahara,2020-02-13,0,Deaths,0.0,0.0
53777,Western Sahara,2020-02-14,0,Deaths,0.0,0.0
53778,Western Sahara,2020-02-15,0,Deaths,0.0,0.0
53779,Western Sahara,2020-02-16,0,Deaths,0.0,0.0
53780,Western Sahara,2020-02-17,0,Deaths,0.0,0.0
53781,Western Sahara,2020-02-18,0,Deaths,0.0,0.0
53782,Western Sahara,2020-02-19,0,Deaths,0.0,0.0
53783,Western Sahara,2020-02-20,0,Deaths,0.0,0.0
53784,Western Sahara,2020-02-21,0,Deaths,0.0,0.0
53785,Western Sahara,2020-02-22,0,Deaths,0.0,0.0
53786,Western Sahara,2020-02-23,0,Deaths,0.0,0.0
53787,Western Sahara,2020-02-24,0,Deaths,0.0,0.0
53788,Western Sahara,2020-02-25,0,Deaths,0.0,0.0
53789,Western Sahara,2020-02-26,0,Deaths,0.0,0.0
53790,Western Sahara,2020-02-27,0,Deaths,0.0,0.0
53791,Western Sahara,2020-02-28,0,Deaths,0.0,0.0
53792,Western Sahara,2020-02-29,0,Deaths,0.0,0.0
53793,Western Sahara,2020-03-01,0,Deaths,0.0,0.0
53794,Western Sahara,2020-03-02,0,Deaths,0.0,0.0
53795,Western Sahara,2020-03-03,0,Deaths,0.0,0.0
53796,Western Sahara,2020-03-04,0,Deaths,0.0,0.0
53797,Western Sahara,2020-03-05,0,Deaths,0.0,0.0
53798,Western Sahara,2020-03-06,0,Deaths,0.0,0.0
53799,Western Sahara,2020-03-07,0,Deaths,0.0,0.0
53800,Western Sahara,2020-03-08,0,Deaths,0.0,0.0
53801,Western Sahara,2020-03-09,0,Deaths,0.0,0.0
53802,Western Sahara,2020-03-10,0,Deaths,0.0,0.0
53803,Western Sahara,2020-03-11,0,Deaths,0.0,0.0
53804,Western Sahara,2020-03-12,0,Deaths,0.0,0.0
53805,Western Sahara,2020-03-13,0,Deaths,0.0,0.0
53806,Western Sahara,2020-03-14,0,Deaths,0.0,0.0
53807,Western Sahara,2020-03-15,0,Deaths,0.0,0.0
53808,Western Sahara,2020-03-16,0,Deaths,0.0,0.0
53809,Western Sahara,2020-03-17,0,Deaths,0.0,0.0
53810,Western Sahara,2020-03-18,0,Deaths,0.0,0.0
53811,Western Sahara,2020-03-19,0,Deaths,0.0,0.0
53812,Western Sahara,2020-03-20,0,Deaths,0.0,0.0
53813,Western Sahara,2020-03-21,0,Deaths,0.0,0.0
53814,Western Sahara,2020-03-22,0,Deaths,0.0,0.0
53815,Western Sahara,2020-03-23,0,Deaths,0.0,0.0
53816,Western Sahara,2020-03-24,0,Deaths,0.0,0.0
53817,Western Sahara,2020-03-25,0,Deaths,0.0,0.0
53818,Western Sahara,2020-03-26,0,Deaths,0.0,0.0
53819,Western Sahara,2020-03-27,0,Deaths,0.0,0.0
53820,Western Sahara,2020-03-28,0,Deaths,0.0,0.0
53821,Western Sahara,2020-03-29,0,Deaths,0.0,0.0
53822,Western Sahara,2020-03-30,0,Deaths,0.0,0.0
53823,Western Sahara,2020-03-31,0,Deaths,0.0,0.0
53824,Western Sahara,2020-04-01,0,Deaths,0.0,0.0
53825,Western Sahara,2020-04-02,0,Deaths,0.0,0.0
53826,Western Sahara,2020-04-03,0,Deaths,0.0,0.0
53827,Western Sahara,2020-04-04,0,Deaths,0.0,0.0
53828,Western Sahara,2020-04-05,0,Deaths,0.0,0.0
53829,Western Sahara,2020-04-06,0,Deaths,0.0,0.0
53830,Western Sahara,2020-04-07,0,Deaths,0.0,0.0
53831,Western Sahara,2020-04-08,0,Deaths,0.0,0.0
53832,Western Sahara,2020-04-09,0,Deaths,0.0,0.0
53833,Western Sahara,2020-04-10,0,Deaths,0.0,0.0
53834,Western Sahara,2020-04-11,0,Deaths,0.0,0.0
53835,Western Sahara,2020-04-12,0,Deaths,0.0,0.0
53836,Western Sahara,2020-04-13,0,Deaths,0.0,0.0
53837,Western Sahara,2020-04-14,0,Deaths,0.0,0.0
53838,Western Sahara,2020-04-15,0,Deaths,0.0,0.0
53839,Western Sahara,2020-04-16,0,Deaths,0.0,0.0
53840,Western Sahara,2020-04-17,0,Deaths,0.0,0.0
53841,Western Sahara,2020-04-18,0,Deaths,0.0,0.0
53842,Western Sahara,2020-04-19,0,Deaths,0.0,0.0
53843,Western Sahara,2020-04-20,0,Deaths,0.0,0.0
53844,Western Sahara,2020-04-21,0,Deaths,0.0,0.0
53845,Western Sahara,2020-04-22,0,Deaths,0.0,0.0
53846,Western Sahara,2020-04-23,0,Deaths,0.0,0.0
53847,Western Sahara,2020-04-24,0,Deaths,0.0,0.0
53848,Western Sahara,2020-04-25,0,Deaths,0.0,0.0
53849,Western Sahara,2020-04-26,0,Deaths,0.0,0.0
53850,Western Sahara,2020-04-27,0,Deaths,0.0,0.0
53851,Western Sahara,2020-04-28,0,Deaths,0.0,0.0
53852,Western Sahara,2020-04-29,0,Deaths,0.0,0.0
53853,Western Sahara,2020-04-30,0,Deaths,0.0,0.0
53854,Western Sahara,2020-05-01,0,Deaths,0.0,0.0
53855,Western Sahara,2020-05-02,0,Deaths,0.0,0.0
53856,Western Sahara,2020-05-03,0,Deaths,0.0,0.0
53857,Western Sahara,2020-05-04,0,Deaths,0.0,0.0
53858,Western Sahara,2020-05-05,0,Deaths,0.0,0.0
53859,Western Sahara,2020-05-06,0,Deaths,0.0,0.0
53860,Western Sahara,2020-05-07,0,Deaths,0.0,0.0
53861,Western Sahara,2020-05-08,0,Deaths,0.0,0.0
53862,Western Sahara,2020-05-09,0,Deaths,0.0,0.0
53863,Western Sahara,2020-05-10,0,Deaths,0.0,0.0
53864,Western Sahara,2020-05-11,0,Deaths,0.0,0.0
53865,Western Sahara,2020-05-12,0,Deaths,0.0,0.0
53866,Western Sahara,2020-05-13,0,Deaths,0.0,0.0
53867,Western Sahara,2020-05-14,0,Deaths,0.0,0.0
53868,Western Sahara,2020-05-15,0,Deaths,0.0,0.0
53869,Western Sahara,2020-05-16,0,Deaths,0.0,0.0
53870,Western Sahara,2020-05-17,0,Deaths,0.0,0.0
53871,Western Sahara,2020-05-18,0,Deaths,0.0,0.0
53872,Western Sahara,2020-05-19,0,Deaths,0.0,0.0
53873,Western Sahara,2020-05-20,0,Deaths,0.0,0.0
53874,Western Sahara,2020-05-21,0,Deaths,0.0,0.0
53875,Western Sahara,2020-05-22,0,Deaths,0.0,0.0
53876,Western Sahara,2020-05-23,0,Deaths,0.0,0.0
53877,Western Sahara,2020-05-24,0,Deaths,0.0,0.0
53878,Western Sahara,2020-05-25,0,Deaths,0.0,0.0
53879,Western Sahara,2020-05-26,1,Deaths,1.0,1.0
53880,Western Sahara,2020-05-27,1,Deaths,0.0,1.0
53881,Western Sahara,2020-05-28,1,Deaths,0.0,1.0
53882,Western Sahara,2020-05-29,1,Deaths,0.0,1.0
53883,Western Sahara,2020-05-30,1,Deaths,0.0,1.0
53884,Western Sahara,2020-05-31,1,Deaths,0.0,1.0
53885,Western Sahara,2020-06-01,1,Deaths,0.0,1.0
53886,Western Sahara,2020-06-02,1,Deaths,0.0,0.0
53887,Western Sahara,2020-06-03,1,Deaths,0.0,0.0
53888,Western Sahara,2020-06-04,1,Deaths,0.0,0.0
53889,Western Sahara,2020-06-05,1,Deaths,0.0,0.0
53890,Western Sahara,2020-06-06,1,Deaths,0.0,0.0
53891,Western Sahara,2020-06-07,1,Deaths,0.0,0.0
53892,Western Sahara,2020-06-08,1,Deaths,0.0,0.0
53893,Western Sahara,2020-06-09,1,Deaths,0.0,0.0
53894,Western Sahara,2020-06-10,1,Deaths,0.0,0.0
53895,Western Sahara,2020-06-11,1,Deaths,0.0,0.0
53896,Western Sahara,2020-06-12,1,Deaths,0.0,0.0
53897,Western Sahara,2020-06-13,1,Deaths,0.0,0.0
53898,Western Sahara,2020-06-14,1,Deaths,0.0,0.0
53899,Western Sahara,2020-06-15,1,Deaths,0.0,0.0
53900,Western Sahara,2020-06-16,1,Deaths,0.0,0.0
53901,Western Sahara,2020-06-17,1,Deaths,0.0,0.0
53902,Western Sahara,2020-06-18,1,Deaths,0.0,0.0
53903,Western Sahara,2020-06-19,1,Deaths,0.0,0.0
53904,Western Sahara,2020-06-20,1,Deaths,0.0,0.0
53905,Western Sahara,2020-06-21,1,Deaths,0.0,0.0
53906,Western Sahara,2020-06-22,1,Deaths,0.0,0.0
53907,Western Sahara,2020-06-23,1,Deaths,0.0,0.0
53908,Western Sahara,2020-06-24,1,Deaths,0.0,0.0
53909,Western Sahara,2020-06-25,1,Deaths,0.0,0.0
53910,Western Sahara,2020-06-26,1,Deaths,0.0,0.0
53911,Western Sahara,2020-06-27,1,Deaths,0.0,0.0
53912,Western Sahara,2020-06-28,1,Deaths,0.0,0.0
53913,Western Sahara,2020-06-29,1,Deaths,0.0,0.0
53914,Western Sahara,2020-06-30,1,Deaths,0.0,0.0
53915,Western Sahara,2020-07-01,1,Deaths,0.0,0.0
53916,Western Sahara,2020-07-02,1,Deaths,0.0,0.0
53917,Western Sahara,2020-07-03,1,Deaths,0.0,0.0
53918,Western Sahara,2020-07-04,1,Deaths,0.0,0.0
53919,Western Sahara,2020-07-05,1,Deaths,0.0,0.0
53920,Western Sahara,2020-07-06,1,Deaths,0.0,0.0
53921,Western Sahara,2020-07-07,1,Deaths,0.0,0.0
53922,Western Sahara,2020-07-08,1,Deaths,0.0,0.0
53923,Western Sahara,2020-07-09,1,Deaths,0.0,0.0
53924,Western Sahara,2020-07-10,1,Deaths,0.0,0.0
53925,Western Sahara,2020-07-11,1,Deaths,0.0,0.0
53926,Western Sahara,2020-07-12,1,Deaths,0.0,0.0
53927,Western Sahara,2020-07-13,1,Deaths,0.0,0.0
53928,Western Sahara,2020-07-14,1,Deaths,0.0,0.0
53929,Western Sahara,2020-07-15,1,Deaths,0.0,0.0
53930,Western Sahara,2020-07-16,1,Deaths,0.0,0.0
53931,Western Sahara,2020-07-17,1,Deaths,0.0,0.0
53932,Western Sahara,2020-07-18,1,Deaths,0.0,0.0
53933,Western Sahara,2020-07-19,1,Deaths,0.0,0.0
53934,Western Sahara,2020-07-20,1,Deaths,0.0,0.0
53935,Western Sahara,2020-07-21,1,Deaths,0.0,0.0
53936,Western Sahara,2020-07-22,1,Deaths,0.0,0.0
53937,Western Sahara,2020-07-23,1,Deaths,0.0,0.0
53938,Western Sahara,2020-07-24,1,Deaths,0.0,0.0
53939,Western Sahara,2020-07-25,1,Deaths,0.0,0.0
53940,Western Sahara,2020-07-26,1,Deaths,0.0,0.0
53941,Western Sahara,2020-07-27,1,Deaths,0.0,0.0
53942,Western Sahara,2020-07-28,1,Deaths,0.0,0.0
53943,Western Sahara,2020-07-29,1,Deaths,0.0,0.0
53944,Western Sahara,2020-07-30,1,Deaths,0.0,0.0
53945,Western Sahara,2020-07-31,1,Deaths,0.0,0.0
53946,Western Sahara,2020-08-01,1,Deaths,0.0,0.0
53947,Western Sahara,2020-08-02,1,Deaths,0.0,0.0
53948,Western Sahara,2020-08-03,1,Deaths,0.0,0.0
53949,Western Sahara,2020-08-04,1,Deaths,0.0,0.0
53950,Western Sahara,2020-08-05,1,Deaths,0.0,0.0
53951,Western Sahara,2020-08-06,1,Deaths,0.0,0.0
53952,Western Sahara,2020-08-07,1,Deaths,0.0,0.0
53953,Western Sahara,2020-08-08,1,Deaths,0.0,0.0
53954,Western Sahara,2020-08-09,1,Deaths,0.0,0.0
53955,Western Sahara,2020-08-10,1,Deaths,0.0,0.0
53956,Western Sahara,2020-08-11,1,Deaths,0.0,0.0
53957,Western Sahara,2020-08-12,1,Deaths,0.0,0.0
53958,Western Sahara,2020-08-13,1,Deaths,0.0,0.0
53959,Western Sahara,2020-08-14,1,Deaths,0.0,0.0
53960,Western Sahara,2020-08-15,1,Deaths,0.0,0.0
53961,Western Sahara,2020-08-16,1,Deaths,0.0,0.0
53962,Western Sahara,2020-08-17,1,Deaths,0.0,0.0
53963,Western Sahara,2020-08-18,1,Deaths,0.0,0.0
53964,Western Sahara,2020-08-19,1,Deaths,0.0,0.0
53965,Western Sahara,2020-08-20,1,Deaths,0.0,0.0
53966,Western Sahara,2020-08-21,1,Deaths,0.0,0.0
53967,Western Sahara,2020-08-22,1,Deaths,0.0,0.0
53968,Western Sahara,2020-08-23,1,Deaths,0.0,0.0
53969,Western Sahara,2020-08-24,1,Deaths,0.0,0.0
53970,Western Sahara,2020-08-25,1,Deaths,0.0,0.0
53971,Western Sahara,2020-08-26,1,Deaths,0.0,0.0
53972,Western Sahara,2020-08-27,1,Deaths,0.0,0.0
53973,Western Sahara,2020-08-28,1,Deaths,0.0,0.0
53974,Western Sahara,2020-08-29,1,Deaths,0.0,0.0
53975,Western Sahara,2020-08-30,1,Deaths,0.0,0.0
53976,Western Sahara,2020-08-31,1,Deaths,0.0,0.0
53977,Western Sahara,2020-09-01,1,Deaths,0.0,0.0
53978,Western Sahara,2020-09-02,1,Deaths,0.0,0.0
53979,Western Sahara,2020-09-03,1,Deaths,0.0,0.0
53980,Western Sahara,2020-09-04,1,Deaths,0.0,0.0
53981,Western Sahara,2020-09-05,1,Deaths,0.0,0.0
53982,Western Sahara,2020-09-06,1,Deaths,0.0,0.0
53983,Western Sahara,2020-09-07,1,Deaths,0.0,0.0
53984,Western Sahara,2020-09-08,1,Deaths,0.0,0.0
53985,Western Sahara,2020-09-09,1,Deaths,0.0,0.0
53986,Western Sahara,2020-09-10,1,Deaths,0.0,0.0
53987,Western Sahara,2020-09-11,1,Deaths,0.0,0.0
53988,Western Sahara,2020-09-12,1,Deaths,0.0,0.0
53989,Western Sahara,2020-09-13,1,Deaths,0.0,0.0
53990,Western Sahara,2020-09-14,1,Deaths,0.0,0.0
53991,Western Sahara,2020-09-15,1,Deaths,0.0,0.0
53992,Western Sahara,2020-09-16,1,Deaths,0.0,0.0
53993,Western Sahara,2020-09-17,1,Deaths,0.0,0.0
53994,Western Sahara,2020-09-18,1,Deaths,0.0,0.0
53995,Western Sahara,2020-09-19,1,Deaths,0.0,0.0
53996,Western Sahara,2020-09-20,1,Deaths,0.0,0.0
53997,Western Sahara,2020-09-21,1,Deaths,0.0,0.0
53998,Western Sahara,2020-09-22,1,Deaths,0.0,0.0
53999,Western Sahara,2020-09-23,1,Deaths,0.0,0.0
54000,Western Sahara,2020-09-24,1,Deaths,0.0,0.0
54001,Western Sahara,2020-09-25,1,Deaths,0.0,0.0
54002,Western Sahara,2020-09-26,1,Deaths,0.0,0.0
54003,Western Sahara,2020-09-27,1,Deaths,0.0,0.0
54004,Western Sahara,2020-09-28,1,Deaths,0.0,0.0
54005,Western Sahara,2020-09-29,1,Deaths,0.0,0.0
54006,Western Sahara,2020-09-30,1,Deaths,0.0,0.0
54007,Western Sahara,2020-10-01,1,Deaths,0.0,0.0
54008,Western Sahara,2020-10-02,1,Deaths,0.0,0.0
54009,Western Sahara,2020-10-03,1,Deaths,0.0,0.0
54010,Western Sahara,2020-10-04,1,Deaths,0.0,0.0
54011,Western Sahara,2020-10-05,1,Deaths,0.0,0.0
54012,Western Sahara,2020-10-06,1,Deaths,0.0,0.0
54013,Western Sahara,2020-10-07,1,Deaths,0.0,0.0
54014,Western Sahara,2020-10-08,1,Deaths,0.0,0.0
54015,Western Sahara,2020-10-09,1,Deaths,0.0,0.0
54016,Western Sahara,2020-10-10,1,Deaths,0.0,0.0
54017,Western Sahara,2020-10-11,1,Deaths,0.0,0.0
54018,Western Sahara,2020-10-12,1,Deaths,0.0,0.0
54019,Western Sahara,2020-10-13,1,Deaths,0.0,0.0
54020,Western Sahara,2020-10-14,1,Deaths,0.0,0.0
54021,Western Sahara,2020-10-15,1,Deaths,0.0,0.0
54022,Western Sahara,2020-10-16,1,Deaths,0.0,0.0
54023,Western Sahara,2020-10-17,1,Deaths,0.0,0.0
54024,Western Sahara,2020-10-18,1,Deaths,0.0,0.0
54025,Western Sahara,2020-10-19,1,Deaths,0.0,0.0
54026,Western Sahara,2020-10-20,1,Deaths,0.0,0.0
54027,Western Sahara,2020-10-21,1,Deaths,0.0,0.0
54028,Western Sahara,2020-10-22,1,Deaths,0.0,0.0
54029,Western Sahara,2020-10-23,1,Deaths,0.0,0.0
54030,Western Sahara,2020-10-24,1,Deaths,0.0,0.0
54031,Western Sahara,2020-10-25,1,Deaths,0.0,0.0
54032,Western Sahara,2020-10-26,1,Deaths,0.0,0.0
54033,Western Sahara,2020-10-27,1,Deaths,0.0,0.0
54034,Western Sahara,2020-10-28,1,Deaths,0.0,0.0
54035,Western Sahara,2020-10-29,1,Deaths,0.0,0.0
54036,Western Sahara,2020-10-30,1,Deaths,0.0,0.0
54037,Western Sahara,2020-10-31,1,Deaths,0.0,0.0
54038,Western Sahara,2020-11-01,1,Deaths,0.0,0.0
54039,Western Sahara,2020-11-02,1,Deaths,0.0,0.0
54040,Western Sahara,2020-11-03,1,Deaths,0.0,0.0
54041,Western Sahara,2020-11-04,1,Deaths,0.0,0.0
54042,Western Sahara,2020-11-05,1,Deaths,0.0,0.0
54043,Yemen,2020-01-22,0,Deaths,,
54044,Yemen,2020-01-23,0,Deaths,0.0,
54045,Yemen,2020-01-24,0,Deaths,0.0,
54046,Yemen,2020-01-25,0,Deaths,0.0,
54047,Yemen,2020-01-26,0,Deaths,0.0,
54048,Yemen,2020-01-27,0,Deaths,0.0,
54049,Yemen,2020-01-28,0,Deaths,0.0,
54050,Yemen,2020-01-29,0,Deaths,0.0,0.0
54051,Yemen,2020-01-30,0,Deaths,0.0,0.0
54052,Yemen,2020-01-31,0,Deaths,0.0,0.0
54053,Yemen,2020-02-01,0,Deaths,0.0,0.0
54054,Yemen,2020-02-02,0,Deaths,0.0,0.0
54055,Yemen,2020-02-03,0,Deaths,0.0,0.0
54056,Yemen,2020-02-04,0,Deaths,0.0,0.0
54057,Yemen,2020-02-05,0,Deaths,0.0,0.0
54058,Yemen,2020-02-06,0,Deaths,0.0,0.0
54059,Yemen,2020-02-07,0,Deaths,0.0,0.0
54060,Yemen,2020-02-08,0,Deaths,0.0,0.0
54061,Yemen,2020-02-09,0,Deaths,0.0,0.0
54062,Yemen,2020-02-10,0,Deaths,0.0,0.0
54063,Yemen,2020-02-11,0,Deaths,0.0,0.0
54064,Yemen,2020-02-12,0,Deaths,0.0,0.0
54065,Yemen,2020-02-13,0,Deaths,0.0,0.0
54066,Yemen,2020-02-14,0,Deaths,0.0,0.0
54067,Yemen,2020-02-15,0,Deaths,0.0,0.0
54068,Yemen,2020-02-16,0,Deaths,0.0,0.0
54069,Yemen,2020-02-17,0,Deaths,0.0,0.0
54070,Yemen,2020-02-18,0,Deaths,0.0,0.0
54071,Yemen,2020-02-19,0,Deaths,0.0,0.0
54072,Yemen,2020-02-20,0,Deaths,0.0,0.0
54073,Yemen,2020-02-21,0,Deaths,0.0,0.0
54074,Yemen,2020-02-22,0,Deaths,0.0,0.0
54075,Yemen,2020-02-23,0,Deaths,0.0,0.0
54076,Yemen,2020-02-24,0,Deaths,0.0,0.0
54077,Yemen,2020-02-25,0,Deaths,0.0,0.0
54078,Yemen,2020-02-26,0,Deaths,0.0,0.0
54079,Yemen,2020-02-27,0,Deaths,0.0,0.0
54080,Yemen,2020-02-28,0,Deaths,0.0,0.0
54081,Yemen,2020-02-29,0,Deaths,0.0,0.0
54082,Yemen,2020-03-01,0,Deaths,0.0,0.0
54083,Yemen,2020-03-02,0,Deaths,0.0,0.0
54084,Yemen,2020-03-03,0,Deaths,0.0,0.0
54085,Yemen,2020-03-04,0,Deaths,0.0,0.0
54086,Yemen,2020-03-05,0,Deaths,0.0,0.0
54087,Yemen,2020-03-06,0,Deaths,0.0,0.0
54088,Yemen,2020-03-07,0,Deaths,0.0,0.0
54089,Yemen,2020-03-08,0,Deaths,0.0,0.0
54090,Yemen,2020-03-09,0,Deaths,0.0,0.0
54091,Yemen,2020-03-10,0,Deaths,0.0,0.0
54092,Yemen,2020-03-11,0,Deaths,0.0,0.0
54093,Yemen,2020-03-12,0,Deaths,0.0,0.0
54094,Yemen,2020-03-13,0,Deaths,0.0,0.0
54095,Yemen,2020-03-14,0,Deaths,0.0,0.0
54096,Yemen,2020-03-15,0,Deaths,0.0,0.0
54097,Yemen,2020-03-16,0,Deaths,0.0,0.0
54098,Yemen,2020-03-17,0,Deaths,0.0,0.0
54099,Yemen,2020-03-18,0,Deaths,0.0,0.0
54100,Yemen,2020-03-19,0,Deaths,0.0,0.0
54101,Yemen,2020-03-20,0,Deaths,0.0,0.0
54102,Yemen,2020-03-21,0,Deaths,0.0,0.0
54103,Yemen,2020-03-22,0,Deaths,0.0,0.0
54104,Yemen,2020-03-23,0,Deaths,0.0,0.0
54105,Yemen,2020-03-24,0,Deaths,0.0,0.0
54106,Yemen,2020-03-25,0,Deaths,0.0,0.0
54107,Yemen,2020-03-26,0,Deaths,0.0,0.0
54108,Yemen,2020-03-27,0,Deaths,0.0,0.0
54109,Yemen,2020-03-28,0,Deaths,0.0,0.0
54110,Yemen,2020-03-29,0,Deaths,0.0,0.0
54111,Yemen,2020-03-30,0,Deaths,0.0,0.0
54112,Yemen,2020-03-31,0,Deaths,0.0,0.0
54113,Yemen,2020-04-01,0,Deaths,0.0,0.0
54114,Yemen,2020-04-02,0,Deaths,0.0,0.0
54115,Yemen,2020-04-03,0,Deaths,0.0,0.0
54116,Yemen,2020-04-04,0,Deaths,0.0,0.0
54117,Yemen,2020-04-05,0,Deaths,0.0,0.0
54118,Yemen,2020-04-06,0,Deaths,0.0,0.0
54119,Yemen,2020-04-07,0,Deaths,0.0,0.0
54120,Yemen,2020-04-08,0,Deaths,0.0,0.0
54121,Yemen,2020-04-09,0,Deaths,0.0,0.0
54122,Yemen,2020-04-10,0,Deaths,0.0,0.0
54123,Yemen,2020-04-11,0,Deaths,0.0,0.0
54124,Yemen,2020-04-12,0,Deaths,0.0,0.0
54125,Yemen,2020-04-13,0,Deaths,0.0,0.0
54126,Yemen,2020-04-14,0,Deaths,0.0,0.0
54127,Yemen,2020-04-15,0,Deaths,0.0,0.0
54128,Yemen,2020-04-16,0,Deaths,0.0,0.0
54129,Yemen,2020-04-17,0,Deaths,0.0,0.0
54130,Yemen,2020-04-18,0,Deaths,0.0,0.0
54131,Yemen,2020-04-19,0,Deaths,0.0,0.0
54132,Yemen,2020-04-20,0,Deaths,0.0,0.0
54133,Yemen,2020-04-21,0,Deaths,0.0,0.0
54134,Yemen,2020-04-22,0,Deaths,0.0,0.0
54135,Yemen,2020-04-23,0,Deaths,0.0,0.0
54136,Yemen,2020-04-24,0,Deaths,0.0,0.0
54137,Yemen,2020-04-25,0,Deaths,0.0,0.0
54138,Yemen,2020-04-26,0,Deaths,0.0,0.0
54139,Yemen,2020-04-27,0,Deaths,0.0,0.0
54140,Yemen,2020-04-28,0,Deaths,0.0,0.0
54141,Yemen,2020-04-29,0,Deaths,0.0,0.0
54142,Yemen,2020-04-30,2,Deaths,2.0,2.0
54143,Yemen,2020-05-01,2,Deaths,0.0,2.0
54144,Yemen,2020-05-02,2,Deaths,0.0,2.0
54145,Yemen,2020-05-03,2,Deaths,0.0,2.0
54146,Yemen,2020-05-04,2,Deaths,0.0,2.0
54147,Yemen,2020-05-05,4,Deaths,2.0,4.0
54148,Yemen,2020-05-06,5,Deaths,1.0,5.0
54149,Yemen,2020-05-07,5,Deaths,0.0,3.0
54150,Yemen,2020-05-08,7,Deaths,2.0,5.0
54151,Yemen,2020-05-09,7,Deaths,0.0,5.0
54152,Yemen,2020-05-10,8,Deaths,1.0,6.0
54153,Yemen,2020-05-11,9,Deaths,1.0,7.0
54154,Yemen,2020-05-12,10,Deaths,1.0,6.0
54155,Yemen,2020-05-13,12,Deaths,2.0,7.0
54156,Yemen,2020-05-14,12,Deaths,0.0,7.0
54157,Yemen,2020-05-15,15,Deaths,3.0,8.0
54158,Yemen,2020-05-16,18,Deaths,3.0,11.0
54159,Yemen,2020-05-17,20,Deaths,2.0,12.0
54160,Yemen,2020-05-18,20,Deaths,0.0,11.0
54161,Yemen,2020-05-19,28,Deaths,8.0,18.0
54162,Yemen,2020-05-20,30,Deaths,2.0,18.0
54163,Yemen,2020-05-21,33,Deaths,3.0,21.0
54164,Yemen,2020-05-22,33,Deaths,0.0,18.0
54165,Yemen,2020-05-23,39,Deaths,6.0,21.0
54166,Yemen,2020-05-24,42,Deaths,3.0,22.0
54167,Yemen,2020-05-25,44,Deaths,2.0,24.0
54168,Yemen,2020-05-26,49,Deaths,5.0,21.0
54169,Yemen,2020-05-27,53,Deaths,4.0,23.0
54170,Yemen,2020-05-28,57,Deaths,4.0,24.0
54171,Yemen,2020-05-29,65,Deaths,8.0,32.0
54172,Yemen,2020-05-30,77,Deaths,12.0,38.0
54173,Yemen,2020-05-31,80,Deaths,3.0,38.0
54174,Yemen,2020-06-01,84,Deaths,4.0,40.0
54175,Yemen,2020-06-02,87,Deaths,3.0,38.0
54176,Yemen,2020-06-03,95,Deaths,8.0,42.0
54177,Yemen,2020-06-04,103,Deaths,8.0,46.0
54178,Yemen,2020-06-05,111,Deaths,8.0,46.0
54179,Yemen,2020-06-06,111,Deaths,0.0,34.0
54180,Yemen,2020-06-07,112,Deaths,1.0,32.0
54181,Yemen,2020-06-08,112,Deaths,0.0,28.0
54182,Yemen,2020-06-09,127,Deaths,15.0,40.0
54183,Yemen,2020-06-10,129,Deaths,2.0,34.0
54184,Yemen,2020-06-11,136,Deaths,7.0,33.0
54185,Yemen,2020-06-12,139,Deaths,3.0,28.0
54186,Yemen,2020-06-13,160,Deaths,21.0,49.0
54187,Yemen,2020-06-14,164,Deaths,4.0,52.0
54188,Yemen,2020-06-15,208,Deaths,44.0,96.0
54189,Yemen,2020-06-16,214,Deaths,6.0,87.0
54190,Yemen,2020-06-17,244,Deaths,30.0,115.0
54191,Yemen,2020-06-18,248,Deaths,4.0,112.0
54192,Yemen,2020-06-19,251,Deaths,3.0,112.0
54193,Yemen,2020-06-20,254,Deaths,3.0,94.0
54194,Yemen,2020-06-21,256,Deaths,2.0,92.0
54195,Yemen,2020-06-22,257,Deaths,1.0,49.0
54196,Yemen,2020-06-23,261,Deaths,4.0,47.0
54197,Yemen,2020-06-24,274,Deaths,13.0,30.0
54198,Yemen,2020-06-25,288,Deaths,14.0,40.0
54199,Yemen,2020-06-26,293,Deaths,5.0,42.0
54200,Yemen,2020-06-27,296,Deaths,3.0,42.0
54201,Yemen,2020-06-28,302,Deaths,6.0,46.0
54202,Yemen,2020-06-29,304,Deaths,2.0,47.0
54203,Yemen,2020-06-30,312,Deaths,8.0,51.0
54204,Yemen,2020-07-01,318,Deaths,6.0,44.0
54205,Yemen,2020-07-02,325,Deaths,7.0,37.0
54206,Yemen,2020-07-03,335,Deaths,10.0,42.0
54207,Yemen,2020-07-04,337,Deaths,2.0,41.0
54208,Yemen,2020-07-05,338,Deaths,1.0,36.0
54209,Yemen,2020-07-06,345,Deaths,7.0,41.0
54210,Yemen,2020-07-07,348,Deaths,3.0,36.0
54211,Yemen,2020-07-08,351,Deaths,3.0,33.0
54212,Yemen,2020-07-09,361,Deaths,10.0,36.0
54213,Yemen,2020-07-10,364,Deaths,3.0,29.0
54214,Yemen,2020-07-11,365,Deaths,1.0,28.0
54215,Yemen,2020-07-12,417,Deaths,52.0,79.0
54216,Yemen,2020-07-13,424,Deaths,7.0,79.0
54217,Yemen,2020-07-14,429,Deaths,5.0,81.0
54218,Yemen,2020-07-15,433,Deaths,4.0,82.0
54219,Yemen,2020-07-16,438,Deaths,5.0,77.0
54220,Yemen,2020-07-17,440,Deaths,2.0,76.0
54221,Yemen,2020-07-18,443,Deaths,3.0,78.0
54222,Yemen,2020-07-19,445,Deaths,2.0,28.0
54223,Yemen,2020-07-20,447,Deaths,2.0,23.0
54224,Yemen,2020-07-21,456,Deaths,9.0,27.0
54225,Yemen,2020-07-22,458,Deaths,2.0,25.0
54226,Yemen,2020-07-23,461,Deaths,3.0,23.0
54227,Yemen,2020-07-24,469,Deaths,8.0,29.0
54228,Yemen,2020-07-25,474,Deaths,5.0,31.0
54229,Yemen,2020-07-26,479,Deaths,5.0,34.0
54230,Yemen,2020-07-27,483,Deaths,4.0,36.0
54231,Yemen,2020-07-28,484,Deaths,1.0,28.0
54232,Yemen,2020-07-29,485,Deaths,1.0,27.0
54233,Yemen,2020-07-30,487,Deaths,2.0,26.0
54234,Yemen,2020-07-31,493,Deaths,6.0,24.0
54235,Yemen,2020-08-01,494,Deaths,1.0,20.0
54236,Yemen,2020-08-02,497,Deaths,3.0,18.0
54237,Yemen,2020-08-03,499,Deaths,2.0,16.0
54238,Yemen,2020-08-04,506,Deaths,7.0,22.0
54239,Yemen,2020-08-05,508,Deaths,2.0,23.0
54240,Yemen,2020-08-06,508,Deaths,0.0,21.0
54241,Yemen,2020-08-07,512,Deaths,4.0,19.0
54242,Yemen,2020-08-08,512,Deaths,0.0,18.0
54243,Yemen,2020-08-09,515,Deaths,3.0,18.0
54244,Yemen,2020-08-10,518,Deaths,3.0,19.0
54245,Yemen,2020-08-11,523,Deaths,5.0,17.0
54246,Yemen,2020-08-12,528,Deaths,5.0,20.0
54247,Yemen,2020-08-13,528,Deaths,0.0,20.0
54248,Yemen,2020-08-14,528,Deaths,0.0,16.0
54249,Yemen,2020-08-15,528,Deaths,0.0,16.0
54250,Yemen,2020-08-16,530,Deaths,2.0,15.0
54251,Yemen,2020-08-17,535,Deaths,5.0,17.0
54252,Yemen,2020-08-18,537,Deaths,2.0,14.0
54253,Yemen,2020-08-19,539,Deaths,2.0,11.0
54254,Yemen,2020-08-20,541,Deaths,2.0,13.0
54255,Yemen,2020-08-21,542,Deaths,1.0,14.0
54256,Yemen,2020-08-22,546,Deaths,4.0,18.0
54257,Yemen,2020-08-23,553,Deaths,7.0,23.0
54258,Yemen,2020-08-24,555,Deaths,2.0,20.0
54259,Yemen,2020-08-25,557,Deaths,2.0,20.0
54260,Yemen,2020-08-26,560,Deaths,3.0,21.0
54261,Yemen,2020-08-27,562,Deaths,2.0,21.0
54262,Yemen,2020-08-28,563,Deaths,1.0,21.0
54263,Yemen,2020-08-29,563,Deaths,0.0,17.0
54264,Yemen,2020-08-30,564,Deaths,1.0,11.0
54265,Yemen,2020-08-31,566,Deaths,2.0,11.0
54266,Yemen,2020-09-01,570,Deaths,4.0,13.0
54267,Yemen,2020-09-02,571,Deaths,1.0,11.0
54268,Yemen,2020-09-03,571,Deaths,0.0,9.0
54269,Yemen,2020-09-04,572,Deaths,1.0,9.0
54270,Yemen,2020-09-05,572,Deaths,0.0,9.0
54271,Yemen,2020-09-06,572,Deaths,0.0,8.0
54272,Yemen,2020-09-07,573,Deaths,1.0,7.0
54273,Yemen,2020-09-08,576,Deaths,3.0,6.0
54274,Yemen,2020-09-09,576,Deaths,0.0,5.0
54275,Yemen,2020-09-10,580,Deaths,4.0,9.0
54276,Yemen,2020-09-11,582,Deaths,2.0,10.0
54277,Yemen,2020-09-12,582,Deaths,0.0,10.0
54278,Yemen,2020-09-13,583,Deaths,1.0,11.0
54279,Yemen,2020-09-14,583,Deaths,0.0,10.0
54280,Yemen,2020-09-15,583,Deaths,0.0,7.0
54281,Yemen,2020-09-16,583,Deaths,0.0,7.0
54282,Yemen,2020-09-17,585,Deaths,2.0,5.0
54283,Yemen,2020-09-18,585,Deaths,0.0,3.0
54284,Yemen,2020-09-19,585,Deaths,0.0,3.0
54285,Yemen,2020-09-20,586,Deaths,1.0,3.0
54286,Yemen,2020-09-21,586,Deaths,0.0,3.0
54287,Yemen,2020-09-22,586,Deaths,0.0,3.0
54288,Yemen,2020-09-23,586,Deaths,0.0,3.0
54289,Yemen,2020-09-24,586,Deaths,0.0,1.0
54290,Yemen,2020-09-25,587,Deaths,1.0,2.0
54291,Yemen,2020-09-26,587,Deaths,0.0,2.0
54292,Yemen,2020-09-27,587,Deaths,0.0,1.0
54293,Yemen,2020-09-28,587,Deaths,0.0,1.0
54294,Yemen,2020-09-29,587,Deaths,0.0,1.0
54295,Yemen,2020-09-30,587,Deaths,0.0,1.0
54296,Yemen,2020-10-01,587,Deaths,0.0,1.0
54297,Yemen,2020-10-02,589,Deaths,2.0,2.0
54298,Yemen,2020-10-03,589,Deaths,0.0,2.0
54299,Yemen,2020-10-04,591,Deaths,2.0,4.0
54300,Yemen,2020-10-05,592,Deaths,1.0,5.0
54301,Yemen,2020-10-06,593,Deaths,1.0,6.0
54302,Yemen,2020-10-07,593,Deaths,0.0,6.0
54303,Yemen,2020-10-08,593,Deaths,0.0,6.0
54304,Yemen,2020-10-09,593,Deaths,0.0,4.0
54305,Yemen,2020-10-10,595,Deaths,2.0,6.0
54306,Yemen,2020-10-11,595,Deaths,0.0,4.0
54307,Yemen,2020-10-12,596,Deaths,1.0,4.0
54308,Yemen,2020-10-13,596,Deaths,0.0,3.0
54309,Yemen,2020-10-14,596,Deaths,0.0,3.0
54310,Yemen,2020-10-15,596,Deaths,0.0,3.0
54311,Yemen,2020-10-16,596,Deaths,0.0,3.0
54312,Yemen,2020-10-17,596,Deaths,0.0,1.0
54313,Yemen,2020-10-18,597,Deaths,1.0,2.0
54314,Yemen,2020-10-19,597,Deaths,0.0,1.0
54315,Yemen,2020-10-20,597,Deaths,0.0,1.0
54316,Yemen,2020-10-21,597,Deaths,0.0,1.0
54317,Yemen,2020-10-22,597,Deaths,0.0,1.0
54318,Yemen,2020-10-23,599,Deaths,2.0,3.0
54319,Yemen,2020-10-24,599,Deaths,0.0,3.0
54320,Yemen,2020-10-25,599,Deaths,0.0,2.0
54321,Yemen,2020-10-26,599,Deaths,0.0,2.0
54322,Yemen,2020-10-27,599,Deaths,0.0,2.0
54323,Yemen,2020-10-28,599,Deaths,0.0,2.0
54324,Yemen,2020-10-29,599,Deaths,0.0,2.0
54325,Yemen,2020-10-30,599,Deaths,0.0,0.0
54326,Yemen,2020-10-31,599,Deaths,0.0,0.0
54327,Yemen,2020-11-01,600,Deaths,1.0,1.0
54328,Yemen,2020-11-02,601,Deaths,1.0,2.0
54329,Yemen,2020-11-03,601,Deaths,0.0,2.0
54330,Yemen,2020-11-04,601,Deaths,0.0,2.0
54331,Yemen,2020-11-05,601,Deaths,0.0,2.0
54332,Zambia,2020-01-22,0,Deaths,,
54333,Zambia,2020-01-23,0,Deaths,0.0,
54334,Zambia,2020-01-24,0,Deaths,0.0,
54335,Zambia,2020-01-25,0,Deaths,0.0,
54336,Zambia,2020-01-26,0,Deaths,0.0,
54337,Zambia,2020-01-27,0,Deaths,0.0,
54338,Zambia,2020-01-28,0,Deaths,0.0,
54339,Zambia,2020-01-29,0,Deaths,0.0,0.0
54340,Zambia,2020-01-30,0,Deaths,0.0,0.0
54341,Zambia,2020-01-31,0,Deaths,0.0,0.0
54342,Zambia,2020-02-01,0,Deaths,0.0,0.0
54343,Zambia,2020-02-02,0,Deaths,0.0,0.0
54344,Zambia,2020-02-03,0,Deaths,0.0,0.0
54345,Zambia,2020-02-04,0,Deaths,0.0,0.0
54346,Zambia,2020-02-05,0,Deaths,0.0,0.0
54347,Zambia,2020-02-06,0,Deaths,0.0,0.0
54348,Zambia,2020-02-07,0,Deaths,0.0,0.0
54349,Zambia,2020-02-08,0,Deaths,0.0,0.0
54350,Zambia,2020-02-09,0,Deaths,0.0,0.0
54351,Zambia,2020-02-10,0,Deaths,0.0,0.0
54352,Zambia,2020-02-11,0,Deaths,0.0,0.0
54353,Zambia,2020-02-12,0,Deaths,0.0,0.0
54354,Zambia,2020-02-13,0,Deaths,0.0,0.0
54355,Zambia,2020-02-14,0,Deaths,0.0,0.0
54356,Zambia,2020-02-15,0,Deaths,0.0,0.0
54357,Zambia,2020-02-16,0,Deaths,0.0,0.0
54358,Zambia,2020-02-17,0,Deaths,0.0,0.0
54359,Zambia,2020-02-18,0,Deaths,0.0,0.0
54360,Zambia,2020-02-19,0,Deaths,0.0,0.0
54361,Zambia,2020-02-20,0,Deaths,0.0,0.0
54362,Zambia,2020-02-21,0,Deaths,0.0,0.0
54363,Zambia,2020-02-22,0,Deaths,0.0,0.0
54364,Zambia,2020-02-23,0,Deaths,0.0,0.0
54365,Zambia,2020-02-24,0,Deaths,0.0,0.0
54366,Zambia,2020-02-25,0,Deaths,0.0,0.0
54367,Zambia,2020-02-26,0,Deaths,0.0,0.0
54368,Zambia,2020-02-27,0,Deaths,0.0,0.0
54369,Zambia,2020-02-28,0,Deaths,0.0,0.0
54370,Zambia,2020-02-29,0,Deaths,0.0,0.0
54371,Zambia,2020-03-01,0,Deaths,0.0,0.0
54372,Zambia,2020-03-02,0,Deaths,0.0,0.0
54373,Zambia,2020-03-03,0,Deaths,0.0,0.0
54374,Zambia,2020-03-04,0,Deaths,0.0,0.0
54375,Zambia,2020-03-05,0,Deaths,0.0,0.0
54376,Zambia,2020-03-06,0,Deaths,0.0,0.0
54377,Zambia,2020-03-07,0,Deaths,0.0,0.0
54378,Zambia,2020-03-08,0,Deaths,0.0,0.0
54379,Zambia,2020-03-09,0,Deaths,0.0,0.0
54380,Zambia,2020-03-10,0,Deaths,0.0,0.0
54381,Zambia,2020-03-11,0,Deaths,0.0,0.0
54382,Zambia,2020-03-12,0,Deaths,0.0,0.0
54383,Zambia,2020-03-13,0,Deaths,0.0,0.0
54384,Zambia,2020-03-14,0,Deaths,0.0,0.0
54385,Zambia,2020-03-15,0,Deaths,0.0,0.0
54386,Zambia,2020-03-16,0,Deaths,0.0,0.0
54387,Zambia,2020-03-17,0,Deaths,0.0,0.0
54388,Zambia,2020-03-18,0,Deaths,0.0,0.0
54389,Zambia,2020-03-19,0,Deaths,0.0,0.0
54390,Zambia,2020-03-20,0,Deaths,0.0,0.0
54391,Zambia,2020-03-21,0,Deaths,0.0,0.0
54392,Zambia,2020-03-22,0,Deaths,0.0,0.0
54393,Zambia,2020-03-23,0,Deaths,0.0,0.0
54394,Zambia,2020-03-24,0,Deaths,0.0,0.0
54395,Zambia,2020-03-25,0,Deaths,0.0,0.0
54396,Zambia,2020-03-26,0,Deaths,0.0,0.0
54397,Zambia,2020-03-27,0,Deaths,0.0,0.0
54398,Zambia,2020-03-28,0,Deaths,0.0,0.0
54399,Zambia,2020-03-29,0,Deaths,0.0,0.0
54400,Zambia,2020-03-30,0,Deaths,0.0,0.0
54401,Zambia,2020-03-31,0,Deaths,0.0,0.0
54402,Zambia,2020-04-01,0,Deaths,0.0,0.0
54403,Zambia,2020-04-02,1,Deaths,1.0,1.0
54404,Zambia,2020-04-03,1,Deaths,0.0,1.0
54405,Zambia,2020-04-04,1,Deaths,0.0,1.0
54406,Zambia,2020-04-05,1,Deaths,0.0,1.0
54407,Zambia,2020-04-06,1,Deaths,0.0,1.0
54408,Zambia,2020-04-07,1,Deaths,0.0,1.0
54409,Zambia,2020-04-08,1,Deaths,0.0,1.0
54410,Zambia,2020-04-09,1,Deaths,0.0,0.0
54411,Zambia,2020-04-10,2,Deaths,1.0,1.0
54412,Zambia,2020-04-11,2,Deaths,0.0,1.0
54413,Zambia,2020-04-12,2,Deaths,0.0,1.0
54414,Zambia,2020-04-13,2,Deaths,0.0,1.0
54415,Zambia,2020-04-14,2,Deaths,0.0,1.0
54416,Zambia,2020-04-15,2,Deaths,0.0,1.0
54417,Zambia,2020-04-16,2,Deaths,0.0,1.0
54418,Zambia,2020-04-17,2,Deaths,0.0,0.0
54419,Zambia,2020-04-18,2,Deaths,0.0,0.0
54420,Zambia,2020-04-19,3,Deaths,1.0,1.0
54421,Zambia,2020-04-20,3,Deaths,0.0,1.0
54422,Zambia,2020-04-21,3,Deaths,0.0,1.0
54423,Zambia,2020-04-22,3,Deaths,0.0,1.0
54424,Zambia,2020-04-23,3,Deaths,0.0,1.0
54425,Zambia,2020-04-24,3,Deaths,0.0,1.0
54426,Zambia,2020-04-25,3,Deaths,0.0,1.0
54427,Zambia,2020-04-26,3,Deaths,0.0,0.0
54428,Zambia,2020-04-27,3,Deaths,0.0,0.0
54429,Zambia,2020-04-28,3,Deaths,0.0,0.0
54430,Zambia,2020-04-29,3,Deaths,0.0,0.0
54431,Zambia,2020-04-30,3,Deaths,0.0,0.0
54432,Zambia,2020-05-01,3,Deaths,0.0,0.0
54433,Zambia,2020-05-02,3,Deaths,0.0,0.0
54434,Zambia,2020-05-03,3,Deaths,0.0,0.0
54435,Zambia,2020-05-04,3,Deaths,0.0,0.0
54436,Zambia,2020-05-05,3,Deaths,0.0,0.0
54437,Zambia,2020-05-06,4,Deaths,1.0,1.0
54438,Zambia,2020-05-07,4,Deaths,0.0,1.0
54439,Zambia,2020-05-08,4,Deaths,0.0,1.0
54440,Zambia,2020-05-09,7,Deaths,3.0,4.0
54441,Zambia,2020-05-10,7,Deaths,0.0,4.0
54442,Zambia,2020-05-11,7,Deaths,0.0,4.0
54443,Zambia,2020-05-12,7,Deaths,0.0,4.0
54444,Zambia,2020-05-13,7,Deaths,0.0,3.0
54445,Zambia,2020-05-14,7,Deaths,0.0,3.0
54446,Zambia,2020-05-15,7,Deaths,0.0,3.0
54447,Zambia,2020-05-16,7,Deaths,0.0,0.0
54448,Zambia,2020-05-17,7,Deaths,0.0,0.0
54449,Zambia,2020-05-18,7,Deaths,0.0,0.0
54450,Zambia,2020-05-19,7,Deaths,0.0,0.0
54451,Zambia,2020-05-20,7,Deaths,0.0,0.0
54452,Zambia,2020-05-21,7,Deaths,0.0,0.0
54453,Zambia,2020-05-22,7,Deaths,0.0,0.0
54454,Zambia,2020-05-23,7,Deaths,0.0,0.0
54455,Zambia,2020-05-24,7,Deaths,0.0,0.0
54456,Zambia,2020-05-25,7,Deaths,0.0,0.0
54457,Zambia,2020-05-26,7,Deaths,0.0,0.0
54458,Zambia,2020-05-27,7,Deaths,0.0,0.0
54459,Zambia,2020-05-28,7,Deaths,0.0,0.0
54460,Zambia,2020-05-29,7,Deaths,0.0,0.0
54461,Zambia,2020-05-30,7,Deaths,0.0,0.0
54462,Zambia,2020-05-31,7,Deaths,0.0,0.0
54463,Zambia,2020-06-01,7,Deaths,0.0,0.0
54464,Zambia,2020-06-02,7,Deaths,0.0,0.0
54465,Zambia,2020-06-03,7,Deaths,0.0,0.0
54466,Zambia,2020-06-04,7,Deaths,0.0,0.0
54467,Zambia,2020-06-05,7,Deaths,0.0,0.0
54468,Zambia,2020-06-06,7,Deaths,0.0,0.0
54469,Zambia,2020-06-07,7,Deaths,0.0,0.0
54470,Zambia,2020-06-08,10,Deaths,3.0,3.0
54471,Zambia,2020-06-09,10,Deaths,0.0,3.0
54472,Zambia,2020-06-10,10,Deaths,0.0,3.0
54473,Zambia,2020-06-11,10,Deaths,0.0,3.0
54474,Zambia,2020-06-12,10,Deaths,0.0,3.0
54475,Zambia,2020-06-13,10,Deaths,0.0,3.0
54476,Zambia,2020-06-14,11,Deaths,1.0,4.0
54477,Zambia,2020-06-15,11,Deaths,0.0,1.0
54478,Zambia,2020-06-16,11,Deaths,0.0,1.0
54479,Zambia,2020-06-17,11,Deaths,0.0,1.0
54480,Zambia,2020-06-18,11,Deaths,0.0,1.0
54481,Zambia,2020-06-19,11,Deaths,0.0,1.0
54482,Zambia,2020-06-20,11,Deaths,0.0,1.0
54483,Zambia,2020-06-21,11,Deaths,0.0,0.0
54484,Zambia,2020-06-22,11,Deaths,0.0,0.0
54485,Zambia,2020-06-23,18,Deaths,7.0,7.0
54486,Zambia,2020-06-24,18,Deaths,0.0,7.0
54487,Zambia,2020-06-25,18,Deaths,0.0,7.0
54488,Zambia,2020-06-26,21,Deaths,3.0,10.0
54489,Zambia,2020-06-27,21,Deaths,0.0,10.0
54490,Zambia,2020-06-28,22,Deaths,1.0,11.0
54491,Zambia,2020-06-29,22,Deaths,0.0,11.0
54492,Zambia,2020-06-30,24,Deaths,2.0,6.0
54493,Zambia,2020-07-01,30,Deaths,6.0,12.0
54494,Zambia,2020-07-02,30,Deaths,0.0,12.0
54495,Zambia,2020-07-03,30,Deaths,0.0,9.0
54496,Zambia,2020-07-04,30,Deaths,0.0,9.0
54497,Zambia,2020-07-05,30,Deaths,0.0,8.0
54498,Zambia,2020-07-06,30,Deaths,0.0,8.0
54499,Zambia,2020-07-07,42,Deaths,12.0,18.0
54500,Zambia,2020-07-08,42,Deaths,0.0,12.0
54501,Zambia,2020-07-09,42,Deaths,0.0,12.0
54502,Zambia,2020-07-10,42,Deaths,0.0,12.0
54503,Zambia,2020-07-11,42,Deaths,0.0,12.0
54504,Zambia,2020-07-12,42,Deaths,0.0,12.0
54505,Zambia,2020-07-13,42,Deaths,0.0,12.0
54506,Zambia,2020-07-14,42,Deaths,0.0,0.0
54507,Zambia,2020-07-15,42,Deaths,0.0,0.0
54508,Zambia,2020-07-16,42,Deaths,0.0,0.0
54509,Zambia,2020-07-17,109,Deaths,67.0,67.0
54510,Zambia,2020-07-18,120,Deaths,11.0,78.0
54511,Zambia,2020-07-19,120,Deaths,0.0,78.0
54512,Zambia,2020-07-20,128,Deaths,8.0,86.0
54513,Zambia,2020-07-21,128,Deaths,0.0,86.0
54514,Zambia,2020-07-22,128,Deaths,0.0,86.0
54515,Zambia,2020-07-23,134,Deaths,6.0,92.0
54516,Zambia,2020-07-24,136,Deaths,2.0,27.0
54517,Zambia,2020-07-25,139,Deaths,3.0,19.0
54518,Zambia,2020-07-26,139,Deaths,0.0,19.0
54519,Zambia,2020-07-27,140,Deaths,1.0,12.0
54520,Zambia,2020-07-28,142,Deaths,2.0,14.0
54521,Zambia,2020-07-29,146,Deaths,4.0,18.0
54522,Zambia,2020-07-30,149,Deaths,3.0,15.0
54523,Zambia,2020-07-31,151,Deaths,2.0,15.0
54524,Zambia,2020-08-01,165,Deaths,14.0,26.0
54525,Zambia,2020-08-02,170,Deaths,5.0,31.0
54526,Zambia,2020-08-03,171,Deaths,1.0,31.0
54527,Zambia,2020-08-04,173,Deaths,2.0,31.0
54528,Zambia,2020-08-05,176,Deaths,3.0,30.0
54529,Zambia,2020-08-06,199,Deaths,23.0,50.0
54530,Zambia,2020-08-07,200,Deaths,1.0,49.0
54531,Zambia,2020-08-08,203,Deaths,3.0,38.0
54532,Zambia,2020-08-09,235,Deaths,32.0,65.0
54533,Zambia,2020-08-10,241,Deaths,6.0,70.0
54534,Zambia,2020-08-11,241,Deaths,0.0,68.0
54535,Zambia,2020-08-12,246,Deaths,5.0,70.0
54536,Zambia,2020-08-13,246,Deaths,0.0,47.0
54537,Zambia,2020-08-14,256,Deaths,10.0,56.0
54538,Zambia,2020-08-15,260,Deaths,4.0,57.0
54539,Zambia,2020-08-16,260,Deaths,0.0,25.0
54540,Zambia,2020-08-17,264,Deaths,4.0,23.0
54541,Zambia,2020-08-18,264,Deaths,0.0,23.0
54542,Zambia,2020-08-19,269,Deaths,5.0,23.0
54543,Zambia,2020-08-20,274,Deaths,5.0,28.0
54544,Zambia,2020-08-21,277,Deaths,3.0,21.0
54545,Zambia,2020-08-22,279,Deaths,2.0,19.0
54546,Zambia,2020-08-23,280,Deaths,1.0,20.0
54547,Zambia,2020-08-24,280,Deaths,0.0,16.0
54548,Zambia,2020-08-25,282,Deaths,2.0,18.0
54549,Zambia,2020-08-26,282,Deaths,0.0,13.0
54550,Zambia,2020-08-27,282,Deaths,0.0,8.0
54551,Zambia,2020-08-28,283,Deaths,1.0,6.0
54552,Zambia,2020-08-29,284,Deaths,1.0,5.0
54553,Zambia,2020-08-30,287,Deaths,3.0,7.0
54554,Zambia,2020-08-31,288,Deaths,1.0,8.0
54555,Zambia,2020-09-01,290,Deaths,2.0,8.0
54556,Zambia,2020-09-02,292,Deaths,2.0,10.0
54557,Zambia,2020-09-03,292,Deaths,0.0,10.0
54558,Zambia,2020-09-04,292,Deaths,0.0,9.0
54559,Zambia,2020-09-05,292,Deaths,0.0,8.0
54560,Zambia,2020-09-06,295,Deaths,3.0,8.0
54561,Zambia,2020-09-07,295,Deaths,0.0,7.0
54562,Zambia,2020-09-08,297,Deaths,2.0,7.0
54563,Zambia,2020-09-09,300,Deaths,3.0,8.0
54564,Zambia,2020-09-10,300,Deaths,0.0,8.0
54565,Zambia,2020-09-11,306,Deaths,6.0,14.0
54566,Zambia,2020-09-12,312,Deaths,6.0,20.0
54567,Zambia,2020-09-13,312,Deaths,0.0,17.0
54568,Zambia,2020-09-14,320,Deaths,8.0,25.0
54569,Zambia,2020-09-15,324,Deaths,4.0,27.0
54570,Zambia,2020-09-16,326,Deaths,2.0,26.0
54571,Zambia,2020-09-17,326,Deaths,0.0,26.0
54572,Zambia,2020-09-18,329,Deaths,3.0,23.0
54573,Zambia,2020-09-19,330,Deaths,1.0,18.0
54574,Zambia,2020-09-20,330,Deaths,0.0,18.0
54575,Zambia,2020-09-21,331,Deaths,1.0,11.0
54576,Zambia,2020-09-22,331,Deaths,0.0,7.0
54577,Zambia,2020-09-23,332,Deaths,1.0,6.0
54578,Zambia,2020-09-24,332,Deaths,0.0,6.0
54579,Zambia,2020-09-25,332,Deaths,0.0,3.0
54580,Zambia,2020-09-26,332,Deaths,0.0,2.0
54581,Zambia,2020-09-27,332,Deaths,0.0,2.0
54582,Zambia,2020-09-28,332,Deaths,0.0,1.0
54583,Zambia,2020-09-29,332,Deaths,0.0,1.0
54584,Zambia,2020-09-30,332,Deaths,0.0,0.0
54585,Zambia,2020-10-01,333,Deaths,1.0,1.0
54586,Zambia,2020-10-02,333,Deaths,0.0,1.0
54587,Zambia,2020-10-03,333,Deaths,0.0,1.0
54588,Zambia,2020-10-04,333,Deaths,0.0,1.0
54589,Zambia,2020-10-05,334,Deaths,1.0,2.0
54590,Zambia,2020-10-06,335,Deaths,1.0,3.0
54591,Zambia,2020-10-07,335,Deaths,0.0,3.0
54592,Zambia,2020-10-08,335,Deaths,0.0,2.0
54593,Zambia,2020-10-09,336,Deaths,1.0,3.0
54594,Zambia,2020-10-10,337,Deaths,1.0,4.0
54595,Zambia,2020-10-11,337,Deaths,0.0,4.0
54596,Zambia,2020-10-12,345,Deaths,8.0,11.0
54597,Zambia,2020-10-13,345,Deaths,0.0,10.0
54598,Zambia,2020-10-14,345,Deaths,0.0,10.0
54599,Zambia,2020-10-15,346,Deaths,1.0,11.0
54600,Zambia,2020-10-16,346,Deaths,0.0,10.0
54601,Zambia,2020-10-17,346,Deaths,0.0,9.0
54602,Zambia,2020-10-18,346,Deaths,0.0,9.0
54603,Zambia,2020-10-19,346,Deaths,0.0,1.0
54604,Zambia,2020-10-20,346,Deaths,0.0,1.0
54605,Zambia,2020-10-21,346,Deaths,0.0,1.0
54606,Zambia,2020-10-22,346,Deaths,0.0,0.0
54607,Zambia,2020-10-23,346,Deaths,0.0,0.0
54608,Zambia,2020-10-24,348,Deaths,2.0,2.0
54609,Zambia,2020-10-25,348,Deaths,0.0,2.0
54610,Zambia,2020-10-26,348,Deaths,0.0,2.0
54611,Zambia,2020-10-27,348,Deaths,0.0,2.0
54612,Zambia,2020-10-28,348,Deaths,0.0,2.0
54613,Zambia,2020-10-29,348,Deaths,0.0,2.0
54614,Zambia,2020-10-30,349,Deaths,1.0,3.0
54615,Zambia,2020-10-31,349,Deaths,0.0,1.0
54616,Zambia,2020-11-01,349,Deaths,0.0,1.0
54617,Zambia,2020-11-02,349,Deaths,0.0,1.0
54618,Zambia,2020-11-03,349,Deaths,0.0,1.0
54619,Zambia,2020-11-04,349,Deaths,0.0,1.0
54620,Zambia,2020-11-05,349,Deaths,0.0,1.0
54621,Zimbabwe,2020-01-22,0,Deaths,,
54622,Zimbabwe,2020-01-23,0,Deaths,0.0,
54623,Zimbabwe,2020-01-24,0,Deaths,0.0,
54624,Zimbabwe,2020-01-25,0,Deaths,0.0,
54625,Zimbabwe,2020-01-26,0,Deaths,0.0,
54626,Zimbabwe,2020-01-27,0,Deaths,0.0,
54627,Zimbabwe,2020-01-28,0,Deaths,0.0,
54628,Zimbabwe,2020-01-29,0,Deaths,0.0,0.0
54629,Zimbabwe,2020-01-30,0,Deaths,0.0,0.0
54630,Zimbabwe,2020-01-31,0,Deaths,0.0,0.0
54631,Zimbabwe,2020-02-01,0,Deaths,0.0,0.0
54632,Zimbabwe,2020-02-02,0,Deaths,0.0,0.0
54633,Zimbabwe,2020-02-03,0,Deaths,0.0,0.0
54634,Zimbabwe,2020-02-04,0,Deaths,0.0,0.0
54635,Zimbabwe,2020-02-05,0,Deaths,0.0,0.0
54636,Zimbabwe,2020-02-06,0,Deaths,0.0,0.0
54637,Zimbabwe,2020-02-07,0,Deaths,0.0,0.0
54638,Zimbabwe,2020-02-08,0,Deaths,0.0,0.0
54639,Zimbabwe,2020-02-09,0,Deaths,0.0,0.0
54640,Zimbabwe,2020-02-10,0,Deaths,0.0,0.0
54641,Zimbabwe,2020-02-11,0,Deaths,0.0,0.0
54642,Zimbabwe,2020-02-12,0,Deaths,0.0,0.0
54643,Zimbabwe,2020-02-13,0,Deaths,0.0,0.0
54644,Zimbabwe,2020-02-14,0,Deaths,0.0,0.0
54645,Zimbabwe,2020-02-15,0,Deaths,0.0,0.0
54646,Zimbabwe,2020-02-16,0,Deaths,0.0,0.0
54647,Zimbabwe,2020-02-17,0,Deaths,0.0,0.0
54648,Zimbabwe,2020-02-18,0,Deaths,0.0,0.0
54649,Zimbabwe,2020-02-19,0,Deaths,0.0,0.0
54650,Zimbabwe,2020-02-20,0,Deaths,0.0,0.0
54651,Zimbabwe,2020-02-21,0,Deaths,0.0,0.0
54652,Zimbabwe,2020-02-22,0,Deaths,0.0,0.0
54653,Zimbabwe,2020-02-23,0,Deaths,0.0,0.0
54654,Zimbabwe,2020-02-24,0,Deaths,0.0,0.0
54655,Zimbabwe,2020-02-25,0,Deaths,0.0,0.0
54656,Zimbabwe,2020-02-26,0,Deaths,0.0,0.0
54657,Zimbabwe,2020-02-27,0,Deaths,0.0,0.0
54658,Zimbabwe,2020-02-28,0,Deaths,0.0,0.0
54659,Zimbabwe,2020-02-29,0,Deaths,0.0,0.0
54660,Zimbabwe,2020-03-01,0,Deaths,0.0,0.0
54661,Zimbabwe,2020-03-02,0,Deaths,0.0,0.0
54662,Zimbabwe,2020-03-03,0,Deaths,0.0,0.0
54663,Zimbabwe,2020-03-04,0,Deaths,0.0,0.0
54664,Zimbabwe,2020-03-05,0,Deaths,0.0,0.0
54665,Zimbabwe,2020-03-06,0,Deaths,0.0,0.0
54666,Zimbabwe,2020-03-07,0,Deaths,0.0,0.0
54667,Zimbabwe,2020-03-08,0,Deaths,0.0,0.0
54668,Zimbabwe,2020-03-09,0,Deaths,0.0,0.0
54669,Zimbabwe,2020-03-10,0,Deaths,0.0,0.0
54670,Zimbabwe,2020-03-11,0,Deaths,0.0,0.0
54671,Zimbabwe,2020-03-12,0,Deaths,0.0,0.0
54672,Zimbabwe,2020-03-13,0,Deaths,0.0,0.0
54673,Zimbabwe,2020-03-14,0,Deaths,0.0,0.0
54674,Zimbabwe,2020-03-15,0,Deaths,0.0,0.0
54675,Zimbabwe,2020-03-16,0,Deaths,0.0,0.0
54676,Zimbabwe,2020-03-17,0,Deaths,0.0,0.0
54677,Zimbabwe,2020-03-18,0,Deaths,0.0,0.0
54678,Zimbabwe,2020-03-19,0,Deaths,0.0,0.0
54679,Zimbabwe,2020-03-20,0,Deaths,0.0,0.0
54680,Zimbabwe,2020-03-21,0,Deaths,0.0,0.0
54681,Zimbabwe,2020-03-22,0,Deaths,0.0,0.0
54682,Zimbabwe,2020-03-23,1,Deaths,1.0,1.0
54683,Zimbabwe,2020-03-24,1,Deaths,0.0,1.0
54684,Zimbabwe,2020-03-25,1,Deaths,0.0,1.0
54685,Zimbabwe,2020-03-26,1,Deaths,0.0,1.0
54686,Zimbabwe,2020-03-27,1,Deaths,0.0,1.0
54687,Zimbabwe,2020-03-28,1,Deaths,0.0,1.0
54688,Zimbabwe,2020-03-29,1,Deaths,0.0,1.0
54689,Zimbabwe,2020-03-30,1,Deaths,0.0,0.0
54690,Zimbabwe,2020-03-31,1,Deaths,0.0,0.0
54691,Zimbabwe,2020-04-01,1,Deaths,0.0,0.0
54692,Zimbabwe,2020-04-02,1,Deaths,0.0,0.0
54693,Zimbabwe,2020-04-03,1,Deaths,0.0,0.0
54694,Zimbabwe,2020-04-04,1,Deaths,0.0,0.0
54695,Zimbabwe,2020-04-05,1,Deaths,0.0,0.0
54696,Zimbabwe,2020-04-06,1,Deaths,0.0,0.0
54697,Zimbabwe,2020-04-07,2,Deaths,1.0,1.0
54698,Zimbabwe,2020-04-08,3,Deaths,1.0,2.0
54699,Zimbabwe,2020-04-09,3,Deaths,0.0,2.0
54700,Zimbabwe,2020-04-10,3,Deaths,0.0,2.0
54701,Zimbabwe,2020-04-11,3,Deaths,0.0,2.0
54702,Zimbabwe,2020-04-12,3,Deaths,0.0,2.0
54703,Zimbabwe,2020-04-13,3,Deaths,0.0,2.0
54704,Zimbabwe,2020-04-14,3,Deaths,0.0,1.0
54705,Zimbabwe,2020-04-15,3,Deaths,0.0,0.0
54706,Zimbabwe,2020-04-16,3,Deaths,0.0,0.0
54707,Zimbabwe,2020-04-17,3,Deaths,0.0,0.0
54708,Zimbabwe,2020-04-18,3,Deaths,0.0,0.0
54709,Zimbabwe,2020-04-19,3,Deaths,0.0,0.0
54710,Zimbabwe,2020-04-20,3,Deaths,0.0,0.0
54711,Zimbabwe,2020-04-21,3,Deaths,0.0,0.0
54712,Zimbabwe,2020-04-22,4,Deaths,1.0,1.0
54713,Zimbabwe,2020-04-23,4,Deaths,0.0,1.0
54714,Zimbabwe,2020-04-24,4,Deaths,0.0,1.0
54715,Zimbabwe,2020-04-25,4,Deaths,0.0,1.0
54716,Zimbabwe,2020-04-26,4,Deaths,0.0,1.0
54717,Zimbabwe,2020-04-27,4,Deaths,0.0,1.0
54718,Zimbabwe,2020-04-28,4,Deaths,0.0,1.0
54719,Zimbabwe,2020-04-29,4,Deaths,0.0,0.0
54720,Zimbabwe,2020-04-30,4,Deaths,0.0,0.0
54721,Zimbabwe,2020-05-01,4,Deaths,0.0,0.0
54722,Zimbabwe,2020-05-02,4,Deaths,0.0,0.0
54723,Zimbabwe,2020-05-03,4,Deaths,0.0,0.0
54724,Zimbabwe,2020-05-04,4,Deaths,0.0,0.0
54725,Zimbabwe,2020-05-05,4,Deaths,0.0,0.0
54726,Zimbabwe,2020-05-06,4,Deaths,0.0,0.0
54727,Zimbabwe,2020-05-07,4,Deaths,0.0,0.0
54728,Zimbabwe,2020-05-08,4,Deaths,0.0,0.0
54729,Zimbabwe,2020-05-09,4,Deaths,0.0,0.0
54730,Zimbabwe,2020-05-10,4,Deaths,0.0,0.0
54731,Zimbabwe,2020-05-11,4,Deaths,0.0,0.0
54732,Zimbabwe,2020-05-12,4,Deaths,0.0,0.0
54733,Zimbabwe,2020-05-13,4,Deaths,0.0,0.0
54734,Zimbabwe,2020-05-14,4,Deaths,0.0,0.0
54735,Zimbabwe,2020-05-15,4,Deaths,0.0,0.0
54736,Zimbabwe,2020-05-16,4,Deaths,0.0,0.0
54737,Zimbabwe,2020-05-17,4,Deaths,0.0,0.0
54738,Zimbabwe,2020-05-18,4,Deaths,0.0,0.0
54739,Zimbabwe,2020-05-19,4,Deaths,0.0,0.0
54740,Zimbabwe,2020-05-20,4,Deaths,0.0,0.0
54741,Zimbabwe,2020-05-21,4,Deaths,0.0,0.0
54742,Zimbabwe,2020-05-22,4,Deaths,0.0,0.0
54743,Zimbabwe,2020-05-23,4,Deaths,0.0,0.0
54744,Zimbabwe,2020-05-24,4,Deaths,0.0,0.0
54745,Zimbabwe,2020-05-25,4,Deaths,0.0,0.0
54746,Zimbabwe,2020-05-26,4,Deaths,0.0,0.0
54747,Zimbabwe,2020-05-27,4,Deaths,0.0,0.0
54748,Zimbabwe,2020-05-28,4,Deaths,0.0,0.0
54749,Zimbabwe,2020-05-29,4,Deaths,0.0,0.0
54750,Zimbabwe,2020-05-30,4,Deaths,0.0,0.0
54751,Zimbabwe,2020-05-31,4,Deaths,0.0,0.0
54752,Zimbabwe,2020-06-01,4,Deaths,0.0,0.0
54753,Zimbabwe,2020-06-02,4,Deaths,0.0,0.0
54754,Zimbabwe,2020-06-03,4,Deaths,0.0,0.0
54755,Zimbabwe,2020-06-04,4,Deaths,0.0,0.0
54756,Zimbabwe,2020-06-05,4,Deaths,0.0,0.0
54757,Zimbabwe,2020-06-06,4,Deaths,0.0,0.0
54758,Zimbabwe,2020-06-07,4,Deaths,0.0,0.0
54759,Zimbabwe,2020-06-08,4,Deaths,0.0,0.0
54760,Zimbabwe,2020-06-09,4,Deaths,0.0,0.0
54761,Zimbabwe,2020-06-10,4,Deaths,0.0,0.0
54762,Zimbabwe,2020-06-11,4,Deaths,0.0,0.0
54763,Zimbabwe,2020-06-12,4,Deaths,0.0,0.0
54764,Zimbabwe,2020-06-13,4,Deaths,0.0,0.0
54765,Zimbabwe,2020-06-14,4,Deaths,0.0,0.0
54766,Zimbabwe,2020-06-15,4,Deaths,0.0,0.0
54767,Zimbabwe,2020-06-16,4,Deaths,0.0,0.0
54768,Zimbabwe,2020-06-17,4,Deaths,0.0,0.0
54769,Zimbabwe,2020-06-18,4,Deaths,0.0,0.0
54770,Zimbabwe,2020-06-19,4,Deaths,0.0,0.0
54771,Zimbabwe,2020-06-20,4,Deaths,0.0,0.0
54772,Zimbabwe,2020-06-21,6,Deaths,2.0,2.0
54773,Zimbabwe,2020-06-22,6,Deaths,0.0,2.0
54774,Zimbabwe,2020-06-23,6,Deaths,0.0,2.0
54775,Zimbabwe,2020-06-24,6,Deaths,0.0,2.0
54776,Zimbabwe,2020-06-25,6,Deaths,0.0,2.0
54777,Zimbabwe,2020-06-26,6,Deaths,0.0,2.0
54778,Zimbabwe,2020-06-27,6,Deaths,0.0,2.0
54779,Zimbabwe,2020-06-28,6,Deaths,0.0,0.0
54780,Zimbabwe,2020-06-29,7,Deaths,1.0,1.0
54781,Zimbabwe,2020-06-30,7,Deaths,0.0,1.0
54782,Zimbabwe,2020-07-01,7,Deaths,0.0,1.0
54783,Zimbabwe,2020-07-02,7,Deaths,0.0,1.0
54784,Zimbabwe,2020-07-03,7,Deaths,0.0,1.0
54785,Zimbabwe,2020-07-04,8,Deaths,1.0,2.0
54786,Zimbabwe,2020-07-05,8,Deaths,0.0,2.0
54787,Zimbabwe,2020-07-06,9,Deaths,1.0,2.0
54788,Zimbabwe,2020-07-07,9,Deaths,0.0,2.0
54789,Zimbabwe,2020-07-08,9,Deaths,0.0,2.0
54790,Zimbabwe,2020-07-09,9,Deaths,0.0,2.0
54791,Zimbabwe,2020-07-10,13,Deaths,4.0,6.0
54792,Zimbabwe,2020-07-11,18,Deaths,5.0,10.0
54793,Zimbabwe,2020-07-12,18,Deaths,0.0,10.0
54794,Zimbabwe,2020-07-13,19,Deaths,1.0,10.0
54795,Zimbabwe,2020-07-14,20,Deaths,1.0,11.0
54796,Zimbabwe,2020-07-15,20,Deaths,0.0,11.0
54797,Zimbabwe,2020-07-16,23,Deaths,3.0,14.0
54798,Zimbabwe,2020-07-17,24,Deaths,1.0,11.0
54799,Zimbabwe,2020-07-18,25,Deaths,1.0,7.0
54800,Zimbabwe,2020-07-19,25,Deaths,0.0,7.0
54801,Zimbabwe,2020-07-20,26,Deaths,1.0,7.0
54802,Zimbabwe,2020-07-21,26,Deaths,0.0,6.0
54803,Zimbabwe,2020-07-22,26,Deaths,0.0,6.0
54804,Zimbabwe,2020-07-23,28,Deaths,2.0,5.0
54805,Zimbabwe,2020-07-24,32,Deaths,4.0,8.0
54806,Zimbabwe,2020-07-25,34,Deaths,2.0,9.0
54807,Zimbabwe,2020-07-26,34,Deaths,0.0,9.0
54808,Zimbabwe,2020-07-27,36,Deaths,2.0,10.0
54809,Zimbabwe,2020-07-28,40,Deaths,4.0,14.0
54810,Zimbabwe,2020-07-29,41,Deaths,1.0,15.0
54811,Zimbabwe,2020-07-30,53,Deaths,12.0,25.0
54812,Zimbabwe,2020-07-31,67,Deaths,14.0,35.0
54813,Zimbabwe,2020-08-01,69,Deaths,2.0,35.0
54814,Zimbabwe,2020-08-02,70,Deaths,1.0,36.0
54815,Zimbabwe,2020-08-03,80,Deaths,10.0,44.0
54816,Zimbabwe,2020-08-04,81,Deaths,1.0,41.0
54817,Zimbabwe,2020-08-05,81,Deaths,0.0,40.0
54818,Zimbabwe,2020-08-06,84,Deaths,3.0,31.0
54819,Zimbabwe,2020-08-07,102,Deaths,18.0,35.0
54820,Zimbabwe,2020-08-08,102,Deaths,0.0,33.0
54821,Zimbabwe,2020-08-09,104,Deaths,2.0,34.0
54822,Zimbabwe,2020-08-10,104,Deaths,0.0,24.0
54823,Zimbabwe,2020-08-11,104,Deaths,0.0,23.0
54824,Zimbabwe,2020-08-12,122,Deaths,18.0,41.0
54825,Zimbabwe,2020-08-13,128,Deaths,6.0,44.0
54826,Zimbabwe,2020-08-14,128,Deaths,0.0,26.0
54827,Zimbabwe,2020-08-15,130,Deaths,2.0,28.0
54828,Zimbabwe,2020-08-16,132,Deaths,2.0,28.0
54829,Zimbabwe,2020-08-17,135,Deaths,3.0,31.0
54830,Zimbabwe,2020-08-18,141,Deaths,6.0,37.0
54831,Zimbabwe,2020-08-19,150,Deaths,9.0,28.0
54832,Zimbabwe,2020-08-20,151,Deaths,1.0,23.0
54833,Zimbabwe,2020-08-21,152,Deaths,1.0,24.0
54834,Zimbabwe,2020-08-22,153,Deaths,1.0,23.0
54835,Zimbabwe,2020-08-23,155,Deaths,2.0,23.0
54836,Zimbabwe,2020-08-24,155,Deaths,0.0,20.0
54837,Zimbabwe,2020-08-25,166,Deaths,11.0,25.0
54838,Zimbabwe,2020-08-26,179,Deaths,13.0,29.0
54839,Zimbabwe,2020-08-27,189,Deaths,10.0,38.0
54840,Zimbabwe,2020-08-28,195,Deaths,6.0,43.0
54841,Zimbabwe,2020-08-29,196,Deaths,1.0,43.0
54842,Zimbabwe,2020-08-30,196,Deaths,0.0,41.0
54843,Zimbabwe,2020-08-31,202,Deaths,6.0,47.0
54844,Zimbabwe,2020-09-01,203,Deaths,1.0,37.0
54845,Zimbabwe,2020-09-02,206,Deaths,3.0,27.0
54846,Zimbabwe,2020-09-03,206,Deaths,0.0,17.0
54847,Zimbabwe,2020-09-04,206,Deaths,0.0,11.0
54848,Zimbabwe,2020-09-05,206,Deaths,0.0,10.0
54849,Zimbabwe,2020-09-06,206,Deaths,0.0,10.0
54850,Zimbabwe,2020-09-07,210,Deaths,4.0,8.0
54851,Zimbabwe,2020-09-08,218,Deaths,8.0,15.0
54852,Zimbabwe,2020-09-09,222,Deaths,4.0,16.0
54853,Zimbabwe,2020-09-10,222,Deaths,0.0,16.0
54854,Zimbabwe,2020-09-11,224,Deaths,2.0,18.0
54855,Zimbabwe,2020-09-12,224,Deaths,0.0,18.0
54856,Zimbabwe,2020-09-13,224,Deaths,0.0,18.0
54857,Zimbabwe,2020-09-14,224,Deaths,0.0,14.0
54858,Zimbabwe,2020-09-15,224,Deaths,0.0,6.0
54859,Zimbabwe,2020-09-16,224,Deaths,0.0,2.0
54860,Zimbabwe,2020-09-17,224,Deaths,0.0,2.0
54861,Zimbabwe,2020-09-18,224,Deaths,0.0,0.0
54862,Zimbabwe,2020-09-19,225,Deaths,1.0,1.0
54863,Zimbabwe,2020-09-20,225,Deaths,0.0,1.0
54864,Zimbabwe,2020-09-21,225,Deaths,0.0,1.0
54865,Zimbabwe,2020-09-22,226,Deaths,1.0,2.0
54866,Zimbabwe,2020-09-23,227,Deaths,1.0,3.0
54867,Zimbabwe,2020-09-24,227,Deaths,0.0,3.0
54868,Zimbabwe,2020-09-25,227,Deaths,0.0,3.0
54869,Zimbabwe,2020-09-26,227,Deaths,0.0,2.0
54870,Zimbabwe,2020-09-27,227,Deaths,0.0,2.0
54871,Zimbabwe,2020-09-28,228,Deaths,1.0,3.0
54872,Zimbabwe,2020-09-29,228,Deaths,0.0,2.0
54873,Zimbabwe,2020-09-30,228,Deaths,0.0,1.0
54874,Zimbabwe,2020-10-01,228,Deaths,0.0,1.0
54875,Zimbabwe,2020-10-02,228,Deaths,0.0,1.0
54876,Zimbabwe,2020-10-03,228,Deaths,0.0,1.0
54877,Zimbabwe,2020-10-04,228,Deaths,0.0,1.0
54878,Zimbabwe,2020-10-05,228,Deaths,0.0,0.0
54879,Zimbabwe,2020-10-06,229,Deaths,1.0,1.0
54880,Zimbabwe,2020-10-07,229,Deaths,0.0,1.0
54881,Zimbabwe,2020-10-08,229,Deaths,0.0,1.0
54882,Zimbabwe,2020-10-09,229,Deaths,0.0,1.0
54883,Zimbabwe,2020-10-10,230,Deaths,1.0,2.0
54884,Zimbabwe,2020-10-11,230,Deaths,0.0,2.0
54885,Zimbabwe,2020-10-12,230,Deaths,0.0,2.0
54886,Zimbabwe,2020-10-13,230,Deaths,0.0,1.0
54887,Zimbabwe,2020-10-14,231,Deaths,1.0,2.0
54888,Zimbabwe,2020-10-15,231,Deaths,0.0,2.0
54889,Zimbabwe,2020-10-16,231,Deaths,0.0,2.0
54890,Zimbabwe,2020-10-17,231,Deaths,0.0,1.0
54891,Zimbabwe,2020-10-18,231,Deaths,0.0,1.0
54892,Zimbabwe,2020-10-19,232,Deaths,1.0,2.0
54893,Zimbabwe,2020-10-20,233,Deaths,1.0,3.0
54894,Zimbabwe,2020-10-21,236,Deaths,3.0,5.0
54895,Zimbabwe,2020-10-22,236,Deaths,0.0,5.0
54896,Zimbabwe,2020-10-23,236,Deaths,0.0,5.0
54897,Zimbabwe,2020-10-24,236,Deaths,0.0,5.0
54898,Zimbabwe,2020-10-25,237,Deaths,1.0,6.0
54899,Zimbabwe,2020-10-26,242,Deaths,5.0,10.0
54900,Zimbabwe,2020-10-27,242,Deaths,0.0,9.0
54901,Zimbabwe,2020-10-28,242,Deaths,0.0,6.0
54902,Zimbabwe,2020-10-29,242,Deaths,0.0,6.0
54903,Zimbabwe,2020-10-30,242,Deaths,0.0,6.0
54904,Zimbabwe,2020-10-31,243,Deaths,1.0,7.0
54905,Zimbabwe,2020-11-01,243,Deaths,0.0,6.0
54906,Zimbabwe,2020-11-02,245,Deaths,2.0,3.0
54907,Zimbabwe,2020-11-03,246,Deaths,1.0,4.0
54908,Zimbabwe,2020-11-04,248,Deaths,2.0,6.0
54909,Zimbabwe,2020-11-05,248,Deaths,0.0,6.0
